20484.4491809
21906.4060214
24150.0711285
26685.1636013
29352.3953088
32047.7761703
34510.3411302
36484.3758037
38250.8948086
39317.3782243
39528.9408791
39268.5151779
38877.6281452
38494.805184
37577.6287388
37935.7883932
28294.5278739
27983.2616229
26987.4332402
26204.5847485
27009.1755764
28009.1256119
28543.5712951
28609.2934724
28111.6340275
27192.1225805
25815.7577026
24480.6223315
24069.1148129
25173.859653
26613.9484175
27797.2210577
28560.7795644
28758.6514169
28372.2038023
27565.670218
27537.5386718
28279.4012019
28755.3071872
28865.4545503
29259.9480117
29027.4342133
28340.2551443
27285.4671737
25950.4192081
24416.609475
21493.912488
20129.0447017
19142.7868654
19966.4736421
21311.7305632
22734.3710033
24135.9638409
25376.2122349
26357.1947501
27067.0761914
27362.3085068
27096.9566772
26976.5135495
26597.6538045
25976.326358
25857.2420801
26567.6523485
27002.8805694
26884.5822731
26272.2844002
25223.5585422
23980.1924745
23007.2150366
23172.8474244
24243.0735478
25495.3143134
26449.9234499
26973.5878433
27005.9230089
26600.0530375
27927.2006606
27129.1797903
27694.2844733
28701.9447066
29181.5809974
28962.8952614
28716.9315273
29206.5383135
29510.6722043
29774.8026286
30034.2627389
29908.6689591
29225.7941538
27965.4096663
26468.8721097
24835.5419201
23175.2872261
21512.3956576
19826.8068136
18116.5336362
16780.7572795
17914.5883765
19618.7436041
21309.6850031
22973.4522228
24632.5795555
26272.426714
27759.5467234
29010.0033255
29712.4229146
44530.8077294
43944.6558655
43680.4299766
42881.9040684
42473.326031
42984.5721116
42424.1012301
40791.8483867
39942.1824158
41497.7408823
42945.7245035
43083.6354235
42368.7616915
40504.2633663
37975.3113738
35970.9424693
36549.2354657
38877.6788691
41233.3544348
42632.0067025
42979.2972836
42153.2884916
41371.9957023
42582.0531397
43388.7014083
43535.5901203
42845.5720771
41347.4555101
39206.0312035
36477.190361
37307.904386
34185.5263392
32386.3957959
34165.6419281
37279.1263875
40727.4026833
43805.8229371
46211.5926943
47829.6103552
48475.6538754
48252.6616014
47338.9670939
45878.7149481
46748.4547702
47661.8657829
47280.9963834
45715.2416898
43074.3103766
40171.430813
39343.9664044
41861.2799556
44774.3118084
46759.9448358
47508.0878496
47259.6528025
45656.5499456
43669.4894564
44682.8572831
46636.7426793
47183.9392674
51822.04238
52283.5813069
53419.0004853
53624.3498125
54396.2124416
53928.5946422
52599.9014541
50159.0768788
47366.8485594
43772.5036776
39661.4021399
35471.3140505
31440.3192217
28010.6877709
26079.6600863
28001.2650497
31428.4068998
35458.8846038
39649.144099
43772.2200972
47434.3551181
50290.9159354
52783.6711521
54253.0589563
54520.1538109
54139.2956285
53597.0737029
53061.4767691
51712.7443921
52241.4094272
58568.8596882
57801.2440148
55198.7024444
53072.673076
55261.5409099
57863.8290694
59177.9104049
59338.3228195
58177.5727981
55873.6054916
52222.5366791
48531.692575
47387.0960502
50462.2421091
54366.5631289
57410.1856334
59259.4287012
59702.3696218
58698.6694669
56582.4697695
56506.1701984
58480.7713366
59662.6644163
59847.9835316
60846.6067888
60364.275697
58776.8844481
56197.428083
52756.8229164
48603.347806
39084.0906194
35802.6049922
33836.1221769
35455.8112132
38624.8092924
42339.8286337
46051.0840078
49255.728828
51697.9579317
53380.492636
54030.089114
53327.6365299
53086.5221707
52156.8818061
50533.1575478
50225.3976515
52070.6940308
53188.2111014
52909.3189213
51428.1170549
48760.6347367
45483.4551887
42917.5238945
43355.5912358
46187.6001478
49469.3765866
51886.9988368
53138.0314628
53180.5445396
52192.3168269
45431.5368805
43791.122161
44956.9395369
46991.9232965
47931.8664074
47471.2878465
46968.8485949
47956.7084638
48536.3593472
49021.4554091
49531.791892
49333.7440828
48086.8742909
45679.6685862
42718.3405188
39396.9636926
35957.536166
32542.4408726
29332.525424
26667.5195326
25097.2123896
26402.3062408
28969.3542368
32135.4570963
35537.3115527
38978.3609551
42323.2674935
45273.6741358
47673.6904264
48964.2873979
64854.6304398
63995.0992162
63646.4436141
62479.6490328
61887.2589053
62669.8592999
61854.8998983
59397.25095
58087.0592944
60467.6540206
62622.1375053
62824.6317775
61829.8561531
59080.056734
55204.1950348
52007.4165434
52938.1616625
56602.5498932
60157.4718293
62184.3282292
62667.0508622
61405.4920351
60221.0213862
62039.8544691
63219.3969042
63446.2963625
62535.7327782
60389.8883293
57229.7160395
53057.0472141
57795.6687236
52390.9430804
49115.6156679
52337.6810238
57735.6970814
63366.4750008
68123.7278825
71675.3212013
73969.4639551
74812.4782876
74495.6244036
73163.5722271
70933.5950402
72265.3158549
73701.0227401
73179.4763079
70903.0220608
66877.2919567
62212.9330931
60826.6950688
64953.9840497
69485.4402038
72423.5237531
73469.4096372
73114.7890869
70714.5163722
67622.8082777
69212.8855929
72192.1827934
72992.464723
37643.1969806
37964.2157328
38749.7966565
38907.9492385
39439.2904217
39087.9095283
38120.3168252
36393.3277221
34465.0713671
32047.9990496
29360.2924876
26692.9434927
24157.3035328
21912.2971988
