23485.3858187
24224.7395003
26450.5504819
29606.0887687
33217.7871804
36707.5083582
39466.4409202
41142.9475038
41875.2920677
42037.4964606
41990.6614519
41719.0586133
41643.4518755
41570.0805775
40728.795912
40936.2984851
30344.338421
30072.6752508
29142.265831
28632.6329797
29173.9054566
30091.5292716
30388.7864427
30418.4208715
30323.3253644
29541.871223
28230.2166344
27066.7565962
26799.0136995
27644.967604
28984.0731908
30077.3480136
30487.3656991
30508.3847412
30159.8300848
29475.3992759
29453.576042
30139.2629788
30490.55853
30390.7395794
30596.2183971
30674.3521662
30494.2781648
29837.4711996
28573.8122023
26886.819306
23577.638877
22329.3106118
21768.2699044
22208.240119
23393.0580951
24911.8186724
26429.5743165
27620.1137596
28285.4386958
28502.9626662
28476.4389433
28301.6301351
28365.809728
28139.7051231
27545.4220922
27468.9853322
28020.9625975
28406.9362651
28419.6844758
28110.0796185
27194.7321259
26049.549391
25276.9191226
25383.0272247
26289.4312612
27437.6280829
28239.9330196
28403.6430394
28388.0863544
28176.1437197
29872.1394596
29301.1414319
29668.6158902
30573.595057
30989.4057306
30581.1240712
30421.8321219
30861.5887579
30999.6675816
31036.2729527
31223.116014
31271.7867349
31165.2062562
30642.0131095
29470.1230329
27727.6735315
25588.4069206
23403.4645516
21427.5159116
19952.1847452
19286.8270333
19816.4618397
21214.666772
23146.3676176
25316.2578802
27484.6498642
29286.5771663
30520.1295239
31087.6705998
31217.9230993
46653.2162989
46346.1680984
46352.4711762
45726.7635539
45488.4648781
46139.2158308
45742.2495812
44248.0305579
43710.2358984
44836.9138217
46099.0038974
46292.7624464
45990.6016923
44489.1614319
42219.6433299
40643.986508
41029.1917107
43028.819742
45156.2766485
46183.1919775
46153.7599282
45203.3140009
44736.0324385
45647.706867
46209.3716312
46238.1526317
46301.46286
45660.0090194
43929.5788971
41172.1891609
42580.9541099
39504.2910076
38186.4920846
39484.6272007
42552.0876816
46145.1966434
49262.8025437
51191.615699
51875.72175
51748.1855964
51704.7155137
51079.0607826
49967.2601005
50504.2654169
51584.0027756
51622.6356476
50508.8388905
48086.4717401
45648.3459014
45111.6105473
47017.5459681
49661.6761342
51317.379768
51603.1864813
51388.1143983
49984.4057771
48509.5187977
49146.3121307
50944.4369788
51387.1975132
56391.52492
56676.2165848
57588.7626561
57481.1597251
57898.3021416
57967.922503
57787.5825005
56822.5915917
54535.4685527
50643.4364426
45524.7824577
40012.1379079
35020.1883579
31439.5671935
30247.2997991
31431.6971682
35007.4254814
39996.7452795
45509.1450007
50631.7851857
54549.7568266
56867.9285013
57857.5067181
58065.925193
57995.8556784
57608.2603734
57507.1718566
57421.2354035
56206.1791278
56510.900804
63532.9999286
62905.307145
60579.5237498
59243.8418661
60661.4135103
62951.4845135
63604.1769279
63658.2852952
63515.2144039
61692.4513228
58410.0399764
55310.6897946
54570.14662
56875.2012802
60324.8136574
62961.5508518
63854.6681364
63890.3101678
63075.156224
61332.3826279
61274.5824896
63021.5506032
63849.595548
63543.0900926
64073.0193974
64273.4872143
63906.2779115
62432.8612171
59425.3957863
55144.1418331
44431.4253573
41016.4206134
39488.6974153
40688.1446528
43930.9449456
48006.8938296
51903.2618015
54806.3646159
56349.0692914
56810.1302435
56729.1122602
56267.1963046
56467.4188522
55940.8717929
54419.3108717
54221.0282353
55647.6124225
56588.1699744
56608.0785303
55930.7532212
53705.4045083
50758.1268465
48680.424683
48972.5718564
51390.9440776
54311.2701236
56243.8268952
56567.3929277
56516.8316202
56058.8734613
49228.4005771
48073.3844634
48821.1305822
50611.9049347
51401.5750337
50580.3930352
50252.9917614
51132.6114554
51382.90882
51438.527708
51807.3005487
51905.5921827
51733.6814698
50789.6303337
48593.975882
45222.7504281
40917.6452676
36369.0518555
32261.7873788
29385.8754537
28204.6543606
29137.2762285
31830.4649657
35828.4970604
40357.4660204
44742.5050708
48244.7225522
50561.6930313
51590.9803494
51806.1991229
67887.22792
67440.1462142
67474.6887442
66567.2033797
66220.9795331
67188.1847377
66636.854654
64459.2162911
63657.7151728
65325.6930564
67137.3567923
67391.2236483
67006.9519819
64883.683937
61553.9989566
59161.0952882
59751.6510589
62754.7874329
65833.5091831
67252.575663
67211.446518
65829.6028776
65134.7057157
66476.7589442
67268.2601668
67301.5543326
67427.5685754
66559.8521417
64131.8778
60126.5004355
66165.1821964
61211.3474388
58992.2656655
61171.4688615
66115.1960304
71597.9890291
76115.5953643
78788.315879
79701.9334772
79483.0741794
79443.0076405
78566.8480276
76928.6090906
77729.8930045
79294.7669011
79357.8922433
77835.3589465
74341.6218748
70661.714926
69824.9062841
72746.9172442
76629.761091
78946.9741715
79298.3882631
79030.5669301
77027.6571118
74838.4281464
75791.6566521
78410.3601829
79021.0710574
40856.7289884
41054.525565
41691.5144069
41630.379962
41918.4521078
41967.7080634
41824.2566601
41110.5724371
39456.8410894
36715.5853226
33228.2432159
29615.9744877
26458.4598641
24229.4765218
