43661.7850865
43661.788247
43662.6591089
43666.9305876
43667.7133005
43666.3658793
43663.6609153
43663.0180871
43663.0163731
43663.5076785
43664.7298411
43664.8768215
43664.8782685
43664.5107151
43664.4933242
43664.6022505
31617.0631559
31617.372332
31616.801702
31617.7916745
31616.709088
31617.1687789
31617.0169761
31617.0165875
31617.1997114
31617.2249479
31616.4477953
31617.4653556
31617.4648169
31617.142027
31616.7987575
31617.2932864
31616.9349702
31617.2136148
31617.0862722
31617.0868862
31617.1982355
31617.1974509
31617.7510961
31617.1049673
31617.7932887
31617.6072424
31617.2069436
31617.2267801
31617.6840153
31618.3984676
