4971.20760289
5962.0361037
14763.4203893
19930.8664869
24566.2012353
30171.8782967
35518.5521125
38557.1084225
39550.987315
39415.8955142
39105.0778909
38277.1224184
38155.7714681
38230.0246408
35791.1612529
36384.3621121
28538.4137047
27942.6290774
25603.1305971
24502.4791546
25681.8783422
27985.624741
28567.5394086
28634.3476602
28829.9846881
27017.3244972
24130.5012083
21895.1873659
21373.8058308
23011.3727648
25743.0609442
28351.6200561
29034.9500668
28909.3606703
27986.7014794
26273.8741375
26227.1743656
27909.0819108
28814.1596734
28392.3357613
28975.3329491
29433.4572406
29405.599681
28318.5083519
25536.0065059
22323.6188972
18028.521194
14196.3770831
11621.5380568
13708.4044442
17498.98305
20541.2008466
23676.0075637
26221.950287
27411.0757327
27550.2578576
27224.5915763
26686.5588285
26964.7675852
26446.8895672
24896.4302185
24735.2368419
26124.1780307
27175.2261787
27353.5102118
26905.7285491
24660.46283
22189.4167316
20540.29944
20775.195781
22675.8164885
25236.9397659
27206.8534204
27193.633172
27103.4655247
26744.774981
26718.2257218
25487.9880025
26259.70162
28498.8714184
29661.9350201
28241.7192847
27794.647132
29007.2033017
29305.9184748
29333.7152072
29919.7336548
30219.1847698
30376.3758404
29503.7897546
27107.6758651
23702.6031159
20112.0732434
16118.2987138
9649.07305443
4006.55153505
4006.55153505
4006.55153505
8686.33777528
15727.4392716
19829.1092597
23427.4169203
26878.7957544
29331.3949703
30135.4054968
30093.4844188
44144.5007999
43205.1921144
43428.0161117
41529.227791
40919.35453
43159.3500728
42202.0197407
38184.7047614
36950.5551252
39634.2029657
43218.1351139
43686.9633059
43444.9785108
39725.6319611
34465.7644213
31569.6046482
32203.087203
36137.9429843
41410.1491391
43791.9600348
43222.2588828
40355.9022511
39107.6251009
41616.5397375
43136.0588904
43173.3596531
43994.3228865
43287.3129427
39620.0081024
33365.4513824
30984.6557512
27029.4335842
25464.9023833
26973.177369
31085.0316455
37289.2395341
44160.7301916
48263.4133719
48973.4587734
47905.2781366
47872.0935408
46132.6084866
43071.55822
44543.334428
47816.1426086
48424.8965478
45983.5869336
39915.4206855
34893.8700536
33991.1533371
37540.0585121
43738.4797007
47819.9374916
47828.3673966
47393.2372874
43535.4124917
39850.9701042
41309.4642219
46222.9044822
47246.6976473
49278.8556482
50049.6225276
52911.0229506
52172.3210132
53491.7346294
53991.6950368
54248.7361971
53013.6868603
48838.6307049
40957.0344362
32081.3449219
25154.7710219
20122.0837278
14207.1698309
9148.01928019
14188.0127525
20107.3343275
25142.0879212
32044.315644
40918.4257825
48932.4081027
53217.6134828
54522.2111446
54258.1256378
53811.3814816
52555.4515191
52411.172271
52619.2449991
48815.9112401
49760.1384869
59107.8475656
57661.9070294
50998.6820394
47738.6638748
51235.5077681
57789.0993583
58961.2839104
58995.5526721
59958.2517657
55428.2476041
47219.972783
40988.7682207
39747.0215922
43988.2087471
51892.0519617
58870.6542439
60149.4697115
59845.9226332
57579.7303968
52573.6066181
52430.950113
57365.2333799
59698.2836065
58198.4895677
59931.0030376
61118.5630407
61235.4069473
58853.7647452
51684.3492009
42584.9653958
31423.0196449
27301.9900899
25638.597247
26955.4452158
30637.7522105
36525.872958
44860.8886606
51485.5707503
54233.1066079
54359.4412763
53536.8103364
51979.2144075
52937.4111407
51693.8604285
47324.4450665
46876.7756187
50807.7880086
53552.7306589
53872.9268499
53124.6394029
47218.9382141
40466.8797375
36673.4423825
37146.4453348
41760.1820888
48800.9370766
53882.9156834
53446.7254187
53223.8218432
52619.3784484
42757.9059562
40122.4167722
41772.0105847
46566.7285546
48900.4792803
45817.8179254
44833.6570871
47476.5155629
48005.2488174
47979.6788326
49231.2754615
49806.6455772
50221.6858292
48691.8643184
44042.2226005
37058.7044123
29772.1317768
24063.21638
19392.7908464
13287.6123924
8806.19478708
12311.5459516
18831.416386
23678.3640761
29254.5909175
36482.1864535
43585.2823427
48347.939246
49768.3723219
49577.7216283
64197.9266814
62702.1976657
63225.3232245
60226.6161206
59238.5186978
62875.7165571
61510.4266121
55094.6428921
53014.8708085
57465.9736491
63006.0927885
63489.8989896
63426.7481384
57888.3138298
49337.7436958
44314.9918637
45424.1601323
52132.2065686
60448.469187
63771.4478805
62980.8078282
58466.0624938
56395.3310692
60490.5466194
62737.8426292
62678.2765598
64042.2665413
63162.8321084
57887.9805031
48014.1298058
46301.3463898
38795.9002808
36165.6620393
38662.0592794
46478.5499736
57659.0817222
68698.5844088
74586.0367735
75450.5386041
73640.1232332
73774.4663645
71191.8671953
66036.930218
68557.4413516
73791.218816
74650.3809526
71313.3553971
61607.1986833
52624.6142865
50905.5514567
57469.6338519
67833.477064
73936.1079628
73615.3569582
73248.255298
67225.1219922
60886.7537836
63457.6271979
71518.1659785
72995.27152
36087.403792
36578.0542439
38435.994431
38027.5189697
38875.3720969
39232.3577552
39354.4094013
38415.3980468
35457.6765139
30196.6858998
24589.3699605
19941.1018306
14782.6569509
5962.0361037
