0.0	2.9091196405
0.0047619047619	2.9101052485
0.00952380952381	2.9111656527
0.0142857142857	2.9121757389
0.0190476190476	2.9132307087
0.0238095238095	2.9142518443
0.0285714285714	2.9153051399
0.0333333333333	2.9163341219
0.0380952380952	2.9173874806
0.0428571428571	2.9184228065
0.047619047619	2.9194772200
0.052380952381	2.9205180203
0.0571428571429	2.9215741162
0.0619047619048	2.9226198327
0.0666666666667	2.9236780329
0.0714285714286	2.9247282837
0.0761904761905	2.9257888833
0.0809523809524	2.9268433954
0.0857142857143	2.9279066062
0.0904761904762	2.9289651780
0.0952380952381	2.9300311550
0.1	2.9310936336
0.104761904762	2.9321624916
0.109523809524	2.9332287586
0.114285714286	2.9343005834
0.119047619048	2.9353705448
0.12380952381	2.9364454008
0.128571428571	2.9375189811
0.133333333333	2.9385969163
0.138095238095	2.9396740536
0.142857142857	2.9407551038
0.147619047619	2.9418357464
0.152380952381	2.9429199378
0.157142857143	2.9440040420
0.161904761905	2.9450913934
0.166666666667	2.9461789218
0.171428571429	2.9472694461
0.17619047619	2.9483603657
0.180952380952	2.9494540711
0.185714285714	2.9505483531
0.190476190476	2.9516452441
0.195238095238	2.9527428624
0.2	2.9538429404
0.204761904762	2.9549438713
0.209523809524	2.9560471354
0.214285714286	2.9571513572
0.219047619048	2.9582578043
0.22380952381	2.9593652968
0.228571428571	2.9604749223
0.233333333333	2.9615856665
0.238095238095	2.9626984644
0.242857142857	2.9638124422
0.247619047619	2.9649284054
0.252380952381	2.9660455997
0.257142857143	2.9671647201
0.261904761905	2.9682851144
0.266666666667	2.9694073832
0.271428571429	2.9705309615
0.27619047619	2.9716563691
0.280952380952	2.9727831158
0.285714285714	2.9739116523
0.290476190476	2.9750415524
0.295238095238	2.9761732072
0.3	2.9773062456
0.304761904762	2.9784410078
0.309523809524	2.9795771702
0.314285714286	2.9807150285
0.319047619048	2.9818543003
0.32380952381	2.9829952433
0.328571428571	2.9841376103
0.333333333333	2.9852816262
0.338095238095	2.9864270743
0.342857142857	2.9875741511
0.347619047619	2.9887226665
0.352380952381	2.9898727920
0.357142857143	2.9910243608
0.361904761905	2.9921775228
0.366666666667	2.9933321312
0.371428571429	2.9944883173
0.37619047619	2.9956459517
0.380952380952	2.9968051493
0.385714285714	2.9979657960
0.390476190476	2.9991279926
0.395238095238	3.0002916382
0.4	3.0014568210
0.404761904762	3.0026234519
0.409523809524	3.0037916082
0.414285714286	3.0049612110
0.419047619048	3.0061323281
0.42380952381	3.0073048893
0.428571428571	3.0084789543
0.433333333333	3.0096544607
0.438095238095	3.0108314607
0.442857142857	3.0120098988
0.447619047619	3.0131898210
0.452380952381	3.0143711776
0.457142857143	3.0155540090
0.461904761905	3.0167382708
0.466666666667	3.0179239985
0.471428571429	3.0191111524
0.47619047619	3.0202997634
0.480952380952	3.0214897961
0.485714285714	3.0226812775
0.490476190476	3.0238741758
0.495238095238	3.0250685147
0.5	3.0262642655
0.504761904762	3.0274614489
0.509523809524	3.0286600391
0.514285714286	3.0298600542
0.519047619048	3.0310614707
0.52380952381	3.0322643044
0.528571428571	3.0334685342
0.533333333333	3.0346741737
0.538095238095	3.0358812037
0.542857142857	3.0370896360
0.547619047619	3.0382994533
0.552380952381	3.0395106657
0.557142857143	3.0407232572
0.561904761905	3.0419372368
0.566666666667	3.0431525897
0.571428571429	3.0443693235
0.57619047619	3.0455874249
0.580952380952	3.0468069002
0.585714285714	3.0480277372
0.590476190476	3.0492499413
0.595238095238	3.0504735010
0.6	3.0516984210
0.604761904762	3.0529246908
0.609523809524	3.0541523140
0.614285714286	3.0553812810
0.619047619048	3.0566115947
0.62380952381	3.0578432461
0.628571428571	3.0590762377
0.633333333333	3.0603105610
0.638095238095	3.0615462177
0.642857142857	3.0627832001
0.647619047619	3.0640215095
0.652380952381	3.0652611384
0.657142857143	3.0665020877
0.661904761905	3.0677443506
0.666666666667	3.0689879274
0.671428571429	3.0702328116
0.67619047619	3.0714790034
0.680952380952	3.0727264965
0.685714285714	3.0739752908
0.690476190476	3.0752253804
0.695238095238	3.0764767647
0.7	3.0777294382
0.704761904762	3.0789834002
0.709523809524	3.0802386453
0.714285714286	3.0814951726
0.719047619048	3.0827529770
0.72380952381	3.0840120573
0.728571428571	3.0852724086
0.733333333333	3.0865340296
0.738095238095	3.0877969155
0.742857142857	3.0890610650
0.747619047619	3.0903264734
0.752380952381	3.0915931392
0.757142857143	3.0928610579
0.761904761905	3.0941302277
0.766666666667	3.0954006445
0.771428571429	3.0966723064
0.77619047619	3.0979452092
0.780952380952	3.0992193510
0.785714285714	3.1004947278
0.790476190476	3.1017713376
0.795238095238	3.1030491763
0.8	3.1043282420
0.804761904762	3.1056085307
0.809523809524	3.1068900404
0.814285714286	3.1081727672
0.819047619048	3.1094567090
0.82380952381	3.1107418620
0.828571428571	3.1120282240
0.833333333333	3.1133157914
0.838095238095	3.1146045619
0.842857142857	3.1158945319
0.847619047619	3.1171856990
0.852380952381	3.1184780599
0.857142857143	3.1197716120
0.861904761905	3.1210663520
0.866666666667	3.1223622775
0.871428571429	3.1236593850
0.87619047619	3.1249576721
0.880952380952	3.1262571356
0.885714285714	3.1275577728
0.890476190476	3.1288595807
0.895238095238	3.1301625565
0.9	3.1314666972
0.904761904762	3.1327720002
0.909523809524	3.1340784623
0.914285714286	3.1353860810
0.919047619048	3.1366948532
0.92380952381	3.1380047762
0.928571428571	3.1393158470
0.933333333333	3.1406280630
0.938095238095	3.1419414212
0.942857142857	3.1432559189
0.947619047619	3.1445715531
0.952380952381	3.1458883213
0.957142857143	3.1472062205
0.961904761905	3.1485252479
0.966666666667	3.1498454008
0.971428571429	3.1511666765
0.97619047619	3.1524890720
0.980952380952	3.1538125847
0.985714285714	3.1551372118
0.990476190476	3.1564629506
0.995238095238	3.1577897982
1.0	3.1591177520
1.00476190476	3.1604468093
1.00952380952	3.1617769672
1.01428571429	3.1631082232
1.01904761905	3.1644405744
1.02380952381	3.1657740182
1.02857142857	3.1671085518
1.03333333333	3.1684441726
1.0380952381	3.1697808779
1.04285714286	3.1711186650
1.04761904762	3.1724575312
1.05238095238	3.1737974739
1.05714285714	3.1751384904
1.0619047619	3.1764805779
1.06666666667	3.1778237340
1.07142857143	3.1791679559
1.07619047619	3.1805132411
1.08095238095	3.1818595868
1.08571428571	3.1832069904
1.09047619048	3.1845554494
1.09523809524	3.1859049611
1.1	3.1872555230
1.10476190476	3.1886071323
1.10952380952	3.1899597866
1.11428571429	3.1913134833
1.11904761905	3.1926682197
1.12380952381	3.1940239933
1.12857142857	3.1953808015
1.13333333333	3.1967386418
1.1380952381	3.1980975117
1.14285714286	3.1994574085
1.14761904762	3.2008183298
1.15238095238	3.2021802730
1.15714285714	3.2035432355
1.1619047619	3.2049072150
1.16666666667	3.2062722088
1.17142857143	3.2076382144
1.17619047619	3.2090052294
1.18095238095	3.2103732513
1.18571428571	3.2117422775
1.19047619048	3.2131123056
1.19523809524	3.2144833332
1.2	3.2158553577
1.20476190476	3.2172283767
1.20952380952	3.2186023878
1.21428571429	3.2199773885
1.21904761905	3.2213533764
1.22380952381	3.2227303490
1.22857142857	3.2241083039
1.23333333333	3.2254872387
1.2380952381	3.2268671510
1.24285714286	3.2282480384
1.24761904762	3.2296298984
1.25238095238	3.2310127288
1.25714285714	3.2323965271
1.2619047619	3.2337812908
1.26666666667	3.2351670178
1.27142857143	3.2365537056
1.27619047619	3.2379413518
1.28095238095	3.2393299540
1.28571428571	3.2407195101
1.29047619048	3.2421100175
1.29523809524	3.2435014740
1.3	3.2448938773
1.30476190476	3.2462872250
1.30952380952	3.2476815149
1.31428571429	3.2490767446
1.31904761905	3.2504729118
1.32380952381	3.2518700143
1.32857142857	3.2532680497
1.33333333333	3.2546670158
1.3380952381	3.2560669104
1.34285714286	3.2574677311
1.34761904762	3.2588694757
1.35238095238	3.2602721419
1.35714285714	3.2616757276
1.3619047619	3.2630802304
1.36666666667	3.2644856482
1.37142857143	3.2658919788
1.37619047619	3.2672992198
1.38095238095	3.2687073692
1.38571428571	3.2701164247
1.39047619048	3.2715263841
1.39523809524	3.2729372453
1.4	3.2743490060
1.40476190476	3.2757616640
1.40952380952	3.2771752174
1.41428571429	3.2785896637
1.41904761905	3.2800050010
1.42380952381	3.2814212270
1.42857142857	3.2828383397
1.43333333333	3.2842563368
1.4380952381	3.2856752164
1.44285714286	3.2870949761
1.44761904762	3.2885156141
1.45238095238	3.2899371280
1.45714285714	3.2913595159
1.4619047619	3.2927827757
1.46666666667	3.2942069052
1.47142857143	3.2956319025
1.47619047619	3.2970577653
1.48095238095	3.2984844918
1.48571428571	3.2999120797
1.49047619048	3.3013405271
1.49523809524	3.3027698319
1.5	3.3041999922
1.50476190476	3.3056310057
1.50952380952	3.3070628707
1.51428571429	3.3084955849
1.51904761905	3.3099291465
1.52380952381	3.3113635534
1.52857142857	3.3127988037
1.53333333333	3.3142348953
1.5380952381	3.3156718262
1.54285714286	3.3171095946
1.54761904762	3.3185481984
1.55238095238	3.3199876357
1.55714285714	3.3214279045
1.5619047619	3.3228690029
1.56666666667	3.3243109289
1.57142857143	3.3257536806
1.57619047619	3.3271972562
1.58095238095	3.3286416536
1.58571428571	3.3300868710
1.59047619048	3.3315329065
1.59523809524	3.3329797582
1.6	3.3344274241
1.60476190476	3.3358759025
1.60952380952	3.3373251914
1.61428571429	3.3387752889
1.61904761905	3.3402261933
1.62380952381	3.3416779026
1.62857142857	3.3431304151
1.63333333333	3.3445837288
1.6380952381	3.3460378419
1.64285714286	3.3474927527
1.64761904762	3.3489484593
1.65238095238	3.3504049599
1.65714285714	3.3518622527
1.6619047619	3.3533203358
1.66666666667	3.3547792076
1.67142857143	3.3562388662
1.67619047619	3.3576993098
1.68095238095	3.3591605367
1.68571428571	3.3606225452
1.69047619048	3.3620853334
1.69523809524	3.3635488996
1.7	3.3650132421
1.70476190476	3.3664783592
1.70952380952	3.3679442491
1.71428571429	3.3694109101
1.71904761905	3.3708783404
1.72380952381	3.3723465385
1.72857142857	3.3738155026
1.73333333333	3.3752852309
1.7380952381	3.3767557219
1.74285714286	3.3782269738
1.74761904762	3.3796989850
1.75238095238	3.3811717538
1.75714285714	3.3826452786
1.7619047619	3.3841195577
1.76666666667	3.3855945894
1.77142857143	3.3870703722
1.77619047619	3.3885469044
1.78095238095	3.3900241844
1.78571428571	3.3915022106
1.79047619048	3.3929809814
1.79523809524	3.3944604951
1.8	3.3959407502
1.80476190476	3.3974217452
1.80952380952	3.3989034783
1.81428571429	3.4003859482
1.81904761905	3.4018691531
1.82380952381	3.4033530916
1.82857142857	3.4048377620
1.83333333333	3.4063231630
1.8380952381	3.4078092928
1.84285714286	3.4092961501
1.84761904762	3.4107837332
1.85238095238	3.4122720407
1.85714285714	3.4137610711
1.8619047619	3.4152508228
1.86666666667	3.4167412944
1.87142857143	3.4182324845
1.87619047619	3.4197243914
1.88095238095	3.4212170138
1.88571428571	3.4227103502
1.89047619048	3.4242043991
1.89523809524	3.4256991591
1.9	3.4271946287
1.90476190476	3.4286908066
1.90952380952	3.4301876913
1.91428571429	3.4316852814
1.91904761905	3.4331835754
1.92380952381	3.4346825720
1.92857142857	3.4361822697
1.93333333333	3.4376826673
1.9380952381	3.4391837632
1.94285714286	3.4406855562
1.94761904762	3.4421880448
1.95238095238	3.4436912278
1.95714285714	3.4451951037
1.9619047619	3.4466996711
1.96666666667	3.4482049289
1.97142857143	3.4497108756
1.97619047619	3.4512175099
1.98095238095	3.4527248305
1.98571428571	3.4542328362
1.99047619048	3.4557415255
1.99523809524	3.4572508972
2.0	3.4587609500
2.00476190476	3.4602716826
2.00952380952	3.4617830939
2.01428571429	3.4632951824
2.01904761905	3.4648079470
2.02380952381	3.4663213863
2.02857142857	3.4678354993
2.03333333333	3.4693502845
2.0380952381	3.4708657409
2.04285714286	3.4723818671
2.04761904762	3.4738986620
2.05238095238	3.4754161244
2.05714285714	3.4769342530
2.0619047619	3.4784530467
2.06666666667	3.4799725043
2.07142857143	3.4814926247
2.07619047619	3.4830134066
2.08095238095	3.4845348489
2.08571428571	3.4860569504
2.09047619048	3.4875797100
2.09523809524	3.4891031267
2.1	3.4906271991
2.10476190476	3.4921519263
2.10952380952	3.4936773071
2.11428571429	3.4952033403
2.11904761905	3.4967300250
2.12380952381	3.4982573600
2.12857142857	3.4997853442
2.13333333333	3.5013139766
2.1380952381	3.5028432560
2.14285714286	3.5043731815
2.14761904762	3.5059037520
2.15238095238	3.5074349663
2.15714285714	3.5089668236
2.1619047619	3.5104993228
2.16666666667	3.5120324627
2.17142857143	3.5135662425
2.17619047619	3.5151006612
2.18095238095	3.5166357176
2.18571428571	3.5181714109
2.19047619048	3.5197077400
2.19523809524	3.5212447041
2.2	3.5227823020
2.20476190476	3.5243205328
2.20952380952	3.5258593957
2.21428571429	3.5273988896
2.21904761905	3.5289390137
2.22380952381	3.5304797669
2.22857142857	3.5320211484
2.23333333333	3.5335631573
2.2380952381	3.5351057926
2.24285714286	3.5366490535
2.24761904762	3.5381929391
2.25238095238	3.5397374484
2.25714285714	3.5412825807
2.2619047619	3.5428283350
2.26666666667	3.5443747106
2.27142857143	3.5459217064
2.27619047619	3.5474693218
2.28095238095	3.5490175559
2.28571428571	3.5505664078
2.29047619048	3.5521158768
2.29523809524	3.5536659620
2.3	3.5552166626
2.30476190476	3.5567679779
2.30952380952	3.5583199071
2.31428571429	3.5598724493
2.31904761905	3.5614256038
2.32380952381	3.5629793700
2.32857142857	3.5645337469
2.33333333333	3.5660887339
2.3380952381	3.5676443302
2.34285714286	3.5692005351
2.34761904762	3.5707573479
2.35238095238	3.5723147679
2.35714285714	3.5738727944
2.3619047619	3.5754314267
2.36666666667	3.5769906641
2.37142857143	3.5785505059
2.37619047619	3.5801109515
2.38095238095	3.5816720002
2.38571428571	3.5832336513
2.39047619048	3.5847959043
2.39523809524	3.5863587584
2.4	3.5879222132
2.40476190476	3.5894862678
2.40952380952	3.5910509218
2.41428571429	3.5926161746
2.41904761905	3.5941820254
2.42380952381	3.5957484739
2.42857142857	3.5973155194
2.43333333333	3.5988831613
2.4380952381	3.6004513990
2.44285714286	3.6020202321
2.44761904762	3.6035896600
2.45238095238	3.6051596822
2.45714285714	3.6067302981
2.4619047619	3.6083015073
2.46666666667	3.6098733092
2.47142857143	3.6114457034
2.47619047619	3.6130186893
2.48095238095	3.6145922665
2.48571428571	3.6161664345
2.49047619048	3.6177411929
2.49523809524	3.6193165412
2.5	3.6208924790
2.50476190476	3.6224690058
2.50952380952	3.6240461213
2.51428571429	3.6256238250
2.51904761905	3.6272021165
2.52380952381	3.6287809954
2.52857142857	3.6303604614
2.53333333333	3.6319405140
2.5380952381	3.6335211529
2.54285714286	3.6351023778
2.54761904762	3.6366841883
2.55238095238	3.6382665841
2.55714285714	3.6398495648
2.5619047619	3.6414331301
2.56666666667	3.6430172798
2.57142857143	3.6446020135
2.57619047619	3.6461873309
2.58095238095	3.6477732317
2.58571428571	3.6493597157
2.59047619048	3.6509467827
2.59523809524	3.6525344323
2.6	3.6541226644
2.60476190476	3.6557114787
2.60952380952	3.6573008750
2.61428571429	3.6588908530
2.61904761905	3.6604814126
2.62380952381	3.6620725537
2.62857142857	3.6636642759
2.63333333333	3.6652565791
2.6380952381	3.6668494633
2.64285714286	3.6684429281
2.64761904762	3.6700369736
2.65238095238	3.6716315995
2.65714285714	3.6732268058
2.6619047619	3.6748225923
2.66666666667	3.6764189589
2.67142857143	3.6780159056
2.67619047619	3.6796134323
2.68095238095	3.6812115388
2.68571428571	3.6828102252
2.69047619048	3.6844094915
2.69523809524	3.6860093375
2.7	3.6876097632
2.70476190476	3.6892107687
2.70952380952	3.6908123539
2.71428571429	3.6924145189
2.71904761905	3.6940172636
2.72380952381	3.6956205881
2.72857142857	3.6972244925
2.73333333333	3.6988289767
2.7380952381	3.7004340409
2.74285714286	3.7020396852
2.74761904762	3.7036459095
2.75238095238	3.7052527141
2.75714285714	3.7068600990
2.7619047619	3.7084680643
2.76666666667	3.7100766102
2.77142857143	3.7116857368
2.77619047619	3.7132954443
2.78095238095	3.7149057329
2.78571428571	3.7165166026
2.79047619048	3.7181280538
2.79523809524	3.7197400866
2.8	3.7213527012
2.80476190476	3.7229658979
2.80952380952	3.7245796769
2.81428571429	3.7261940384
2.81904761905	3.7278089827
2.82380952381	3.7294245101
2.82857142857	3.7310406209
2.83333333333	3.7326573153
2.8380952381	3.7342745938
2.84285714286	3.7358924565
2.84761904762	3.7375109039
2.85238095238	3.7391299362
2.85714285714	3.7407495540
2.8619047619	3.7423697574
2.86666666667	3.7439905470
2.87142857143	3.7456119231
2.87619047619	3.7472338861
2.88095238095	3.7488564365
2.88571428571	3.7504795747
2.89047619048	3.7521033012
2.89523809524	3.7537276163
2.9	3.7553525207
2.90476190476	3.7569780148
2.90952380952	3.7586040991
2.91428571429	3.7602307741
2.91904761905	3.7618580404
2.92380952381	3.7634858985
2.92857142857	3.7651143490
2.93333333333	3.7667433925
2.9380952381	3.7683730294
2.94285714286	3.7700032606
2.94761904762	3.7716340865
2.95238095238	3.7732655078
2.95714285714	3.7748975252
2.9619047619	3.7765301393
2.96666666667	3.7781633508
2.97142857143	3.7797971604
2.97619047619	3.7814315688
2.98095238095	3.7830665767
2.98571428571	3.7847021849
2.99047619048	3.7863383941
2.99523809524	3.7879752051
3.0	3.7896126186
3.00476190476	3.7912506355
3.00952380952	3.7928892567
3.01428571429	3.7945284828
3.01904761905	3.7961683148
3.02380952381	3.7978087535
3.02857142857	3.7994497998
3.03333333333	3.8010914546
3.0380952381	3.8027337189
3.04285714286	3.8043765934
3.04761904762	3.8060200793
3.05238095238	3.8076641774
3.05714285714	3.8093088888
3.0619047619	3.8109542144
3.06666666667	3.8126001552
3.07142857143	3.8142467123
3.07619047619	3.8158938867
3.08095238095	3.8175416794
3.08571428571	3.8191900917
3.09047619048	3.8208391245
3.09523809524	3.8224887790
3.1	3.8241390563
3.10476190476	3.8257899576
3.10952380952	3.8274414840
3.11428571429	3.8290936368
3.11904761905	3.8307464172
3.12380952381	3.8323998263
3.12857142857	3.8340538654
3.13333333333	3.8357085359
3.1380952381	3.8373638389
3.14285714286	3.8390197759
3.14761904762	3.8406763480
3.15238095238	3.8423335567
3.15714285714	3.8439914034
3.1619047619	3.8456498893
3.16666666667	3.8473090160
3.17142857143	3.8489687848
3.17619047619	3.8506291973
3.18095238095	3.8522902548
3.18571428571	3.8539519588
3.19047619048	3.8556143109
3.19523809524	3.8572773127
3.2	3.8589409656
3.20476190476	3.8606052712
3.20952380952	3.8622702311
3.21428571429	3.8639358470
3.21904761905	3.8656021205
3.22380952381	3.8672690532
3.22857142857	3.8689366469
3.23333333333	3.8706049033
3.2380952381	3.8722738240
3.24285714286	3.8739434109
3.24761904762	3.8756136657
3.25238095238	3.8772845903
3.25714285714	3.8789561864
3.2619047619	3.8806284560
3.26666666667	3.8823014008
3.27142857143	3.8839750229
3.27619047619	3.8856493241
3.28095238095	3.8873243064
3.28571428571	3.8889999718
3.29047619048	3.8906763223
3.29523809524	3.8923533598
3.3	3.8940310866
3.30476190476	3.8957095046
3.30952380952	3.8973886160
3.31428571429	3.8990684229
3.31904761905	3.9007489274
3.32380952381	3.9024301319
3.32857142857	3.9041120384
3.33333333333	3.9057946493
3.3380952381	3.9074779669
3.34285714286	3.9091619934
3.34761904762	3.9108467312
3.35238095238	3.9125321826
3.35714285714	3.9142183501
3.3619047619	3.9159052361
3.36666666667	3.9175928430
3.37142857143	3.9192811733
3.37619047619	3.9209702297
3.38095238095	3.9226600145
3.38571428571	3.9243505305
3.39047619048	3.9260417801
3.39523809524	3.9277337662
3.4	3.9294264913
3.40476190476	3.9311199582
3.40952380952	3.9328141696
3.41428571429	3.9345091284
3.41904761905	3.9362048373
3.42380952381	3.9379012992
3.42857142857	3.9395985170
3.43333333333	3.9412964936
3.4380952381	3.9429952320
3.44285714286	3.9446947352
3.44761904762	3.9463950063
3.45238095238	3.9480960483
3.45714285714	3.9497978643
3.4619047619	3.9515004574
3.46666666667	3.9532038310
3.47142857143	3.9549079881
3.47619047619	3.9566129322
3.48095238095	3.9583186664
3.48571428571	3.9600251943
3.49047619048	3.9617325190
3.49523809524	3.9634406442
3.5	3.9651495732
3.50476190476	3.9668593096
3.50952380952	3.9685698571
3.51428571429	3.9702812191
3.51904761905	3.9719933993
3.52380952381	3.9737064015
3.52857142857	3.9754202294
3.53333333333	3.9771348868
3.5380952381	3.9788503776
3.54285714286	3.9805667056
3.54761904762	3.9822838748
3.55238095238	3.9840018892
3.55714285714	3.9857207528
3.5619047619	3.9874404697
3.56666666667	3.9891610441
3.57142857143	3.9908824802
3.57619047619	3.9926047821
3.58095238095	3.9943279543
3.58571428571	3.9960520011
3.59047619048	3.9977769269
3.59523809524	3.9995027361
3.6	4.0012294333
3.60476190476	4.0029570231
3.60952380952	4.0046855101
3.61428571429	4.0064148991
3.61904761905	4.0081451948
3.62380952381	4.0098764019
3.62857142857	4.0116085255
3.63333333333	4.0133415705
3.6380952381	4.0150755418
3.64285714286	4.0168104446
3.64761904762	4.0185462839
3.65238095238	4.0202830651
3.65714285714	4.0220207934
3.6619047619	4.0237594742
3.66666666667	4.0254991128
3.67142857143	4.0272397148
3.67619047619	4.0289812858
3.68095238095	4.0307238313
3.68571428571	4.0324673571
3.69047619048	4.0342118690
3.69523809524	4.0359573729
3.7	4.0377038746
3.70476190476	4.0394513803
3.70952380952	4.0411998961
3.71428571429	4.0429494280
3.71904761905	4.0446999825
3.72380952381	4.0464515658
3.72857142857	4.0482041845
3.73333333333	4.0499578450
3.7380952381	4.0517125540
3.74285714286	4.0534683182
3.74761904762	4.0552251445
3.75238095238	4.0569830397
3.75714285714	4.0587420108
3.7619047619	4.0605020649
3.76666666667	4.0622632093
3.77142857143	4.0640254512
3.77619047619	4.0657887981
3.78095238095	4.0675532575
3.78571428571	4.0693188369
3.79047619048	4.0710855442
3.79523809524	4.0728533872
3.8	4.0746223738
3.80476190476	4.0763925121
3.80952380952	4.0781638103
3.81428571429	4.0799362767
3.81904761905	4.0817099198
3.82380952381	4.0834847481
3.82857142857	4.0852607703
3.83333333333	4.0870379952
3.8380952381	4.0888164318
3.84285714286	4.0905960892
3.84761904762	4.0923769766
3.85238095238	4.0941591034
3.85714285714	4.0959424790
3.8619047619	4.0977271132
3.86666666667	4.0995130158
3.87142857143	4.1013001966
3.87619047619	4.1030886660
3.88095238095	4.1048784340
3.88571428571	4.1066695113
3.89047619048	4.1084619083
3.89523809524	4.1102556359
3.9	4.1120507051
3.90476190476	4.1138471269
3.90952380952	4.1156449128
3.91428571429	4.1174440741
3.91904761905	4.1192446227
3.92380952381	4.1210465703
3.92857142857	4.1228499292
3.93333333333	4.1246547115
3.9380952381	4.1264609299
3.94285714286	4.1282685970
3.94761904762	4.1300777257
3.95238095238	4.1318883294
3.95714285714	4.1337004212
3.9619047619	4.1355140149
3.96666666667	4.1373291244
3.97142857143	4.1391457638
3.97619047619	4.1409639474
3.98095238095	4.1427836899
3.98571428571	4.1446050063
3.99047619048	4.1464279116
3.99523809524	4.1482524214
4.0	4.1500785514
4.00476190476	4.1519063177
4.00952380952	4.1537357367
4.01428571429	4.1555668249
4.01904761905	4.1573995995
4.02380952381	4.1592340776
4.02857142857	4.1610702771
4.03333333333	4.1629082158
4.0380952381	4.1647479123
4.04285714286	4.1665893851
4.04761904762	4.1684326536
4.05238095238	4.1702777371
4.05714285714	4.1721246556
4.0619047619	4.1739734294
4.06666666667	4.1758240794
4.07142857143	4.1776766267
4.07619047619	4.1795310930
4.08095238095	4.1813875005
4.08571428571	4.1832458717
4.09047619048	4.1851062298
4.09523809524	4.1869685985
4.1	4.1888330019
4.10476190476	4.1906994648
4.10952380952	4.1925680125
4.11428571429	4.1944386708
4.11904761905	4.1963114663
4.12380952381	4.1981864261
4.12857142857	4.2000635781
4.13333333333	4.2019429506
4.1380952381	4.2038245730
4.14285714286	4.2057084750
4.14761904762	4.2075946873
4.15238095238	4.2094832415
4.15714285714	4.2113741697
4.1619047619	4.2132675051
4.16666666667	4.2151632816
4.17142857143	4.2170615343
4.17619047619	4.2189622989
4.18095238095	4.2208656123
4.18571428571	4.2227715123
4.19047619048	4.2246800381
4.19523809524	4.2265912295
4.2	4.2285051279
4.20476190476	4.2304217759
4.20952380952	4.2323412170
4.21428571429	4.2342634964
4.21904761905	4.2361886607
4.22380952381	4.2381167578
4.22857142857	4.2400478371
4.23333333333	4.2419819499
4.2380952381	4.2439191488
4.24285714286	4.2458594885
4.24761904762	4.2478030254
4.25238095238	4.2497498180
4.25714285714	4.2516999266
4.2619047619	4.2536534141
4.26666666667	4.2556103452
4.27142857143	4.2575707875
4.27619047619	4.2595348110
4.28095238095	4.2615024883
4.28571428571	4.2634738951
4.29047619048	4.2654491100
4.29523809524	4.2674282150
4.3	4.2694112955
4.30476190476	4.2713984407
4.30952380952	4.2733897436
4.31428571429	4.2753853016
4.31904761905	4.2773852166
4.32380952381	4.2793895952
4.32857142857	4.2813985494
4.33333333333	4.2834121967
4.3380952381	4.2854306609
4.34285714286	4.2874540721
4.34761904762	4.2894825678
4.35238095238	4.2915162928
4.35714285714	4.2935554009
4.3619047619	4.2956000546
4.36666666667	4.2976504268
4.37142857143	4.2997067012
4.37619047619	4.3017690741
4.38095238095	4.3038377549
4.38571428571	4.3059129683
4.39047619048	4.3079949555
4.39523809524	4.3100839765
4.4	4.3121803127
4.40476190476	4.3142842689
4.40952380952	4.3163961773
4.41428571429	4.3185164013
4.41904761905	4.3206453402
4.42380952381	4.3227834349
4.42857142857	4.3249311754
4.43333333333	4.3270891101
4.4380952381	4.3292578564
4.44285714286	4.3314381167
4.44761904762	4.3336306973
4.45238095238	4.3358365352
4.45714285714	4.3380567344
4.4619047619	4.3402926184
4.46666666667	4.3425458077
4.47142857143	4.3448183406
4.47619047619	4.3471128737
4.48095238095	4.3494330432
4.48571428571	4.3517841996
4.49047619048	4.3541752064
4.49523809524	4.3566246824
4.5	4.3593119480
4.50476190476	4.3622352136
4.50952380952	4.3652138197
4.51428571429	4.3682286372
4.51904761905	4.3712704327
4.52380952381	4.3743335672
4.52857142857	4.3774141685
4.53333333333	4.3805093791
4.5380952381	4.3836169896
4.54285714286	4.3867352277
4.54761904762	4.3898626379
4.55238095238	4.3929979961
4.55714285714	4.3961402602
4.5619047619	4.3992885264
4.56666666667	4.4024420065
4.57142857143	4.4056000025
4.57619047619	4.4087618951
4.58095238095	4.4119271272
4.58571428571	4.4150951983
4.59047619048	4.4182656526
4.59523809524	4.4214380770
4.6	4.4246120913
4.60476190476	4.4277873485
4.60952380952	4.4309635268
4.61428571429	4.4341403308
4.61904761905	4.4373174848
4.62380952381	4.4404947342
4.62857142857	4.4436718404
4.63333333333	4.4468485821
4.6380952381	4.4500247510
4.64285714286	4.4532001534
4.64761904762	4.4563746058
4.65238095238	4.4595479377
4.65714285714	4.4627199866
4.6619047619	4.4658906013
4.66666666667	4.4690596374
4.67142857143	4.4722269601
4.67619047619	4.4753924403
4.68095238095	4.4785559575
4.68571428571	4.4817173960
4.69047619048	4.4848766474
4.69523809524	4.4880336076
4.7	4.4911881791
4.70476190476	4.4943402680
4.70952380952	4.4974897860
4.71428571429	4.5006366482
4.71904761905	4.5037807749
4.72380952381	4.5069220889
4.72857142857	4.5100605179
4.73333333333	4.5131959919
4.7380952381	4.5163284451
4.74285714286	4.5194578138
4.74761904762	4.5225840383
4.75238095238	4.5257070605
4.75714285714	4.5288268259
4.7619047619	4.5319432817
4.76666666667	4.5350563781
4.77142857143	4.5381660668
4.77619047619	4.5412723026
4.78095238095	4.5443750413
4.78571428571	4.5474742416
4.79047619048	4.5505698632
4.79523809524	4.5536618683
4.8	4.5567502201
4.80476190476	4.5598348842
4.80952380952	4.5629158269
4.81428571429	4.5659930168
4.81904761905	4.5690664231
4.82380952381	4.5721360171
4.82857142857	4.5752017708
4.83333333333	4.5782636580
4.8380952381	4.5813216531
4.84285714286	4.5843757323
4.84761904762	4.5874258722
4.85238095238	4.5904720511
4.85714285714	4.5935142479
4.8619047619	4.5965524427
4.86666666667	4.5995866163
4.87142857143	4.6026167509
4.87619047619	4.6056428288
4.88095238095	4.6086648340
4.88571428571	4.6116827505
4.89047619048	4.6146965638
4.89523809524	4.6177062595
4.9	4.6207118246
4.90476190476	4.6237132460
4.90952380952	4.6267105121
4.91428571429	4.6297036113
4.91904761905	4.6326925330
4.92380952381	4.6356772670
4.92857142857	4.6386578040
4.93333333333	4.6416341347
4.9380952381	4.6446062509
4.94285714286	4.6475741445
4.94761904762	4.6505378084
4.95238095238	4.6534972354
4.95714285714	4.6564524194
4.9619047619	4.6594033540
4.96666666667	4.6623500341
4.97142857143	4.6652924543
4.97619047619	4.6682306102
4.98095238095	4.6711644972
4.98571428571	4.6740941117
4.99047619048	4.6770194500
4.99523809524	4.6799405090
5.0	4.6828572859
5.00476190476	4.6857697783
5.00952380952	4.6886779839
5.01428571429	4.6915819011
5.01904761905	4.6944815282
5.02380952381	4.6973768643
5.02857142857	4.7002679081
5.03333333333	4.7031546593
5.0380952381	4.7060371173
5.04285714286	4.7089152823
5.04761904762	4.7117891541
5.05238095238	4.7146587334
5.05714285714	4.7175240207
5.0619047619	4.7203850169
5.06666666667	4.7232417232
5.07142857143	4.7260941409
5.07619047619	4.7289422714
5.08095238095	4.7317861167
5.08571428571	4.7346256786
5.09047619048	4.7374609592
5.09523809524	4.7402919608
5.1	4.7431186862
5.10476190476	4.7459411377
5.10952380952	4.7487593184
5.11428571429	4.7515732312
5.11904761905	4.7543828794
5.12380952381	4.7571882662
5.12857142857	4.7599893952
5.13333333333	4.7627862700
5.1380952381	4.7655788944
5.14285714286	4.7683672723
5.14761904762	4.7711514077
5.15238095238	4.7739313048
5.15714285714	4.7767069680
5.1619047619	4.7794784016
5.16666666667	4.7822456102
5.17142857143	4.7850085985
5.17619047619	4.7877673712
5.18095238095	4.7905219331
5.18571428571	4.7932722894
5.19047619048	4.7960184450
5.19523809524	4.7987604052
5.2	4.8014981751
5.20476190476	4.8042317603
5.20952380952	4.8069611660
5.21428571429	4.8096863980
5.21904761905	4.8124074617
5.22380952381	4.8151243629
5.22857142857	4.8178371074
5.23333333333	4.8205457011
5.2380952381	4.8232501498
5.24285714286	4.8259504596
5.24761904762	4.8286466365
5.25238095238	4.8313386867
5.25714285714	4.8340266164
5.2619047619	4.8367104319
5.26666666667	4.8393901394
5.27142857143	4.8420657454
5.27619047619	4.8447372563
5.28095238095	4.8474046786
5.28571428571	4.8500680188
5.29047619048	4.8527272836
5.29523809524	4.8553824795
5.3	4.8580336133
5.30476190476	4.8606806917
5.30952380952	4.8633237215
5.31428571429	4.8659627095
5.31904761905	4.8685976626
5.32380952381	4.8712285876
5.32857142857	4.8738554916
5.33333333333	4.8764783815
5.3380952381	4.8790972644
5.34285714286	4.8817121471
5.34761904762	4.8843230370
5.35238095238	4.8869299410
5.35714285714	4.8895328663
5.3619047619	4.8921318200
5.36666666667	4.8947268094
5.37142857143	4.8973178417
5.37619047619	4.8999049242
5.38095238095	4.9024880641
5.38571428571	4.9050672687
5.39047619048	4.9076425453
5.39523809524	4.9102139013
5.4	4.9127813440
5.40476190476	4.9153448808
5.40952380952	4.9179045191
5.41428571429	4.9204602664
5.41904761905	4.9230121300
5.42380952381	4.9255601174
5.42857142857	4.9281042361
5.43333333333	4.9306444935
5.4380952381	4.9331808971
5.44285714286	4.9357134545
5.44761904762	4.9382421731
5.45238095238	4.9407670604
5.45714285714	4.9432881241
5.4619047619	4.9458053716
5.46666666667	4.9483188105
5.47142857143	4.9508284483
5.47619047619	4.9533342926
5.48095238095	4.9558363511
5.48571428571	4.9583346312
5.49047619048	4.9608291405
5.49523809524	4.9633198867
5.5	4.9658068325
5.50476190476	4.9682886574
5.50952380952	4.9707653826
5.51428571429	4.9732370291
5.51904761905	4.9757036176
5.52380952381	4.9781651686
5.52857142857	4.9806217026
5.53333333333	4.9830732399
5.5380952381	4.9855198007
5.54285714286	4.9879614048
5.54761904762	4.9903980723
5.55238095238	4.9928298228
5.55714285714	4.9952566759
5.5619047619	4.9976786511
5.56666666667	5.0000957676
5.57142857143	5.0025080448
5.57619047619	5.0049155016
5.58095238095	5.0073181569
5.58571428571	5.0097160298
5.59047619048	5.0121091387
5.59523809524	5.0144975022
5.6	5.0168811389
5.60476190476	5.0192600671
5.60952380952	5.0216343049
5.61428571429	5.0240038704
5.61904761905	5.0263687816
5.62380952381	5.0287290565
5.62857142857	5.0310847126
5.63333333333	5.0334357677
5.6380952381	5.0357822392
5.64285714286	5.0381241446
5.64761904762	5.0404615011
5.65238095238	5.0427943261
5.65714285714	5.0451226364
5.6619047619	5.0474464492
5.66666666667	5.0497657812
5.67142857143	5.0520806493
5.67619047619	5.0543910701
5.68095238095	5.0566970601
5.68571428571	5.0589986359
5.69047619048	5.0612958137
5.69523809524	5.0635886099
5.7	5.0658770405
5.70476190476	5.0681611217
5.70952380952	5.0704408694
5.71428571429	5.0727162994
5.71904761905	5.0749874276
5.72380952381	5.0772542696
5.72857142857	5.0795168410
5.73333333333	5.0817751573
5.7380952381	5.0840292339
5.74285714286	5.0862790860
5.74761904762	5.0885247290
5.75238095238	5.0907661779
5.75714285714	5.0930034478
5.7619047619	5.0952365536
5.76666666667	5.0974655102
5.77142857143	5.0996903323
5.77619047619	5.1019110347
5.78095238095	5.1041276320
5.78571428571	5.1063401386
5.79047619048	5.1085485691
5.79523809524	5.1107529377
5.8	5.1129532588
5.80476190476	5.1151495466
5.80952380952	5.1173418150
5.81428571429	5.1195300783
5.81904761905	5.1217143503
5.82380952381	5.1238946450
5.82857142857	5.1260709760
5.83333333333	5.1282433572
5.8380952381	5.1304118022
5.84285714286	5.1325763245
5.84761904762	5.1347369376
5.85238095238	5.1368936550
5.85714285714	5.1390464900
5.8619047619	5.1411954558
5.86666666667	5.1433405657
5.87142857143	5.1454818328
5.87619047619	5.1476192701
5.88095238095	5.1497528906
5.88571428571	5.1518827073
5.89047619048	5.1540087329
5.89523809524	5.1561309802
5.9	5.1582494620
5.90476190476	5.1603641909
5.90952380952	5.1624751794
5.91428571429	5.1645824400
5.91904761905	5.1666859852
5.92380952381	5.1687858274
5.92857142857	5.1708819787
5.93333333333	5.1729744516
5.9380952381	5.1750632580
5.94285714286	5.1771484102
5.94761904762	5.1792299202
5.95238095238	5.1813078000
5.95714285714	5.1833820614
5.9619047619	5.1854527163
5.96666666667	5.1875197766
5.97142857143	5.1895832539
5.97619047619	5.1916431600
5.98095238095	5.1936995063
5.98571428571	5.1957523046
5.99047619048	5.1978015662
5.99523809524	5.1998473026
6.0	5.2018895252
6.00476190476	5.2039282453
6.00952380952	5.2059634741
6.01428571429	5.2079952228
6.01904761905	5.2100235026
6.02380952381	5.2120483246
6.02857142857	5.2140696998
6.03333333333	5.2160876391
6.0380952381	5.2181021536
6.04285714286	5.2201132539
6.04761904762	5.2221209511
6.05238095238	5.2241252557
6.05714285714	5.2261261786
6.0619047619	5.2281237303
6.06666666667	5.2301179215
6.07142857143	5.2321087627
6.07619047619	5.2340962643
6.08095238095	5.2360804369
6.08571428571	5.2380612908
6.09047619048	5.2400388364
6.09523809524	5.2420130838
6.1	5.2439840435
6.10476190476	5.2459517255
6.10952380952	5.2479161400
6.11428571429	5.2498772971
6.11904761905	5.2518352068
6.12380952381	5.2537898791
6.12857142857	5.2557413239
6.13333333333	5.2576895512
6.1380952381	5.2596345708
6.14285714286	5.2615763924
6.14761904762	5.2635150259
6.15238095238	5.2654504809
6.15714285714	5.2673827670
6.1619047619	5.2693118940
6.16666666667	5.2712378714
6.17142857143	5.2731607086
6.17619047619	5.2750804153
6.18095238095	5.2769970007
6.18571428571	5.2789104743
6.19047619048	5.2808208454
6.19523809524	5.2827281233
6.2	5.2846323173
6.20476190476	5.2865334367
6.20952380952	5.2884314904
6.21428571429	5.2903264878
6.21904761905	5.2922184378
6.22380952381	5.2941073496
6.22857142857	5.2959932320
6.23333333333	5.2978760941
6.2380952381	5.2997559448
6.24285714286	5.3016327930
6.24761904762	5.3035066475
6.25238095238	5.3053775170
6.25714285714	5.3072454104
6.2619047619	5.3091103364
6.26666666667	5.3109723035
6.27142857143	5.3128313206
6.27619047619	5.3146873961
6.28095238095	5.3165405387
6.28571428571	5.3183907568
6.29047619048	5.3202380589
6.29523809524	5.3220824535
6.3	5.3239239489
6.30476190476	5.3257625536
6.30952380952	5.3275982758
6.31428571429	5.3294311239
6.31904761905	5.3312611061
6.32380952381	5.3330882306
6.32857142857	5.3349125056
6.33333333333	5.3367339393
6.3380952381	5.3385525397
6.34285714286	5.3403683150
6.34761904762	5.3421812731
6.35238095238	5.3439914221
6.35714285714	5.3457987700
6.3619047619	5.3476033246
6.36666666667	5.3494050938
6.37142857143	5.3512040856
6.37619047619	5.3530003078
6.38095238095	5.3547937681
6.38571428571	5.3565844743
6.39047619048	5.3583724342
6.39523809524	5.3601576553
6.4	5.3619401455
6.40476190476	5.3637199123
6.40952380952	5.3654969633
6.41428571429	5.3672713060
6.41904761905	5.3690429481
6.42380952381	5.3708118969
6.42857142857	5.3725781600
6.43333333333	5.3743417448
6.4380952381	5.3761026587
6.44285714286	5.3778609090
6.44761904762	5.3796165032
6.45238095238	5.3813694484
6.45714285714	5.3831197520
6.4619047619	5.3848674213
6.46666666667	5.3866124633
6.47142857143	5.3883548854
6.47619047619	5.3900946947
6.48095238095	5.3918318982
6.48571428571	5.3935665032
6.49047619048	5.3952985166
6.49523809524	5.3970279455
6.5	5.3987547969
6.50476190476	5.4004790777
6.50952380952	5.4022007950
6.51428571429	5.4039199556
6.51904761905	5.4056365664
6.52380952381	5.4073506343
6.52857142857	5.4090621662
6.53333333333	5.4107711687
6.5380952381	5.4124776488
6.54285714286	5.4141816130
6.54761904762	5.4158830683
6.55238095238	5.4175820212
6.55714285714	5.4192784784
6.5619047619	5.4209724466
6.56666666667	5.4226639324
6.57142857143	5.4243529423
6.57619047619	5.4260394830
6.58095238095	5.4277235609
6.58571428571	5.4294051825
6.59047619048	5.4310843544
6.59523809524	5.4327610830
6.6	5.4344353746
6.60476190476	5.4361072358
6.60952380952	5.4377766729
6.61428571429	5.4394436922
6.61904761905	5.4411083000
6.62380952381	5.4427705027
6.62857142857	5.4444303066
6.63333333333	5.4460877178
6.6380952381	5.4477427426
6.64285714286	5.4493953872
6.64761904762	5.4510456578
6.65238095238	5.4526935605
6.65714285714	5.4543391015
6.6619047619	5.4559822868
6.66666666667	5.4576231226
6.67142857143	5.4592616148
6.67619047619	5.4608977695
6.68095238095	5.4625315928
6.68571428571	5.4641630905
6.69047619048	5.4657922687
6.69523809524	5.4674191333
6.7	5.4690436902
6.70476190476	5.4706659453
6.70952380952	5.4722859044
6.71428571429	5.4739035735
6.71904761905	5.4755189583
6.72380952381	5.4771320646
6.72857142857	5.4787428982
6.73333333333	5.4803514648
6.7380952381	5.4819577702
6.74285714286	5.4835618202
6.74761904762	5.4851636203
6.75238095238	5.4867631762
6.75714285714	5.4883604937
6.7619047619	5.4899555783
6.76666666667	5.4915484355
6.77142857143	5.4931390711
6.77619047619	5.4947274905
6.78095238095	5.4963136994
6.78571428571	5.4978977031
6.79047619048	5.4994795072
6.79523809524	5.5010591172
6.8	5.5026365386
6.80476190476	5.5042117767
6.80952380952	5.5057848369
6.81428571429	5.5073557248
6.81904761905	5.5089244456
6.82380952381	5.5104910046
6.82857142857	5.5120554073
6.83333333333	5.5136176590
6.8380952381	5.5151777649
6.84285714286	5.5167357302
6.84761904762	5.5182915604
6.85238095238	5.5198452605
6.85714285714	5.5213968358
6.8619047619	5.5229462915
6.86666666667	5.5244936328
6.87142857143	5.5260388648
6.87619047619	5.5275819927
6.88095238095	5.5291230216
6.88571428571	5.5306619566
6.89047619048	5.5321988027
6.89523809524	5.5337335650
6.9	5.5352662486
6.90476190476	5.5367968585
6.90952380952	5.5383253997
6.91428571429	5.5398518772
6.91904761905	5.5413762960
6.92380952381	5.5428986609
6.92857142857	5.5444189770
6.93333333333	5.5459372492
6.9380952381	5.5474534823
6.94285714286	5.5489676813
6.94761904762	5.5504798510
6.95238095238	5.5519899962
6.95714285714	5.5534981218
6.9619047619	5.5550042325
6.96666666667	5.5565083333
6.97142857143	5.5580104288
6.97619047619	5.5595105238
6.98095238095	5.5610086231
6.98571428571	5.5625047313
6.99047619048	5.5639988533
6.99523809524	5.5654909936
7.0	5.5669811570
7.00476190476	5.5684693481
7.00952380952	5.5699555715
7.01428571429	5.5714398319
7.01904761905	5.5729221339
7.02380952381	5.5744024821
7.02857142857	5.5758808810
7.03333333333	5.5773573352
7.0380952381	5.5788318493
7.04285714286	5.5803044278
7.04761904762	5.5817750751
7.05238095238	5.5832437959
7.05714285714	5.5847105945
7.0619047619	5.5861754755
7.06666666667	5.5876384432
7.07142857143	5.5890995022
7.07619047619	5.5905586568
7.08095238095	5.5920159114
7.08571428571	5.5934712705
7.09047619048	5.5949247383
7.09523809524	5.5963763193
7.1	5.5978260178
7.10476190476	5.5992738381
7.10952380952	5.6007197846
7.11428571429	5.6021638615
7.11904761905	5.6036060731
7.12380952381	5.6050464236
7.12857142857	5.6064849174
7.13333333333	5.6079215587
7.1380952381	5.6093563517
7.14285714286	5.6107893005
7.14761904762	5.6122204095
7.15238095238	5.6136496827
7.15714285714	5.6150771244
7.1619047619	5.6165027386
7.16666666667	5.6179265296
7.17142857143	5.6193485015
7.17619047619	5.6207686583
7.18095238095	5.6221870042
7.18571428571	5.6236035432
7.19047619048	5.6250182794
7.19523809524	5.6264312169
7.2	5.6278423597
7.20476190476	5.6292517118
7.20952380952	5.6306592772
7.21428571429	5.6320650600
7.21904761905	5.6334690642
7.22380952381	5.6348712936
7.22857142857	5.6362717523
7.23333333333	5.6376704442
7.2380952381	5.6390673733
7.24285714286	5.6404625434
7.24761904762	5.6418559585
7.25238095238	5.6432476224
7.25714285714	5.6446375391
7.2619047619	5.6460257124
7.26666666667	5.6474121462
7.27142857143	5.6487968443
7.27619047619	5.6501798105
7.28095238095	5.6515610487
7.28571428571	5.6529405627
7.29047619048	5.6543183562
7.29523809524	5.6556944331
7.3	5.6570687970
7.30476190476	5.6584414519
7.30952380952	5.6598124013
7.31428571429	5.6611816490
7.31904761905	5.6625491988
7.32380952381	5.6639150544
7.32857142857	5.6652792194
7.33333333333	5.6666416976
7.3380952381	5.6680024925
7.34285714286	5.6693616079
7.34761904762	5.6707190474
7.35238095238	5.6720748147
7.35714285714	5.6734289133
7.3619047619	5.6747813469
7.36666666667	5.6761321191
7.37142857143	5.6774812334
7.37619047619	5.6788286935
7.38095238095	5.6801745029
7.38571428571	5.6815186651
7.39047619048	5.6828611838
7.39523809524	5.6842020623
7.4	5.6855413043
7.40476190476	5.6868789133
7.40952380952	5.6882148927
7.41428571429	5.6895492460
7.41904761905	5.6908819768
7.42380952381	5.6922130884
7.42857142857	5.6935425844
7.43333333333	5.6948704681
7.4380952381	5.6961967430
7.44285714286	5.6975214125
7.44761904762	5.6988444801
7.45238095238	5.7001659491
7.45714285714	5.7014858228
7.4619047619	5.7028041048
7.46666666667	5.7041207983
7.47142857143	5.7054359068
7.47619047619	5.7067494334
7.48095238095	5.7080613817
7.48571428571	5.7093717549
7.49047619048	5.7106805563
7.49523809524	5.7119877892
7.5	5.7132934569
7.50476190476	5.7145975627
7.50952380952	5.7159001099
7.51428571429	5.7172011018
7.51904761905	5.7185005415
7.52380952381	5.7197984323
7.52857142857	5.7210947775
7.53333333333	5.7223895802
7.5380952381	5.7236828438
7.54285714286	5.7249745713
7.54761904762	5.7262647661
7.55238095238	5.7275534311
7.55714285714	5.7288405698
7.5619047619	5.7301261851
7.56666666667	5.7314102802
7.57142857143	5.7326928584
7.57619047619	5.7339739226
7.58095238095	5.7352534762
7.58571428571	5.7365315220
7.59047619048	5.7378080634
7.59523809524	5.7390831033
7.6	5.7403566448
7.60476190476	5.7416286911
7.60952380952	5.7428992451
7.61428571429	5.7441683100
7.61904761905	5.7454358888
7.62380952381	5.7467019845
7.62857142857	5.7479666002
7.63333333333	5.7492297388
7.6380952381	5.7504914035
7.64285714286	5.7517515971
7.64761904762	5.7530103227
7.65238095238	5.7542675833
7.65714285714	5.7555233818
7.6619047619	5.7567777212
7.66666666667	5.7580306045
7.67142857143	5.7592820346
7.67619047619	5.7605320145
7.68095238095	5.7617805470
7.68571428571	5.7630276351
7.69047619048	5.7642732818
7.69523809524	5.7655174899
7.7	5.7667602622
7.70476190476	5.7680016018
7.70952380952	5.7692415115
7.71428571429	5.7704799941
7.71904761905	5.7717170526
7.72380952381	5.7729526897
7.72857142857	5.7741869083
7.73333333333	5.7754197112
7.7380952381	5.7766511013
7.74285714286	5.7778810814
7.74761904762	5.7791096543
7.75238095238	5.7803368228
7.75714285714	5.7815625897
7.7619047619	5.7827869578
7.76666666667	5.7840099298
7.77142857143	5.7852315086
7.77619047619	5.7864516968
7.78095238095	5.7876704973
7.78571428571	5.7888879128
7.79047619048	5.7901039460
7.79523809524	5.7913185997
7.8	5.7925318765
7.80476190476	5.7937437792
7.80952380952	5.7949543105
7.81428571429	5.7961634731
7.81904761905	5.7973712697
7.82380952381	5.7985777030
7.82857142857	5.7997827755
7.83333333333	5.8009864901
7.8380952381	5.8021888493
7.84285714286	5.8033898559
7.84761904762	5.8045895124
7.85238095238	5.8057878215
7.85714285714	5.8069847858
7.8619047619	5.8081804079
7.86666666667	5.8093746905
7.87142857143	5.8105676361
7.87619047619	5.8117592474
7.88095238095	5.8129495269
7.88571428571	5.8141384773
7.89047619048	5.8153261011
7.89523809524	5.8165124008
7.9	5.8176973790
7.90476190476	5.8188810384
7.90952380952	5.8200633813
7.91428571429	5.8212444104
7.91904761905	5.8224241283
7.92380952381	5.8236025373
7.92857142857	5.8247796401
7.93333333333	5.8259554391
7.9380952381	5.8271299369
7.94285714286	5.8283031359
7.94761904762	5.8294750387
7.95238095238	5.8306456477
7.95714285714	5.8318149654
7.9619047619	5.8329829942
7.96666666667	5.8341497367
7.97142857143	5.8353151952
7.97619047619	5.8364793723
7.98095238095	5.8376422703
7.98571428571	5.8388038917
7.99047619048	5.8399642390
7.99523809524	5.8411233144
8.0	5.8422811206
8.00476190476	5.8434376598
8.00952380952	5.8445929344
8.01428571429	5.8457469469
8.01904761905	5.8468996997
8.02380952381	5.8480511951
8.02857142857	5.8492014354
8.03333333333	5.8503504231
8.0380952381	5.8514981606
8.04285714286	5.8526446501
8.04761904762	5.8537898940
8.05238095238	5.8549338946
8.05714285714	5.8560766544
8.0619047619	5.8572181756
8.06666666667	5.8583584605
8.07142857143	5.8594975114
8.07619047619	5.8606353307
8.08095238095	5.8617719207
8.08571428571	5.8629072836
8.09047619048	5.8640414218
8.09523809524	5.8651743375
8.1	5.8663060330
8.10476190476	5.8674365106
8.10952380952	5.8685657725
8.11428571429	5.8696938210
8.11904761905	5.8708206583
8.12380952381	5.8719462868
8.12857142857	5.8730707085
8.13333333333	5.8741939259
8.1380952381	5.8753159410
8.14285714286	5.8764367561
8.14761904762	5.8775563735
8.15238095238	5.8786747953
8.15714285714	5.8797920237
8.1619047619	5.8809080609
8.16666666667	5.8820229092
8.17142857143	5.8831365707
8.17619047619	5.8842490476
8.18095238095	5.8853603420
8.18571428571	5.8864704562
8.19047619048	5.8875793923
8.19523809524	5.8886871524
8.2	5.8897937387
8.20476190476	5.8908991534
8.20952380952	5.8920033985
8.21428571429	5.8931064762
8.21904761905	5.8942083887
8.22380952381	5.8953091380
8.22857142857	5.8964087264
8.23333333333	5.8975071558
8.2380952381	5.8986044284
8.24285714286	5.8997005462
8.24761904762	5.9007955115
8.25238095238	5.9018893262
8.25714285714	5.9029819925
8.2619047619	5.9040735124
8.26666666667	5.9051638880
8.27142857143	5.9062531214
8.27619047619	5.9073412146
8.28095238095	5.9084281697
8.28571428571	5.9095139887
8.29047619048	5.9105986737
8.29523809524	5.9116822267
8.3	5.9127646497
8.30476190476	5.9138459448
8.30952380952	5.9149261140
8.31428571429	5.9160051593
8.31904761905	5.9170830827
8.32380952381	5.9181598862
8.32857142857	5.9192355719
8.33333333333	5.9203101417
8.3380952381	5.9213835976
8.34285714286	5.9224559416
8.34761904762	5.9235271757
8.35238095238	5.9245973019
8.35714285714	5.9256663221
8.3619047619	5.9267342382
8.36666666667	5.9278010523
8.37142857143	5.9288667663
8.37619047619	5.9299313822
8.38095238095	5.9309949019
8.38571428571	5.9320573273
8.39047619048	5.9331186603
8.39523809524	5.9341789030
8.4	5.9352380572
8.40476190476	5.9362961248
8.40952380952	5.9373531078
8.41428571429	5.9384090081
8.41904761905	5.9394638275
8.42380952381	5.9405175680
8.42857142857	5.9415702315
8.43333333333	5.9426218198
8.4380952381	5.9436723349
8.44285714286	5.9447217786
8.44761904762	5.9457701527
8.45238095238	5.9468174593
8.45714285714	5.9478637001
8.4619047619	5.9489088769
8.46666666667	5.9499529918
8.47142857143	5.9509960464
8.47619047619	5.9520380427
8.48095238095	5.9530789824
8.48571428571	5.9541188675
8.49047619048	5.9551576997
8.49523809524	5.9561954810
8.5	5.9572322130
8.50476190476	5.9582678977
8.50952380952	5.9593025368
8.51428571429	5.9603361321
8.51904761905	5.9613686856
8.52380952381	5.9624001988
8.52857142857	5.9634306738
8.53333333333	5.9644601121
8.5380952381	5.9654885157
8.54285714286	5.9665158864
8.54761904762	5.9675422258
8.55238095238	5.9685675357
8.55714285714	5.9695918181
8.5619047619	5.9706150745
8.56666666667	5.9716373067
8.57142857143	5.9726585166
8.57619047619	5.9736787058
8.58095238095	5.9746978762
8.58571428571	5.9757160294
8.59047619048	5.9767331672
8.59523809524	5.9777492913
8.6	5.9787644034
8.60476190476	5.9797785054
8.60952380952	5.9807915988
8.61428571429	5.9818036855
8.61904761905	5.9828147671
8.62380952381	5.9838248453
8.62857142857	5.9848339219
8.63333333333	5.9858419985
8.6380952381	5.9868490768
8.64285714286	5.9878551585
8.64761904762	5.9888602454
8.65238095238	5.9898643391
8.65714285714	5.9908674412
8.6619047619	5.9918695535
8.66666666667	5.9928706776
8.67142857143	5.9938708152
8.67619047619	5.9948699679
8.68095238095	5.9958681375
8.68571428571	5.9968653255
8.69047619048	5.9978615336
8.69523809524	5.9988567634
8.7	5.9998510167
8.70476190476	6.0008442950
8.70952380952	6.0018365999
8.71428571429	6.0028279331
8.71904761905	6.0038182963
8.72380952381	6.0048076910
8.72857142857	6.0057961189
8.73333333333	6.0067835815
8.7380952381	6.0077700806
8.74285714286	6.0087556176
8.74761904762	6.0097401942
8.75238095238	6.0107238120
8.75714285714	6.0117064726
8.7619047619	6.0126881775
8.76666666667	6.0136689285
8.77142857143	6.0146487269
8.77619047619	6.0156275745
8.78095238095	6.0166054728
8.78571428571	6.0175824234
8.79047619048	6.0185584278
8.79523809524	6.0195334876
8.8	6.0205076044
8.80476190476	6.0214807797
8.80952380952	6.0224530150
8.81428571429	6.0234243120
8.81904761905	6.0243946721
8.82380952381	6.0253640970
8.82857142857	6.0263325880
8.83333333333	6.0273001469
8.8380952381	6.0282667751
8.84285714286	6.0292324741
8.84761904762	6.0301972454
8.85238095238	6.0311610907
8.85714285714	6.0321240113
8.8619047619	6.0330860088
8.86666666667	6.0340470848
8.87142857143	6.0350072406
8.87619047619	6.0359664779
8.88095238095	6.0369247981
8.88571428571	6.0378822027
8.89047619048	6.0388386932
8.89523809524	6.0397942711
8.9	6.0407489378
8.90476190476	6.0417026949
8.90952380952	6.0426555439
8.91428571429	6.0436074861
8.91904761905	6.0445585231
8.92380952381	6.0455086564
8.92857142857	6.0464578873
8.93333333333	6.0474062174
8.9380952381	6.0483536482
8.94285714286	6.0493001809
8.94761904762	6.0502458172
8.95238095238	6.0511905585
8.95714285714	6.0521344062
8.9619047619	6.0530773617
8.96666666667	6.0540194265
8.97142857143	6.0549606020
8.97619047619	6.0559008896
8.98095238095	6.0568402908
8.98571428571	6.0577788070
8.99047619048	6.0587164396
8.99523809524	6.0596531900
9.0	6.0605890596
9.00476190476	6.0615240499
9.00952380952	6.0624581622
9.01428571429	6.0633913980
9.01904761905	6.0643237586
9.02380952381	6.0652552455
9.02857142857	6.0661858600
9.03333333333	6.0671156035
9.0380952381	6.0680444774
9.04285714286	6.0689724831
9.04761904762	6.0698996220
9.05238095238	6.0708258955
9.05714285714	6.0717513049
9.0619047619	6.0726758515
9.06666666667	6.0735995369
9.07142857143	6.0745223622
9.07619047619	6.0754443289
9.08095238095	6.0763654384
9.08571428571	6.0772856920
9.09047619048	6.0782050910
9.09523809524	6.0791236368
9.1	6.0800413308
9.10476190476	6.0809581742
9.10952380952	6.0818741685
9.11428571429	6.0827893149
9.11904761905	6.0837036149
9.12380952381	6.0846170696
9.12857142857	6.0855296805
9.13333333333	6.0864414488
9.1380952381	6.0873523760
9.14285714286	6.0882624632
9.14761904762	6.0891717119
9.15238095238	6.0900801233
9.15714285714	6.0909876988
9.1619047619	6.0918944396
9.16666666667	6.0928003471
9.17142857143	6.0937054225
9.17619047619	6.0946096672
9.18095238095	6.0955130824
9.18571428571	6.0964156695
9.19047619048	6.0973174296
9.19523809524	6.0982183642
9.2	6.0991184745
9.20476190476	6.1000177618
9.20952380952	6.1009162273
9.21428571429	6.1018138723
9.21904761905	6.1027106981
9.22380952381	6.1036067060
9.22857142857	6.1045018972
9.23333333333	6.1053962730
9.2380952381	6.1062898346
9.24285714286	6.1071825833
9.24761904762	6.1080745204
9.25238095238	6.1089656471
9.25714285714	6.1098559647
9.2619047619	6.1107454744
9.26666666667	6.1116341774
9.27142857143	6.1125220750
9.27619047619	6.1134091684
9.28095238095	6.1142954589
9.28571428571	6.1151809476
9.29047619048	6.1160656359
9.29523809524	6.1169495249
9.3	6.1178326159
9.30476190476	6.1187149101
9.30952380952	6.1195964087
9.31428571429	6.1204771129
9.31904761905	6.1213570239
9.32380952381	6.1222361430
9.32857142857	6.1231144713
9.33333333333	6.1239920101
9.3380952381	6.1248687605
9.34285714286	6.1257447238
9.34761904762	6.1266199012
9.35238095238	6.1274942938
9.35714285714	6.1283679028
9.3619047619	6.1292407295
9.36666666667	6.1301127750
9.37142857143	6.1309840404
9.37619047619	6.1318545271
9.38095238095	6.1327242361
9.38571428571	6.1335931686
9.39047619048	6.1344613258
9.39523809524	6.1353287090
9.4	6.1361953191
9.40476190476	6.1370611575
9.40952380952	6.1379262252
9.41428571429	6.1387905235
9.41904761905	6.1396540535
9.42380952381	6.1405168163
9.42857142857	6.1413788131
9.43333333333	6.1422400450
9.4380952381	6.1431005133
9.44285714286	6.1439602190
9.44761904762	6.1448191632
9.45238095238	6.1456773472
9.45714285714	6.1465347721
9.4619047619	6.1473914390
9.46666666667	6.1482473490
9.47142857143	6.1491025032
9.47619047619	6.1499569029
9.48095238095	6.1508105490
9.48571428571	6.1516634428
9.49047619048	6.1525155854
9.49523809524	6.1533669778
9.5	6.1542176213
9.50476190476	6.1550675168
9.50952380952	6.1559166656
9.51428571429	6.1567650686
9.51904761905	6.1576127272
9.52380952381	6.1584596422
9.52857142857	6.1593058149
9.53333333333	6.1601512464
9.5380952381	6.1609959376
9.54285714286	6.1618398898
9.54761904762	6.1626831040
9.55238095238	6.1635255814
9.55714285714	6.1643673229
9.5619047619	6.1652083297
9.56666666667	6.1660486029
9.57142857143	6.1668881436
9.57619047619	6.1677269527
9.58095238095	6.1685650315
9.58571428571	6.1694023809
9.59047619048	6.1702390021
9.59523809524	6.1710748961
9.6	6.1719100640
9.60476190476	6.1727445069
9.60952380952	6.1735782257
9.61428571429	6.1744112216
9.61904761905	6.1752434957
9.62380952381	6.1760750489
9.62857142857	6.1769058824
9.63333333333	6.1777359972
9.6380952381	6.1785653943
9.64285714286	6.1793940748
9.64761904762	6.1802220397
9.65238095238	6.1810492901
9.65714285714	6.1818758270
9.6619047619	6.1827016514
9.66666666667	6.1835267645
9.67142857143	6.1843511671
9.67619047619	6.1851748604
9.68095238095	6.1859978454
9.68571428571	6.1868201231
9.69047619048	6.1876416946
9.69523809524	6.1884625608
9.7	6.1892827227
9.70476190476	6.1901021815
9.70952380952	6.1909209381
9.71428571429	6.1917389935
9.71904761905	6.1925563487
9.72380952381	6.1933730048
9.72857142857	6.1941889627
9.73333333333	6.1950042235
9.7380952381	6.1958187882
9.74285714286	6.1966326577
9.74761904762	6.1974458331
9.75238095238	6.1982583154
9.75714285714	6.1990701055
9.7619047619	6.1998812044
9.76666666667	6.2006916133
9.77142857143	6.2015013329
9.77619047619	6.2023103644
9.78095238095	6.2031187087
9.78571428571	6.2039263667
9.79047619048	6.2047333396
9.79523809524	6.2055396282
9.8	6.2063452335
9.80476190476	6.2071501565
9.80952380952	6.2079543982
9.81428571429	6.2087579595
9.81904761905	6.2095608415
9.82380952381	6.2103630450
9.82857142857	6.2111645711
9.83333333333	6.2119654207
9.8380952381	6.2127655947
9.84285714286	6.2135650942
9.84761904762	6.2143639201
9.85238095238	6.2151620733
9.85714285714	6.2159595548
9.8619047619	6.2167563656
9.86666666667	6.2175525065
9.87142857143	6.2183479787
9.87619047619	6.2191427828
9.88095238095	6.2199369201
9.88571428571	6.2207303913
9.89047619048	6.2215231974
9.89523809524	6.2223153394
9.9	6.2231068181
9.90476190476	6.2238976346
9.90952380952	6.2246877897
9.91428571429	6.2254772844
9.91904761905	6.2262661197
9.92380952381	6.2270542963
9.92857142857	6.2278418154
9.93333333333	6.2286286777
9.9380952381	6.2294148842
9.94285714286	6.2302004359
9.94761904762	6.2309853336
9.95238095238	6.2317695783
9.95714285714	6.2325531708
9.9619047619	6.2333361121
9.96666666667	6.2341184031
9.97142857143	6.2349000447
9.97619047619	6.2356810378
9.98095238095	6.2364613834
9.98571428571	6.2372410822
9.99047619048	6.2380201353
9.99523809524	6.2387985435
10.0	6.2395763076
