0.0	2.9091196405
0.00277777777778	2.9096800662
0.00555555555556	2.9103024007
0.00833333333333	2.9108864001
0.0111111111111	2.9115011742
0.0138888888889	2.9120937106
0.0166666666667	2.9127052452
0.0194444444444	2.9133027865
0.0222222222222	2.9139129353
0.025	2.9145139280
0.0277777777778	2.9151236611
0.0305555555556	2.9157272780
0.0333333333333	2.9163371565
0.0361111111111	2.9169429123
0.0388888888889	2.9175532809
0.0416666666667	2.9181608738
0.0444444444444	2.9187719532
0.0472222222222	2.9193811876
0.05	2.9199931232
0.0527777777778	2.9206038684
0.0555555555556	2.9212167583
0.0583333333333	2.9218289246
0.0611111111111	2.9224428359
0.0638888888889	2.9230563607
0.0666666666667	2.9236713401
0.0694444444444	2.9242861786
0.0722222222222	2.9249022587
0.075	2.9255183784
0.0777777777778	2.9261355822
0.0805555555556	2.9267529593
0.0833333333333	2.9273713028
0.0861111111111	2.9279899192
0.0888888888889	2.9286094138
0.0916666666667	2.9292292558
0.0944444444444	2.9298499092
0.0972222222222	2.9304709662
0.1	2.9310927836
0.102777777778	2.9317150470
0.105555555556	2.9323380319
0.108333333333	2.9329614948
0.111111111111	2.9335856491
0.113888888889	2.9342103057
0.116666666667	2.9348356304
0.119444444444	2.9354614758
0.122222222222	2.9360879711
0.125	2.9367150011
0.127777777778	2.9373426666
0.130555555556	2.9379708773
0.133333333333	2.9385997122
0.136111111111	2.9392291002
0.138888888889	2.9398591032
0.141666666667	2.9404896652
0.144444444444	2.9411208349
0.147222222222	2.9417525680
0.15	2.9423849026
0.152777777778	2.9430178038
0.155555555556	2.9436513016
0.158333333333	2.9442853682
0.161111111111	2.9449200271
0.163888888889	2.9455552563
0.166666666667	2.9461910743
0.169444444444	2.9468274634
0.172222222222	2.9474644384
0.175	2.9481019848
0.177777777778	2.9487401144
0.180555555556	2.9493788155
0.183333333333	2.9500180974
0.186111111111	2.9506579507
0.188888888889	2.9512983825
0.191666666667	2.9519393853
0.194444444444	2.9525809647
0.197222222222	2.9532231145
0.2	2.9538658390
0.202777777778	2.9545091332
0.205555555556	2.9551530004
0.208333333333	2.9557974364
0.211111111111	2.9564424437
0.213888888889	2.9570880189
0.216666666667	2.9577341639
0.219444444444	2.9583808757
0.222222222222	2.9590281558
0.225	2.9596760016
0.227777777778	2.9603244142
0.230555555556	2.9609733915
0.233333333333	2.9616229341
0.236111111111	2.9622730402
0.238888888889	2.9629237102
0.241666666667	2.9635749424
0.244444444444	2.9642267372
0.247222222222	2.9648790930
0.25	2.9655320100
0.252777777778	2.9661854868
0.255555555556	2.9668395233
0.258333333333	2.9674941184
0.261111111111	2.9681492718
0.263888888889	2.9688049825
0.266666666667	2.9694612502
0.269444444444	2.9701180740
0.272222222222	2.9707754533
0.275	2.9714333874
0.277777777778	2.9720918757
0.280555555556	2.9727509174
0.283333333333	2.9734105121
0.286111111111	2.9740706588
0.288888888889	2.9747313571
0.291666666667	2.9753926062
0.294444444444	2.9760544055
0.297222222222	2.9767167542
0.3	2.9773796518
0.302777777778	2.9780430974
0.305555555556	2.9787070906
0.308333333333	2.9793716306
0.311111111111	2.9800367167
0.313888888889	2.9807023482
0.316666666667	2.9813685246
0.319444444444	2.9820352450
0.322222222222	2.9827025089
0.325	2.9833703155
0.327777777778	2.9840386642
0.330555555556	2.9847075543
0.333333333333	2.9853769852
0.336111111111	2.9860469561
0.338888888889	2.9867174664
0.341666666667	2.9873885154
0.344444444444	2.9880601024
0.347222222222	2.9887322268
0.35	2.9894048878
0.352777777778	2.9900780848
0.355555555556	2.9907518172
0.358333333333	2.9914260842
0.361111111111	2.9921008851
0.363888888889	2.9927762193
0.366666666667	2.9934520862
0.369444444444	2.9941284849
0.372222222222	2.9948054149
0.375	2.9954828755
0.377777777778	2.9961608660
0.380555555556	2.9968393857
0.383333333333	2.9975184339
0.386111111111	2.9981980099
0.388888888889	2.9988781132
0.391666666667	2.9995587429
0.394444444444	3.0002398985
0.397222222222	3.0009215792
0.4	3.0016037844
0.402777777778	3.0022865133
0.405555555556	3.0029697654
0.408333333333	3.0036535398
0.411111111111	3.0043378361
0.413888888889	3.0050226533
0.416666666667	3.0057079910
0.419444444444	3.0063938484
0.422222222222	3.0070802249
0.425	3.0077671196
0.427777777778	3.0084545321
0.430555555556	3.0091424616
0.433333333333	3.0098309074
0.436111111111	3.0105198688
0.438888888889	3.0112093452
0.441666666667	3.0118993359
0.444444444444	3.0125898402
0.447222222222	3.0132808575
0.45	3.0139723870
0.452777777778	3.0146644281
0.455555555556	3.0153569801
0.458333333333	3.0160500423
0.461111111111	3.0167436142
0.463888888889	3.0174376948
0.466666666667	3.0181322837
0.469444444444	3.0188273802
0.472222222222	3.0195229835
0.475	3.0202190929
0.477777777778	3.0209157079
0.480555555556	3.0216128277
0.483333333333	3.0223104517
0.486111111111	3.0230085792
0.488888888889	3.0237072095
0.491666666667	3.0244063419
0.494444444444	3.0251059758
0.497222222222	3.0258061105
0.5	3.0265067453
0.502777777778	3.0272078796
0.505555555556	3.0279095127
0.508333333333	3.0286116439
0.511111111111	3.0293142725
0.513888888889	3.0300173979
0.516666666667	3.0307210194
0.519444444444	3.0314251364
0.522222222222	3.0321297481
0.525	3.0328348539
0.527777777778	3.0335404532
0.530555555556	3.0342465452
0.533333333333	3.0349531293
0.536111111111	3.0356602048
0.538888888889	3.0363677711
0.541666666667	3.0370758275
0.544444444444	3.0377843733
0.547222222222	3.0384934079
0.55	3.0392029305
0.552777777778	3.0399129407
0.555555555556	3.0406234375
0.558333333333	3.0413344205
0.561111111111	3.0420458889
0.563888888889	3.0427578422
0.566666666667	3.0434702795
0.569444444444	3.0441832003
0.572222222222	3.0448966038
0.575	3.0456104895
0.577777777778	3.0463248567
0.580555555556	3.0470397047
0.583333333333	3.0477550329
0.586111111111	3.0484708405
0.588888888889	3.0491871270
0.591666666667	3.0499038916
0.594444444444	3.0506211338
0.597222222222	3.0513388528
0.6	3.0520570480
0.602777777778	3.0527757188
0.605555555556	3.0534948644
0.608333333333	3.0542144843
0.611111111111	3.0549345778
0.613888888889	3.0556551442
0.616666666667	3.0563761829
0.619444444444	3.0570976932
0.622222222222	3.0578196745
0.625	3.0585421260
0.627777777778	3.0592650473
0.630555555556	3.0599884375
0.633333333333	3.0607122962
0.636111111111	3.0614366225
0.638888888889	3.0621614159
0.641666666667	3.0628866756
0.644444444444	3.0636124012
0.647222222222	3.0643385919
0.65	3.0650652470
0.652777777778	3.0657923660
0.655555555556	3.0665199481
0.658333333333	3.0672479927
0.661111111111	3.0679764993
0.663888888889	3.0687054671
0.666666666667	3.0694348954
0.669444444444	3.0701647837
0.672222222222	3.0708951313
0.675	3.0716259376
0.677777777778	3.0723572019
0.680555555556	3.0730889236
0.683333333333	3.0738211020
0.686111111111	3.0745537366
0.688888888889	3.0752868265
0.691666666667	3.0760203713
0.694444444444	3.0767543703
0.697222222222	3.0774888229
0.7	3.0782237283
0.702777777778	3.0789590860
0.705555555556	3.0796948953
0.708333333333	3.0804311556
0.711111111111	3.0811678663
0.713888888889	3.0819050268
0.716666666667	3.0826426363
0.719444444444	3.0833806943
0.722222222222	3.0841192001
0.725	3.0848581531
0.727777777778	3.0855975526
0.730555555556	3.0863373981
0.733333333333	3.0870776889
0.736111111111	3.0878184244
0.738888888889	3.0885596040
0.741666666667	3.0893012269
0.744444444444	3.0900432927
0.747222222222	3.0907858006
0.75	3.0915287500
0.752777777778	3.0922721403
0.755555555556	3.0930159710
0.758333333333	3.0937602413
0.761111111111	3.0945049506
0.763888888889	3.0952500984
0.766666666667	3.0959956839
0.769444444444	3.0967417066
0.772222222222	3.0974881659
0.775	3.0982350611
0.777777777778	3.0989823916
0.780555555556	3.0997301568
0.783333333333	3.1004783561
0.786111111111	3.1012269888
0.788888888889	3.1019760544
0.791666666667	3.1027255521
0.794444444444	3.1034754815
0.797222222222	3.1042258419
0.8	3.1049766326
0.802777777778	3.1057278531
0.805555555556	3.1064795027
0.808333333333	3.1072315809
0.811111111111	3.1079840870
0.813888888889	3.1087370204
0.816666666667	3.1094903805
0.819444444444	3.1102441667
0.822222222222	3.1109983784
0.825	3.1117530149
0.827777777778	3.1125080757
0.830555555556	3.1132635602
0.833333333333	3.1140194677
0.836111111111	3.1147757976
0.838888888889	3.1155325494
0.841666666667	3.1162897224
0.844444444444	3.1170473161
0.847222222222	3.1178053298
0.85	3.1185637629
0.852777777778	3.1193226148
0.855555555556	3.1200818849
0.858333333333	3.1208415727
0.861111111111	3.1216016774
0.863888888889	3.1223621986
0.866666666667	3.1231231356
0.869444444444	3.1238844879
0.872222222222	3.1246462548
0.875	3.1254084357
0.877777777778	3.1261710300
0.880555555556	3.1269340372
0.883333333333	3.1276974566
0.886111111111	3.1284612877
0.888888888889	3.1292255298
0.891666666667	3.1299901824
0.894444444444	3.1307552449
0.897222222222	3.1315207166
0.9	3.1322865971
0.902777777778	3.1330528856
0.905555555556	3.1338195817
0.908333333333	3.1345866847
0.911111111111	3.1353541941
0.913888888889	3.1361221092
0.916666666667	3.1368904295
0.919444444444	3.1376591544
0.922222222222	3.1384282832
0.925	3.1391978155
0.927777777778	3.1399677506
0.930555555556	3.1407380880
0.933333333333	3.1415088271
0.936111111111	3.1422799672
0.938888888889	3.1430515078
0.941666666667	3.1438234484
0.944444444444	3.1445957884
0.947222222222	3.1453685271
0.95	3.1461416640
0.952777777778	3.1469151985
0.955555555556	3.1476891301
0.958333333333	3.1484634582
0.961111111111	3.1492381821
0.963888888889	3.1500133014
0.966666666667	3.1507888154
0.969444444444	3.1515647236
0.972222222222	3.1523410254
0.975	3.1531177203
0.977777777778	3.1538948076
0.980555555556	3.1546722868
0.983333333333	3.1554501574
0.986111111111	3.1562284187
0.988888888889	3.1570070703
0.991666666667	3.1577861114
0.994444444444	3.1585655416
0.997222222222	3.1593453603
1.0	3.1601255670
1.00277777778	3.1609061610
1.00555555556	3.1616871419
1.00833333333	3.1624685090
1.01111111111	3.1632502618
1.01388888889	3.1640323997
1.01666666667	3.1648149222
1.01944444444	3.1655978287
1.02222222222	3.1663811187
1.025	3.1671647915
1.02777777778	3.1679488467
1.03055555556	3.1687332837
1.03333333333	3.1695181020
1.03611111111	3.1703033009
1.03888888889	3.1710888799
1.04166666667	3.1718748385
1.04444444444	3.1726611761
1.04722222222	3.1734478922
1.05	3.1742349862
1.05277777778	3.1750224576
1.05555555556	3.1758103058
1.05833333333	3.1765985303
1.06111111111	3.1773871305
1.06388888889	3.1781761059
1.06666666667	3.1789654559
1.06944444444	3.1797551800
1.07222222222	3.1805452777
1.075	3.1813357483
1.07777777778	3.1821265914
1.08055555556	3.1829178065
1.08333333333	3.1837093929
1.08611111111	3.1845013501
1.08888888889	3.1852936777
1.09166666667	3.1860863750
1.09444444444	3.1868794415
1.09722222222	3.1876728767
1.1	3.1884666801
1.10277777778	3.1892608510
1.10555555556	3.1900553891
1.10833333333	3.1908502937
1.11111111111	3.1916455643
1.11388888889	3.1924412003
1.11666666667	3.1932372013
1.11944444444	3.1940335668
1.12222222222	3.1948302961
1.125	3.1956273888
1.12777777778	3.1964248443
1.13055555556	3.1972226620
1.13333333333	3.1980208416
1.13611111111	3.1988193824
1.13888888889	3.1996182839
1.14166666667	3.2004175457
1.14444444444	3.2012171670
1.14722222222	3.2020171476
1.15	3.2028174867
1.15277777778	3.2036181840
1.15555555556	3.2044192388
1.15833333333	3.2052206508
1.16111111111	3.2060224192
1.16388888889	3.2068245437
1.16666666667	3.2076270236
1.16944444444	3.2084298586
1.17222222222	3.2092330480
1.175	3.2100365914
1.17777777778	3.2108404883
1.18055555556	3.2116447380
1.18333333333	3.2124493402
1.18611111111	3.2132542943
1.18888888889	3.2140595998
1.19166666667	3.2148652561
1.19444444444	3.2156712629
1.19722222222	3.2164776195
1.2	3.2172843254
1.20277777778	3.2180913802
1.20555555556	3.2188987833
1.20833333333	3.2197065343
1.21111111111	3.2205146326
1.21388888889	3.2213230777
1.21666666667	3.2221318692
1.21944444444	3.2229410064
1.22222222222	3.2237504890
1.225	3.2245603164
1.22777777778	3.2253704881
1.23055555556	3.2261810036
1.23333333333	3.2269918624
1.23611111111	3.2278030641
1.23888888889	3.2286146081
1.24166666667	3.2294264939
1.24444444444	3.2302387210
1.24722222222	3.2310512889
1.25	3.2318641972
1.25277777778	3.2326774454
1.25555555556	3.2334910329
1.25833333333	3.2343049592
1.26111111111	3.2351192240
1.26388888889	3.2359338266
1.26666666667	3.2367487666
1.26944444444	3.2375640435
1.27222222222	3.2383796568
1.275	3.2391956061
1.27777777778	3.2400118908
1.28055555556	3.2408285104
1.28333333333	3.2416454646
1.28611111111	3.2424627527
1.28888888889	3.2432803743
1.29166666667	3.2440983289
1.29444444444	3.2449166161
1.29722222222	3.2457352354
1.3	3.2465541862
1.30277777778	3.2473734682
1.30555555556	3.2481930807
1.30833333333	3.2490130235
1.31111111111	3.2498332958
1.31388888889	3.2506538974
1.31666666667	3.2514748277
1.31944444444	3.2522960863
1.32222222222	3.2531176726
1.325	3.2539395863
1.32777777778	3.2547618267
1.33055555556	3.2555843935
1.33333333333	3.2564072863
1.33611111111	3.2572305044
1.33888888889	3.2580540475
1.34166666667	3.2588779151
1.34444444444	3.2597021066
1.34722222222	3.2605266218
1.35	3.2613514600
1.35277777778	3.2621766209
1.35555555556	3.2630021039
1.35833333333	3.2638279086
1.36111111111	3.2646540345
1.36388888889	3.2654804812
1.36666666667	3.2663072483
1.36944444444	3.2671343351
1.37222222222	3.2679617414
1.375	3.2687894666
1.37777777778	3.2696175103
1.38055555556	3.2704458720
1.38333333333	3.2712745513
1.38611111111	3.2721035477
1.38888888889	3.2729328607
1.39166666667	3.2737624900
1.39444444444	3.2745924350
1.39722222222	3.2754226953
1.4	3.2762532705
1.40277777778	3.2770841600
1.40555555556	3.2779153636
1.40833333333	3.2787468806
1.41111111111	3.2795787107
1.41388888889	3.2804108534
1.41666666667	3.2812433082
1.41944444444	3.2820760748
1.42222222222	3.2829091527
1.425	3.2837425414
1.42777777778	3.2845762405
1.43055555556	3.2854102495
1.43333333333	3.2862445680
1.43611111111	3.2870791956
1.43888888889	3.2879141319
1.44166666667	3.2887493763
1.44444444444	3.2895849285
1.44722222222	3.2904207880
1.45	3.2912569544
1.45277777778	3.2920934272
1.45555555556	3.2929302060
1.45833333333	3.2937672904
1.46111111111	3.2946046800
1.46388888889	3.2954423743
1.46666666667	3.2962803728
1.46944444444	3.2971186752
1.47222222222	3.2979572810
1.475	3.2987961899
1.47777777778	3.2996354012
1.48055555556	3.3004749148
1.48333333333	3.3013147300
1.48611111111	3.3021548465
1.48888888889	3.3029952639
1.49166666667	3.3038359818
1.49444444444	3.3046769996
1.49722222222	3.3055183171
1.5	3.3063599337
1.50277777778	3.3072018490
1.50555555556	3.3080440627
1.50833333333	3.3088865744
1.51111111111	3.3097293835
1.51388888889	3.3105724897
1.51666666667	3.3114158925
1.51944444444	3.3122595916
1.52222222222	3.3131035866
1.525	3.3139478769
1.52777777778	3.3147924623
1.53055555556	3.3156373423
1.53333333333	3.3164825164
1.53611111111	3.3173279844
1.53888888889	3.3181737456
1.54166666667	3.3190197999
1.54444444444	3.3198661467
1.54722222222	3.3207127856
1.55	3.3215597162
1.55277777778	3.3224069382
1.55555555556	3.3232544511
1.55833333333	3.3241022546
1.56111111111	3.3249503481
1.56388888889	3.3257987314
1.56666666667	3.3266474039
1.56944444444	3.3274963654
1.57222222222	3.3283456154
1.575	3.3291951535
1.57777777778	3.3300449793
1.58055555556	3.3308950925
1.58333333333	3.3317454925
1.58611111111	3.3325961791
1.58888888889	3.3334471518
1.59166666667	3.3342984103
1.59444444444	3.3351499541
1.59722222222	3.3360017828
1.6	3.3368538961
1.60277777778	3.3377062936
1.60555555556	3.3385589748
1.60833333333	3.3394119395
1.61111111111	3.3402651871
1.61388888889	3.3411187174
1.61666666667	3.3419725299
1.61944444444	3.3428266242
1.62222222222	3.3436810000
1.625	3.3445356568
1.62777777778	3.3453905944
1.63055555556	3.3462458122
1.63333333333	3.3471013100
1.63611111111	3.3479570873
1.63888888889	3.3488131438
1.64166666667	3.3496694791
1.64444444444	3.3505260928
1.64722222222	3.3513829845
1.65	3.3522401539
1.65277777778	3.3530976005
1.65555555556	3.3539553241
1.65833333333	3.3548133242
1.66111111111	3.3556716004
1.66388888889	3.3565301524
1.66666666667	3.3573889799
1.66944444444	3.3582480824
1.67222222222	3.3591074595
1.675	3.3599671110
1.67777777778	3.3608270364
1.68055555556	3.3616872353
1.68333333333	3.3625477075
1.68611111111	3.3634084525
1.68888888889	3.3642694699
1.69166666667	3.3651307595
1.69444444444	3.3659923208
1.69722222222	3.3668541535
1.7	3.3677162572
1.70277777778	3.3685786316
1.70555555556	3.3694412763
1.70833333333	3.3703041909
1.71111111111	3.3711673751
1.71388888889	3.3720308285
1.71666666667	3.3728945508
1.71944444444	3.3737585416
1.72222222222	3.3746228005
1.725	3.3754873273
1.72777777778	3.3763521215
1.73055555556	3.3772171828
1.73333333333	3.3780825108
1.73611111111	3.3789481053
1.73888888889	3.3798139658
1.74166666667	3.3806800919
1.74444444444	3.3815464835
1.74722222222	3.3824131400
1.75	3.3832800612
1.75277777778	3.3841472467
1.75555555556	3.3850146962
1.75833333333	3.3858824093
1.76111111111	3.3867503856
1.76388888889	3.3876186249
1.76666666667	3.3884871268
1.76944444444	3.3893558910
1.77222222222	3.3902249171
1.775	3.3910942047
1.77777777778	3.3919637536
1.78055555556	3.3928335633
1.78333333333	3.3937036337
1.78611111111	3.3945739643
1.78888888889	3.3954445547
1.79166666667	3.3963154047
1.79444444444	3.3971865140
1.79722222222	3.3980578821
1.8	3.3989295089
1.80277777778	3.3998013938
1.80555555556	3.4006735366
1.80833333333	3.4015459371
1.81111111111	3.4024185947
1.81388888889	3.4032915093
1.81666666667	3.4041646805
1.81944444444	3.4050381080
1.82222222222	3.4059117914
1.825	3.4067857304
1.82777777778	3.4076599247
1.83055555556	3.4085343740
1.83333333333	3.4094090779
1.83611111111	3.4102840362
1.83888888889	3.4111592485
1.84166666667	3.4120347145
1.84444444444	3.4129104339
1.84722222222	3.4137864063
1.85	3.4146626315
1.85277777778	3.4155391091
1.85555555556	3.4164158389
1.85833333333	3.4172928204
1.86111111111	3.4181700535
1.86388888889	3.4190475377
1.86666666667	3.4199252727
1.86944444444	3.4208032584
1.87222222222	3.4216814943
1.875	3.4225599801
1.87777777778	3.4234387156
1.88055555556	3.4243177004
1.88333333333	3.4251969342
1.88611111111	3.4260764167
1.88888888889	3.4269561477
1.89166666667	3.4278361267
1.89444444444	3.4287163536
1.89722222222	3.4295968280
1.9	3.4304775496
1.90277777778	3.4313585181
1.90555555556	3.4322397332
1.90833333333	3.4331211946
1.91111111111	3.4340029020
1.91388888889	3.4348848551
1.91666666667	3.4357670537
1.91944444444	3.4366494974
1.92222222222	3.4375321859
1.925	3.4384151189
1.92777777778	3.4392982962
1.93055555556	3.4401817175
1.93333333333	3.4410653824
1.93611111111	3.4419492908
1.93888888889	3.4428334422
1.94166666667	3.4437178364
1.94444444444	3.4446024731
1.94722222222	3.4454873520
1.95	3.4463724729
1.95277777778	3.4472578355
1.95555555556	3.4481434394
1.95833333333	3.4490292844
1.96111111111	3.4499153702
1.96388888889	3.4508016966
1.96666666667	3.4516882632
1.96944444444	3.4525750698
1.97222222222	3.4534621161
1.975	3.4543494018
1.97777777778	3.4552369267
1.98055555556	3.4561246904
1.98333333333	3.4570126927
1.98611111111	3.4579009334
1.98888888889	3.4587894120
1.99166666667	3.4596781285
1.99444444444	3.4605670824
1.99722222222	3.4614562736
2.0	3.4623457018
2.00277777778	3.4632353666
2.00555555556	3.4641252679
2.00833333333	3.4650154053
2.01111111111	3.4659057787
2.01388888889	3.4667963876
2.01666666667	3.4676872320
2.01944444444	3.4685783114
2.02222222222	3.4694696257
2.025	3.4703611745
2.02777777778	3.4712529577
2.03055555556	3.4721449749
2.03333333333	3.4730372259
2.03611111111	3.4739297105
2.03888888889	3.4748224284
2.04166666667	3.4757153793
2.04444444444	3.4766085629
2.04722222222	3.4775019791
2.05	3.4783956276
2.05277777778	3.4792895080
2.05555555556	3.4801836202
2.05833333333	3.4810779640
2.06111111111	3.4819725390
2.06388888889	3.4828673450
2.06666666667	3.4837623818
2.06944444444	3.4846576491
2.07222222222	3.4855531466
2.075	3.4864488742
2.07777777778	3.4873448316
2.08055555556	3.4882410185
2.08333333333	3.4891374347
2.08611111111	3.4900340800
2.08888888889	3.4909309541
2.09166666667	3.4918280567
2.09444444444	3.4927253877
2.09722222222	3.4936229468
2.1	3.4945207337
2.10277777778	3.4954187483
2.10555555556	3.4963169902
2.10833333333	3.4972154593
2.11111111111	3.4981141553
2.11388888889	3.4990130780
2.11666666667	3.4999122271
2.11944444444	3.5008116025
2.12222222222	3.5017112039
2.125	3.5026110310
2.12777777778	3.5035110836
2.13055555556	3.5044113616
2.13333333333	3.5053118646
2.13611111111	3.5062125925
2.13888888889	3.5071135450
2.14166666667	3.5080147220
2.14444444444	3.5089161231
2.14722222222	3.5098177481
2.15	3.5107195970
2.15277777778	3.5116216693
2.15555555556	3.5125239649
2.15833333333	3.5134264836
2.16111111111	3.5143292252
2.16388888889	3.5152321894
2.16666666667	3.5161353761
2.16944444444	3.5170387849
2.17222222222	3.5179424158
2.175	3.5188462685
2.17777777778	3.5197503427
2.18055555556	3.5206546383
2.18333333333	3.5215591551
2.18611111111	3.5224638928
2.18888888889	3.5233688513
2.19166666667	3.5242740303
2.19444444444	3.5251794296
2.19722222222	3.5260850491
2.2	3.5269908884
2.20277777778	3.5278969475
2.20555555556	3.5288032261
2.20833333333	3.5297097240
2.21111111111	3.5306164410
2.21388888889	3.5315233769
2.21666666667	3.5324305315
2.21944444444	3.5333379047
2.22222222222	3.5342454961
2.225	3.5351533057
2.22777777778	3.5360613332
2.23055555556	3.5369695784
2.23333333333	3.5378780412
2.23611111111	3.5387867213
2.23888888889	3.5396956185
2.24166666667	3.5406047327
2.24444444444	3.5415140637
2.24722222222	3.5424236113
2.25	3.5433333752
2.25277777778	3.5442433554
2.25555555556	3.5451535516
2.25833333333	3.5460639637
2.26111111111	3.5469745913
2.26388888889	3.5478854345
2.26666666667	3.5487964930
2.26944444444	3.5497077665
2.27222222222	3.5506192550
2.275	3.5515309583
2.27777777778	3.5524428761
2.28055555556	3.5533550083
2.28333333333	3.5542673547
2.28611111111	3.5551799152
2.28888888889	3.5560926895
2.29166666667	3.5570056775
2.29444444444	3.5579188791
2.29722222222	3.5588322940
2.3	3.5597459221
2.30277777778	3.5606597632
2.30555555556	3.5615738171
2.30833333333	3.5624880838
2.31111111111	3.5634025629
2.31388888889	3.5643172544
2.31666666667	3.5652321580
2.31944444444	3.5661472737
2.32222222222	3.5670626012
2.325	3.5679781404
2.32777777778	3.5688938912
2.33055555556	3.5698098533
2.33333333333	3.5707260266
2.33611111111	3.5716424110
2.33888888889	3.5725590062
2.34166666667	3.5734758123
2.34444444444	3.5743928289
2.34722222222	3.5753100559
2.35	3.5762274932
2.35277777778	3.5771451407
2.35555555556	3.5780629981
2.35833333333	3.5789810653
2.36111111111	3.5798993423
2.36388888889	3.5808178287
2.36666666667	3.5817365246
2.36944444444	3.5826554297
2.37222222222	3.5835745438
2.375	3.5844938670
2.37777777778	3.5854133989
2.38055555556	3.5863331395
2.38333333333	3.5872530886
2.38611111111	3.5881732461
2.38888888889	3.5890936119
2.39166666667	3.5900141857
2.39444444444	3.5909349675
2.39722222222	3.5918559572
2.4	3.5927771546
2.40277777778	3.5936985595
2.40555555556	3.5946201719
2.40833333333	3.5955419915
2.41111111111	3.5964640184
2.41388888889	3.5973862522
2.41666666667	3.5983086930
2.41944444444	3.5992313406
2.42222222222	3.6001541948
2.425	3.6010772556
2.42777777778	3.6020005228
2.43055555556	3.6029239962
2.43333333333	3.6038476758
2.43611111111	3.6047715615
2.43888888889	3.6056956531
2.44166666667	3.6066199505
2.44444444444	3.6075444536
2.44722222222	3.6084691622
2.45	3.6093940763
2.45277777778	3.6103191957
2.45555555556	3.6112445203
2.45833333333	3.6121700501
2.46111111111	3.6130957848
2.46388888889	3.6140217244
2.46666666667	3.6149478688
2.46944444444	3.6158742179
2.47222222222	3.6168007715
2.475	3.6177275296
2.47777777778	3.6186544920
2.48055555556	3.6195816587
2.48333333333	3.6205090295
2.48611111111	3.6214366043
2.48888888889	3.6223643831
2.49166666667	3.6232923657
2.49444444444	3.6242205520
2.49722222222	3.6251489420
2.5	3.6260775355
2.50277777778	3.6270063325
2.50555555556	3.6279353328
2.50833333333	3.6288645363
2.51111111111	3.6297939430
2.51388888889	3.6307235528
2.51666666667	3.6316533656
2.51944444444	3.6325833813
2.52222222222	3.6335135997
2.525	3.6344440209
2.52777777778	3.6353746447
2.53055555556	3.6363054710
2.53333333333	3.6372364998
2.53611111111	3.6381677310
2.53888888889	3.6390991645
2.54166666667	3.6400308002
2.54444444444	3.6409626380
2.54722222222	3.6418946779
2.55	3.6428269198
2.55277777778	3.6437593635
2.55555555556	3.6446920091
2.55833333333	3.6456248565
2.56111111111	3.6465579055
2.56388888889	3.6474911561
2.56666666667	3.6484246083
2.56944444444	3.6493582619
2.57222222222	3.6502921170
2.575	3.6512261734
2.57777777778	3.6521604310
2.58055555556	3.6530948899
2.58333333333	3.6540295499
2.58611111111	3.6549644109
2.58888888889	3.6558994730
2.59166666667	3.6568347361
2.59444444444	3.6577702000
2.59722222222	3.6587058648
2.6	3.6596417304
2.60277777778	3.6605777967
2.60555555556	3.6615140636
2.60833333333	3.6624505312
2.61111111111	3.6633871994
2.61388888889	3.6643240681
2.61666666667	3.6652611372
2.61944444444	3.6661984068
2.62222222222	3.6671358767
2.625	3.6680735469
2.62777777778	3.6690114175
2.63055555556	3.6699494883
2.63333333333	3.6708877592
2.63611111111	3.6718262304
2.63888888889	3.6727649016
2.64166666667	3.6737037729
2.64444444444	3.6746428442
2.64722222222	3.6755821156
2.65	3.6765215869
2.65277777778	3.6774612581
2.65555555556	3.6784011293
2.65833333333	3.6793412003
2.66111111111	3.6802814711
2.66388888889	3.6812219418
2.66666666667	3.6821626122
2.66944444444	3.6831034824
2.67222222222	3.6840445523
2.675	3.6849858219
2.67777777778	3.6859272912
2.68055555556	3.6868689601
2.68333333333	3.6878108287
2.68611111111	3.6887528969
2.68888888889	3.6896951647
2.69166666667	3.6906376321
2.69444444444	3.6915802991
2.69722222222	3.6925231656
2.7	3.6934662316
2.70277777778	3.6944094972
2.70555555556	3.6953529623
2.70833333333	3.6962966269
2.71111111111	3.6972404910
2.71388888889	3.6981845546
2.71666666667	3.6991288177
2.71944444444	3.7000732803
2.72222222222	3.7010179424
2.725	3.7019628039
2.72777777778	3.7029078650
2.73055555556	3.7038531255
2.73333333333	3.7047985855
2.73611111111	3.7057442450
2.73888888889	3.7066901040
2.74166666667	3.7076361625
2.74444444444	3.7085824205
2.74722222222	3.7095288780
2.75	3.7104755351
2.75277777778	3.7114223917
2.75555555556	3.7123694479
2.75833333333	3.7133167036
2.76111111111	3.7142641589
2.76388888889	3.7152118138
2.76666666667	3.7161596684
2.76944444444	3.7171077226
2.77222222222	3.7180559764
2.775	3.7190044300
2.77777777778	3.7199530832
2.78055555556	3.7209019362
2.78333333333	3.7218509889
2.78611111111	3.7228002415
2.78888888889	3.7237496938
2.79166666667	3.7246993461
2.79444444444	3.7256491982
2.79722222222	3.7265992502
2.8	3.7275495022
2.80277777778	3.7284999541
2.80555555556	3.7294506061
2.80833333333	3.7304014582
2.81111111111	3.7313525104
2.81388888889	3.7323037627
2.81666666667	3.7332552152
2.81944444444	3.7342068680
2.82222222222	3.7351587211
2.825	3.7361107745
2.82777777778	3.7370630282
2.83055555556	3.7380154825
2.83333333333	3.7389681372
2.83611111111	3.7399209924
2.83888888889	3.7408740483
2.84166666667	3.7418273048
2.84444444444	3.7427807620
2.84722222222	3.7437344200
2.85	3.7446882789
2.85277777778	3.7456423386
2.85555555556	3.7465965993
2.85833333333	3.7475510611
2.86111111111	3.7485057239
2.86388888889	3.7494605879
2.86666666667	3.7504156531
2.86944444444	3.7513709197
2.87222222222	3.7523263876
2.875	3.7532820570
2.87777777778	3.7542379280
2.88055555556	3.7551940005
2.88333333333	3.7561502747
2.88611111111	3.7571067508
2.88888888889	3.7580634286
2.89166666667	3.7590203085
2.89444444444	3.7599773903
2.89722222222	3.7609346743
2.9	3.7618921604
2.90277777778	3.7628498489
2.90555555556	3.7638077397
2.90833333333	3.7647658331
2.91111111111	3.7657241290
2.91388888889	3.7666826276
2.91666666667	3.7676413290
2.91944444444	3.7686002332
2.92222222222	3.7695593404
2.925	3.7705186507
2.92777777778	3.7714781642
2.93055555556	3.7724378810
2.93333333333	3.7733978012
2.93611111111	3.7743579249
2.93888888889	3.7753182522
2.94166666667	3.7762787833
2.94444444444	3.7772395182
2.94722222222	3.7782004572
2.95	3.7791616001
2.95277777778	3.7801229474
2.95555555556	3.7810844989
2.95833333333	3.7820462549
2.96111111111	3.7830082155
2.96388888889	3.7839703808
2.96666666667	3.7849327509
2.96944444444	3.7858953260
2.97222222222	3.7868581063
2.975	3.7878210917
2.97777777778	3.7887842826
2.98055555556	3.7897476789
2.98333333333	3.7907112809
2.98611111111	3.7916750887
2.98888888889	3.7926391025
2.99166666667	3.7936033223
2.99444444444	3.7945677483
2.99722222222	3.7955323808
3.0	3.7964972197
3.00277777778	3.7974622654
3.00555555556	3.7984275179
3.00833333333	3.7993929774
3.01111111111	3.8003586440
3.01388888889	3.8013245180
3.01666666667	3.8022905994
3.01944444444	3.8032568885
3.02222222222	3.8042233853
3.025	3.8051900902
3.02777777778	3.8061570032
3.03055555556	3.8071241245
3.03333333333	3.8080914542
3.03611111111	3.8090589927
3.03888888889	3.8100267400
3.04166666667	3.8109946963
3.04444444444	3.8119628618
3.04722222222	3.8129312366
3.05	3.8138998211
3.05277777778	3.8148686153
3.05555555556	3.8158376194
3.05833333333	3.8168068337
3.06111111111	3.8177762583
3.06388888889	3.8187458934
3.06666666667	3.8197157392
3.06944444444	3.8206857959
3.07222222222	3.8216560638
3.075	3.8226265430
3.07777777778	3.8235972337
3.08055555556	3.8245681361
3.08333333333	3.8255392505
3.08611111111	3.8265105771
3.08888888889	3.8274821160
3.09166666667	3.8284538674
3.09444444444	3.8294258317
3.09722222222	3.8303980090
3.1	3.8313703996
3.10277777778	3.8323430036
3.10555555556	3.8333158213
3.10833333333	3.8342888529
3.11111111111	3.8352620987
3.11388888889	3.8362355589
3.11666666667	3.8372092336
3.11944444444	3.8381831233
3.12222222222	3.8391572280
3.125	3.8401315481
3.12777777778	3.8411060837
3.13055555556	3.8420808352
3.13333333333	3.8430558027
3.13611111111	3.8440309866
3.13888888889	3.8450063871
3.14166666667	3.8459820044
3.14444444444	3.8469578388
3.14722222222	3.8479338905
3.15	3.8489101598
3.15277777778	3.8498866471
3.15555555556	3.8508633525
3.15833333333	3.8518402762
3.16111111111	3.8528174187
3.16388888889	3.8537947802
3.16666666667	3.8547723608
3.16944444444	3.8557501610
3.17222222222	3.8567281810
3.175	3.8577064211
3.17777777778	3.8586848815
3.18055555556	3.8596635626
3.18333333333	3.8606424647
3.18611111111	3.8616215880
3.18888888889	3.8626009328
3.19166666667	3.8635804994
3.19444444444	3.8645602882
3.19722222222	3.8655402995
3.2	3.8665205335
3.20277777778	3.8675009905
3.20555555556	3.8684816709
3.20833333333	3.8694625750
3.21111111111	3.8704437031
3.21388888889	3.8714250555
3.21666666667	3.8724066325
3.21944444444	3.8733884345
3.22222222222	3.8743704618
3.225	3.8753527147
3.22777777778	3.8763351936
3.23055555556	3.8773178987
3.23333333333	3.8783008305
3.23611111111	3.8792839893
3.23888888889	3.8802673753
3.24166666667	3.8812509891
3.24444444444	3.8822348308
3.24722222222	3.8832189009
3.25	3.8842031997
3.25277777778	3.8851877275
3.25555555556	3.8861724848
3.25833333333	3.8871574719
3.26111111111	3.8881426892
3.26388888889	3.8891281370
3.26666666667	3.8901138157
3.26944444444	3.8910997256
3.27222222222	3.8920858672
3.275	3.8930722409
3.27777777778	3.8940588469
3.28055555556	3.8950456858
3.28333333333	3.8960327579
3.28611111111	3.8970200635
3.28888888889	3.8980076032
3.29166666667	3.8989953772
3.29444444444	3.8999833860
3.29722222222	3.9009716300
3.3	3.9019601096
3.30277777778	3.9029488252
3.30555555556	3.9039377772
3.30833333333	3.9049269661
3.31111111111	3.9059163923
3.31388888889	3.9069060561
3.31666666667	3.9078959580
3.31944444444	3.9088860985
3.32222222222	3.9098764780
3.325	3.9108670968
3.32777777778	3.9118579556
3.33055555556	3.9128490546
3.33333333333	3.9138403944
3.33611111111	3.9148319754
3.33888888889	3.9158237980
3.34166666667	3.9168158628
3.34444444444	3.9178081701
3.34722222222	3.9188007205
3.35	3.9197935143
3.35277777778	3.9207865522
3.35555555556	3.9217798345
3.35833333333	3.9227733617
3.36111111111	3.9237671343
3.36388888889	3.9247611528
3.36666666667	3.9257554177
3.36944444444	3.9267499295
3.37222222222	3.9277446887
3.375	3.9287396957
3.37777777778	3.9297349511
3.38055555556	3.9307304555
3.38333333333	3.9317262092
3.38611111111	3.9327222128
3.38888888889	3.9337184668
3.39166666667	3.9347149718
3.39444444444	3.9357117283
3.39722222222	3.9367087368
3.4	3.9377059979
3.40277777778	3.9387035120
3.40555555556	3.9397012798
3.40833333333	3.9406993018
3.41111111111	3.9416975785
3.41388888889	3.9426961104
3.41666666667	3.9436948982
3.41944444444	3.9446939424
3.42222222222	3.9456932436
3.425	3.9466928023
3.42777777778	3.9476926192
3.43055555556	3.9486926947
3.43333333333	3.9496930295
3.43611111111	3.9506936242
3.43888888889	3.9516944793
3.44166666667	3.9526955955
3.44444444444	3.9536969734
3.44722222222	3.9546986135
3.45	3.9557005165
3.45277777778	3.9567026830
3.45555555556	3.9577051136
3.45833333333	3.9587078089
3.46111111111	3.9597107696
3.46388888889	3.9607139963
3.46666666667	3.9617174896
3.46944444444	3.9627212501
3.47222222222	3.9637252786
3.475	3.9647295757
3.47777777778	3.9657341420
3.48055555556	3.9667389782
3.48333333333	3.9677440849
3.48611111111	3.9687494628
3.48888888889	3.9697551127
3.49166666667	3.9707610351
3.49444444444	3.9717672308
3.49722222222	3.9727737004
3.5	3.9737804447
3.50277777778	3.9747874644
3.50555555556	3.9757947601
3.50833333333	3.9768023325
3.51111111111	3.9778101825
3.51388888889	3.9788183106
3.51666666667	3.9798267177
3.51944444444	3.9808354045
3.52222222222	3.9818443716
3.525	3.9828536199
3.52777777778	3.9838631501
3.53055555556	3.9848729629
3.53333333333	3.9858830591
3.53611111111	3.9868934395
3.53888888889	3.9879041049
3.54166666667	3.9889150559
3.54444444444	3.9899262935
3.54722222222	3.9909378183
3.55	3.9919496312
3.55277777778	3.9929617330
3.55555555556	3.9939741245
3.55833333333	3.9949868065
3.56111111111	3.9959997798
3.56388888889	3.9970130452
3.56666666667	3.9980266036
3.56944444444	3.9990404557
3.57222222222	4.0000546026
3.575	4.0010690449
3.57777777778	4.0020837835
3.58055555556	4.0030988194
3.58333333333	4.0041141533
3.58611111111	4.0051297862
3.58888888889	4.0061457189
3.59166666667	4.0071619523
3.59444444444	4.0081784873
3.59722222222	4.0091953248
3.6	4.0102124657
3.60277777778	4.0112299109
3.60555555556	4.0122476614
3.60833333333	4.0132657181
3.61111111111	4.0142840818
3.61388888889	4.0153027536
3.61666666667	4.0163217344
3.61944444444	4.0173410251
3.62222222222	4.0183606268
3.625	4.0193805403
3.62777777778	4.0204007667
3.63055555556	4.0214213069
3.63333333333	4.0224421620
3.63611111111	4.0234633328
3.63888888889	4.0244848206
3.64166666667	4.0255066262
3.64444444444	4.0265287506
3.64722222222	4.0275511950
3.65	4.0285739603
3.65277777778	4.0295970476
3.65555555556	4.0306204579
3.65833333333	4.0316441924
3.66111111111	4.0326682520
3.66388888889	4.0336926379
3.66666666667	4.0347173511
3.66944444444	4.0357423928
3.67222222222	4.0367677640
3.675	4.0377934658
3.67777777778	4.0388194994
3.68055555556	4.0398458660
3.68333333333	4.0408725666
3.68611111111	4.0418996023
3.68888888889	4.0429269744
3.69166666667	4.0439546841
3.69444444444	4.0449827324
3.69722222222	4.0460111206
3.7	4.0470398498
3.70277777778	4.0480689213
3.70555555556	4.0490983363
3.70833333333	4.0501280960
3.71111111111	4.0511582016
3.71388888889	4.0521886544
3.71666666667	4.0532194556
3.71944444444	4.0542506065
3.72222222222	4.0552821083
3.725	4.0563139624
3.72777777778	4.0573461700
3.73055555556	4.0583787324
3.73333333333	4.0594116510
3.73611111111	4.0604449270
3.73888888889	4.0614785618
3.74166666667	4.0625125568
3.74444444444	4.0635469132
3.74722222222	4.0645816325
3.75	4.0656167161
3.75277777778	4.0666521652
3.75555555556	4.0676879814
3.75833333333	4.0687241661
3.76111111111	4.0697607206
3.76388888889	4.0707976463
3.76666666667	4.0718349449
3.76944444444	4.0728726176
3.77222222222	4.0739106660
3.775	4.0749490915
3.77777777778	4.0759878957
3.78055555556	4.0770270801
3.78333333333	4.0780666461
3.78611111111	4.0791065953
3.78888888889	4.0801469293
3.79166666667	4.0811876496
3.79444444444	4.0822287578
3.79722222222	4.0832702554
3.8	4.0843121442
3.80277777778	4.0853544256
3.80555555556	4.0863971013
3.80833333333	4.0874401729
3.81111111111	4.0884836422
3.81388888889	4.0895275108
3.81666666667	4.0905717802
3.81944444444	4.0916164524
3.82222222222	4.0926615289
3.825	4.0937070115
3.82777777778	4.0947529019
3.83055555556	4.0957992020
3.83333333333	4.0968459134
3.83611111111	4.0978930379
3.83888888889	4.0989405774
3.84166666667	4.0999885337
3.84444444444	4.1010369086
3.84722222222	4.1020857040
3.85	4.1031349217
3.85277777778	4.1041845637
3.85555555556	4.1052346318
3.85833333333	4.1062851279
3.86111111111	4.1073360540
3.86388888889	4.1083874120
3.86666666667	4.1094392040
3.86944444444	4.1104914319
3.87222222222	4.1115440977
3.875	4.1125972035
3.87777777778	4.1136507512
3.88055555556	4.1147047430
3.88333333333	4.1157591809
3.88611111111	4.1168140671
3.88888888889	4.1178694037
3.89166666667	4.1189251928
3.89444444444	4.1199814365
3.89722222222	4.1210381372
3.9	4.1220952969
3.90277777778	4.1231529179
3.90555555556	4.1242110024
3.90833333333	4.1252695528
3.91111111111	4.1263285713
3.91388888889	4.1273880601
3.91666666667	4.1284480218
3.91944444444	4.1295084585
3.92222222222	4.1305693728
3.925	4.1316307669
3.92777777778	4.1326926434
3.93055555556	4.1337550046
3.93333333333	4.1348178531
3.93611111111	4.1358811914
3.93888888889	4.1369450219
3.94166666667	4.1380093473
3.94444444444	4.1390741701
3.94722222222	4.1401394929
3.95	4.1412053183
3.95277777778	4.1422716490
3.95555555556	4.1433384878
3.95833333333	4.1444058372
3.96111111111	4.1454737000
3.96388888889	4.1465420790
3.96666666667	4.1476109770
3.96944444444	4.1486803969
3.97222222222	4.1497503414
3.975	4.1508208135
3.97777777778	4.1518918160
3.98055555556	4.1529633520
3.98333333333	4.1540354243
3.98611111111	4.1551080361
3.98888888889	4.1561811902
3.99166666667	4.1572548900
3.99444444444	4.1583291383
3.99722222222	4.1594039384
4.0	4.1604792934
4.00277777778	4.1615552066
4.00555555556	4.1626316812
4.00833333333	4.1637087205
4.01111111111	4.1647863278
4.01388888889	4.1658645064
4.01666666667	4.1669432598
4.01944444444	4.1680225914
4.02222222222	4.1691025046
4.025	4.1701830030
4.02777777778	4.1712640901
4.03055555556	4.1723457695
4.03333333333	4.1734280449
4.03611111111	4.1745109198
4.03888888889	4.1755943981
4.04166666667	4.1766784835
4.04444444444	4.1777631798
4.04722222222	4.1788484909
4.05	4.1799344206
4.05277777778	4.1810209729
4.05555555556	4.1821081518
4.05833333333	4.1831959614
4.06111111111	4.1842844056
4.06388888889	4.1853734888
4.06666666667	4.1864632150
4.06944444444	4.1875535885
4.07222222222	4.1886446136
4.075	4.1897362946
4.07777777778	4.1908286361
4.08055555556	4.1919216423
4.08333333333	4.1930153179
4.08611111111	4.1941096674
4.08888888889	4.1952046954
4.09166666667	4.1963004067
4.09444444444	4.1973968060
4.09722222222	4.1984938981
4.1	4.1995916880
4.10277777778	4.2006901805
4.10555555556	4.2017893806
4.10833333333	4.2028892936
4.11111111111	4.2039899244
4.11388888889	4.2050912784
4.11666666667	4.2061933608
4.11944444444	4.2072961770
4.12222222222	4.2083997324
4.125	4.2095040326
4.12777777778	4.2106090831
4.13055555556	4.2117148896
4.13333333333	4.2128214580
4.13611111111	4.2139287939
4.13888888889	4.2150369034
4.14166666667	4.2161457924
4.14444444444	4.2172554671
4.14722222222	4.2183659337
4.15	4.2194771983
4.15277777778	4.2205892674
4.15555555556	4.2217021475
4.15833333333	4.2228158452
4.16111111111	4.2239303670
4.16388888889	4.2250457198
4.16666666667	4.2261619104
4.16944444444	4.2272789459
4.17222222222	4.2283968333
4.175	4.2295155799
4.17777777778	4.2306351929
4.18055555556	4.2317556799
4.18333333333	4.2328770483
4.18611111111	4.2339993059
4.18888888889	4.2351224604
4.19166666667	4.2362465199
4.19444444444	4.2373714924
4.19722222222	4.2384973861
4.2	4.2396242093
4.20277777778	4.2407519707
4.20555555556	4.2418806788
4.20833333333	4.2430103424
4.21111111111	4.2441409705
4.21388888889	4.2452725722
4.21666666667	4.2464051567
4.21944444444	4.2475387336
4.22222222222	4.2486733125
4.225	4.2498089031
4.22777777778	4.2509455155
4.23055555556	4.2520831598
4.23333333333	4.2532218463
4.23611111111	4.2543615857
4.23888888889	4.2555023888
4.24166666667	4.2566442664
4.24444444444	4.2577872299
4.24722222222	4.2589312905
4.25	4.2600764601
4.25277777778	4.2612227504
4.25555555556	4.2623701737
4.25833333333	4.2635187422
4.26111111111	4.2646684687
4.26388888889	4.2658193661
4.26666666667	4.2669714476
4.26944444444	4.2681247267
4.27222222222	4.2692792172
4.275	4.2704349331
4.27777777778	4.2715918888
4.28055555556	4.2727500992
4.28333333333	4.2739095793
4.28611111111	4.2750703445
4.28888888889	4.2762324106
4.29166666667	4.2773957938
4.29444444444	4.2785605107
4.29722222222	4.2797265783
4.3	4.2808940138
4.30277777778	4.2820628353
4.30555555556	4.2832330609
4.30833333333	4.2844047095
4.31111111111	4.2855778003
4.31388888889	4.2867523530
4.31666666667	4.2879283880
4.31944444444	4.2891059261
4.32222222222	4.2902849887
4.325	4.2914655980
4.32777777778	4.2926477766
4.33055555556	4.2938315477
4.33333333333	4.2950169355
4.33611111111	4.2962039647
4.33888888889	4.2973926607
4.34166666667	4.2985830499
4.34444444444	4.2997751593
4.34722222222	4.3009690170
4.35	4.3021646518
4.35277777778	4.3033620935
4.35555555556	4.3045613731
4.35833333333	4.3057625225
4.36111111111	4.3069655747
4.36388888889	4.3081705638
4.36666666667	4.3093775254
4.36944444444	4.3105864963
4.37222222222	4.3117975145
4.375	4.3130106199
4.37777777778	4.3142258535
4.38055555556	4.3154432583
4.38333333333	4.3166628790
4.38611111111	4.3178847620
4.38888888889	4.3191089559
4.39166666667	4.3203355115
4.39444444444	4.3215644817
4.39722222222	4.3227959221
4.4	4.3240298907
4.40277777778	4.3252664487
4.40555555556	4.3265056599
4.40833333333	4.3277475919
4.41111111111	4.3289923156
4.41388888889	4.3302399060
4.41666666667	4.3314904422
4.41944444444	4.3327440081
4.42222222222	4.3340006925
4.425	4.3352605900
4.42777777778	4.3365238012
4.43055555556	4.3377904336
4.43333333333	4.3390606021
4.43611111111	4.3403344302
4.43888888889	4.3416120506
4.44166666667	4.3428936069
4.44444444444	4.3441792544
4.44722222222	4.3454691621
4.45	4.3467635146
4.45277777778	4.3480625145
4.45555555556	4.3493663852
4.45833333333	4.3506753748
4.46111111111	4.3519897601
4.46388888889	4.3533098527
4.46666666667	4.3546360065
4.46944444444	4.3559686268
4.47222222222	4.3573081843
4.475	4.3586552324
4.47777777778	4.3600104335
4.48055555556	4.3613745973
4.48333333333	4.3627487401
4.48611111111	4.3641341846
4.48888888889	4.3655327371
4.49166666667	4.3669470504
4.49444444444	4.3683815092
4.49722222222	4.3698453021
4.5	4.3714266017
4.50277777778	4.3731248566
4.50555555556	4.3748515175
4.50833333333	4.3765972598
4.51111111111	4.3783575885
4.51388888889	4.3801297651
4.51666666667	4.3819119106
4.51944444444	4.3837026398
4.52222222222	4.3855008819
4.525	4.3873057778
4.52777777778	4.3891166219
4.53055555556	4.3909328200
4.53333333333	4.3927538658
4.53611111111	4.3945793195
4.53888888889	4.3964087970
4.54166666667	4.3982419572
4.54444444444	4.4000784971
4.54722222222	4.4019181429
4.55	4.4037606484
4.55277777778	4.4056057883
4.55555555556	4.4074533580
4.55833333333	4.4093031683
4.56111111111	4.4111550460
4.56388888889	4.4130088298
4.56666666667	4.4148643708
4.56944444444	4.4167215295
4.57222222222	4.4185801767
4.575	4.4204401903
4.57777777778	4.4223014569
4.58055555556	4.4241638688
4.58333333333	4.4260273255
4.58611111111	4.4278917312
4.58888888889	4.4297569963
4.59166666667	4.4316230351
4.59444444444	4.4334897669
4.59722222222	4.4353571147
4.6	4.4372250056
4.60277777778	4.4390933697
4.60555555556	4.4409621410
4.60833333333	4.4428312559
4.61111111111	4.4447006542
4.61388888889	4.4465702778
4.61666666667	4.4484400716
4.61944444444	4.4503099824
4.62222222222	4.4521799595
4.625	4.4540499540
4.62777777778	4.4559199192
4.63055555556	4.4577898099
4.63333333333	4.4596595831
4.63611111111	4.4615291969
4.63888888889	4.4633986115
4.64166666667	4.4652677880
4.64444444444	4.4671366895
4.64722222222	4.4690052797
4.65	4.4708735244
4.65277777778	4.4727413899
4.65555555556	4.4746088440
4.65833333333	4.4764758555
4.66111111111	4.4783423943
4.66388888889	4.4802084311
4.66666666667	4.4820739379
4.66944444444	4.4839388872
4.67222222222	4.4858032528
4.675	4.4876670088
4.67777777778	4.4895301308
4.68055555556	4.4913925944
4.68333333333	4.4932543767
4.68611111111	4.4951154547
4.68888888889	4.4969758068
4.69166666667	4.4988354116
4.69444444444	4.5006942487
4.69722222222	4.5025522978
4.7	4.5044095396
4.70277777778	4.5062659552
4.70555555556	4.5081215264
4.70833333333	4.5099762352
4.71111111111	4.5118300645
4.71388888889	4.5136829973
4.71666666667	4.5155350173
4.71944444444	4.5173861087
4.72222222222	4.5192362559
4.725	4.5210854440
4.72777777778	4.5229336584
4.73055555556	4.5247808847
4.73333333333	4.5266271092
4.73611111111	4.5284723184
4.73888888889	4.5303164992
4.74166666667	4.5321596387
4.74444444444	4.5340017248
4.74722222222	4.5358427451
4.75	4.5376826880
4.75277777778	4.5395215419
4.75555555556	4.5413592958
4.75833333333	4.5431959387
4.76111111111	4.5450314600
4.76388888889	4.5468658495
4.76666666667	4.5486990970
4.76944444444	4.5505311928
4.77222222222	4.5523621274
4.775	4.5541918914
4.77777777778	4.5560204758
4.78055555556	4.5578478717
4.78333333333	4.5596740706
4.78611111111	4.5614990641
4.78888888889	4.5633228440
4.79166666667	4.5651454023
4.79444444444	4.5669667314
4.79722222222	4.5687868235
4.8	4.5706056714
4.80277777778	4.5724232679
4.80555555556	4.5742396060
4.80833333333	4.5760546789
4.81111111111	4.5778684798
4.81388888889	4.5796810024
4.81666666667	4.5814922404
4.81944444444	4.5833021875
4.82222222222	4.5851108377
4.825	4.5869181854
4.82777777778	4.5887242246
4.83055555556	4.5905289500
4.83333333333	4.5923323560
4.83611111111	4.5941344375
4.83888888889	4.5959351893
4.84166666667	4.5977346064
4.84444444444	4.5995326839
4.84722222222	4.6013294171
4.85	4.6031248015
4.85277777778	4.6049188324
4.85555555556	4.6067115055
4.85833333333	4.6085028166
4.86111111111	4.6102927615
4.86388888889	4.6120813362
4.86666666667	4.6138685367
4.86944444444	4.6156543593
4.87222222222	4.6174388002
4.875	4.6192218557
4.87777777778	4.6210035224
4.88055555556	4.6227837969
4.88333333333	4.6245626758
4.88611111111	4.6263401559
4.88888888889	4.6281162340
4.89166666667	4.6298909072
4.89444444444	4.6316641723
4.89722222222	4.6334360266
4.9	4.6352064673
4.90277777778	4.6369754915
4.90555555556	4.6387430968
4.90833333333	4.6405092805
4.91111111111	4.6422740402
4.91388888889	4.6440373735
4.91666666667	4.6457992779
4.91944444444	4.6475597513
4.92222222222	4.6493187915
4.925	4.6510763964
4.92777777778	4.6528325638
4.93055555556	4.6545872919
4.93333333333	4.6563405787
4.93611111111	4.6580924223
4.93888888889	4.6598428210
4.94166666667	4.6615917730
4.94444444444	4.6633392767
4.94722222222	4.6650853304
4.95	4.6668299326
4.95277777778	4.6685730818
4.95555555556	4.6703147766
4.95833333333	4.6720550156
4.96111111111	4.6737937974
4.96388888889	4.6755311207
4.96666666667	4.6772669844
4.96944444444	4.6790013873
4.97222222222	4.6807343282
4.975	4.6824658061
4.97777777778	4.6841958199
4.98055555556	4.6859243687
4.98333333333	4.6876514515
4.98611111111	4.6893770674
4.98888888889	4.6911012156
4.99166666667	4.6928238953
4.99444444444	4.6945451058
4.99722222222	4.6962648462
5.0	4.6979831160
5.00277777778	4.6996999144
5.00555555556	4.7014152410
5.00833333333	4.7031290951
5.01111111111	4.7048414762
5.01388888889	4.7065523839
5.01666666667	4.7082618177
5.01944444444	4.7099697772
5.02222222222	4.7116762620
5.025	4.7133812719
5.02777777778	4.7150848064
5.03055555556	4.7167868653
5.03333333333	4.7184874485
5.03611111111	4.7201865556
5.03888888889	4.7218841866
5.04166666667	4.7235803412
5.04444444444	4.7252750194
5.04722222222	4.7269682212
5.05	4.7286599463
5.05277777778	4.7303501949
5.05555555556	4.7320389670
5.05833333333	4.7337262626
5.06111111111	4.7354120817
5.06388888889	4.7370964244
5.06666666667	4.7387792910
5.06944444444	4.7404606814
5.07222222222	4.7421405960
5.075	4.7438190348
5.07777777778	4.7454959982
5.08055555556	4.7471714863
5.08333333333	4.7488454995
5.08611111111	4.7505180380
5.08888888889	4.7521891021
5.09166666667	4.7538586923
5.09444444444	4.7555268088
5.09722222222	4.7571934521
5.1	4.7588586226
5.10277777778	4.7605223206
5.10555555556	4.7621845467
5.10833333333	4.7638453013
5.11111111111	4.7655045849
5.11388888889	4.7671623981
5.11666666667	4.7688187413
5.11944444444	4.7704736151
5.12222222222	4.7721270201
5.125	4.7737789569
5.12777777778	4.7754294260
5.13055555556	4.7770784281
5.13333333333	4.7787259639
5.13611111111	4.7803720340
5.13888888889	4.7820166390
5.14166666667	4.7836597798
5.14444444444	4.7853014569
5.14722222222	4.7869416711
5.15	4.7885804232
5.15277777778	4.7902177139
5.15555555556	4.7918535439
5.15833333333	4.7934879142
5.16111111111	4.7951208254
5.16388888889	4.7967522784
5.16666666667	4.7983822741
5.16944444444	4.8000108132
5.17222222222	4.8016378967
5.175	4.8032635253
5.17777777778	4.8048877001
5.18055555556	4.8065104219
5.18333333333	4.8081316915
5.18611111111	4.8097515100
5.18888888889	4.8113698783
5.19166666667	4.8129867973
5.19444444444	4.8146022680
5.19722222222	4.8162162914
5.2	4.8178288684
5.20277777778	4.8194400000
5.20555555556	4.8210496873
5.20833333333	4.8226579313
5.21111111111	4.8242647329
5.21388888889	4.8258700933
5.21666666667	4.8274740136
5.21944444444	4.8290764946
5.22222222222	4.8306775376
5.225	4.8322771436
5.22777777778	4.8338753137
5.23055555556	4.8354720491
5.23333333333	4.8370673507
5.23611111111	4.8386612197
5.23888888889	4.8402536574
5.24166666667	4.8418446647
5.24444444444	4.8434342429
5.24722222222	4.8450223930
5.25	4.8466091164
5.25277777778	4.8481944141
5.25555555556	4.8497782872
5.25833333333	4.8513607371
5.26111111111	4.8529417649
5.26388888889	4.8545213718
5.26666666667	4.8560995590
5.26944444444	4.8576763278
5.27222222222	4.8592516793
5.275	4.8608256147
5.27777777778	4.8623981354
5.28055555556	4.8639692426
5.28333333333	4.8655389375
5.28611111111	4.8671072214
5.28888888889	4.8686740956
5.29166666667	4.8702395612
5.29444444444	4.8718036197
5.29722222222	4.8733662723
5.3	4.8749275202
5.30277777778	4.8764873648
5.30555555556	4.8780458074
5.30833333333	4.8796028493
5.31111111111	4.8811584917
5.31388888889	4.8827127361
5.31666666667	4.8842655838
5.31944444444	4.8858170360
5.32222222222	4.8873670941
5.325	4.8889157594
5.32777777778	4.8904630334
5.33055555556	4.8920089173
5.33333333333	4.8935534125
5.33611111111	4.8950965203
5.33888888889	4.8966382422
5.34166666667	4.8981785794
5.34444444444	4.8997175334
5.34722222222	4.9012551055
5.35	4.9027912972
5.35277777778	4.9043261097
5.35555555556	4.9058595445
5.35833333333	4.9073916030
5.36111111111	4.9089222866
5.36388888889	4.9104515966
5.36666666667	4.9119795346
5.36944444444	4.9135061018
5.37222222222	4.9150312997
5.375	4.9165551297
5.37777777778	4.9180775933
5.38055555556	4.9195986918
5.38333333333	4.9211184267
5.38611111111	4.9226367993
5.38888888889	4.9241538113
5.39166666667	4.9256694638
5.39444444444	4.9271837585
5.39722222222	4.9286966967
5.4	4.9302082799
5.40277777778	4.9317185095
5.40555555556	4.9332273870
5.40833333333	4.9347349137
5.41111111111	4.9362410913
5.41388888889	4.9377459211
5.41666666667	4.9392494046
5.41944444444	4.9407515432
5.42222222222	4.9422523384
5.425	4.9437517917
5.42777777778	4.9452499045
5.43055555556	4.9467466783
5.43333333333	4.9482421146
5.43611111111	4.9497362148
5.43888888889	4.9512289804
5.44166666667	4.9527204129
5.44444444444	4.9542105138
5.44722222222	4.9556992845
5.45	4.9571867265
5.45277777778	4.9586728414
5.45555555556	4.9601576305
5.45833333333	4.9616410954
5.46111111111	4.9631232376
5.46388888889	4.9646040585
5.46666666667	4.9660835596
5.46944444444	4.9675617425
5.47222222222	4.9690386086
5.475	4.9705141594
5.47777777778	4.9719883964
5.48055555556	4.9734613211
5.48333333333	4.9749329350
5.48611111111	4.9764032396
5.48888888889	4.9778722364
5.49166666667	4.9793399268
5.49444444444	4.9808063125
5.49722222222	4.9822713949
5.5	4.9837351490
5.50277777778	4.9851971312
5.50555555556	4.9866573458
5.50833333333	4.9881157969
5.51111111111	4.9895724887
5.51388888889	4.9910274255
5.51666666667	4.9924806113
5.51944444444	4.9939320503
5.52222222222	4.9953817466
5.525	4.9968297041
5.52777777778	4.9982759271
5.53055555556	4.9997204196
5.53333333333	5.0011631855
5.53611111111	5.0026042290
5.53888888889	5.0040435539
5.54166666667	5.0054811643
5.54444444444	5.0069170642
5.54722222222	5.0083512574
5.55	5.0097837480
5.55277777778	5.0112145397
5.55555555556	5.0126436367
5.55833333333	5.0140710426
5.56111111111	5.0154967615
5.56388888889	5.0169207970
5.56666666667	5.0183431532
5.56944444444	5.0197638338
5.57222222222	5.0211828426
5.575	5.0226001834
5.57777777778	5.0240158600
5.58055555556	5.0254298762
5.58333333333	5.0268422357
5.58611111111	5.0282529422
5.58888888889	5.0296619995
5.59166666667	5.0310694114
5.59444444444	5.0324751814
5.59722222222	5.0338793132
5.6	5.0352818106
5.60277777778	5.0366826772
5.60555555556	5.0380819166
5.60833333333	5.0394795325
5.61111111111	5.0408755284
5.61388888889	5.0422699080
5.61666666667	5.0436626749
5.61944444444	5.0450538326
5.62222222222	5.0464433847
5.625	5.0478313348
5.62777777778	5.0492176863
5.63055555556	5.0506024428
5.63333333333	5.0519856078
5.63611111111	5.0533671849
5.63888888889	5.0547471774
5.64166666667	5.0561255889
5.64444444444	5.0575024228
5.64722222222	5.0588776826
5.65	5.0602513717
5.65277777778	5.0616234935
5.65555555556	5.0629940514
5.65833333333	5.0643630489
5.66111111111	5.0657304893
5.66388888889	5.0670963760
5.66666666667	5.0684607124
5.66944444444	5.0698235017
5.67222222222	5.0711847474
5.675	5.0725444528
5.67777777778	5.0739026211
5.68055555556	5.0752592558
5.68333333333	5.0766143600
5.68611111111	5.0779679371
5.68888888889	5.0793199903
5.69166666667	5.0806705229
5.69444444444	5.0820195381
5.69722222222	5.0833670392
5.7	5.0847130294
5.70277777778	5.0860575119
5.70555555556	5.0874004899
5.70833333333	5.0887419666
5.71111111111	5.0900819452
5.71388888889	5.0914204288
5.71666666667	5.0927574207
5.71944444444	5.0940929238
5.72222222222	5.0954269415
5.725	5.0967594768
5.72777777778	5.0980905328
5.73055555556	5.0994201127
5.73333333333	5.1007482195
5.73611111111	5.1020748563
5.73888888889	5.1034000262
5.74166666667	5.1047237322
5.74444444444	5.1060459774
5.74722222222	5.1073667649
5.75	5.1086860977
5.75277777778	5.1100039788
5.75555555556	5.1113204112
5.75833333333	5.1126353979
5.76111111111	5.1139489419
5.76388888889	5.1152610462
5.76666666667	5.1165717138
5.76944444444	5.1178809476
5.77222222222	5.1191887506
5.775	5.1204951257
5.77777777778	5.1218000759
5.78055555556	5.1231036040
5.78333333333	5.1244057131
5.78611111111	5.1257064060
5.78888888889	5.1270056855
5.79166666667	5.1283035547
5.79444444444	5.1296000163
5.79722222222	5.1308950732
5.8	5.1321887283
5.80277777778	5.1334809845
5.80555555556	5.1347718445
5.80833333333	5.1360613113
5.81111111111	5.1373493875
5.81388888889	5.1386360762
5.81666666667	5.1399213799
5.81944444444	5.1412053016
5.82222222222	5.1424878440
5.825	5.1437690099
5.82777777778	5.1450488021
5.83055555556	5.1463272233
5.83333333333	5.1476042763
5.83611111111	5.1488799638
5.83888888889	5.1501542886
5.84166666667	5.1514272533
5.84444444444	5.1526988607
5.84722222222	5.1539691135
5.85	5.1552380144
5.85277777778	5.1565055661
5.85555555556	5.1577717713
5.85833333333	5.1590366326
5.86111111111	5.1603001527
5.86388888889	5.1615623342
5.86666666667	5.1628231799
5.86944444444	5.1640826923
5.87222222222	5.1653408740
5.875	5.1665977278
5.87777777778	5.1678532562
5.88055555556	5.1691074618
5.88333333333	5.1703603473
5.88611111111	5.1716119151
5.88888888889	5.1728621679
5.89166666667	5.1741111083
5.89444444444	5.1753587389
5.89722222222	5.1766050621
5.9	5.1778500805
5.90277777778	5.1790937968
5.90555555556	5.1803362134
5.90833333333	5.1815773328
5.91111111111	5.1828171576
5.91388888889	5.1840556903
5.91666666667	5.1852929333
5.91944444444	5.1865288893
5.92222222222	5.1877635606
5.925	5.1889969498
5.92777777778	5.1902290593
5.93055555556	5.1914598916
5.93333333333	5.1926894491
5.93611111111	5.1939177344
5.93888888889	5.1951447498
5.94166666667	5.1963704978
5.94444444444	5.1975949808
5.94722222222	5.1988182012
5.95	5.2000401616
5.95277777778	5.2012608641
5.95555555556	5.2024803113
5.95833333333	5.2036985056
5.96111111111	5.2049154494
5.96388888889	5.2061311449
5.96666666667	5.2073455947
5.96944444444	5.2085588010
5.97222222222	5.2097707662
5.975	5.2109814927
5.97777777778	5.2121909828
5.98055555556	5.2133992388
5.98333333333	5.2146062632
5.98611111111	5.2158120581
5.98888888889	5.2170166260
5.99166666667	5.2182199691
5.99444444444	5.2194220897
5.99722222222	5.2206229902
6.0	5.2218226727
6.00277777778	5.2230211397
6.00555555556	5.2242183934
6.00833333333	5.2254144360
6.01111111111	5.2266092698
6.01388888889	5.2278028971
6.01666666667	5.2289953201
6.01944444444	5.2301865411
6.02222222222	5.2313765623
6.025	5.2325653859
6.02777777778	5.2337530141
6.03055555556	5.2349394492
6.03333333333	5.2361246934
6.03611111111	5.2373087489
6.03888888889	5.2384916179
6.04166666667	5.2396733025
6.04444444444	5.2408538050
6.04722222222	5.2420331276
6.05	5.2432112723
6.05277777778	5.2443882415
6.05555555556	5.2455640372
6.05833333333	5.2467386615
6.06111111111	5.2479121168
6.06388888889	5.2490844050
6.06666666667	5.2502555283
6.06944444444	5.2514254889
6.07222222222	5.2525942889
6.075	5.2537619303
6.07777777778	5.2549284154
6.08055555556	5.2560937462
6.08333333333	5.2572579248
6.08611111111	5.2584209533
6.08888888889	5.2595828338
6.09166666667	5.2607435684
6.09444444444	5.2619031592
6.09722222222	5.2630616081
6.1	5.2642189174
6.10277777778	5.2653750890
6.10555555556	5.2665301251
6.10833333333	5.2676840275
6.11111111111	5.2688367985
6.11388888889	5.2699884400
6.11666666667	5.2711389541
6.11944444444	5.2722883427
6.12222222222	5.2734366080
6.125	5.2745837519
6.12777777778	5.2757297764
6.13055555556	5.2768746836
6.13333333333	5.2780184754
6.13611111111	5.2791611538
6.13888888889	5.2803027208
6.14166666667	5.2814431784
6.14444444444	5.2825825285
6.14722222222	5.2837207732
6.15	5.2848579144
6.15277777778	5.2859939541
6.15555555556	5.2871288941
6.15833333333	5.2882627366
6.16111111111	5.2893954833
6.16388888889	5.2905271362
6.16666666667	5.2916576974
6.16944444444	5.2927871686
6.17222222222	5.2939155519
6.175	5.2950428491
6.17777777778	5.2961690621
6.18055555556	5.2972941929
6.18333333333	5.2984182434
6.18611111111	5.2995412154
6.18888888889	5.3006631109
6.19166666667	5.3017839317
6.19444444444	5.3029036797
6.19722222222	5.3040223567
6.2	5.3051399648
6.20277777778	5.3062565057
6.20555555556	5.3073719812
6.20833333333	5.3084863933
6.21111111111	5.3095997438
6.21388888889	5.3107120345
6.21666666667	5.3118232673
6.21944444444	5.3129334440
6.22222222222	5.3140425665
6.225	5.3151506365
6.22777777778	5.3162576559
6.23055555556	5.3173636265
6.23333333333	5.3184685502
6.23611111111	5.3195724286
6.23888888889	5.3206752637
6.24166666667	5.3217770573
6.24444444444	5.3228778110
6.24722222222	5.3239775267
6.25	5.3250762063
6.25277777778	5.3261738514
6.25555555556	5.3272704638
6.25833333333	5.3283660454
6.26111111111	5.3294605978
6.26388888889	5.3305541228
6.26666666667	5.3316466223
6.26944444444	5.3327380979
6.27222222222	5.3338285513
6.275	5.3349179844
6.27777777778	5.3360063989
6.28055555556	5.3370937964
6.28333333333	5.3381801788
6.28611111111	5.3392655477
6.28888888889	5.3403499049
6.29166666667	5.3414332521
6.29444444444	5.3425155910
6.29722222222	5.3435969232
6.3	5.3446772506
6.30277777778	5.3457565747
6.30555555556	5.3468348974
6.30833333333	5.3479122202
6.31111111111	5.3489885448
6.31388888889	5.3500638730
6.31666666667	5.3511382064
6.31944444444	5.3522115467
6.32222222222	5.3532838956
6.325	5.3543552546
6.32777777778	5.3554256255
6.33055555556	5.3564950100
6.33333333333	5.3575634096
6.33611111111	5.3586308260
6.33888888889	5.3596972609
6.34166666667	5.3607627159
6.34444444444	5.3618271926
6.34722222222	5.3628906926
6.35	5.3639532177
6.35277777778	5.3650147693
6.35555555556	5.3660753492
6.35833333333	5.3671349589
6.36111111111	5.3681936000
6.36388888889	5.3692512742
6.36666666667	5.3703079830
6.36944444444	5.3713637280
6.37222222222	5.3724185109
6.375	5.3734723331
6.37777777778	5.3745251964
6.38055555556	5.3755771023
6.38333333333	5.3766280523
6.38611111111	5.3776780480
6.38888888889	5.3787270910
6.39166666667	5.3797751829
6.39444444444	5.3808223252
6.39722222222	5.3818685195
6.4	5.3829137673
6.40277777778	5.3839580702
6.40555555556	5.3850014297
6.40833333333	5.3860438473
6.41111111111	5.3870853247
6.41388888889	5.3881258633
6.41666666667	5.3891654646
6.41944444444	5.3902041302
6.42222222222	5.3912418617
6.425	5.3922786604
6.42777777778	5.3933145280
6.43055555556	5.3943494660
6.43333333333	5.3953834758
6.43611111111	5.3964165590
6.43888888889	5.3974487170
6.44166666667	5.3984799514
6.44444444444	5.3995102636
6.44722222222	5.4005396551
6.45	5.4015681275
6.45277777778	5.4025956822
6.45555555556	5.4036223207
6.45833333333	5.4046480444
6.46111111111	5.4056728548
6.46388888889	5.4066967534
6.46666666667	5.4077197417
6.46944444444	5.4087418211
6.47222222222	5.4097629930
6.475	5.4107832590
6.47777777778	5.4118026204
6.48055555556	5.4128210787
6.48333333333	5.4138386354
6.48611111111	5.4148552919
6.48888888889	5.4158710497
6.49166666667	5.4168859100
6.49444444444	5.4178998745
6.49722222222	5.4189129445
6.5	5.4199251214
6.50277777778	5.4209364067
6.50555555556	5.4219468017
6.50833333333	5.4229563079
6.51111111111	5.4239649267
6.51388888889	5.4249726595
6.51666666667	5.4259795076
6.51944444444	5.4269854726
6.52222222222	5.4279905557
6.525	5.4289947584
6.52777777778	5.4299980821
6.53055555556	5.4310005281
6.53333333333	5.4320020978
6.53611111111	5.4330027926
6.53888888889	5.4340026139
6.54166666667	5.4350015630
6.54444444444	5.4359996414
6.54722222222	5.4369968503
6.55	5.4379931912
6.55277777778	5.4389886653
6.55555555556	5.4399832741
6.55833333333	5.4409770190
6.56111111111	5.4419699011
6.56388888889	5.4429619220
6.56666666667	5.4439530829
6.56944444444	5.4449433851
6.57222222222	5.4459328301
6.575	5.4469214192
6.57777777778	5.4479091536
6.58055555556	5.4488960347
6.58333333333	5.4498820638
6.58611111111	5.4508672423
6.58888888889	5.4518515714
6.59166666667	5.4528350525
6.59444444444	5.4538176869
6.59722222222	5.4547994759
6.6	5.4557804207
6.60277777778	5.4567605228
6.60555555556	5.4577397834
6.60833333333	5.4587182038
6.61111111111	5.4596957852
6.61388888889	5.4606725291
6.61666666667	5.4616484365
6.61944444444	5.4626235090
6.62222222222	5.4635977477
6.625	5.4645711538
6.62777777778	5.4655437288
6.63055555556	5.4665154738
6.63333333333	5.4674863901
6.63611111111	5.4684564790
6.63888888889	5.4694257418
6.64166666667	5.4703941796
6.64444444444	5.4713617938
6.64722222222	5.4723285857
6.65	5.4732945564
6.65277777778	5.4742597072
6.65555555556	5.4752240395
6.65833333333	5.4761875543
6.66111111111	5.4771502529
6.66388888889	5.4781121367
6.66666666667	5.4790732068
6.66944444444	5.4800334644
6.67222222222	5.4809929108
6.675	5.4819515472
6.67777777778	5.4829093748
6.68055555556	5.4838663949
6.68333333333	5.4848226087
6.68611111111	5.4857780173
6.68888888889	5.4867326220
6.69166666667	5.4876864241
6.69444444444	5.4886394246
6.69722222222	5.4895916249
6.7	5.4905430260
6.70277777778	5.4914936293
6.70555555556	5.4924434359
6.70833333333	5.4933924470
6.71111111111	5.4943406638
6.71388888889	5.4952880875
6.71666666667	5.4962347192
6.71944444444	5.4971805602
6.72222222222	5.4981256116
6.725	5.4990698746
6.72777777778	5.5000133504
6.73055555556	5.5009560402
6.73333333333	5.5018979450
6.73611111111	5.5028390662
6.73888888889	5.5037794048
6.74166666667	5.5047189620
6.74444444444	5.5056577390
6.74722222222	5.5065957369
6.75	5.5075329569
6.75277777778	5.5084694001
6.75555555556	5.5094050677
6.75833333333	5.5103399608
6.76111111111	5.5112740806
6.76388888889	5.5122074282
6.76666666667	5.5131400047
6.76944444444	5.5140718113
6.77222222222	5.5150028492
6.775	5.5159331194
6.77777777778	5.5168626230
6.78055555556	5.5177913613
6.78333333333	5.5187193353
6.78611111111	5.5196465461
6.78888888889	5.5205729949
6.79166666667	5.5214986828
6.79444444444	5.5224236108
6.79722222222	5.5233477802
6.8	5.5242711920
6.80277777778	5.5251938473
6.80555555556	5.5261157472
6.80833333333	5.5270368928
6.81111111111	5.5279572853
6.81388888889	5.5288769257
6.81666666667	5.5297958151
6.81944444444	5.5307139545
6.82222222222	5.5316313452
6.825	5.5325479882
6.82777777778	5.5334638845
6.83055555556	5.5343790353
6.83333333333	5.5352934416
6.83611111111	5.5362071045
6.83888888889	5.5371200251
6.84166666667	5.5380322044
6.84444444444	5.5389436436
6.84722222222	5.5398543436
6.85	5.5407643056
6.85277777778	5.5416735307
6.85555555556	5.5425820198
6.85833333333	5.5434897740
6.86111111111	5.5443967944
6.86388888889	5.5453030821
6.86666666667	5.5462086381
6.86944444444	5.5471134635
6.87222222222	5.5480175592
6.875	5.5489209264
6.87777777778	5.5498235661
6.88055555556	5.5507254793
6.88333333333	5.5516266671
6.88611111111	5.5525271305
6.88888888889	5.5534268705
6.89166666667	5.5543258882
6.89444444444	5.5552241846
6.89722222222	5.5561217607
6.9	5.5570186176
6.90277777778	5.5579147563
6.90555555556	5.5588101777
6.90833333333	5.5597048830
6.91111111111	5.5605988731
6.91388888889	5.5614921491
6.91666666667	5.5623847119
6.91944444444	5.5632765626
6.92222222222	5.5641677021
6.925	5.5650581316
6.92777777778	5.5659478519
6.93055555556	5.5668368642
6.93333333333	5.5677251693
6.93611111111	5.5686127683
6.93888888889	5.5694996622
6.94166666667	5.5703858520
6.94444444444	5.5712713386
6.94722222222	5.5721561231
6.95	5.5730402065
6.95277777778	5.5739235896
6.95555555556	5.5748062736
6.95833333333	5.5756882594
6.96111111111	5.5765695480
6.96388888889	5.5774501403
6.96666666667	5.5783300373
6.96944444444	5.5792092400
6.97222222222	5.5800877494
6.975	5.5809655664
6.97777777778	5.5818426920
6.98055555556	5.5827191272
6.98333333333	5.5835948729
6.98611111111	5.5844699301
6.98888888889	5.5853442998
6.99166666667	5.5862179828
6.99444444444	5.5870909802
6.99722222222	5.5879632930
7.0	5.5888349220
7.00277777778	5.5897058682
7.00555555556	5.5905761325
7.00833333333	5.5914457160
7.01111111111	5.5923146195
7.01388888889	5.5931828440
7.01666666667	5.5940503904
7.01944444444	5.5949172597
7.02222222222	5.5957834528
7.025	5.5966489706
7.02777777778	5.5975138140
7.03055555556	5.5983779841
7.03333333333	5.5992414817
7.03611111111	5.6001043077
7.03888888889	5.6009664631
7.04166666667	5.6018279488
7.04444444444	5.6026887656
7.04722222222	5.6035489146
7.05	5.6044083967
7.05277777778	5.6052672127
7.05555555556	5.6061253636
7.05833333333	5.6069828502
7.06111111111	5.6078396736
7.06388888889	5.6086958345
7.06666666667	5.6095513339
7.06944444444	5.6104061728
7.07222222222	5.6112603519
7.075	5.6121138723
7.07777777778	5.6129667347
7.08055555556	5.6138189401
7.08333333333	5.6146704895
7.08611111111	5.6155213836
7.08888888889	5.6163716233
7.09166666667	5.6172212097
7.09444444444	5.6180701435
7.09722222222	5.6189184256
7.1	5.6197660569
7.10277777778	5.6206130383
7.10555555556	5.6214593707
7.10833333333	5.6223050550
7.11111111111	5.6231500920
7.11388888889	5.6239944826
7.11666666667	5.6248382276
7.11944444444	5.6256813280
7.12222222222	5.6265237847
7.125	5.6273655984
7.12777777778	5.6282067700
7.13055555556	5.6290473005
7.13333333333	5.6298871906
7.13611111111	5.6307264413
7.13888888889	5.6315650534
7.14166666667	5.6324030277
7.14444444444	5.6332403651
7.14722222222	5.6340770665
7.15	5.6349131327
7.15277777778	5.6357485646
7.15555555556	5.6365833629
7.15833333333	5.6374175286
7.16111111111	5.6382510625
7.16388888889	5.6390839655
7.16666666667	5.6399162383
7.16944444444	5.6407478819
7.17222222222	5.6415788970
7.175	5.6424092846
7.17777777778	5.6432390453
7.18055555556	5.6440681802
7.18333333333	5.6448966899
7.18611111111	5.6457245754
7.18888888889	5.6465518374
7.19166666667	5.6473784768
7.19444444444	5.6482044944
7.19722222222	5.6490298910
7.2	5.6498546675
7.20277777778	5.6506788247
7.20555555556	5.6515023634
7.20833333333	5.6523252844
7.21111111111	5.6531475885
7.21388888889	5.6539692765
7.21666666667	5.6547903493
7.21944444444	5.6556108077
7.22222222222	5.6564306524
7.225	5.6572498844
7.22777777778	5.6580685043
7.23055555556	5.6588865130
7.23333333333	5.6597039112
7.23611111111	5.6605206999
7.23888888889	5.6613368798
7.24166666667	5.6621524517
7.24444444444	5.6629674163
7.24722222222	5.6637817746
7.25	5.6645955272
7.25277777778	5.6654086750
7.25555555556	5.6662212187
7.25833333333	5.6670331592
7.26111111111	5.6678444972
7.26388888889	5.6686552336
7.26666666667	5.6694653690
7.26944444444	5.6702749044
7.27222222222	5.6710838404
7.275	5.6718921778
7.27777777778	5.6726999175
7.28055555556	5.6735070602
7.28333333333	5.6743136067
7.28611111111	5.6751195577
7.28888888889	5.6759249141
7.29166666667	5.6767296765
7.29444444444	5.6775338458
7.29722222222	5.6783374227
7.3	5.6791404081
7.30277777778	5.6799428026
7.30555555556	5.6807446070
7.30833333333	5.6815458221
7.31111111111	5.6823464487
7.31388888889	5.6831464875
7.31666666667	5.6839459392
7.31944444444	5.6847448047
7.32222222222	5.6855430846
7.325	5.6863407798
7.32777777778	5.6871378910
7.33055555556	5.6879344189
7.33333333333	5.6887303642
7.33611111111	5.6895257278
7.33888888889	5.6903205104
7.34166666667	5.6911147127
7.34444444444	5.6919083355
7.34722222222	5.6927013794
7.35	5.6934938453
7.35277777778	5.6942857339
7.35555555556	5.6950770459
7.35833333333	5.6958677821
7.36111111111	5.6966579432
7.36388888889	5.6974475298
7.36666666667	5.6982365429
7.36944444444	5.6990249830
7.37222222222	5.6998128510
7.375	5.7006001475
7.37777777778	5.7013868733
7.38055555556	5.7021730290
7.38333333333	5.7029586155
7.38611111111	5.7037436335
7.38888888889	5.7045280836
7.39166666667	5.7053119665
7.39444444444	5.7060952831
7.39722222222	5.7068780340
7.4	5.7076602200
7.40277777778	5.7084418417
7.40555555556	5.7092228998
7.40833333333	5.7100033952
7.41111111111	5.7107833284
7.41388888889	5.7115627002
7.41666666667	5.7123415113
7.41944444444	5.7131197625
7.42222222222	5.7138974543
7.425	5.7146745876
7.42777777778	5.7154511629
7.43055555556	5.7162271811
7.43333333333	5.7170026429
7.43611111111	5.7177775488
7.43888888889	5.7185518997
7.44166666667	5.7193256961
7.44444444444	5.7200989389
7.44722222222	5.7208716287
7.45	5.7216437662
7.45277777778	5.7224153520
7.45555555556	5.7231863869
7.45833333333	5.7239568716
7.46111111111	5.7247268068
7.46388888889	5.7254961930
7.46666666667	5.7262650311
7.46944444444	5.7270333217
7.47222222222	5.7278010655
7.475	5.7285682632
7.47777777778	5.7293349153
7.48055555556	5.7301010228
7.48333333333	5.7308665861
7.48611111111	5.7316316059
7.48888888889	5.7323960831
7.49166666667	5.7331600181
7.49444444444	5.7339234118
7.49722222222	5.7346862647
7.5	5.7354485775
7.50277777778	5.7362103510
7.50555555556	5.7369715857
7.50833333333	5.7377322824
7.51111111111	5.7384924416
7.51388888889	5.7392520642
7.51666666667	5.7400111506
7.51944444444	5.7407697017
7.52222222222	5.7415277179
7.525	5.7422852001
7.52777777778	5.7430421489
7.53055555556	5.7437985649
7.53333333333	5.7445544487
7.53611111111	5.7453098011
7.53888888889	5.7460646226
7.54166666667	5.7468189140
7.54444444444	5.7475726759
7.54722222222	5.7483259089
7.55	5.7490786137
7.55277777778	5.7498307909
7.55555555556	5.7505824412
7.55833333333	5.7513335652
7.56111111111	5.7520841636
7.56388888889	5.7528342369
7.56666666667	5.7535837859
7.56944444444	5.7543328112
7.57222222222	5.7550813134
7.575	5.7558292932
7.57777777778	5.7565767511
7.58055555556	5.7573236879
7.58333333333	5.7580701042
7.58611111111	5.7588160005
7.58888888889	5.7595613776
7.59166666667	5.7603062361
7.59444444444	5.7610505765
7.59722222222	5.7617943995
7.6	5.7625377058
7.60277777778	5.7632804960
7.60555555556	5.7640227707
7.60833333333	5.7647645304
7.61111111111	5.7655057760
7.61388888889	5.7662465079
7.61666666667	5.7669867267
7.61944444444	5.7677264332
7.62222222222	5.7684656279
7.625	5.7692043115
7.62777777778	5.7699424845
7.63055555556	5.7706801475
7.63333333333	5.7714173013
7.63611111111	5.7721539463
7.63888888889	5.7728900833
7.64166666667	5.7736257128
7.64444444444	5.7743608354
7.64722222222	5.7750954517
7.65	5.7758295624
7.65277777778	5.7765631681
7.65555555556	5.7772962693
7.65833333333	5.7780288667
7.66111111111	5.7787609608
7.66388888889	5.7794925523
7.66666666667	5.7802236418
7.66944444444	5.7809542299
7.67222222222	5.7816843171
7.675	5.7824139041
7.67777777778	5.7831429914
7.68055555556	5.7838715797
7.68333333333	5.7845996696
7.68611111111	5.7853272616
7.68888888889	5.7860543563
7.69166666667	5.7867809544
7.69444444444	5.7875070564
7.69722222222	5.7882326629
7.7	5.7889577745
7.70277777778	5.7896823918
7.70555555556	5.7904065154
7.70833333333	5.7911301458
7.71111111111	5.7918532837
7.71388888889	5.7925759296
7.71666666667	5.7932980841
7.71944444444	5.7940197478
7.72222222222	5.7947409213
7.725	5.7954616051
7.72777777778	5.7961817998
7.73055555556	5.7969015061
7.73333333333	5.7976207244
7.73611111111	5.7983394555
7.73888888889	5.7990576997
7.74166666667	5.7997754577
7.74444444444	5.8004927301
7.74722222222	5.8012095175
7.75	5.8019258204
7.75277777778	5.8026416394
7.75555555556	5.8033569750
7.75833333333	5.8040718279
7.76111111111	5.8047861985
7.76388888889	5.8055000876
7.76666666667	5.8062134955
7.76944444444	5.8069264229
7.77222222222	5.8076388704
7.775	5.8083508385
7.77777777778	5.8090623277
7.78055555556	5.8097733387
7.78333333333	5.8104838719
7.78611111111	5.8111939281
7.78888888889	5.8119035076
7.79166666667	5.8126126110
7.79444444444	5.8133212390
7.79722222222	5.8140293921
7.8	5.8147370707
7.80277777778	5.8154442756
7.80555555556	5.8161510072
7.80833333333	5.8168572660
7.81111111111	5.8175630527
7.81388888889	5.8182683677
7.81666666667	5.8189732117
7.81944444444	5.8196775851
7.82222222222	5.8203814885
7.825	5.8210849225
7.82777777778	5.8217878876
7.83055555556	5.8224903843
7.83333333333	5.8231924132
7.83611111111	5.8238939748
7.83888888889	5.8245950697
7.84166666667	5.8252956984
7.84444444444	5.8259958615
7.84722222222	5.8266955594
7.85	5.8273947927
7.85277777778	5.8280935620
7.85555555556	5.8287918677
7.85833333333	5.8294897105
7.86111111111	5.8301870908
7.86388888889	5.8308840092
7.86666666667	5.8315804662
7.86944444444	5.8322764624
7.87222222222	5.8329719982
7.875	5.8336670743
7.87777777778	5.8343616910
7.88055555556	5.8350558490
7.88333333333	5.8357495488
7.88611111111	5.8364427909
7.88888888889	5.8371355758
7.89166666667	5.8378279041
7.89444444444	5.8385197762
7.89722222222	5.8392111928
7.9	5.8399021542
7.90277777778	5.8405926611
7.90555555556	5.8412827139
7.90833333333	5.8419723132
7.91111111111	5.8426614595
7.91388888889	5.8433501533
7.91666666667	5.8440383951
7.91944444444	5.8447261854
7.92222222222	5.8454135248
7.925	5.8461004137
7.92777777778	5.8467868527
7.93055555556	5.8474728423
7.93333333333	5.8481583829
7.93611111111	5.8488434752
7.93888888889	5.8495281195
7.94166666667	5.8502123165
7.94444444444	5.8508960666
7.94722222222	5.8515793703
7.95	5.8522622281
7.95277777778	5.8529446406
7.95555555556	5.8536266082
7.95833333333	5.8543081315
7.96111111111	5.8549892109
7.96388888889	5.8556698469
7.96666666667	5.8563500401
7.96944444444	5.8570297909
7.97222222222	5.8577090998
7.975	5.8583879674
7.97777777778	5.8590663941
7.98055555556	5.8597443805
7.98333333333	5.8604219270
7.98611111111	5.8610990340
7.98888888889	5.8617757022
7.99166666667	5.8624519320
7.99444444444	5.8631277239
7.99722222222	5.8638030784
8.0	5.8644779959
8.00277777778	5.8651524770
8.00555555556	5.8658265222
8.00833333333	5.8665001319
8.01111111111	5.8671733066
8.01388888889	5.8678460468
8.01666666667	5.8685183531
8.01944444444	5.8691902258
8.02222222222	5.8698616655
8.025	5.8705326726
8.02777777778	5.8712032476
8.03055555556	5.8718733911
8.03333333333	5.8725431035
8.03611111111	5.8732123852
8.03888888889	5.8738812368
8.04166666667	5.8745496587
8.04444444444	5.8752176514
8.04722222222	5.8758852154
8.05	5.8765523512
8.05277777778	5.8772190592
8.05555555556	5.8778853399
8.05833333333	5.8785511937
8.06111111111	5.8792166213
8.06388888889	5.8798816229
8.06666666667	5.8805461992
8.06944444444	5.8812103505
8.07222222222	5.8818740774
8.075	5.8825373802
8.07777777778	5.8832002596
8.08055555556	5.8838627159
8.08333333333	5.8845247496
8.08611111111	5.8851863611
8.08888888889	5.8858475510
8.09166666667	5.8865083197
8.09444444444	5.8871686677
8.09722222222	5.8878285954
8.1	5.8884881033
8.10277777778	5.8891471918
8.10555555556	5.8898058615
8.10833333333	5.8904641127
8.11111111111	5.8911219460
8.11388888889	5.8917793617
8.11666666667	5.8924363604
8.11944444444	5.8930929425
8.12222222222	5.8937491085
8.125	5.8944048588
8.12777777778	5.8950601939
8.13055555556	5.8957151141
8.13333333333	5.8963696201
8.13611111111	5.8970237122
8.13888888889	5.8976773909
8.14166666667	5.8983306566
8.14444444444	5.8989835098
8.14722222222	5.8996359509
8.15	5.9002879805
8.15277777778	5.9009395988
8.15555555556	5.9015908064
8.15833333333	5.9022416038
8.16111111111	5.9028919913
8.16388888889	5.9035419695
8.16666666667	5.9041915387
8.16944444444	5.9048406994
8.17222222222	5.9054894521
8.175	5.9061377971
8.17777777778	5.9067857350
8.18055555556	5.9074332662
8.18333333333	5.9080803911
8.18611111111	5.9087271101
8.18888888889	5.9093734238
8.19166666667	5.9100193324
8.19444444444	5.9106648366
8.19722222222	5.9113099366
8.2	5.9119546330
8.20277777778	5.9125989262
8.20555555556	5.9132428166
8.20833333333	5.9138863046
8.21111111111	5.9145293907
8.21388888889	5.9151720753
8.21666666667	5.9158143589
8.21944444444	5.9164562419
8.22222222222	5.9170977247
8.225	5.9177388077
8.22777777778	5.9183794913
8.23055555556	5.9190197761
8.23333333333	5.9196596624
8.23611111111	5.9202991507
8.23888888889	5.9209382413
8.24166666667	5.9215769348
8.24444444444	5.9222152314
8.24722222222	5.9228531318
8.25	5.9234906362
8.25277777778	5.9241277451
8.25555555556	5.9247644589
8.25833333333	5.9254007781
8.26111111111	5.9260367031
8.26388888889	5.9266722343
8.26666666667	5.9273073720
8.26944444444	5.9279421168
8.27222222222	5.9285764691
8.275	5.9292104292
8.27777777778	5.9298439976
8.28055555556	5.9304771747
8.28333333333	5.9311099609
8.28611111111	5.9317423567
8.28888888889	5.9323743624
8.29166666667	5.9330059785
8.29444444444	5.9336372053
8.29722222222	5.9342680434
8.3	5.9348984930
8.30277777778	5.9355285547
8.30555555556	5.9361582288
8.30833333333	5.9367875157
8.31111111111	5.9374164159
8.31388888889	5.9380449297
8.31666666667	5.9386730576
8.31944444444	5.9393008000
8.32222222222	5.9399281572
8.325	5.9405551297
8.32777777778	5.9411817179
8.33055555556	5.9418079223
8.33333333333	5.9424337431
8.33611111111	5.9430591808
8.33888888889	5.9436842358
8.34166666667	5.9443089086
8.34444444444	5.9449331994
8.34722222222	5.9455571088
8.35	5.9461806371
8.35277777778	5.9468037847
8.35555555556	5.9474265521
8.35833333333	5.9480489395
8.36111111111	5.9486709475
8.36388888889	5.9492925764
8.36666666667	5.9499138266
8.36944444444	5.9505346985
8.37222222222	5.9511551925
8.375	5.9517753090
8.37777777778	5.9523950484
8.38055555556	5.9530144111
8.38333333333	5.9536333974
8.38611111111	5.9542520079
8.38888888889	5.9548702428
8.39166666667	5.9554881026
8.39444444444	5.9561055876
8.39722222222	5.9567226983
8.4	5.9573394350
8.40277777778	5.9579557981
8.40555555556	5.9585717881
8.40833333333	5.9591874052
8.41111111111	5.9598026499
8.41388888889	5.9604175226
8.41666666667	5.9610320237
8.41944444444	5.9616461535
8.42222222222	5.9622599125
8.425	5.9628733009
8.42777777778	5.9634863193
8.43055555556	5.9640989680
8.43333333333	5.9647112473
8.43611111111	5.9653231577
8.43888888889	5.9659346995
8.44166666667	5.9665458731
8.44444444444	5.9671566789
8.44722222222	5.9677671173
8.45	5.9683771887
8.45277777778	5.9689868934
8.45555555556	5.9695962318
8.45833333333	5.9702052043
8.46111111111	5.9708138113
8.46388888889	5.9714220531
8.46666666667	5.9720299301
8.46944444444	5.9726374428
8.47222222222	5.9732445914
8.475	5.9738513763
8.47777777778	5.9744577980
8.48055555556	5.9750638568
8.48333333333	5.9756695530
8.48611111111	5.9762748871
8.48888888889	5.9768798594
8.49166666667	5.9774844703
8.49444444444	5.9780887201
8.49722222222	5.9786926093
8.5	5.9792961381
8.50277777778	5.9798993070
8.50555555556	5.9805021164
8.50833333333	5.9811045665
8.51111111111	5.9817066578
8.51388888889	5.9823083907
8.51666666667	5.9829097654
8.51944444444	5.9835107824
8.52222222222	5.9841114421
8.525	5.9847117447
8.52777777778	5.9853116907
8.53055555556	5.9859112804
8.53333333333	5.9865105142
8.53611111111	5.9871093925
8.53888888889	5.9877079155
8.54166666667	5.9883060838
8.54444444444	5.9889038975
8.54722222222	5.9895013572
8.55	5.9900984631
8.55277777778	5.9906952156
8.55555555556	5.9912916151
8.55833333333	5.9918876619
8.56111111111	5.9924833564
8.56388888889	5.9930786990
8.56666666667	5.9936736899
8.56944444444	5.9942683296
8.57222222222	5.9948626185
8.575	5.9954565567
8.57777777778	5.9960501448
8.58055555556	5.9966433831
8.58333333333	5.9972362719
8.58611111111	5.9978288116
8.58888888889	5.9984210026
8.59166666667	5.9990128451
8.59444444444	5.9996043395
8.59722222222	6.0001954863
8.6	6.0007862856
8.60277777778	6.0013767380
8.60555555556	6.0019668437
8.60833333333	6.0025566031
8.61111111111	6.0031460165
8.61388888889	6.0037350843
8.61666666667	6.0043238069
8.61944444444	6.0049121845
8.62222222222	6.0055002175
8.625	6.0060879063
8.62777777778	6.0066752512
8.63055555556	6.0072622526
8.63333333333	6.0078489108
8.63611111111	6.0084352261
8.63888888889	6.0090211990
8.64166666667	6.0096068296
8.64444444444	6.0101921184
8.64722222222	6.0107770658
8.65	6.0113616720
8.65277777778	6.0119459374
8.65555555556	6.0125298623
8.65833333333	6.0131134471
8.66111111111	6.0136966922
8.66388888889	6.0142795978
8.66666666667	6.0148621643
8.66944444444	6.0154443920
8.67222222222	6.0160262813
8.675	6.0166078325
8.67777777778	6.0171890459
8.68055555556	6.0177699219
8.68333333333	6.0183504609
8.68611111111	6.0189306631
8.68888888889	6.0195105288
8.69166666667	6.0200900585
8.69444444444	6.0206692525
8.69722222222	6.0212481110
8.7	6.0218266344
8.70277777778	6.0224048231
8.70555555556	6.0229826774
8.70833333333	6.0235601976
8.71111111111	6.0241373840
8.71388888889	6.0247142370
8.71666666667	6.0252907569
8.71944444444	6.0258669440
8.72222222222	6.0264427987
8.725	6.0270183213
8.72777777778	6.0275935121
8.73055555556	6.0281683714
8.73333333333	6.0287428996
8.73611111111	6.0293170970
8.73888888889	6.0298909639
8.74166666667	6.0304645007
8.74444444444	6.0310377076
8.74722222222	6.0316105850
8.75	6.0321831333
8.75277777778	6.0327553527
8.75555555556	6.0333272435
8.75833333333	6.0338988062
8.76111111111	6.0344700409
8.76388888889	6.0350409481
8.76666666667	6.0356115281
8.76944444444	6.0361817811
8.77222222222	6.0367517075
8.775	6.0373213077
8.77777777778	6.0378905818
8.78055555556	6.0384595303
8.78333333333	6.0390281535
8.78611111111	6.0395964517
8.78888888889	6.0401644252
8.79166666667	6.0407320743
8.79444444444	6.0412993994
8.79722222222	6.0418664007
8.8	6.0424330786
8.80277777778	6.0429994333
8.80555555556	6.0435654653
8.80833333333	6.0441311748
8.81111111111	6.0446965621
8.81388888889	6.0452616276
8.81666666667	6.0458263715
8.81944444444	6.0463907942
8.82222222222	6.0469548960
8.825	6.0475186772
8.82777777778	6.0480821381
8.83055555556	6.0486452790
8.83333333333	6.0492081002
8.83611111111	6.0497706021
8.83888888889	6.0503327849
8.84166666667	6.0508946490
8.84444444444	6.0514561946
8.84722222222	6.0520174221
8.85	6.0525783318
8.85277777778	6.0531389240
8.85555555556	6.0536991989
8.85833333333	6.0542591570
8.86111111111	6.0548187985
8.86388888889	6.0553781237
8.86666666667	6.0559371329
8.86944444444	6.0564958265
8.87222222222	6.0570542046
8.875	6.0576122677
8.87777777778	6.0581700161
8.88055555556	6.0587274499
8.88333333333	6.0592845697
8.88611111111	6.0598413755
8.88888888889	6.0603978678
8.89166666667	6.0609540469
8.89444444444	6.0615099130
8.89722222222	6.0620654664
8.9	6.0626207075
8.90277777778	6.0631756366
8.90555555556	6.0637302539
8.90833333333	6.0642845597
8.91111111111	6.0648385544
8.91388888889	6.0653922382
8.91666666667	6.0659456115
8.91944444444	6.0664986745
8.92222222222	6.0670514276
8.925	6.0676038709
8.92777777778	6.0681560049
8.93055555556	6.0687078299
8.93333333333	6.0692593460
8.93611111111	6.0698105537
8.93888888889	6.0703614532
8.94166666667	6.0709120447
8.94444444444	6.0714623287
8.94722222222	6.0720123053
8.95	6.0725619750
8.95277777778	6.0731113379
8.95555555556	6.0736603944
8.95833333333	6.0742091447
8.96111111111	6.0747575892
8.96388888889	6.0753057281
8.96666666667	6.0758535617
8.96944444444	6.0764010904
8.97222222222	6.0769483144
8.975	6.0774952339
8.97777777778	6.0780418494
8.98055555556	6.0785881610
8.98333333333	6.0791341691
8.98611111111	6.0796798740
8.98888888889	6.0802252759
8.99166666667	6.0807703751
8.99444444444	6.0813151719
8.99722222222	6.0818596666
9.0	6.0824038595
9.00277777778	6.0829477509
9.00555555556	6.0834913410
9.00833333333	6.0840346301
9.01111111111	6.0845776186
9.01388888889	6.0851203067
9.01666666667	6.0856626947
9.01944444444	6.0862047828
9.02222222222	6.0867465714
9.025	6.0872880607
9.02777777778	6.0878292510
9.03055555556	6.0883701427
9.03333333333	6.0889107359
9.03611111111	6.0894510310
9.03888888889	6.0899910282
9.04166666667	6.0905307278
9.04444444444	6.0910701301
9.04722222222	6.0916092355
9.05	6.0921480440
9.05277777778	6.0926865561
9.05555555556	6.0932247720
9.05833333333	6.0937626920
9.06111111111	6.0943003164
9.06388888889	6.0948376454
9.06666666667	6.0953746793
9.06944444444	6.0959114185
9.07222222222	6.0964478631
9.075	6.0969840134
9.07777777778	6.0975198698
9.08055555556	6.0980554324
9.08333333333	6.0985907017
9.08611111111	6.0991256778
9.08888888889	6.0996603610
9.09166666667	6.1001947515
9.09444444444	6.1007288498
9.09722222222	6.1012626560
9.1	6.1017961704
9.10277777778	6.1023293932
9.10555555556	6.1028623249
9.10833333333	6.1033949655
9.11111111111	6.1039273154
9.11388888889	6.1044593749
9.11666666667	6.1049911443
9.11944444444	6.1055226237
9.12222222222	6.1060538135
9.125	6.1065847139
9.12777777778	6.1071153253
9.13055555556	6.1076456478
9.13333333333	6.1081756817
9.13611111111	6.1087054274
9.13888888889	6.1092348851
9.14166666667	6.1097640549
9.14444444444	6.1102929373
9.14722222222	6.1108215325
9.15	6.1113498407
9.15277777778	6.1118778622
9.15555555556	6.1124055973
9.15833333333	6.1129330462
9.16111111111	6.1134602092
9.16388888889	6.1139870866
9.16666666667	6.1145136786
9.16944444444	6.1150399855
9.17222222222	6.1155660075
9.175	6.1160917450
9.17777777778	6.1166171981
9.18055555556	6.1171423672
9.18333333333	6.1176672524
9.18611111111	6.1181918541
9.18888888889	6.1187161726
9.19166666667	6.1192402080
9.19444444444	6.1197639606
9.19722222222	6.1202874308
9.2	6.1208106187
9.20277777778	6.1213335246
9.20555555556	6.1218561488
9.20833333333	6.1223784915
9.21111111111	6.1229005530
9.21388888889	6.1234223336
9.21666666667	6.1239438335
9.21944444444	6.1244650529
9.22222222222	6.1249859921
9.225	6.1255066515
9.22777777778	6.1260270311
9.23055555556	6.1265471313
9.23333333333	6.1270669524
9.23611111111	6.1275864946
9.23888888889	6.1281057581
9.24166666667	6.1286247432
9.24444444444	6.1291434502
9.24722222222	6.1296618792
9.25	6.1301800307
9.25277777778	6.1306979047
9.25555555556	6.1312155017
9.25833333333	6.1317328217
9.26111111111	6.1322498651
9.26388888889	6.1327666322
9.26666666667	6.1332831231
9.26944444444	6.1337993381
9.27222222222	6.1343152775
9.275	6.1348309416
9.27777777778	6.1353463305
9.28055555556	6.1358614445
9.28333333333	6.1363762839
9.28611111111	6.1368908489
9.28888888889	6.1374051398
9.29166666667	6.1379191568
9.29444444444	6.1384329002
9.29722222222	6.1389463702
9.3	6.1394595671
9.30277777778	6.1399724910
9.30555555556	6.1404851423
9.30833333333	6.1409975212
9.31111111111	6.1415096280
9.31388888889	6.1420214628
9.31666666667	6.1425330260
9.31944444444	6.1430443178
9.32222222222	6.1435553384
9.325	6.1440660880
9.32777777778	6.1445765670
9.33055555556	6.1450867755
9.33333333333	6.1455967138
9.33611111111	6.1461063822
9.33888888889	6.1466157808
9.34166666667	6.1471249100
9.34444444444	6.1476337700
9.34722222222	6.1481423609
9.35	6.1486506831
9.35277777778	6.1491587368
9.35555555556	6.1496665223
9.35833333333	6.1501740397
9.36111111111	6.1506812893
9.36388888889	6.1511882714
9.36666666667	6.1516949862
9.36944444444	6.1522014339
9.37222222222	6.1527076148
9.375	6.1532135291
9.37777777778	6.1537191770
9.38055555556	6.1542245589
9.38333333333	6.1547296748
9.38611111111	6.1552345251
9.38888888889	6.1557391100
9.39166666667	6.1562434298
9.39444444444	6.1567474846
9.39722222222	6.1572512748
9.4	6.1577548004
9.40277777778	6.1582580619
9.40555555556	6.1587610594
9.40833333333	6.1592637931
9.41111111111	6.1597662633
9.41388888889	6.1602684702
9.41666666667	6.1607704141
9.41944444444	6.1612720951
9.42222222222	6.1617735136
9.425	6.1622746697
9.42777777778	6.1627755637
9.43055555556	6.1632761959
9.43333333333	6.1637765664
9.43611111111	6.1642766754
9.43888888889	6.1647765233
9.44166666667	6.1652761102
9.44444444444	6.1657754364
9.44722222222	6.1662745021
9.45	6.1667733076
9.45277777778	6.1672718530
9.45555555556	6.1677701386
9.45833333333	6.1682681646
9.46111111111	6.1687659313
9.46388888889	6.1692634388
9.46666666667	6.1697606875
9.46944444444	6.1702576775
9.47222222222	6.1707544091
9.475	6.1712508825
9.47777777778	6.1717470979
9.48055555556	6.1722430556
9.48333333333	6.1727387557
9.48611111111	6.1732341986
9.48888888889	6.1737293844
9.49166666667	6.1742243133
9.49444444444	6.1747189856
9.49722222222	6.1752134016
9.5	6.1757075613
9.50277777778	6.1762014651
9.50555555556	6.1766951132
9.50833333333	6.1771885059
9.51111111111	6.1776816432
9.51388888889	6.1781745255
9.51666666667	6.1786671530
9.51944444444	6.1791595259
9.52222222222	6.1796516444
9.525	6.1801435087
9.52777777778	6.1806351191
9.53055555556	6.1811264758
9.53333333333	6.1816175791
9.53611111111	6.1821084290
9.53888888889	6.1825990260
9.54166666667	6.1830893701
9.54444444444	6.1835794616
9.54722222222	6.1840693007
9.55	6.1845588876
9.55277777778	6.1850482226
9.55555555556	6.1855373059
9.55833333333	6.1860261377
9.56111111111	6.1865147182
9.56388888889	6.1870030476
9.56666666667	6.1874911262
9.56944444444	6.1879789542
9.57222222222	6.1884665317
9.575	6.1889538591
9.57777777778	6.1894409365
9.58055555556	6.1899277641
9.58333333333	6.1904143422
9.58611111111	6.1909006709
9.58888888889	6.1913867506
9.59166666667	6.1918725813
9.59444444444	6.1923581634
9.59722222222	6.1928434970
9.6	6.1933285824
9.60277777778	6.1938134197
9.60555555556	6.1942980093
9.60833333333	6.1947823512
9.61111111111	6.1952664457
9.61388888889	6.1957502931
9.61666666667	6.1962338934
9.61944444444	6.1967172471
9.62222222222	6.1972003542
9.625	6.1976832150
9.62777777778	6.1981658297
9.63055555556	6.1986481984
9.63333333333	6.1991303215
9.63611111111	6.1996121992
9.63888888889	6.2000938315
9.64166666667	6.2005752188
9.64444444444	6.2010563613
9.64722222222	6.2015372591
9.65	6.2020179125
9.65277777778	6.2024983218
9.65555555556	6.2029784870
9.65833333333	6.2034584084
9.66111111111	6.2039380862
9.66388888889	6.2044175207
9.66666666667	6.2048967120
9.66944444444	6.2053756604
9.67222222222	6.2058543660
9.675	6.2063328290
9.67777777778	6.2068110498
9.68055555556	6.2072890284
9.68333333333	6.2077667651
9.68611111111	6.2082442601
9.68888888889	6.2087215136
9.69166666667	6.2091985258
9.69444444444	6.2096752969
9.69722222222	6.2101518272
9.7	6.2106281167
9.70277777778	6.2111041658
9.70555555556	6.2115799746
9.70833333333	6.2120555434
9.71111111111	6.2125308723
9.71388888889	6.2130059616
9.71666666667	6.2134808114
9.71944444444	6.2139554219
9.72222222222	6.2144297935
9.725	6.2149039261
9.72777777778	6.2153778202
9.73055555556	6.2158514758
9.73333333333	6.2163248932
9.73611111111	6.2167980726
9.73888888889	6.2172710142
9.74166666667	6.2177437181
9.74444444444	6.2182161846
9.74722222222	6.2186884139
9.75	6.2191604062
9.75277777778	6.2196321617
9.75555555556	6.2201036805
9.75833333333	6.2205749630
9.76111111111	6.2210460092
9.76388888889	6.2215168194
9.76666666667	6.2219873938
9.76944444444	6.2224577326
9.77222222222	6.2229278360
9.775	6.2233977042
9.77777777778	6.2238673373
9.78055555556	6.2243367356
9.78333333333	6.2248058993
9.78611111111	6.2252748286
9.78888888889	6.2257435237
9.79166666667	6.2262119847
9.79444444444	6.2266802119
9.79722222222	6.2271482055
9.8	6.2276159657
9.80277777778	6.2280834926
9.80555555556	6.2285507864
9.80833333333	6.2290178475
9.81111111111	6.2294846758
9.81388888889	6.2299512717
9.81666666667	6.2304176354
9.81944444444	6.2308837670
9.82222222222	6.2313496667
9.825	6.2318153348
9.82777777778	6.2322807714
9.83055555556	6.2327459766
9.83333333333	6.2332109508
9.83611111111	6.2336756941
9.83888888889	6.2341402067
9.84166666667	6.2346044888
9.84444444444	6.2350685406
9.84722222222	6.2355323623
9.85	6.2359959540
9.85277777778	6.2364593160
9.85555555556	6.2369224484
9.85833333333	6.2373853515
9.86111111111	6.2378480254
9.86388888889	6.2383104703
9.86666666667	6.2387726865
9.86944444444	6.2392346741
9.87222222222	6.2396964332
9.875	6.2401579642
9.87777777778	6.2406192672
9.88055555556	6.2410803423
9.88333333333	6.2415411898
9.88611111111	6.2420018098
9.88888888889	6.2424622026
9.89166666667	6.2429223683
9.89444444444	6.2433823071
9.89722222222	6.2438420193
9.9	6.2443015049
9.90277777778	6.2447607642
9.90555555556	6.2452197974
9.90833333333	6.2456786047
9.91111111111	6.2461371862
9.91388888889	6.2465955421
9.91666666667	6.2470536727
9.91944444444	6.2475115781
9.92222222222	6.2479692584
9.925	6.2484267140
9.92777777778	6.2488839449
9.93055555556	6.2493409514
9.93333333333	6.2497977336
9.93611111111	6.2502542917
9.93888888889	6.2507106260
9.94166666667	6.2511667366
9.94444444444	6.2516226236
9.94722222222	6.2520782873
9.95	6.2525337279
9.95277777778	6.2529889455
9.95555555556	6.2534439403
9.95833333333	6.2538987125
9.96111111111	6.2543532623
9.96388888889	6.2548075899
9.96666666667	6.2552616954
9.96944444444	6.2557155791
9.97222222222	6.2561692410
9.975	6.2566226815
9.97777777778	6.2570759007
9.98055555556	6.2575288987
9.98333333333	6.2579816758
9.98611111111	6.2584342322
9.98888888889	6.2588865679
9.99166666667	6.2593386832
9.99444444444	6.2597905783
9.99722222222	6.2602422534
10.0	6.2606937085
