0.0	2.9091196405
0.0166666666667	2.9126951132
0.0333333333333	2.9163878010
0.05	2.9200197699
0.0666666666667	2.9237433612
0.0833333333333	2.9274204330
0.1	2.9311774294
0.116666666667	2.9348967641
0.133333333333	2.9386880241
0.15	2.9424480292
0.166666666667	2.9462738293
0.183333333333	2.9500733374
0.2	2.9539336720
0.216666666667	2.9577717142
0.233333333333	2.9616664175
0.25	2.9655421358
0.266666666667	2.9694709417
0.283333333333	2.9733835478
0.3	2.9773461243
0.316666666667	2.9812948776
0.333333333333	2.9852908468
0.35	2.9892750421
0.366666666667	2.9933039942
0.383333333333	2.9973229534
0.4	3.0013844556
0.416666666667	3.0054375232
0.433333333333	3.0095311266
0.45	3.0136176658
0.466666666667	3.0177429100
0.483333333333	3.0218623006
0.5	3.0260187173
0.516666666667	3.0301703539
0.533333333333	3.0343574700
0.55	3.0385407609
0.566666666667	3.0427581006
0.583333333333	3.0469724665
0.6	3.0512195531
0.616666666667	3.0554644267
0.633333333333	3.0597407840
0.65	3.0640156094
0.666666666667	3.0683207628
0.683333333333	3.0726249949
0.7	3.0769584726
0.716666666667	3.0812915771
0.733333333333	3.0856529106
0.75	3.0900143634
0.766666666667	3.0944030884
0.783333333333	3.0987923754
0.8	3.1032080324
0.816666666667	3.1076246496
0.833333333333	3.1120667841
0.85	3.1165102371
0.866666666667	3.1209784003
0.883333333333	3.1254482045
0.9	3.1299419534
0.916666666667	3.1344376334
0.933333333333	3.1389565315
0.95	3.1434776215
0.966666666667	3.1480212385
0.983333333333	3.1525672820
1.0	3.1571351946
1.01666666667	3.1617057442
1.03333333333	3.1662975357
1.05	3.1708921533
1.06666666667	3.1755074142
1.08333333333	3.1801256707
1.1	3.1847639987
1.11666666667	3.1894054740
1.13333333333	3.1940664741
1.15	3.1987307571
1.16666666667	3.2034140418
1.18333333333	3.2081007303
1.2	3.2128059193
1.21666666667	3.2175146201
1.23333333333	3.2222413410
1.25	3.2269716693
1.26666666667	3.2317195572
1.28333333333	3.2364711374
1.3	3.2412398350
1.31666666667	3.2460123000
1.33333333333	3.2508014579
1.35	3.2555944493
1.36666666667	3.2604037257
1.38333333333	3.2652168937
1.4	3.2700459548
1.41666666667	3.2748789582
1.43333333333	3.2797274780
1.45	3.2845799841
1.46666666667	3.2894476443
1.48333333333	3.2943193291
1.5	3.2992058192
1.51666666667	3.3040963672
1.53333333333	3.3090013849
1.55	3.3139104887
1.56666666667	3.3188337395
1.58333333333	3.3237611005
1.6	3.3287022978
1.61666666667	3.3336476256
1.63333333333	3.3386064907
1.65	3.3435695035
1.66666666667	3.3485457657
1.68333333333	3.3535261900
1.7	3.3585195865
1.71666666667	3.3635171570
1.73333333333	3.3685274332
1.75	3.3735418932
1.76666666667	3.3785688023
1.78333333333	3.3835999034
1.8	3.3886432067
1.81666666667	3.3936907088
1.83333333333	3.3987501756
1.85	3.4038138470
1.86666666667	3.4088892549
1.88333333333	3.4139688721
1.9	3.4190600067
1.91666666667	3.4241553548
1.93333333333	3.4292620098
1.95	3.4343728823
1.96666666667	3.4394948596
1.98333333333	3.4446210584
2.0	3.4497581681
2.01666666667	3.4548995035
2.03333333333	3.4600515642
2.05	3.4652078551
2.06666666667	3.4703746935
2.08333333333	3.4755457674
2.1	3.4807272187
2.11666666667	3.4859129117
2.13333333333	3.4911088196
2.15	3.4963089763
2.16666666667	3.5015191932
2.18333333333	3.5067336672
2.2	3.5119580539
2.21666666667	3.5171867075
2.23333333333	3.5224251337
2.25	3.5276678382
2.26666666667	3.5329201825
2.28333333333	3.5381768183
2.3	3.5434429680
2.31666666667	3.5487134246
2.33333333333	3.5539932765
2.35	3.5592774527
2.36666666667	3.5645709126
2.38333333333	3.5698687165
2.4	3.5751756998
2.41666666667	3.5804870494
2.43333333333	3.5858074808
2.45	3.5911323036
2.46666666667	3.5964661178
2.48333333333	3.6018043514
2.5	3.6071514930
2.51666666667	3.6125030852
2.53333333333	3.6178635090
2.55	3.6232284179
2.56666666667	3.6286020893
2.58333333333	3.6339802836
2.6	3.6393671785
2.61666666667	3.6447586380
2.63333333333	3.6501587434
2.65	3.6555634591
2.66666666667	3.6609767733
2.68333333333	3.6663947478
2.7	3.6718212807
2.71666666667	3.6772525284
2.73333333333	3.6826923021
2.75	3.6881368497
2.76666666667	3.6935898987
2.78333333333	3.6990477857
2.8	3.7045141573
2.81666666667	3.7099854364
2.83333333333	3.7154651916
2.85	3.7209499291
2.86666666667	3.7264431424
2.88333333333	3.7319414191
2.9	3.7374481797
2.91666666667	3.7429600910
2.93333333333	3.7484805033
2.95	3.7540061603
2.96666666667	3.7595403444
2.98333333333	3.7650798743
3.0	3.7706279670
3.01666666667	3.7761815141
3.03333333333	3.7817436696
3.05	3.7873113960
3.06666666667	3.7928877868
3.08333333333	3.7984698737
3.1	3.8040606915
3.11666666667	3.8096573398
3.13333333333	3.8152627970
3.15	3.8208742286
3.16666666667	3.8264945590
3.18333333333	3.8321210183
3.2	3.8377564789
3.21666666667	3.8433982339
3.23333333333	3.8490491059
3.25	3.8547064500
3.26666666667	3.8603730409
3.28333333333	3.8660462944
3.3	3.8717289394
3.31666666667	3.8774184516
3.33333333333	3.8831175160
3.35	3.8888236672
3.36666666667	3.8945395485
3.38333333333	3.9002627523
3.4	3.9059958827
3.41666666667	3.9117365891
3.43333333333	3.9174874382
3.45	3.9232461361
3.46666666667	3.9290152143
3.48333333333	3.9347924352
3.5	3.9405802971
3.51666666667	3.9463766187
3.53333333333	3.9521838676
3.55	3.9579999182
3.56666666667	3.9638272100
3.58333333333	3.9696636735
3.6	3.9755117227
3.61666666667	3.9813693442
3.63333333333	3.9872389293
3.65	3.9931185217
3.66666666667	3.9990104927
3.68333333333	4.0049129439
3.7	4.0108282299
3.71666666667	4.0167545116
3.73333333333	4.0226941307
3.75	4.0286453088
3.76666666667	4.0346103784
3.78333333333	4.0405876245
3.8	4.0465793749
3.81666666667	4.0525839806
3.83333333333	4.0586037699
3.85	4.0646371634
3.86666666667	4.0706864959
3.88333333333	4.0767502623
3.9	4.0828308108
3.91666666667	4.0889267162
3.93333333333	4.0950403487
3.95	4.1011703704
3.96666666667	4.1073191832
3.98333333333	4.1134855460
4.0	4.1196719051
4.01666666667	4.1258771280
4.03333333333	4.1321037205
4.05	4.1383506749
4.06666666667	4.1446205760
4.08333333333	4.1509125612
4.1	4.1572293201
4.11666666667	4.1635701630
4.13333333333	4.1699379176
4.15	4.1763321048
4.16666666667	4.1827557370
4.18333333333	4.1892085985
4.2	4.1956939507
4.21666666667	4.2022119176
4.23333333333	4.2087661040
4.25	4.2153570875
4.26666666667	4.2219889597
4.28333333333	4.2286629306
4.3	4.2353838085
4.31666666667	4.2421537336
4.33333333333	4.2489786274
4.35	4.2558620970
4.36666666667	4.2628119292
4.38333333333	4.2698342819
4.4	4.2769404423
4.41666666667	4.2841417161
4.43333333333	4.2914573233
4.45	4.2989120694
4.46666666667	4.3065514737
4.48333333333	4.3144676225
4.5	4.3235802758
4.51666666667	4.3338577175
4.53333333333	4.3443605127
4.55	4.3549858976
4.56666666667	4.3656863745
4.58333333333	4.3764307605
4.6	4.3872002954
4.61666666667	4.3979788848
4.63333333333	4.4087568433
4.65	4.4195240625
4.66666666667	4.4302750194
4.68333333333	4.4410026638
4.7	4.4517037634
4.71666666667	4.4623730636
4.73333333333	4.4730087354
4.75	4.4836066747
4.76666666667	4.4941659744
4.78333333333	4.5046833129
4.8	4.5151584184
4.81666666667	4.5255885250
4.83333333333	4.5359738141
4.85	4.5463119268
4.86666666667	4.5566033763
4.88333333333	4.5668461098
4.9	4.5770408878
4.91666666667	4.5871858921
4.93333333333	4.5972820701
4.95	4.6073277868
4.96666666667	4.6173241319
4.98333333333	4.6272696151
5.0	4.6371654356
5.01666666667	4.6470102187
5.03333333333	4.6568052479
5.05	4.6665492417
5.06666666667	4.6762435487
5.08333333333	4.6858869634
5.1	4.6954808838
5.11666666667	4.7050241671
5.13333333333	4.7145182488
5.15	4.7239620378
5.16666666667	4.7333569979
5.18333333333	4.7427020806
5.2	4.7519987704
5.21666666667	4.7612460547
5.23333333333	4.7704454322
5.25	4.7795959208
5.26666666667	4.7886990284
5.28333333333	4.7977537983
5.3	4.8067617437
5.31666666667	4.8157219299
5.33333333333	4.8246358718
5.35	4.8335026532
5.36666666667	4.8423237883
5.38333333333	4.8510983769
5.4	4.8598279299
5.41666666667	4.8685115610
5.43333333333	4.8771507763
5.45	4.8857447013
5.46666666667	4.8942948355
5.48333333333	4.9028003153
5.5	4.9112624795
5.51666666667	4.9196644359
5.53333333333	4.9280082106
5.55	4.9362934793
5.56666666667	4.9445222165
5.58333333333	4.9526940654
5.6	4.9608109526
5.61666666667	4.9688724930
5.63333333333	4.9768805683
5.65	4.9848347679
5.66666666667	4.9927369318
5.68333333333	5.0005866260
5.7	5.0083856510
5.71666666667	5.0161335518
5.73333333333	5.0238320914
5.75	5.0314807957
5.76666666667	5.0390813920
5.78333333333	5.0466333886
5.8	5.0541384789
5.81666666667	5.0615961553
5.83333333333	5.0690080788
5.85	5.0763737273
5.86666666667	5.0836947307
5.88333333333	5.0909705536
5.9	5.0982027962
5.91666666667	5.1053909112
5.93333333333	5.1125364702
5.95	5.1196389148
5.96666666667	5.1266997893
5.98333333333	5.1337185253
6.0	5.1406966409
6.01666666667	5.1476335587
6.03333333333	5.1545307711
6.05	5.1613876927
6.06666666667	5.1682057916
6.08333333333	5.1749844748
6.1	5.1817251868
6.11666666667	5.1884273282
6.13333333333	5.1950923204
6.15	5.2017195582
6.16666666667	5.2083104409
6.18333333333	5.2148643581
6.2	5.2213826875
6.21666666667	5.2278648142
6.23333333333	5.2343120952
6.25	5.2407239114
6.26666666667	5.2471015997
6.28333333333	5.2534445375
6.3	5.2597540420
6.31666666667	5.2660294876
6.33333333333	5.2722721726
6.35	5.2784814687
6.36666666667	5.2846586557
6.38333333333	5.2908031031
6.4	5.2969160729
6.41666666667	5.3029969328
6.43333333333	5.3090469270
6.45	5.3150654220
6.46666666667	5.3210536449
6.48333333333	5.3270109613
6.5	5.3329385816
6.51666666667	5.3388358705
6.53333333333	5.3447040222
6.55	5.3505424013
6.56666666667	5.3563521858
6.58333333333	5.3621327402
6.6	5.3678852273
6.61666666667	5.3736090116
6.63333333333	5.3793052406
6.65	5.3849732794
6.66666666667	5.3906142606
6.68333333333	5.3962275501
6.7	5.4018142660
6.71666666667	5.4073737749
6.73333333333	5.4129071808
6.75	5.4184138515
6.76666666667	5.4238948769
6.78333333333	5.4293496264
6.8	5.4347791760
6.81666666667	5.4401828967
6.83333333333	5.4455618513
6.85	5.4509154123
6.86666666667	5.4562446293
6.88333333333	5.4615488768
6.9	5.4668291916
6.91666666667	5.4720849502
6.93333333333	5.4773171767
6.95	5.4825252497
6.96666666667	5.4877101809
6.98333333333	5.4928713514
7.0	5.4980097606
7.01666666667	5.5031247921
7.03333333333	5.5082174332
7.05	5.5132870700
7.06666666667	5.5183346783
7.08333333333	5.5233596468
7.1	5.5283629396
7.11666666667	5.5333439483
7.13333333333	5.5383036255
7.15	5.5432413658
7.16666666667	5.5481581106
7.18333333333	5.5530532574
7.2	5.5579277367
7.21666666667	5.5627809490
7.23333333333	5.5676138140
7.25	5.5724257353
7.26666666667	5.5772176219
7.28333333333	5.5819888808
7.3	5.5867404103
7.31666666667	5.5914716208
7.33333333333	5.5961834004
7.35	5.6008751625
7.36666666667	5.6055477852
7.38333333333	5.6102006855
7.4	5.6148347312
7.41666666667	5.6194493430
7.43333333333	5.6240453786
7.45	5.6286222623
7.46666666667	5.6331808423
7.48333333333	5.6377205461
7.5	5.6422422125
7.51666666667	5.6467452727
7.53333333333	5.6512305558
7.55	5.6556974969
7.56666666667	5.6601469156
7.58333333333	5.6645782508
7.6	5.6689923129
7.61666666667	5.6733885445
7.63333333333	5.6777677470
7.65	5.6821293667
7.66666666667	5.6864741959
7.68333333333	5.6908016850
7.7	5.6951126173
7.71666666667	5.6994064470
7.73333333333	5.7036839488
7.75	5.7079445807
7.76666666667	5.7121891087
7.78333333333	5.7164169948
7.8	5.7206289965
7.81666666667	5.7248245797
7.83333333333	5.7290044934
7.85	5.7331682075
7.86666666667	5.7373164627
7.88333333333	5.7414487330
7.9	5.7455657506
7.91666666667	5.7496669936
7.93333333333	5.7537531863
7.95	5.7578238106
7.96666666667	5.7618795827
7.98333333333	5.7659199886
8.0	5.7699457367
8.01666666667	5.7739563169
8.03333333333	5.7779524298
8.05	5.7819335693
8.06666666667	5.7859004282
8.08333333333	5.7898525046
8.1	5.7937904837
8.11666666667	5.7977138674
8.13333333333	5.8016233335
8.15	5.8055183878
8.16666666667	5.8093997009
8.18333333333	5.8132667825
8.2	5.8171202956
8.21666666667	5.8209597544
8.23333333333	5.8247858143
8.25	5.8285979935
8.26666666667	5.8323969404
8.28333333333	5.8361821772
8.3	5.8399543450
8.31666666667	5.8437129701
8.33333333333	5.8474586868
8.35	5.8511910251
8.36666666667	5.8549106124
8.38333333333	5.8586169828
8.4	5.8623107569
8.41666666667	5.8659914728
8.43333333333	5.8696597441
8.45	5.8733151129
8.46666666667	5.8769581863
8.48333333333	5.8805885104
8.5	5.8842066854
8.51666666667	5.8878122615
8.53333333333	5.8914058324
8.55	5.8949869522
8.56666666667	5.8985562081
8.58333333333	5.9021131581
8.6	5.9056583831
8.61666666667	5.9091914450
8.63333333333	5.9127129182
8.65	5.9162223687
8.66666666667	5.9197203647
8.68333333333	5.9232064758
8.7	5.9266812641
8.71666666667	5.9301443033
8.73333333333	5.9335961492
8.75	5.9370363793
8.76666666667	5.9404655435
8.78333333333	5.9438832231
8.8	5.9472899618
8.81666666667	5.9506853449
8.83333333333	5.9540699103
8.85	5.9574432470
8.86666666667	5.9608058869
8.88333333333	5.9641574230
8.9	5.9674983813
8.91666666667	5.9708283585
8.93333333333	5.9741478750
8.95	5.9774565312
8.96666666667	5.9807548418
8.98333333333	5.9840424111
9.0	5.9873197479
9.01666666667	5.9905864604
9.03333333333	5.9938430519
9.05	5.9970891341
9.06666666667	6.0003252049
9.08333333333	6.0035508798
9.1	6.0067666512
9.11666666667	6.0099721381
9.13333333333	6.0131678277
9.15	6.0163533426
9.16666666667	6.0195291646
9.18333333333	6.0226949201
9.2	6.0258510854
9.21666666667	6.0289972906
9.23333333333	6.0321340069
9.25	6.0352608679
9.26666666667	6.0383783395
9.28333333333	6.0414860590
9.3	6.0445844872
9.31666666667	6.0476732649
9.33333333333	6.0507528479
9.35	6.0538228805
9.36666666667	6.0568838135
9.38333333333	6.0599352946
9.4	6.0629777697
9.41666666667	6.0660108901
9.43333333333	6.0690350967
9.45	6.0720500442
9.46666666667	6.0750561687
9.48333333333	6.0780531284
9.5	6.0810413546
9.51666666667	6.0840205088
9.53333333333	6.0869910175
9.55	6.0899525458
9.56666666667	6.0929055155
9.58333333333	6.0958495948
9.6	6.0987852010
9.61666666667	6.1017120058
9.63333333333	6.1046304218
9.65	6.1075401238
9.66666666667	6.1104415200
9.68333333333	6.1133342887
9.7	6.1162188333
9.71666666667	6.1190948355
9.73333333333	6.1219626943
9.75	6.1248220944
9.76666666667	6.1276734307
9.78333333333	6.1305163910
9.8	6.1333513657
9.81666666667	6.1361780460
9.83333333333	6.1389968179
9.85	6.1418073758
9.86666666667	6.1446101014
9.88333333333	6.1474046922
9.9	6.1501915257
9.91666666667	6.1529703027
9.93333333333	6.1557413963
9.95	6.1585045105
9.96666666667	6.1612600142
9.98333333333	6.1640076145
10.0	6.1667476763
