0.0	2.9091196405
0.00909090909091	2.9110415402
0.0181818181818	2.9130556969
0.0272727272727	2.9150087996
0.0363636363636	2.9170265285
0.0454545454545	2.9189988112
0.0545454545455	2.9210232761
0.0636363636364	2.9230119571
0.0727272727273	2.9250446096
0.0818181818182	2.9270483449
0.0909090909091	2.9290900165
0.1	2.9311079780
0.109090909091	2.9331591952
0.118181818182	2.9351908046
0.127272727273	2.9372519185
0.136363636364	2.9392967392
0.145454545455	2.9413679893
0.154545454545	2.9434256736
0.163636363636	2.9455072240
0.172727272727	2.9475774836
0.181818181818	2.9496694448
0.190909090909	2.9517520332
0.2	2.9538544760
0.209090909091	2.9559491775
0.218181818182	2.9580621430
0.227272727273	2.9601687647
0.236363636364	2.9622922708
0.245454545455	2.9644106374
0.254545454545	2.9665446838
0.263636363636	2.9686746341
0.272727272727	2.9708192063
0.281818181818	2.9729605899
0.290909090909	2.9751156614
0.3	2.9772683371
0.309090909091	2.9794338722
0.318181818182	2.9815977059
0.327272727273	2.9837736610
0.336363636364	2.9859485250
0.345454545455	2.9881348500
0.354545454545	2.9903206215
0.363636363636	2.9925172611
0.372727272727	2.9947138217
0.381818181818	2.9969207162
0.390909090909	2.9991279512
0.4	3.0013450370
0.409090909091	3.0035628350
0.418181818182	3.0057900457
0.427272727273	3.0080182980
0.436363636364	3.0102555644
0.445454545455	3.0124941649
0.454545454545	3.0147414158
0.463636363636	3.0169902605
0.472727272727	3.0192474227
0.481818181818	3.0215064096
0.490909090909	3.0237734086
0.5	3.0260424375
0.509090909091	3.0283191976
0.518181818182	3.0305981698
0.527272727273	3.0328846142
0.536363636364	3.0351734327
0.545454545455	3.0374694838
0.554545454545	3.0397680529
0.563636363636	3.0420736324
0.572727272727	3.0443818576
0.581818181818	3.0466968869
0.590909090909	3.0490146749
0.6	3.0513390750
0.609090909091	3.0536663336
0.618181818182	3.0560000252
0.627272727273	3.0583366635
0.636363636364	3.0606795671
0.645454545455	3.0630254949
0.654545454545	3.0653775311
0.663636363636	3.0677326595
0.672727272727	3.0700937487
0.681818181818	3.0724579895
0.690909090909	3.0748280525
0.7	3.0772013186
0.709090909091	3.0795802759
0.718181818182	3.0819624810
0.727272727273	3.0843502537
0.736363636364	3.0867413123
0.745454545455	3.0891378217
0.754545454545	3.0915376493
0.763636363636	3.0939428168
0.772727272727	3.0963513296
0.781818181818	3.0987650771
0.790909090909	3.1011821922
0.8	3.1036044418
0.809090909091	3.1060300771
0.818181818182	3.1084607516
0.827272727273	3.1108948258
0.836363636364	3.1133338481
0.845454545455	3.1157762806
0.854545454545	3.1182235743
0.863636363636	3.1206742854
0.872727272727	3.1231297744
0.881818181818	3.1255886851
0.890909090909	3.1280522939
0.9	3.1305193261
0.909090909091	3.1329909797
0.918181818182	3.1354660558
0.927272727273	3.1379456798
0.936363636364	3.1404287232
0.945454545455	3.1429162436
0.954545454545	3.1454071783
0.963636363636	3.1479025218
0.972727272727	3.1504012727
0.981818181818	3.1529043666
0.990909090909	3.1554108592
1.0	3.1579216312
1.00909090909	3.1604357920
1.01818181818	3.1629541706
1.02727272727	3.1654759264
1.03636363636	3.1680018407
1.04545454545	3.1705311195
1.05454545455	3.1730644992
1.06363636364	3.1756012295
1.07272727273	3.1781420048
1.08181818182	3.1806861158
1.09090909091	3.1832342178
1.1	3.1857856396
1.10909090909	3.1883409998
1.11818181818	3.1908996632
1.12727272727	3.1934622138
1.13636363636	3.1960280503
1.14545454545	3.1985977243
1.15454545455	3.2011706662
1.16363636364	3.2037473972
1.17272727273	3.2063273773
1.18181818182	3.2089110995
1.19090909091	3.2114980517
1.2	3.2140887001
1.20909090909	3.2166825588
1.21818181818	3.2192800688
1.22727272727	3.2218807692
1.23636363636	3.2244850773
1.24545454545	3.2270925553
1.25454545455	3.2297035985
1.26363636364	3.2323177907
1.27272727273	3.2349355065
1.28181818182	3.2375563505
1.29090909091	3.2401806773
1.3	3.2428081111
1.30909090909	3.2454389879
1.31818181818	3.2480729504
1.32727272727	3.2507103171
1.33636363636	3.2533507478
1.34545454545	3.2559945448
1.35454545455	3.2586413842
1.36363636364	3.2612915526
1.37272727273	3.2639447416
1.38181818182	3.2666012233
1.39090909091	3.2692607038
1.4	3.2719234414
1.40909090909	3.2745891559
1.41818181818	3.2772580926
1.42727272727	3.2799299844
1.43636363636	3.2826050642
1.44545454545	3.2852830773
1.45454545455	3.2879642450
1.46363636364	3.2906483240
1.47272727273	3.2933355249
1.48181818182	3.2960256155
1.49090909091	3.2987187957
1.5	3.3014148439
1.50909090909	3.3041139503
1.51818181818	3.3068159032
1.52727272727	3.3095208833
1.53636363636	3.3122286885
1.54545454545	3.3149394906
1.55454545455	3.3176530964
1.56363636364	3.3203696696
1.57272727273	3.3230890252
1.58181818182	3.3258113191
1.59090909091	3.3285363744
1.6	3.3312643394
1.60909090909	3.3339950450
1.61818181818	3.3367286323
1.62727272727	3.3394649395
1.63636363636	3.3422041010
1.64545454545	3.3449459619
1.65454545455	3.3476906502
1.66363636364	3.3504380175
1.67272727273	3.3531881859
1.68181818182	3.3559410132
1.69090909091	3.3586966159
1.7	3.3614548575
1.70909090909	3.3642158491
1.71818181818	3.3669794600
1.72727272727	3.3697457960
1.73636363636	3.3725147319
1.74545454545	3.3752863687
1.75454545455	3.3780605862
1.76363636364	3.3808374807
1.77272727273	3.3836169369
1.78181818182	3.3863990467
1.79090909091	3.3891836996
1.8	3.3919709834
1.80909090909	3.3947607917
1.81818181818	3.3975532084
1.82727272727	3.4003481316
1.83636363636	3.4031456413
1.84545454545	3.4059456395
1.85454545455	3.4087482028
1.86363636364	3.4115532370
1.87272727273	3.4143608152
1.88181818182	3.4171708471
1.89090909091	3.4199834025
1.9	3.4227983945
1.90909090909	3.4256158898
1.91818181818	3.4284358051
1.92727272727	3.4312582041
1.93636363636	3.4340830065
1.94545454545	3.4369102735
1.95454545455	3.4397399278
1.96363636364	3.4425720280
1.97272727273	3.4454064996
1.98181818182	3.4482433988
1.99090909091	3.4510826540
2.0	3.4539243188
2.00909090909	3.4567683244
2.01818181818	3.4596147223
2.02727272727	3.4624634462
2.03636363636	3.4653145452
2.04545454545	3.4681679558
2.05454545455	3.4710237250
2.06363636364	3.4738817915
2.07272727273	3.4767422005
2.08181818182	3.4796048930
2.09090909091	3.4824699123
2.1	3.4853372017
2.10909090909	3.4882068025
2.11818181818	3.4910786602
2.12727272727	3.4939528146
2.13636363636	3.4968292130
2.14545454545	3.4997078938
2.15454545455	3.5025888061
2.16363636364	3.5054719868
2.17272727273	3.5083573870
2.18181818182	3.5112450421
2.19090909091	3.5141349049
2.2	3.5170270094
2.20909090909	3.5199213104
2.21818181818	3.5228178405
2.22727272727	3.5257165560
2.23636363636	3.5286174884
2.24545454545	3.5315205956
2.25454545455	3.5344259079
2.26363636364	3.5373333848
2.27272727273	3.5402430554
2.28181818182	3.5431548808
2.29090909091	3.5460688890
2.3	3.5489850425
2.30909090909	3.5519033684
2.31818181818	3.5548238305
2.32727272727	3.5577464550
2.33636363636	3.5606712071
2.34545454545	3.5635981120
2.35454545455	3.5665271362
2.36363636364	3.5694583041
2.37272727273	3.5723915835
2.38181818182	3.5753269979
2.39090909091	3.5782645164
2.4	3.5812041617
2.40909090909	3.5841459040
2.41818181818	3.5870897654
2.42727272727	3.5900357172
2.43636363636	3.5929837809
2.44545454545	3.5959339288
2.45454545455	3.5988861817
2.46363636364	3.6018405132
2.47272727273	3.6047969433
2.48181818182	3.6077554468
2.49090909091	3.6107160430
2.5	3.6136787077
2.50909090909	3.6166434597
2.51818181818	3.6196102759
2.52727272727	3.6225791746
2.53636363636	3.6255501335
2.54545454545	3.6285231705
2.55454545455	3.6314982642
2.56363636364	3.6344754322
2.57272727273	3.6374546539
2.58181818182	3.6404359465
2.59090909091	3.6434192903
2.6	3.6464047021
2.60909090909	3.6493921632
2.61818181818	3.6523816899
2.62727272727	3.6553732644
2.63636363636	3.6583669027
2.64545454545	3.6613625877
2.65454545455	3.6643603353
2.66363636364	3.6673601291
2.67272727273	3.6703619848
2.68181818182	3.6733658867
2.69090909091	3.6763718503
2.7	3.6793798607
2.70909090909	3.6823899332
2.71818181818	3.6854020536
2.72727272727	3.6884162370
2.73636363636	3.6914324701
2.74545454545	3.6944507676
2.75454545455	3.6974711171
2.76363636364	3.7004935331
2.77272727273	3.7035180040
2.78181818182	3.7065445440
2.79090909091	3.7095731424
2.8	3.7126038132
2.80909090909	3.7156365464
2.81818181818	3.7186713560
2.82727272727	3.7217082326
2.83636363636	3.7247471902
2.84545454545	3.7277882201
2.85454545455	3.7308313362
2.86363636364	3.7338765305
2.87272727273	3.7369238170
2.88181818182	3.7399731883
2.89090909091	3.7430246583
2.9	3.7460782203
2.90909090909	3.7491338884
2.91818181818	3.7521916564
2.92727272727	3.7552515385
2.93636363636	3.7583135292
2.94545454545	3.7613776426
2.95454545455	3.7644438741
2.96363636364	3.7675122378
2.97272727273	3.7705827297
2.98181818182	3.7736553640
2.99090909091	3.7767301374
3.0	3.7798070643
3.00909090909	3.7828861419
3.01818181818	3.7859673849
3.02727272727	3.7890507912
3.03636363636	3.7921363755
3.04545454545	3.7952241363
3.05454545455	3.7983140887
3.06363636364	3.8014062320
3.07272727273	3.8045005811
3.08181818182	3.8075971361
3.09090909091	3.8106959124
3.1	3.8137969106
3.10909090909	3.8169001462
3.11818181818	3.8200056207
3.12727272727	3.8231133499
3.13636363636	3.8262233358
3.14545454545	3.8293355946
3.15454545455	3.8324501290
3.16363636364	3.8355669556
3.17272727273	3.8386860778
3.18181818182	3.8418075123
3.19090909091	3.8449312635
3.2	3.8480573485
3.20909090909	3.8511857722
3.21818181818	3.8543165522
3.22727272727	3.8574496942
3.23636363636	3.8605852162
3.24545454545	3.8637231247
3.25454545455	3.8668634381
3.26363636364	3.8700061637
3.27272727273	3.8731513204
3.28181818182	3.8762989163
3.29090909091	3.8794489707
3.3	3.8826014926
3.30909090909	3.8857565019
3.31818181818	3.8889140084
3.32727272727	3.8920740326
3.33636363636	3.8952365851
3.34545454545	3.8984016871
3.35454545455	3.9015693500
3.36363636364	3.9047395956
3.37272727273	3.9079124364
3.38181818182	3.9110878948
3.39090909091	3.9142659842
3.4	3.9174467277
3.40909090909	3.9206301397
3.41818181818	3.9238162442
3.42727272727	3.9270050566
3.43636363636	3.9301966014
3.44545454545	3.9333908954
3.45454545455	3.9365879639
3.46363636364	3.9397878246
3.47272727273	3.9429905038
3.48181818182	3.9461960205
3.49090909091	3.9494044018
3.5	3.9526156678
3.50909090909	3.9558298468
3.51818181818	3.9590469600
3.52727272727	3.9622670369
3.53636363636	3.9654901000
3.54545454545	3.9687161797
3.55454545455	3.9719453000
3.56363636364	3.9751774926
3.57272727273	3.9784127829
3.58181818182	3.9816512037
3.59090909091	3.9848927820
3.6	3.9881375520
3.60909090909	3.9913855421
3.61818181818	3.9946367882
3.62727272727	3.9978913202
3.63636363636	4.0011491754
3.64545454545	4.0044103857
3.65454545455	4.0076749898
3.66363636364	4.0109430216
3.67272727273	4.0142145215
3.68181818182	4.0174895251
3.69090909091	4.0207680750
3.7	4.0240502088
3.70909090909	4.0273359708
3.71818181818	4.0306254010
3.72727272727	4.0339185459
3.73636363636	4.0372154476
3.74545454545	4.0405161549
3.75454545455	4.0438207125
3.76363636364	4.0471291715
3.77272727273	4.0504415793
3.78181818182	4.0537579896
3.79090909091	4.0570784525
3.8	4.0604030246
3.80909090909	4.0637317591
3.81818181818	4.0670647155
3.82727272727	4.0704019502
3.83636363636	4.0737435260
3.84545454545	4.0770895028
3.85454545455	4.0804399469
3.86363636364	4.0837949219
3.87272727273	4.0871544980
3.88181818182	4.0905187428
3.89090909091	4.0938877306
3.9	4.0972615335
3.90909090909	4.1006402301
3.91818181818	4.1040238974
3.92727272727	4.1074126190
3.93636363636	4.1108064768
3.94545454545	4.1142055599
3.95454545455	4.1176099561
3.96363636364	4.1210197601
3.97272727273	4.1244350658
3.98181818182	4.1278559746
3.99090909091	4.1312825872
4.0	4.1347150119
4.00909090909	4.1381533572
4.01818181818	4.1415977391
4.02727272727	4.1450482744
4.03636363636	4.1485050880
4.04545454545	4.1519683057
4.05454545455	4.1554380623
4.06363636364	4.1589144939
4.07272727273	4.1623977461
4.08181818182	4.1658879667
4.09090909091	4.1693853134
4.1	4.1728899471
4.10909090909	4.1764020393
4.11818181818	4.1799217657
4.12727272727	4.1834493133
4.13636363636	4.1869848748
4.14545454545	4.1905286550
4.15454545455	4.1940808658
4.16363636364	4.1976417327
4.17272727273	4.2012114898
4.18181818182	4.2047903864
4.19090909091	4.2083786823
4.2	4.2119766548
4.20909090909	4.2155845938
4.21818181818	4.2192028095
4.22727272727	4.2228316276
4.23636363636	4.2264713971
4.24545454545	4.2301224866
4.25454545455	4.2337852920
4.26363636364	4.2374602338
4.27272727273	4.2411477650
4.28181818182	4.2448483695
4.29090909091	4.2485625713
4.3	4.2522909335
4.30909090909	4.2560340692
4.31818181818	4.2597926422
4.32727272727	4.2635673802
4.33636363636	4.2673590781
4.34545454545	4.2711686144
4.35454545455	4.2749969590
4.36363636364	4.2788451954
4.37272727273	4.2827145358
4.38181818182	4.2866063528
4.39090909091	4.2905222081
4.4	4.2944639028
4.40909090909	4.2984335330
4.41818181818	4.3024335788
4.42727272727	4.3064670194
4.43636363636	4.3105375170
4.44545454545	4.3146496904
4.45454545455	4.3188095828
4.46363636364	4.3230254937
4.47272727273	4.3273096852
4.48181818182	4.3316825520
4.49090909091	4.3361871416
4.5	4.3412411093
4.50909090909	4.3468367660
4.51818181818	4.3525506001
4.52727272727	4.3583373974
4.53636363636	4.3641752778
4.54545454545	4.3700508656
4.55454545455	4.3759549810
4.56363636364	4.3818808675
4.57272727273	4.3878233160
4.58181818182	4.3937781716
4.59090909091	4.3997420386
4.6	4.4057120848
4.60909090909	4.4116859141
4.61818181818	4.4176614713
4.62727272727	4.4236369777
4.63636363636	4.4296108785
4.64545454545	4.4355818068
4.65454545455	4.4415485514
4.66363636364	4.4475100354
4.67272727273	4.4534652951
4.68181818182	4.4594134663
4.69090909091	4.4653537701
4.7	4.4712855036
4.70909090909	4.4772080293
4.71818181818	4.4831207698
4.72727272727	4.4890231990
4.73636363636	4.4949148384
4.74545454545	4.5007952513
4.75454545455	4.5066640391
4.76363636364	4.5125208374
4.77272727273	4.5183653131
4.78181818182	4.5241971612
4.79090909091	4.5300161029
4.8	4.5358218826
4.80909090909	4.5416142668
4.81818181818	4.5473930414
4.82727272727	4.5531580110
4.83636363636	4.5589089968
4.84545454545	4.5646458357
4.85454545455	4.5703683788
4.86363636364	4.5760764908
4.87272727273	4.5817700486
4.88181818182	4.5874489406
4.89090909091	4.5931130658
4.9	4.5987623331
4.90909090909	4.6043966608
4.91818181818	4.6100159758
4.92727272727	4.6156202128
4.93636363636	4.6212093142
4.94545454545	4.6267832295
4.95454545455	4.6323419146
4.96363636364	4.6378853316
4.97272727273	4.6434134484
4.98181818182	4.6489262383
4.99090909091	4.6544236795
5.0	4.6599057553
5.00909090909	4.6653724531
5.01818181818	4.6708237647
5.02727272727	4.6762596857
5.03636363636	4.6816802155
5.04545454545	4.6870853569
5.05454545455	4.6924751160
5.06363636364	4.6978495020
5.07272727273	4.7032085270
5.08181818182	4.7085522057
5.09090909091	4.7138805555
5.1	4.7191935960
5.10909090909	4.7244913494
5.11818181818	4.7297738397
5.12727272727	4.7350410932
5.13636363636	4.7402931377
5.14545454545	4.7455300033
5.15454545455	4.7507517212
5.16363636364	4.7559583246
5.17272727273	4.7611498480
5.18181818182	4.7663263273
5.19090909091	4.7714877997
5.2	4.7766343038
5.20909090909	4.7817658789
5.21818181818	4.7868825660
5.22727272727	4.7919844065
5.23636363636	4.7970714432
5.24545454545	4.8021437195
5.25454545455	4.8072012799
5.26363636364	4.8122441694
5.27272727273	4.8172724340
5.28181818182	4.8222861201
5.29090909091	4.8272852750
5.3	4.8322699462
5.30909090909	4.8372401823
5.31818181818	4.8421960319
5.32727272727	4.8471375445
5.33636363636	4.8520647695
5.34545454545	4.8569777573
5.35454545455	4.8618765581
5.36363636364	4.8667612231
5.37272727273	4.8716318030
5.38181818182	4.8764883495
5.39090909091	4.8813309141
5.4	4.8861595488
5.40909090909	4.8909743056
5.41818181818	4.8957752369
5.42727272727	4.9005623949
5.43636363636	4.9053358326
5.44545454545	4.9100956022
5.45454545455	4.9148417570
5.46363636364	4.9195743495
5.47272727273	4.9242934329
5.48181818182	4.9289990601
5.49090909091	4.9336912844
5.5	4.9383700741
5.50909090909	4.9430306517
5.51818181818	4.9476731616
5.52727272727	4.9522977462
5.53636363636	4.9569045457
5.54545454545	4.9614936987
5.55454545455	4.9660653419
5.56363636364	4.9706196101
5.57272727273	4.9751566364
5.58181818182	4.9796765522
5.59090909091	4.9841794872
5.6	4.9886655693
5.60909090909	4.9931349248
5.61818181818	4.9975876786
5.62727272727	5.0020239538
5.63636363636	5.0064438721
5.64545454545	5.0108475534
5.65454545455	5.0152351167
5.66363636364	5.0196066790
5.67272727273	5.0239623561
5.68181818182	5.0283022624
5.69090909091	5.0326265109
5.7	5.0369352132
5.70909090909	5.0412284799
5.71818181818	5.0455064197
5.72727272727	5.0497691407
5.73636363636	5.0540167492
5.74545454545	5.0582493507
5.75454545455	5.0624670490
5.76363636364	5.0666699474
5.77272727273	5.0708581472
5.78181818182	5.0750317494
5.79090909091	5.0791908531
5.8	5.0833355569
5.80909090909	5.0874659579
5.81818181818	5.0915821525
5.82727272727	5.0956842356
5.83636363636	5.0997723016
5.84545454545	5.1038464432
5.85454545455	5.1079067527
5.86363636364	5.1119533211
5.87272727273	5.1159862387
5.88181818182	5.1200055943
5.89090909091	5.1240114764
5.9	5.1280039722
5.90909090909	5.1319831680
5.91818181818	5.1359491493
5.92727272727	5.1399020007
5.93636363636	5.1438418059
5.94545454545	5.1477686477
5.95454545455	5.1516826081
5.96363636364	5.1555837684
5.97272727273	5.1594722086
5.98181818182	5.1633480086
5.99090909091	5.1672112468
6.0	5.1710620015
6.00909090909	5.1749003495
6.01818181818	5.1787263675
6.02727272727	5.1825401308
6.03636363636	5.1863417147
6.04545454545	5.1901311931
6.05454545455	5.1939086395
6.06363636364	5.1976741266
6.07272727273	5.2014277266
6.08181818182	5.2051695106
6.09090909091	5.2088995495
6.1	5.2126179130
6.10909090909	5.2163246707
6.11818181818	5.2200198910
6.12727272727	5.2237036422
6.13636363636	5.2273759914
6.14545454545	5.2310370055
6.15454545455	5.2346867506
6.16363636364	5.2383252923
6.17272727273	5.2419526953
6.18181818182	5.2455690241
6.19090909091	5.2491743422
6.2	5.2527687131
6.20909090909	5.2563521990
6.21818181818	5.2599248622
6.22727272727	5.2634867640
6.23636363636	5.2670379653
6.24545454545	5.2705785264
6.25454545455	5.2741085072
6.26363636364	5.2776279669
6.27272727273	5.2811369643
6.28181818182	5.2846355576
6.29090909091	5.2881238047
6.3	5.2916017625
6.30909090909	5.2950694881
6.31818181818	5.2985270373
6.32727272727	5.3019744663
6.33636363636	5.3054118300
6.34545454545	5.3088391834
6.35454545455	5.3122565806
6.36363636364	5.3156640758
6.37272727273	5.3190617221
6.38181818182	5.3224495726
6.39090909091	5.3258276796
6.4	5.3291960955
6.40909090909	5.3325548716
6.41818181818	5.3359040594
6.42727272727	5.3392437093
6.43636363636	5.3425738720
6.44545454545	5.3458945971
6.45454545455	5.3492059344
6.46363636364	5.3525079329
6.47272727273	5.3558006413
6.48181818182	5.3590841079
6.49090909091	5.3623583807
6.5	5.3656235071
6.50909090909	5.3688795345
6.51818181818	5.3721265093
6.52727272727	5.3753644783
6.53636363636	5.3785934872
6.54545454545	5.3818135818
6.55454545455	5.3850248074
6.56363636364	5.3882272090
6.57272727273	5.3914208310
6.58181818182	5.3946057178
6.59090909091	5.3977819132
6.6	5.4009494609
6.60909090909	5.4041084038
6.61818181818	5.4072587851
6.62727272727	5.4104006471
6.63636363636	5.4135340322
6.64545454545	5.4166589822
6.65454545455	5.4197755386
6.66363636364	5.4228837427
6.67272727273	5.4259836355
6.68181818182	5.4290752575
6.69090909091	5.4321586492
6.7	5.4352338504
6.70909090909	5.4383009010
6.71818181818	5.4413598402
6.72727272727	5.4444107073
6.73636363636	5.4474535411
6.74545454545	5.4504883801
6.75454545455	5.4535152625
6.76363636364	5.4565342264
6.77272727273	5.4595453094
6.78181818182	5.4625485489
6.79090909091	5.4655439821
6.8	5.4685316459
6.80909090909	5.4715115767
6.81818181818	5.4744838112
6.82727272727	5.4774483850
6.83636363636	5.4804053344
6.84545454545	5.4833546945
6.85454545455	5.4862965010
6.86363636364	5.4892307886
6.87272727273	5.4921575924
6.88181818182	5.4950769467
6.89090909091	5.4979888860
6.9	5.5008934442
6.90909090909	5.5037906553
6.91818181818	5.5066805526
6.92727272727	5.5095631698
6.93636363636	5.5124385397
6.94545454545	5.5153066954
6.95454545455	5.5181676694
6.96363636364	5.5210214942
6.97272727273	5.5238682020
6.98181818182	5.5267078249
6.99090909091	5.5295403944
7.0	5.5323659422
7.00909090909	5.5351844997
7.01818181818	5.5379960979
7.02727272727	5.5408007676
7.03636363636	5.5435985397
7.04545454545	5.5463894446
7.05454545455	5.5491735126
7.06363636364	5.5519507737
7.07272727273	5.5547212579
7.08181818182	5.5574849947
7.09090909091	5.5602420138
7.1	5.5629923442
7.10909090909	5.5657360152
7.11818181818	5.5684730555
7.12727272727	5.5712034940
7.13636363636	5.5739273591
7.14545454545	5.5766446792
7.15454545455	5.5793554823
7.16363636364	5.5820597965
7.17272727273	5.5847576494
7.18181818182	5.5874490687
7.19090909091	5.5901340818
7.2	5.5928127160
7.20909090909	5.5954849981
7.21818181818	5.5981509553
7.22727272727	5.6008106141
7.23636363636	5.6034640012
7.24545454545	5.6061111427
7.25454545455	5.6087520651
7.26363636364	5.6113867942
7.27272727273	5.6140153560
7.28181818182	5.6166377761
7.29090909091	5.6192540801
7.3	5.6218642934
7.30909090909	5.6244684412
7.31818181818	5.6270665486
7.32727272727	5.6296586404
7.33636363636	5.6322447414
7.34545454545	5.6348248762
7.35454545455	5.6373990692
7.36363636364	5.6399673448
7.37272727273	5.6425297270
7.38181818182	5.6450862398
7.39090909091	5.6476369072
7.4	5.6501817527
7.40909090909	5.6527208000
7.41818181818	5.6552540724
7.42727272727	5.6577815932
7.43636363636	5.6603033856
7.44545454545	5.6628194724
7.45454545455	5.6653298766
7.46363636364	5.6678346208
7.47272727273	5.6703337277
7.48181818182	5.6728272196
7.49090909091	5.6753151188
7.5	5.6777974476
7.50909090909	5.6802742279
7.51818181818	5.6827454816
7.52727272727	5.6852112305
7.53636363636	5.6876714963
7.54545454545	5.6901263004
7.55454545455	5.6925756643
7.56363636364	5.6950196091
7.57272727273	5.6974581561
7.58181818182	5.6998913262
7.59090909091	5.7023191403
7.6	5.7047416193
7.60909090909	5.7071587836
7.61818181818	5.7095706539
7.62727272727	5.7119772505
7.63636363636	5.7143785938
7.64545454545	5.7167747039
7.65454545455	5.7191656009
7.66363636364	5.7215513046
7.67272727273	5.7239318349
7.68181818182	5.7263072116
7.69090909091	5.7286774542
7.7	5.7310425821
7.70909090909	5.7334026149
7.71818181818	5.7357575716
7.72727272727	5.7381074716
7.73636363636	5.7404523338
7.74545454545	5.7427921771
7.75454545455	5.7451270205
7.76363636364	5.7474568825
7.77272727273	5.7497817819
7.78181818182	5.7521017372
7.79090909091	5.7544167667
7.8	5.7567268888
7.80909090909	5.7590321217
7.81818181818	5.7613324835
7.82727272727	5.7636279921
7.83636363636	5.7659186656
7.84545454545	5.7682045216
7.85454545455	5.7704855780
7.86363636364	5.7727618523
7.87272727273	5.7750333620
7.88181818182	5.7773001246
7.89090909091	5.7795621574
7.9	5.7818194776
7.90909090909	5.7840721023
7.91818181818	5.7863200486
7.92727272727	5.7885633335
7.93636363636	5.7908019737
7.94545454545	5.7930359862
7.95454545455	5.7952653874
7.96363636364	5.7974901941
7.97272727273	5.7997104227
7.98181818182	5.8019260897
7.99090909091	5.8041372113
8.0	5.8063438039
8.00909090909	5.8085458834
8.01818181818	5.8107434661
8.02727272727	5.8129365678
8.03636363636	5.8151252046
8.04545454545	5.8173093921
8.05454545455	5.8194891462
8.06363636364	5.8216644823
8.07272727273	5.8238354163
8.08181818182	5.8260019633
8.09090909091	5.8281641391
8.1	5.8303219587
8.10909090909	5.8324754374
8.11818181818	5.8346245905
8.12727272727	5.8367694330
8.13636363636	5.8389099798
8.14545454545	5.8410462460
8.15454545455	5.8431782463
8.16363636364	5.8453059956
8.17272727273	5.8474295085
8.18181818182	5.8495487996
8.19090909091	5.8516638835
8.2	5.8537747747
8.20909090909	5.8558814875
8.21818181818	5.8579840364
8.22727272727	5.8600824354
8.23636363636	5.8621766989
8.24545454545	5.8642668408
8.25454545455	5.8663528754
8.26363636364	5.8684348164
8.27272727273	5.8705126778
8.28181818182	5.8725864734
8.29090909091	5.8746562171
8.3	5.8767219224
8.30909090909	5.8787836029
8.31818181818	5.8808412723
8.32727272727	5.8828949440
8.33636363636	5.8849446314
8.34545454545	5.8869903479
8.35454545455	5.8890321067
8.36363636364	5.8910699211
8.37272727273	5.8931038042
8.38181818182	5.8951337691
8.39090909091	5.8971598288
8.4	5.8991819963
8.40909090909	5.9012002844
8.41818181818	5.9032147061
8.42727272727	5.9052252740
8.43636363636	5.9072320008
8.44545454545	5.9092348993
8.45454545455	5.9112339819
8.46363636364	5.9132292613
8.47272727273	5.9152207498
8.48181818182	5.9172084599
8.49090909091	5.9191924039
8.5	5.9211725940
8.50909090909	5.9231490426
8.51818181818	5.9251217617
8.52727272727	5.9270907635
8.53636363636	5.9290560600
8.54545454545	5.9310176632
8.55454545455	5.9329755850
8.56363636364	5.9349298374
8.57272727273	5.9368804320
8.58181818182	5.9388273807
8.59090909091	5.9407706952
8.6	5.9427103872
8.60909090909	5.9446464682
8.61818181818	5.9465789497
8.62727272727	5.9485078433
8.63636363636	5.9504331604
8.64545454545	5.9523549123
8.65454545455	5.9542731105
8.66363636364	5.9561877660
8.67272727273	5.9580988903
8.68181818182	5.9600064944
8.69090909091	5.9619105895
8.7	5.9638111866
8.70909090909	5.9657082967
8.71818181818	5.9676019308
8.72727272727	5.9694920998
8.73636363636	5.9713788146
8.74545454545	5.9732620860
8.75454545455	5.9751419246
8.76363636364	5.9770183414
8.77272727273	5.9788913468
8.78181818182	5.9807609515
8.79090909091	5.9826271661
8.8	5.9844900012
8.80909090909	5.9863494670
8.81818181818	5.9882055742
8.82727272727	5.9900583330
8.83636363636	5.9919077538
8.84545454545	5.9937538468
8.85454545455	5.9955966223
8.86363636364	5.9974360905
8.87272727273	5.9992722616
8.88181818182	6.0011051455
8.89090909091	6.0029347524
8.9	6.0047610922
8.90909090909	6.0065841750
8.91818181818	6.0084040106
8.92727272727	6.0102206090
8.93636363636	6.0120339798
8.94545454545	6.0138441330
8.95454545455	6.0156510782
8.96363636364	6.0174548252
8.97272727273	6.0192553836
8.98181818182	6.0210527630
8.99090909091	6.0228469729
9.0	6.0246380230
9.00909090909	6.0264259227
9.01818181818	6.0282106814
9.02727272727	6.0299923085
9.03636363636	6.0317708135
9.04545454545	6.0335462055
9.05454545455	6.0353184940
9.06363636364	6.0370876880
9.07272727273	6.0388537969
9.08181818182	6.0406168298
9.09090909091	6.0423767957
9.1	6.0441337038
9.10909090909	6.0458875632
9.11818181818	6.0476383827
9.12727272727	6.0493861715
9.13636363636	6.0511309383
9.14545454545	6.0528726921
9.15454545455	6.0546114417
9.16363636364	6.0563471959
9.17272727273	6.0580799635
9.18181818182	6.0598097533
9.19090909091	6.0615365739
9.2	6.0632604340
9.20909090909	6.0649813421
9.21818181818	6.0666993070
9.22727272727	6.0684143370
9.23636363636	6.0701264409
9.24545454545	6.0718356269
9.25454545455	6.0735419036
9.26363636364	6.0752452794
9.27272727273	6.0769457626
9.28181818182	6.0786433615
9.29090909091	6.0803380845
9.3	6.0820299398
9.30909090909	6.0837189357
9.31818181818	6.0854050803
9.32727272727	6.0870883819
9.33636363636	6.0887688484
9.34545454545	6.0904464881
9.35454545455	6.0921213090
9.36363636364	6.0937933190
9.37272727273	6.0954625263
9.38181818182	6.0971289387
9.39090909091	6.0987925641
9.4	6.1004534106
9.40909090909	6.1021114859
9.41818181818	6.1037667978
9.42727272727	6.1054193542
9.43636363636	6.1070691628
9.44545454545	6.1087162313
9.45454545455	6.1103605675
9.46363636364	6.1120021790
9.47272727273	6.1136410735
9.48181818182	6.1152772585
9.49090909091	6.1169107416
9.5	6.1185415304
9.50909090909	6.1201696324
9.51818181818	6.1217950551
9.52727272727	6.1234178059
9.53636363636	6.1250378922
9.54545454545	6.1266553215
9.55454545455	6.1282701010
9.56363636364	6.1298822382
9.57272727273	6.1314917403
9.58181818182	6.1330986147
9.59090909091	6.1347028684
9.6	6.1363045089
9.60909090909	6.1379035432
9.61818181818	6.1394999785
9.62727272727	6.1410938219
9.63636363636	6.1426850806
9.64545454545	6.1442737616
9.65454545455	6.1458598720
9.66363636364	6.1474434187
9.67272727273	6.1490244088
9.68181818182	6.1506028492
9.69090909091	6.1521787468
9.7	6.1537521086
9.70909090909	6.1553229415
9.71818181818	6.1568912523
9.72727272727	6.1584570477
9.73636363636	6.1600203347
9.74545454545	6.1615811200
9.75454545455	6.1631394103
9.76363636364	6.1646952123
9.77272727273	6.1662485328
9.78181818182	6.1677993784
9.79090909091	6.1693477557
9.8	6.1708936714
9.80909090909	6.1724371321
9.81818181818	6.1739781442
9.82727272727	6.1755167144
9.83636363636	6.1770528492
9.84545454545	6.1785865550
9.85454545455	6.1801178383
9.86363636364	6.1816467055
9.87272727273	6.1831731631
9.88181818182	6.1846972175
9.89090909091	6.1862188749
9.9	6.1877381418
9.90909090909	6.1892550245
9.91818181818	6.1907695292
9.92727272727	6.1922816622
9.93636363636	6.1937914298
9.94545454545	6.1952988382
9.95454545455	6.1968038935
9.96363636364	6.1983066020
9.97272727273	6.1998069697
9.98181818182	6.2013050029
9.99090909091	6.2028007076
10.0	6.2042940898
