[-21.88834166]
[-21.83301451]
[-11.834378]
[-11.84237863]
[-16.78560891]
[-31.82031612]
[-16.77656496]
[-11.7621077]
[-6.76697508]
[-16.78935929]
[-26.82986557]
[-16.78625817]
[-16.7544933]
[-6.77462456]
[-11.77571335]
[-26.80560223]
[-26.77590643]
[-11.77107149]
[-26.82104504]
[-11.75310014]

[-6.76697508]
[-6.77462456]
[-11.75310014]
[-11.7621077]
[-6.75482547]
[-11.7587042]
[-11.75083287]
[-16.79511353]
[-11.77250006]
[-16.81598311]
[-11.76919672]
[-11.74717429]
[-6.76662792]
[-11.76391123]
[-11.75809551]
[-11.75214747]
[-11.79379682]
[-16.80782216]
[-11.76828791]
[-11.76980745]

[-6.75482547]
[-6.76662792]
[-6.76697508]
[-6.77462456]
[-11.76391123]
[-21.82958383]
[-11.75076366]
[-11.74717429]
[-6.75482547]
[-6.77462456]
[-6.77462456]
[-6.75866368]
[-11.81042526]
[-11.75207555]
[-16.77942887]
[-11.77137083]
[-21.81322348]
[-11.77888006]
[-11.77308801]
[-11.78364507]

[-6.75482547]
[-6.75482547]
[-6.75866368]
[-6.76662792]
[-6.75482547]
[-6.76662792]
[-6.75482547]
[-6.75482547]
[-11.7512592]
[-6.75866368]
[-6.76662792]
[-11.80711931]
[-11.77323398]
[-11.7682678]
[-11.79950593]
[-6.75482547]
[-6.75482547]
[-6.76662792]
[-11.75883748]
[-6.75719331]

[-6.75482547]
[-6.75482547]
[-6.75482547]
[-6.75482547]
[-6.75482547]
[-6.76662792]
[-6.7565688]
[-6.75482547]
[-6.76231645]
[-6.75809746]
[-6.75482547]
[-6.75482547]
[-6.75482547]
[-11.8039615]
[-6.75482547]
[-6.75482547]
[-6.75482547]
[-6.75482547]
[-6.75482547]
[-6.75482547]

