[-11.77830692]
[-16.76694728]
[-11.74108156]
[-11.75771266]
[-16.74999151]
[-6.76207564]
[-16.80133019]
[-16.77484739]
[-16.8154414]
[-26.82322097]
[-21.79373501]
[-11.75750986]
[-11.79058391]
[-21.78231264]
[-16.83618573]
[-21.79960624]
[-31.83239115]
[-16.76535006]
[-11.79097634]
[-11.76839417]
[-41.83943627]
[-16.79652838]
[-6.79724831]
[-16.83063538]
[-11.81125143]
[-11.74506855]
[-6.74082929]
[-11.76493027]
[-26.78694094]
[-6.74727362]
[-16.79006378]
[-6.75562422]
[-16.82780828]
[-11.82836529]
[-11.7841055]
[-16.78962468]
[-11.84609428]
[-16.76494637]
[-16.77799046]
[-16.76692846]
[-16.8025589]
[-21.79746313]
[-16.76277572]
[-11.80350792]
[-11.7905536]
[-16.78207306]
[-31.81893797]
[-21.81862435]
[-21.79874507]
[-21.85160194]
[-21.8154626]
[-16.81949894]
[-21.81743687]
[-16.83210349]
[-6.76231103]
[-16.77223416]
[-11.77857287]
[-11.76949459]
[-16.8226075]
[-31.79578431]
[-36.81139759]
[-11.76275627]
[-21.79159186]
[-11.76001271]
[-21.7840397]
[-6.71809721]
[-26.83077428]
[-16.80522892]
[-11.77501127]
[-21.83516794]
[-11.74614418]
[-11.78907926]
[-21.80515207]
[-16.81162689]
[-16.81055346]
[-26.76800511]
[-21.80016529]
[-16.83064774]
[-6.74680398]
[-26.81915633]
[-21.77391354]
[-21.75121401]
[-11.74771792]
[-11.80986301]
[-21.81813589]
[-11.73869019]
[-16.82997182]
[-16.80683631]
[-26.80986537]
[-16.77752685]
[-11.74753109]
[-6.75375374]
[-6.72374081]
[-11.76371034]
[-16.78604403]
[-21.80302526]
[-11.77689534]
[-11.76490315]
[-16.84884602]
[-16.78729584]

[-6.71809721]
[-6.72374081]
[-6.74082929]
[-6.74680398]
[-6.74727362]
[-6.75375374]
[-6.75562422]
[-6.76207564]
[-6.76231103]
[-6.79724831]
[-11.73869019]
[-11.74108156]
[-11.74506855]
[-11.74614418]
[-11.74753109]
[-11.74771792]
[-11.75750986]
[-11.75771266]
[-11.76001271]
[-11.76275627]
[-21.8154626]
[-6.76886269]
[-11.78806732]
[-16.75122277]
[-6.72918051]
[-11.78323487]
[-6.74423901]
[-6.78092746]
[-6.83806528]
[-6.7651405]
[-6.77428643]
[-11.78007511]
[-11.75007121]
[-21.79482971]
[-6.76856974]
[-6.74481897]
[-11.74902011]
[-6.71605428]
[-11.75664346]
[-16.82413398]
[-11.77140937]
[-11.78312142]
[-6.78297702]
[-6.74803075]
[-11.74224435]
[-11.76642181]
[-16.75722031]
[-11.76423268]
[-11.76509802]
[-6.74555986]
[-16.76987538]
[-16.77448272]
[-6.73880087]
[-11.77906404]
[-6.76937305]
[-11.76081652]
[-6.76814102]
[-6.74371568]
[-16.80321017]
[-11.74446055]
[-6.75440963]
[-6.74916403]
[-11.74695401]
[-11.75366389]
[-6.75575934]
[-11.77014347]
[-6.72330163]
[-11.76493349]
[-6.75841737]
[-6.73544419]
[-16.78109845]
[-6.74971076]
[-11.78702802]
[-11.81070578]
[-6.72402238]
[-6.72954858]
[-11.73708736]
[-16.77996922]
[-6.76216604]
[-6.76836465]
[-11.76560571]
[-11.79469123]
[-11.75736005]
[-6.75443933]
[-11.78241294]
[-6.73957903]
[-21.74963474]
[-6.75846976]
[-11.72083087]
[-6.75590758]
[-6.73645303]
[-11.76898999]
[-11.73062931]
[-11.76858171]
[-11.76773909]
[-16.76247803]
[-16.79547393]
[-11.76894051]
[-6.75076521]
[-6.75386387]

[-6.71605428]
[-6.71809721]
[-6.72330163]
[-6.72374081]
[-6.72402238]
[-6.72918051]
[-6.72954858]
[-6.73544419]
[-6.73645303]
[-6.73880087]
[-6.73957903]
[-6.74082929]
[-6.74371568]
[-6.74423901]
[-6.74481897]
[-6.74555986]
[-6.74680398]
[-6.74727362]
[-6.74803075]
[-6.74916403]
[-6.75562422]
[-6.76937305]
[-11.77014347]
[-11.78312142]
[-11.78806732]
[-6.73329545]
[-6.75428005]
[-6.77902685]
[-6.73014283]
[-6.75056833]
[-6.7467895]
[-6.75133511]
[-16.76619154]
[-11.76149912]
[-6.73357782]
[-11.7477362]
[-6.7540003]
[-6.77514872]
[-16.74241404]
[-6.75603385]
[-6.74371568]
[-11.79548426]
[-6.73980809]
[-6.7342761]
[-11.7448975]
[-6.71950183]
[-11.75209504]
[-6.72762861]
[-6.72540034]
[-6.77240775]
[-6.75626978]
[-6.71965276]
[-11.7938501]
[-6.74420152]
[-6.74887067]
[-11.79119111]
[-11.79018438]
[-11.75661186]
[-6.75110748]
[-6.71309564]
[-6.70206035]
[-6.74310449]
[-11.75938488]
[-11.78964708]
[-16.73105705]
[-6.75381575]
[-6.74680398]
[-11.76298951]
[-16.81114598]
[-6.73923476]
[-11.79724639]
[-6.73173086]
[-6.74448795]
[-6.74504255]
[-6.7269952]
[-16.79435069]
[-6.73669448]
[-6.71626317]
[-11.77599739]
[-6.74481897]
[-6.74545869]
[-6.72913448]
[-6.74265765]
[-6.73880087]
[-11.7516259]
[-6.76738833]
[-11.75036391]
[-16.79521982]
[-16.7399684]
[-21.81236871]
[-6.7557906]
[-16.78427281]
[-11.69422684]
[-11.75548107]
[-6.74217832]
[-6.75124024]
[-11.76534072]
[-11.77330547]
[-11.75758107]
[-11.78656835]

[-6.70206035]
[-6.71309564]
[-6.71605428]
[-6.71626317]
[-6.71809721]
[-6.71950183]
[-6.71965276]
[-6.72330163]
[-6.72374081]
[-6.72402238]
[-6.72540034]
[-6.7269952]
[-6.72762861]
[-6.72913448]
[-6.72918051]
[-6.72954858]
[-6.73014283]
[-6.73173086]
[-6.73329545]
[-6.73357782]
[-6.74310449]
[-16.79435069]
[-6.71038009]
[-16.7846272]
[-11.74593799]
[-6.73599405]
[-11.77249457]
[-6.74993236]
[-16.77972956]
[-6.7318542]
[-11.73311438]
[-11.77537769]
[-21.76367454]
[-11.75335474]
[-6.71965276]
[-11.78931215]
[-6.71504461]
[-6.71309564]
[-11.73911266]
[-6.70206035]
[-6.74508905]
[-11.75953449]
[-6.72402238]
[-6.71296374]
[-16.77847685]
[-11.74750884]
[-6.73638655]
[-21.75992455]
[-6.7615694]
[-6.72601073]
[-11.74778088]
[-6.73324286]
[-6.72748858]
[-6.74854199]
[-11.7561101]
[-11.77833231]
[-6.725198]
[-6.73236033]
[-11.74270244]
[-6.71591617]
[-16.75301639]
[-6.75006963]
[-6.74388318]
[-6.72918051]
[-6.73737624]
[-16.78152276]
[-6.73749833]
[-6.72368977]
[-6.74706045]
[-11.72916239]
[-11.75226548]
[-6.72558408]
[-6.78600643]
[-16.73957738]
[-11.73830802]
[-6.71491028]
[-6.7305199]
[-6.72913448]
[-6.75113699]
[-16.80604962]
[-6.7418445]
[-6.71809721]
[-6.73812211]
[-11.72684759]
[-6.75182935]
[-16.7951437]
[-6.71949775]
[-6.72330163]
[-6.73042017]
[-6.72683369]
[-6.75236719]
[-6.73014283]
[-6.7209844]
[-11.71590364]
[-6.75007221]
[-6.74022292]
[-16.71563536]
[-16.75749413]
[-11.75586388]
[-11.74045852]

