1.16012551502
0.54955076232
0.409641769656
0.359136523755
0.354506559221
0.318234970522
0.315790196768
0.299882371775
0.306340481003
0.290691782141
0.294230955291
0.279767911704
0.283313034145
0.308993935974
0.279705420597
0.279998757847
0.278321550385
0.281468932597
0.278803634318
0.274131268676
0.275285399659
0.272096179891
0.284183636459
0.273373998539
0.270554226454
0.272530369608
0.273186217086
0.27431360267
0.269483014607
0.282836601226
0.275160841481
0.2751620327
0.279821809149
0.270161544506
0.270899896558
0.270370885293
0.273883377417
0.278662666392
0.271896334219
0.275858037345
