9.26225150888
7.72547553102
6.77583689247
6.32158757699
5.79065987349
5.71786895441
5.67997396502
5.66929974699
5.66498105131
5.66160962751
5.66154427703
5.66134392077
5.6626441785
5.66263316292
5.66240312796
5.66169288675
5.66123360404
5.66131522417
5.66153160359
5.66177411348
5.66162735043
5.66124324921
5.66128464552
5.6616023608
5.66150418122
5.66222117647
5.66179319103
5.66094196751
5.66168280725
5.66135972602
5.66139314573
5.66118948546
5.66197920943
5.70613543894
5.66235536328
5.66076553788
5.66154851768
5.66164808317
5.66084419536
5.66275152866
