4 5.0 0 2 2 3 3 0 8.01533147271 0.0 601.575999975
4 15.0 1 2 0 1 3 0 8.65663354442 0.0 70681.5805
5 30.0 2 4 0 1 0 1 10.4290180464 0.0 1.75100004673
12 15.0 0 5 2 0 3 1 8.46606629272 0.0 1561.78600001
8 30.0 2 0 3 1 3 0 9.2169214412 0.041084690911 72840.3425001
8 15.0 1 2 3 1 0 0 11.800563721 0.02850345251 0.344999909401
11 30.0 2 0 1 0 1 0 9.31324206069 0.0 27.0720000086
2 1.0 1 0 0 3 2 0 7.2514380253 0.0 9147.46250003
6 15.0 2 5 1 0 2 1 8.80018924138 0.0 1630.57099998
9 1.0 2 2 1 2 2 0 9.07749260812 0.0 2630.82849998
12 1.0 0 5 0 0 0 1 10.9142497994 0.0 2.32000005245
4 15.0 2 4 3 3 2 0 8.95200599324 0.041322588463 1164.67349998
5 1.0 1 5 1 0 2 1 8.69985069421 0.0 18294.2220001
8 5.0 0 0 0 3 1 1 7.3250453504 0.0 0.698499930382
11 15.0 3 4 2 0 1 0 9.09697908557 0.0 42.8930000029
3 5.0 0 4 1 2 1 1 6.04000414625 0.0 0.886499979973
5 30.0 2 3 0 0 1 0 8.52801301991 0.0 13.6180000486
7 30.0 2 0 1 2 0 1 9.75882429294 0.0 0.366000056267
7 30.0 0 0 1 3 1 1 6.99407775 0.0 0.580000120163
9 1.0 1 2 1 0 3 1 8.13321609702 0.0 2137329.611
6 30.0 2 4 2 1 1 1 7.43457914036 0.0 15.2935000477
4 30.0 2 2 1 0 3 0 8.26030490678 0.0 41640.2725
2 15.0 2 5 1 1 1 0 6.21567064983 0.0 12.5749999409
11 30.0 2 4 2 0 2 1 8.76449235439 0.0 1426.77900009
11 30.0 3 2 1 2 1 0 8.47710439453 0.0 5.58649985313
6 30.0 0 5 1 0 2 1 8.07863098443 0.0 12.3459999886
6 5.0 3 2 3 0 1 0 8.45669446234 0.0273588802564 72.2404999132
5 1.0 1 0 1 0 1 0 8.39445312314 0.0 346.870000069
11 1.0 0 1 1 1 1 0 8.47074596688 0.0 2.49799996281
8 15.0 3 2 2 1 3 0 8.95038452564 0.0 97686.2
4 30.0 3 4 2 2 0 0 11.5660891931 0.0 1.37450003624
10 1.0 2 0 2 0 1 1 8.04000611481 0.0 717.299999995
6 30.0 0 4 3 2 3 0 8.20841158369 0.00209852550058 840.062000036
10 30.0 2 0 1 1 2 0 9.99260642811 0.0 1251.76400006
5 30.0 3 3 2 0 0 1 10.1948093452 0.0 1.86250007153
12 5.0 3 1 0 3 2 1 9.45239342009 0.0 5946.66900009
5 30.0 3 0 2 0 0 1 10.0704828085 0.0 1.81500005722
7 1.0 1 5 3 1 0 1 10.779730936 0.0159039020609 4.51750004292
6 15.0 1 2 3 1 2 0 9.61000219196 0.038634145344 1411.01449994
10 5.0 3 5 0 3 0 1 11.1911111833 0.0 23.7680001259
10 1.0 0 5 1 1 1 1 7.83885195442 0.0 2.64100003433
7 15.0 3 0 2 3 1 1 7.45910479803 0.0 29.5989999962
9 15.0 1 3 0 3 2 1 9.4951169377 0.0 2087.66100004
7 5.0 2 1 0 0 0 0 12.2106589994 0.0 1.0300000906
8 15.0 0 4 1 1 1 0 8.11008784873 0.0 0.422500026703
8 30.0 2 2 3 0 1 0 8.99249784273 0.00685503073626 20.3510000706
9 15.0 2 2 1 3 2 1 8.61629146798 0.0 2324.06900011
9 1.0 2 3 2 0 0 0 11.8632902255 0.0 6.64200007915
8 1.0 2 5 0 0 2 1 9.56056218238 0.0 30969.5365
3 1.0 3 0 3 3 1 0 7.48152185037 0.0408672920442 207.826000056
6 1.0 0 3 2 2 3 0 8.25175470394 0.0 841.713499904
8 1.0 2 2 2 3 3 0 9.4532455891 0.0 2168530.7395
3 5.0 1 0 3 3 2 1 7.49559821523 0.0112739523567 2442.11900004
6 1.0 3 0 1 3 2 0 9.13010046847 0.0 15762.5960002
4 5.0 0 2 1 0 3 0 7.9217464886 0.0 600.281000018
8 15.0 1 1 1 1 2 0 9.93144545372 0.0 1799.67799994
12 30.0 2 5 1 3 1 0 9.58243294678 0.0 29.4454999886
10 1.0 0 0 3 3 1 1 7.28337545991 0.00166628870951 1.16649997425
5 5.0 3 4 0 3 0 1 10.3623710588 0.0 13.1634999514
6 30.0 2 0 1 2 2 1 7.40744295075 0.0 77.4830000782
8 30.0 0 4 2 1 0 1 9.83262458257 0.0 0.364500045776
12 30.0 0 0 2 3 1 1 7.49668965735 0.0 0.705499998093
12 30.0 1 1 0 2 1 1 8.12750254057 0.0 2.46399994373
6 30.0 3 0 3 1 1 0 8.38215421073 0.0348648883927 12.2360000935
9 5.0 3 1 1 3 1 0 8.91183262585 0.0 106.026999898
7 1.0 2 4 2 2 0 1 9.85355522643 0.0 2.8259999752
9 15.0 0 1 2 2 2 1 8.3035759934 0.0 17.5585000467
8 5.0 0 3 0 1 0 0 11.8846033802 0.0 0.308500051498
11 30.0 0 1 1 0 1 0 8.47074596688 0.0 0.462499913216
11 30.0 0 3 0 2 0 0 11.8846033802 0.0 0.067999958992
10 1.0 2 2 3 3 1 1 8.0711060772 0.0247718483875 718.618499918
4 5.0 0 0 1 0 1 1 6.59287510398 0.0 0.511000070572
3 30.0 1 5 0 1 1 1 7.57770167783 0.0 7.97150004768
11 15.0 0 4 3 2 2 1 7.9517496491 0.0300856506482 20.9604999723
11 15.0 3 5 0 2 0 0 11.9002514603 0.0 7.4335000515
9 15.0 3 0 0 3 0 0 12.1920325132 0.0 7.00199997425
9 15.0 0 3 0 3 0 1 10.3260615403 0.0 0.417000055313
5 15.0 2 4 1 1 2 0 8.91865769213 0.0 1342.59350007
6 30.0 2 4 0 1 3 0 9.13701741422 0.0 56520.283
6 15.0 2 0 3 3 2 1 8.21969102473 0.015166630634 1630.42449987
7 15.0 0 2 0 0 3 0 8.74405443412 0.0 960.108999968
10 15.0 2 5 0 0 0 0 12.2267096543 0.0 0.427999973297
3 5.0 2 5 1 0 2 0 8.21751206563 0.0 2765.73849988
4 5.0 1 4 3 2 2 1 7.20408120476 0.0164847338787 231.690500016
2 5.0 2 0 0 1 0 0 12.2106589994 0.0 0.323500037193
5 1.0 3 3 1 0 3 1 7.21158152271 0.0 938214.631
5 1.0 3 1 2 1 1 0 8.01959160663 0.0 306.301499939
12 30.0 2 4 2 3 0 0 11.9481884838 0.0 0.277500033379
4 5.0 3 5 1 3 0 1 10.6515244698 0.0 11.1150000095
5 15.0 3 2 1 1 1 0 7.86490907922 0.0 21.6829999323
10 15.0 0 1 3 0 0 0 11.5157620757 0.0175135125485 0.139499902725
10 5.0 3 0 2 0 3 1 8.03196717321 0.0 349099.8035
11 30.0 1 2 1 3 0 0 11.8445653742 0.0 0.213000059128
10 5.0 1 3 3 1 2 1 9.00911687513 0.042075114452 6423.40150009
11 1.0 0 5 2 0 1 1 8.02635554584 0.0 2.9180000391
7 15.0 2 4 2 2 2 0 8.96570526897 0.0 171.476000023
2 30.0 0 3 0 0 3 1 6.01733198315 0.0 360.325000048
8 30.0 3 3 3 2 1 0 8.17334761568 0.000490867507834 3.91000002861
8 15.0 2 2 0 0 0 0 12.2138694456 0.0 0.388999938965
11 15.0 2 1 3 0 0 1 10.5735909441 0.0639835384663 0.753499984741
5 5.0 0 0 0 2 1 1 6.77151432132 0.0 0.498499958038
12 5.0 3 3 0 0 1 0 9.50636640324 0.0 133.302000045
10 5.0 3 0 0 1 1 1 8.01986447267 0.0 114.050499992
8 5.0 3 2 0 0 1 1 7.73392778722 0.0 92.4920001259
3 1.0 1 5 0 1 1 0 8.09120350969 0.0 215.339499928
6 1.0 2 0 2 1 1 0 8.64069297116 0.0 428.582000004
4 15.0 3 0 2 2 2 0 8.41260001686 0.0 62.8979999256
9 30.0 2 5 3 3 1 0 9.33933357787 0.0594698172623 22.5905000525
4 5.0 2 2 0 2 1 0 7.91618122916 0.0 5.68149993229
5 15.0 2 5 0 2 2 1 8.11841091433 0.0 128.877000117
10 30.0 1 2 1 0 1 1 8.02752250367 0.0 22.6299999628
10 30.0 0 4 0 3 2 1 8.21805331108 0.0 19.1669999189
5 5.0 0 5 3 0 0 0 11.4872921098 0.0287237538014 0.273999929428
7 15.0 1 1 0 3 3 1 8.84220198169 0.0 117000.731
9 5.0 1 2 2 3 2 1 9.01646961844 0.0 6096.43899998
4 5.0 2 0 1 1 1 1 6.85828549966 0.0 61.9719999418
5 1.0 1 4 3 1 2 0 9.25500173672 0.00329530815245 17444.3335
6 15.0 3 3 0 2 3 0 8.49118460071 0.0 5884.28100002
2 1.0 3 4 3 2 3 0 6.57968425134 0.00313138718786 27386.6745
2 15.0 1 4 0 0 2 0 7.11119335153 0.0 628.45750008
10 5.0 0 1 0 3 1 1 7.91879600804 0.0 1.01849997234
8 15.0 1 2 2 0 0 0 11.8481138079 0.0 0.351500034332
3 1.0 0 0 2 0 3 0 7.1934910346 0.0 480.511999965
11 1.0 3 2 1 3 3 0 9.32302373723 0.0 1881124.318
10 5.0 1 1 1 2 0 0 11.4217017079 0.0 0.515500068665
11 30.0 1 4 3 1 0 1 9.99052946559 0.0419783045233 0.50200009346
3 30.0 1 1 3 2 3 1 6.5462857932 0.0247433439142 2400.30949998
3 1.0 0 4 0 0 3 0 7.38886931675 0.0 480.961500049
5 15.0 2 5 0 2 1 0 7.79481151917 0.0 2.58300008774
10 5.0 3 5 3 3 2 0 9.87765166005 0.0154315820957 5033.14899988
7 15.0 3 4 3 2 2 0 8.90262491161 0.00718317592416 100.670499942
11 5.0 0 2 0 0 2 1 8.16324664951 0.0 21.2784999313
4 1.0 1 0 1 3 2 0 9.03125345391 0.0 15210.9075
4 30.0 2 5 0 1 2 1 8.5251139806 0.0 563.680000041
6 30.0 1 4 2 3 2 0 9.87440142933 0.0 748.308499998
8 5.0 1 5 3 2 1 1 7.70047916745 0.0149744176942 8.60750005341
4 30.0 0 5 2 3 2 1 7.94228489664 0.0 8.89350002766
9 30.0 1 5 1 2 2 1 8.57493185772 0.0 85.961000061
2 30.0 3 0 0 0 0 1 10.3975970879 0.0 1.02950000763
8 5.0 2 1 1 3 0 0 11.843710642 0.0 1.16100001335
8 15.0 1 4 3 0 3 1 8.17444260078 0.00222703922874 132720.8395
8 15.0 3 5 0 2 1 0 8.44556056979 0.0 7.64800008869
2 5.0 0 0 2 1 1 1 5.48498644163 0.0 0.486499949455
5 1.0 0 2 2 0 3 1 6.82759721122 0.0 721.900500059
9 15.0 0 4 1 2 3 1 7.41164204987 0.0 1200.43800008
5 1.0 2 0 2 1 1 1 7.13884079615 0.0 370.592000013
7 1.0 1 5 2 3 1 0 9.27228354218 0.0 461.179500113
6 15.0 3 4 3 3 3 0 8.63823181685 0.0269746115578 76805.039
11 30.0 0 2 2 3 2 1 7.91295191234 0.0 20.8655000629
11 1.0 3 1 2 3 3 0 9.43774881123 0.0 1881124.2945
4 15.0 3 3 2 1 1 0 7.91578114776 0.0 17.9020000496
11 5.0 1 5 0 3 3 1 9.81230206292 0.0 512042.216
8 15.0 3 3 3 0 3 0 8.92180572594 0.0158828372916 99365.576
12 1.0 0 0 2 3 3 0 8.96860653968 0.0 1560.78049994
6 30.0 3 1 1 0 2 0 9.00109676881 0.0 561.615500092
5 15.0 3 3 3 0 2 1 7.61768777834 0.0452254752153 952.304999993
5 30.0 0 3 2 1 0 0 11.547627942 0.0 0.0555000305176
3 15.0 1 4 3 1 3 0 7.99039976655 0.00224698140187 55800.2754999
3 30.0 1 0 0 2 2 0 7.78334899608 0.0 34.2619999552
11 30.0 1 2 0 2 3 1 7.82916212214 0.0 7200.38499999
11 5.0 0 0 0 0 3 0 9.07863554566 0.0 1440.0825001
12 15.0 3 5 3 2 1 0 8.68739194961 0.0246957490002 11.0350000257
4 1.0 3 0 1 1 3 1 7.04141402481 0.0 758211.996
10 5.0 2 0 1 2 1 1 7.24968907197 0.0 12.3269999762
2 15.0 0 3 0 3 1 1 5.70285408935 0.0 0.432500048637
11 1.0 2 3 0 1 2 0 10.4689667478 0.0 39230.8205001
3 5.0 3 5 1 2 3 0 7.12142219189 0.0 8167.43549991
4 1.0 0 1 1 1 1 1 6.90777582993 0.0 1.74949995041
2 30.0 1 4 3 3 0 0 11.8046195674 0.0382805056869 0.0724999904633
4 30.0 1 3 3 3 0 1 10.2004798845 0.00706122716558 0.376999974251
12 30.0 1 2 2 3 3 0 10.1687002788 0.0 97800.3759999
12 5.0 1 2 3 3 0 1 10.2915991107 0.0567976890567 1.6384999752
2 30.0 0 2 0 0 1 0 6.41762499153 0.0 0.122499986649
10 5.0 3 4 2 2 2 1 7.97828603165 0.0 340.389500088
3 5.0 0 2 3 3 3 1 6.19212282153 0.0107773894824 480.518000126
2 1.0 1 4 3 1 3 1 5.75404884117 0.00499945211307 604923.279
11 30.0 2 4 0 3 1 1 8.49177383767 0.0 27.3635001001
9 5.0 0 4 0 0 2 0 9.42692495493 0.0 17.4809999418
8 30.0 2 2 1 1 1 1 7.5682173078 0.0 19.6424999619
7 30.0 1 0 0 1 1 1 8.012521257 0.0 15.8674999876
5 15.0 1 5 3 1 2 1 8.694761251 0.0135621255118 1209.18800003
8 1.0 1 4 1 3 1 0 9.36542299557 0.0 518.469500047
6 1.0 1 2 0 3 0 0 12.4013034161 0.0 3.70749998093
11 30.0 0 3 1 0 3 0 8.72434268771 0.0 1440.09000003
9 15.0 2 2 2 1 0 0 11.8665234951 0.0 0.394000053406
6 1.0 1 0 3 1 1 1 7.5596678741 0.0430711393185 379.100000065
12 30.0 3 2 2 1 1 0 9.12365513637 0.0 22.9960000124
8 30.0 1 5 0 2 2 1 8.69628493615 0.0 77.3779999399
6 30.0 2 0 3 2 2 1 7.49248882285 0.0243907979639 77.3314999723
5 1.0 0 0 0 3 2 0 8.55940709878 0.0 10.4929999561
5 15.0 2 2 0 2 1 1 6.73880066491 0.0 2.8430000782
8 5.0 3 2 1 0 0 0 11.6519336437 0.0 15.7984999418
2 15.0 1 3 0 2 0 0 11.905427639 0.0 0.0714999437332
8 5.0 1 0 0 3 2 0 10.6800586445 0.0 5477.63950018
10 15.0 1 0 3 2 2 1 7.96731488623 0.0153185950287 188.693000026
11 30.0 3 0 3 0 1 1 7.77418033915 0.0252534367938 21.2744999571
2 30.0 2 0 1 2 2 0 6.81424982896 0.0 32.5605000286
12 5.0 2 3 3 0 3 0 9.74454116968 0.00499991719598 628443.0195
6 30.0 0 1 0 2 3 1 7.71629413313 0.0 840.327499986
9 30.0 1 1 1 1 0 0 11.683947758 0.0 0.193500041962
4 15.0 3 1 0 0 3 1 7.70329673699 0.0 54843.329
10 1.0 0 4 1 2 0 0 11.4015461985 0.0 1.9960000515
10 15.0 0 0 0 2 2 0 9.52890958946 0.0 18.8554999657
6 30.0 0 2 0 0 2 0 8.9063912228 0.0 12.034999999
7 1.0 0 2 1 2 1 0 8.08917969661 0.0 1.95500000095
3 5.0 1 0 0 2 2 1 6.77644805079 0.0 185.324999901
3 15.0 0 1 0 3 0 0 11.8846033802 0.0 0.0605000257492
11 5.0 1 2 0 1 3 1 8.62806743329 0.0 494402.171
4 1.0 0 0 0 2 1 0 7.90513508273 0.0 0.341000113487
7 30.0 2 0 3 3 0 1 10.1706056691 0.000272606319516 0.393000006676
4 30.0 2 5 2 1 1 0 8.00210895709 0.0 10.7080000124
2 15.0 2 4 2 1 2 0 6.91481924803 0.0 667.890499883
7 1.0 0 1 3 1 2 0 8.88945359157 0.0270963675932 15.4254999361
5 15.0 1 1 1 0 0 0 11.6812820392 0.0 0.258500099182
10 15.0 3 0 2 3 2 0 9.85977760757 0.0 1746.77449981
5 5.0 3 2 2 0 0 1 9.98227367149 0.0 10.8324999809
12 1.0 1 3 3 3 2 0 10.9170829732 0.00925778202755 39567.3464999
9 30.0 2 2 2 3 3 0 9.6129555258 0.0 83280.402
7 5.0 0 0 1 2 0 1 9.73704985418 0.0 0.364500045776
11 1.0 1 1 0 0 2 0 10.8959248586 0.0 36585.9334999
11 30.0 0 0 3 3 1 1 7.37999644608 0.0616635859189 0.66299992466
2 30.0 3 5 0 3 2 0 7.08445743203 0.0 240.671999984
6 15.0 3 4 1 0 2 0 9.04042873327 0.0 1115.20849997
2 5.0 0 3 3 1 1 0 6.22767335121 0.00971983618281 0.320499821663
8 1.0 3 4 3 0 0 1 9.9563200716 0.037882942514 79.9349999428
6 1.0 3 1 0 2 3 1 7.7283209707 0.0 63901.895
12 1.0 3 1 1 2 0 0 11.4154509083 0.0 116.432999849
3 30.0 1 5 0 3 1 1 7.72641870365 0.0 8.38349997997
9 1.0 0 2 2 0 1 1 7.24812985568 0.0 2.73400003433
10 5.0 2 4 1 2 1 1 7.22774208833 0.0 12.8840000172
3 15.0 3 3 3 1 1 0 7.3959003234 0.0115648518929 14.1079999275
7 30.0 3 5 2 2 3 1 8.03891064593 0.0 4802.43000007
10 30.0 3 0 3 1 0 0 11.7191188916 0.00404408496635 3.49500000477
10 5.0 2 3 1 1 2 1 8.69146916209 0.0 7249.03050003
9 15.0 2 0 1 3 0 0 11.8619556236 0.0 0.344000101089
2 15.0 0 0 1 3 0 0 11.4015461985 0.0 0.0305000543594
5 15.0 1 0 1 3 0 0 11.8544265743 0.0 0.197499990463
8 30.0 1 0 2 0 3 1 8.15680684088 0.0 67800.501
4 5.0 3 0 3 1 1 0 7.88711631657 0.0214039316409 51.3825000668
9 5.0 1 0 1 3 1 0 9.55005945593 0.0 115.591000113
8 1.0 2 0 0 3 1 1 8.18359204383 0.0 587.021000016
11 30.0 1 0 3 3 2 1 9.19809050798 0.0247764901445 1281.05249992
12 5.0 2 5 1 3 0 0 11.8811161288 0.0 1.56199991703
12 15.0 3 5 1 3 3 1 8.83845785009 0.0 143169.2885
7 1.0 2 0 1 3 0 1 10.0741206422 0.0 4.39299988747
3 30.0 1 3 1 3 3 1 7.06945526675 0.0 30000.48
5 5.0 2 1 3 3 1 1 7.61036281896 0.0237830688077 79.0669999409
8 1.0 3 2 1 2 0 1 9.66224438077 0.0 80.0394999981
5 15.0 1 2 0 0 0 1 10.3578654152 0.0 0.480999827385
3 1.0 2 4 2 3 3 1 6.90847887734 0.0 963605.3255
2 1.0 0 0 2 3 2 0 6.89101156296 0.0 5.61850007629
4 15.0 0 5 0 3 1 1 7.41875219691 0.0 0.508499894142
4 15.0 0 5 3 3 1 0 7.65960339821 0.0231138126413 0.238500032425
4 5.0 3 5 3 1 1 0 7.92782533252 0.000775996420127 51.6605000639
2 1.0 3 5 2 1 0 1 10.7885550189 0.0 32.8920000792
6 5.0 3 1 0 2 2 1 8.10684938518 0.0 216.216499999
11 1.0 3 2 2 2 2 1 7.92365981769 0.0 1667.11200001
4 15.0 1 1 1 1 1 1 7.24399238598 0.0 19.351999959
11 30.0 3 3 3 1 1 0 9.00572192116 0.00882570522884 21.0755001049
5 1.0 2 2 0 0 1 0 8.52938398494 0.0 390.914000019
5 5.0 0 1 1 2 0 1 10.2176226978 0.0 0.56299996376
4 5.0 2 2 2 3 2 1 7.69279813436 0.0 3452.76449994
9 15.0 0 1 0 1 1 1 7.88462747231 0.0 0.709500141144
7 30.0 3 3 2 2 1 0 8.18921059123 0.0 3.39750006676
9 5.0 0 2 1 0 3 0 8.61539321421 0.0 1200.40800011
2 15.0 0 3 0 2 2 1 6.26281019191 0.0 5.48499997711
4 5.0 2 4 3 3 0 0 11.9070004832 0.042025354848 0.763000011444
4 15.0 1 3 1 3 0 1 10.2447841142 0.0 0.476500034332
5 15.0 2 0 2 0 3 0 8.56036298925 0.0 97680.4139999
2 15.0 2 5 1 1 0 0 11.7157021879 0.0 0.152999997139
10 30.0 1 5 2 2 2 1 8.78066848434 0.0 94.5339998341
4 5.0 2 5 1 0 1 0 7.96320149676 0.0 65.5009999838
3 1.0 1 2 0 2 2 0 7.77568304642 0.0 850.315999915
4 1.0 3 0 1 2 1 0 7.61003285325 0.0 56.1110000944
12 5.0 3 0 1 2 1 0 8.58094681835 0.0 29.8690000505
8 15.0 2 4 0 3 3 0 9.72189249968 0.0 146520.6775
4 1.0 0 5 0 2 3 0 8.2374366785 0.0 601.103500009
4 1.0 1 3 0 3 2 1 8.2351920778 0.0 15211.337
4 1.0 2 3 0 3 3 1 7.65883976045 0.0 1204085.0335
3 30.0 3 3 1 1 1 1 6.44778307771 0.0 7.17099997997
7 5.0 3 0 0 3 0 0 12.1630573932 0.0 16.8884999752
12 15.0 3 1 2 1 3 0 9.43538644535 0.0 140409.3775
5 5.0 1 0 0 0 0 0 12.175050438 0.0 0.605499982834
9 15.0 1 1 0 0 1 0 9.72834547224 0.0 39.9729999809
11 1.0 0 5 3 2 0 1 10.5543576972 0.0327118339099 2.62949991226
4 30.0 2 3 0 0 0 1 10.6085139209 0.0 0.475999951363
12 1.0 3 5 1 3 3 1 8.90877791303 0.0 2036176.5205
6 15.0 3 0 2 0 3 0 8.66402965816 0.0 76804.6
6 30.0 2 1 3 0 1 1 7.80941170546 0.0184030189286 16.1375001211
8 15.0 0 1 0 1 3 1 7.95575405373 0.0 1080.4519999
5 15.0 2 5 3 1 2 0 9.01189667543 0.0231600630623 1342.63350004
3 30.0 2 5 3 0 1 0 7.66916761303 0.0181816875805 9.05800006008
12 1.0 0 3 1 3 1 1 7.48817270435 0.0 3.36799990273
12 30.0 1 2 2 2 1 0 8.71102547298 0.0 2.22649999142
11 30.0 0 4 0 3 1 0 8.81284162683 0.0 0.467500027657
2 1.0 1 2 1 0 1 0 6.22494546585 0.0 174.22999999
2 15.0 0 0 0 2 3 1 5.95015858409 0.0 360.336500049
7 30.0 3 5 3 1 3 1 8.31942287827 0.0169736827214 43443.2360001
7 5.0 1 5 3 2 0 1 10.5157455203 0.042641932676 0.775499939919
5 1.0 0 3 2 1 0 1 10.0080328456 0.0 2.02149999142
3 30.0 1 1 1 1 2 0 8.4163940108 0.0 409.289500015
10 5.0 3 5 0 3 2 1 9.65819572872 0.0 5035.51199992
11 1.0 1 4 0 3 0 0 12.5009401074 0.0 6.90100002289
9 5.0 0 0 0 2 3 1 7.76691519981 0.0 1200.37549996
5 30.0 3 5 1 2 3 0 7.84304145847 0.0 3601.79700005
4 1.0 1 3 3 3 3 1 7.47518855734 0.0158983683087 1062005.487
4 1.0 1 1 0 0 1 0 8.36637781082 0.0 289.293499992
4 5.0 1 3 0 0 3 1 7.6357888291 0.0 214081.304
12 15.0 3 4 1 2 1 1 7.37830802818 0.0 11.8280000086
6 30.0 0 4 1 1 0 1 9.68654325316 0.0 0.389999985695
9 30.0 3 3 1 3 0 0 11.6341987787 0.0 3.49099993706
9 5.0 0 3 3 2 0 0 11.525336281 0.0561619873008 0.430000066757
7 15.0 2 1 1 0 3 0 9.04182821529 0.0 130440.903
8 5.0 0 5 1 2 3 0 8.4123626034 0.0 1080.41999996
10 15.0 3 5 1 0 3 1 8.62240263613 0.0 121207.7265
10 30.0 3 4 1 3 0 1 9.87681177211 0.0 4.15950000286
11 15.0 0 4 1 2 3 1 7.50157575003 0.0 1440.47399998
10 5.0 1 5 3 1 0 1 10.7976894414 0.00822980606893 1.56050002575
7 5.0 2 0 2 2 2 1 7.7347408792 0.0 451.11550017
12 1.0 2 4 1 3 2 1 8.96277456549 0.0 44736.129
12 30.0 1 2 3 3 1 0 9.9475240176 0.00976619612188 26.4759999733
9 30.0 1 3 0 3 1 1 8.65968055944 0.0 20.6880000181
5 30.0 0 5 0 3 1 1 7.2955561076 0.0 0.542499987602
4 5.0 2 2 0 1 3 1 7.38362432954 0.0 231361.6335
11 15.0 3 4 0 2 1 0 8.82412579132 0.0 10.8500000601
3 15.0 2 4 2 2 2 0 7.56463927448 0.0 85.7684999466
11 15.0 1 4 2 2 2 0 9.29989244992 0.0 205.669000092
3 15.0 2 2 2 2 3 0 7.21831480338 0.0 6000.18850005
4 15.0 1 5 2 0 3 1 7.98774072622 0.0 73560.6595001
12 1.0 3 0 3 2 0 0 11.4817129526 0.00852248774619 119.748999953
3 5.0 0 1 3 3 3 0 7.16322961551 0.0237019669704 480.224999905
5 15.0 0 5 3 2 3 0 7.89732208211 0.0417017930802 720.111499906
4 5.0 3 3 1 0 3 1 7.14127803114 0.0 158049.9785
3 15.0 1 5 1 3 1 0 7.93862777329 0.0 15.8740000162
10 5.0 2 0 2 1 3 1 8.21001050726 0.0 511802.319
10 15.0 3 4 1 1 3 1 7.8377920037 0.0 119048.05
12 5.0 2 3 0 2 3 1 8.10131029449 0.0 50881.5385001
3 1.0 1 0 3 2 3 0 7.20825394689 0.020477387967 59521.0780002
2 1.0 3 0 2 3 3 1 5.80420887958 0.0 464192.7345
3 1.0 2 5 3 2 3 1 6.82822943092 0.0168568331564 73562.4435
8 1.0 2 4 2 0 3 0 9.29426752833 0.0 2168530.7555
6 1.0 1 5 3 3 2 1 9.3449738321 0.0260814568474 21314.3980001
2 15.0 0 1 2 0 3 0 6.61052813533 0.0 360.088500023
12 1.0 1 3 3 2 0 0 11.5608525322 0.00752558682843 2.84549999237
9 1.0 3 0 0 3 0 1 10.4542161138 0.0 109.922500014
11 5.0 3 0 0 2 0 0 11.8997601781 0.0 21.5979999304
4 5.0 1 1 0 3 1 0 8.5295867687 0.0 57.8924999943
9 30.0 0 3 0 0 0 1 10.3260615403 0.0 0.363000035286
7 15.0 1 5 2 0 1 0 9.08859246837 0.0 31.952499896
12 1.0 3 1 2 2 0 0 11.561742495 0.0 121.653999925
3 1.0 0 4 2 3 0 1 9.83364170948 0.0 1.58850002289
7 15.0 2 5 2 0 0 0 11.8665234951 0.0 0.352500081062
3 15.0 0 0 0 0 1 0 7.22717454923 0.0 0.142000058174
6 5.0 1 3 0 1 1 1 7.94809871176 0.0 77.4304999218
5 1.0 1 1 3 2 1 0 7.54322347914 0.00206470813883 25.7709999399
10 15.0 3 2 1 0 1 1 7.56952051969 0.0 39.2710000839
3 5.0 1 0 0 3 0 1 10.5654547839 0.0 0.651499986649
2 5.0 2 1 2 3 0 0 11.8801447808 0.0 0.572000026703
8 5.0 1 3 2 3 0 1 10.4820277715 0.0 1.27249991894
3 15.0 3 5 2 0 0 1 10.7830596124 0.0 2.60000002384
12 30.0 1 0 3 1 3 1 8.46825124966 0.0240775733855 93480.594
2 30.0 1 4 0 1 0 1 10.3977411322 0.0 0.34350001812
7 5.0 1 2 0 0 3 0 9.57040638893 0.0 343081.336
5 30.0 0 4 3 1 1 1 6.52264598193 0.0109666816358 0.521999923706
11 30.0 1 0 3 1 1 1 8.22589515573 0.0238737414635 23.4779999199
5 15.0 0 5 2 1 1 0 7.56396810676 0.0 0.305000035286
6 30.0 0 5 1 2 2 0 8.56000273266 0.0 12.0480000105
10 30.0 3 1 3 3 3 0 9.20465323579 0.000349156406691 60963.345
2 5.0 0 0 2 3 1 1 5.48498644163 0.0 0.497500105858
11 5.0 2 2 3 2 1 1 7.34276060959 0.043493011705 13.979499896
8 5.0 0 0 0 3 1 1 7.3250453504 0.0 0.624000084877
3 15.0 2 4 3 0 2 1 7.13902994843 0.00599555376457 931.874000004
10 30.0 0 1 1 0 2 1 8.27872067017 0.0 19.1640000172
11 5.0 2 3 1 1 3 1 8.27104319165 0.0 557642.9085
5 15.0 2 2 3 1 3 1 7.28873868327 0.0237997708683 94440.7309999
3 1.0 3 2 2 0 0 1 9.98195881929 0.0 35.7704998255
11 30.0 3 4 1 2 3 1 7.50604603839 0.0 7203.76800001
7 15.0 3 3 1 3 3 0 8.81557716912 0.0 88085.8305
9 30.0 2 5 0 1 1 0 9.4176866714 0.0 21.394499979
12 30.0 1 0 0 3 3 0 10.460832837 0.0 97800.3940001
12 1.0 3 1 2 1 2 0 10.0605361812 0.0 28487.7229999
5 30.0 3 1 0 2 2 0 8.5615628243 0.0 53.0574999905
3 1.0 1 4 3 0 1 1 6.82567312702 0.0147480826768 231.713999972
3 15.0 2 0 0 3 1 0 8.02059304276 0.0 17.5870000849
5 1.0 3 1 1 1 1 1 7.19098862545 0.0 307.968499875
5 15.0 2 2 0 3 3 1 7.68600003239 0.0 97680.7509999
8 15.0 3 5 1 1 3 0 8.84290260934 0.0 97686.3265001
3 5.0 2 0 3 1 2 1 7.13104645364 0.00922036776716 2656.25949999
9 1.0 2 1 1 3 1 1 8.40195202343 0.0 652.897500079
9 5.0 3 1 3 2 1 0 8.43971524819 0.00144022057872 23.3260000372
6 15.0 3 5 0 1 3 1 8.40878665784 0.0 75245.3379999
6 5.0 3 3 1 0 2 1 7.91954589295 0.0 3200.61999993
8 30.0 1 4 2 1 1 0 9.17849759874 0.0 17.4615000334
2 5.0 1 1 2 0 2 0 6.93487746143 0.0 1832.40850004
5 1.0 3 0 1 2 3 0 7.84829604203 0.0 54772.5270001
5 1.0 3 1 3 3 3 0 8.3468775435 0.0319513783029 938222.9705
9 15.0 3 0 2 2 3 1 7.54171508622 0.0 8404.67999995
11 5.0 3 2 0 0 1 1 8.07553056829 0.0 120.670500092
9 1.0 3 3 0 1 2 0 10.0285902895 0.0 21894.8074999
10 1.0 3 5 3 1 0 1 10.7588703885 0.00286052227527 70.7644999027
8 1.0 0 0 0 1 2 0 9.15767153464 0.0 15.7449998932
7 5.0 0 4 3 1 0 0 11.5424747737 0.00477593323885 0.355500102043
10 15.0 2 3 0 1 3 0 9.80181900681 0.0 172800.889
3 1.0 0 4 2 1 0 1 9.83364170948 0.0 1.66199994087
4 30.0 3 1 3 0 2 1 7.85199813978 0.00190100311096 403.954500027
5 1.0 0 2 3 1 3 1 6.77940100003 0.0228918173274 721.767000079
9 5.0 0 1 1 0 2 0 9.05664920213 0.0 17.5295000029
11 5.0 0 2 3 1 0 1 9.781133687 0.0305287355247 0.741999864578
3 15.0 3 0 3 3 0 1 10.0368125925 0.0432902079428 3.10800004005
6 30.0 0 4 0 2 1 1 7.13934865223 0.0 0.562499903679
4 1.0 0 0 0 0 0 1 10.2032964878 0.0 0.489499926567
7 1.0 1 2 2 1 0 0 11.8283593243 0.0 4.48399984837
5 30.0 0 4 1 0 0 1 9.68654325316 0.0 0.330999970436
6 1.0 0 0 0 0 0 1 10.2032964878 0.0 0.529500007629
9 1.0 1 1 0 1 3 1 8.9366093631 0.0 2040608.16
9 1.0 1 0 1 0 1 1 8.04264380189 0.0 576.737499948
4 1.0 3 0 1 1 1 0 7.83724489521 0.0 238.212000121
4 1.0 3 3 2 1 1 0 7.9295552044 0.0 240.09950005
7 1.0 3 5 1 3 2 0 9.4107055595 0.0 17965.5414998
9 1.0 3 1 2 1 1 1 8.11152811424 0.0 473.062000067
3 15.0 0 0 1 0 0 0 11.4015461985 0.0 0.0575001239777
10 5.0 0 0 0 0 0 1 10.2032964878 0.0 0.363999843597
3 1.0 0 0 0 0 1 1 6.31745383761 0.0 0.552499988556
3 1.0 0 0 1 3 0 1 9.73704985418 0.0 0.761999964714
5 5.0 0 0 0 0 1 1 6.77151432132 0.0 0.529999939919
3 5.0 0 4 3 0 2 0 7.52724104313 0.0137873069998 7.07849998283
4 1.0 0 2 0 3 3 0 8.2374366785 0.0 601.094499946
11 1.0 0 1 0 3 3 0 9.07863554566 0.0 1442.0
6 1.0 0 1 3 0 2 1 7.8401164687 0.0134294400168 13.8655000057
6 1.0 0 0 0 1 0 1 10.2032964878 0.0 0.516000032425
3 1.0 1 0 2 3 0 1 10.2301650331 0.0 2.76600003242
4 15.0 0 0 1 0 2 1 7.17397992564 0.0 8.86250000954
7 1.0 0 1 0 0 2 1 8.35329930045 0.0 15.4275000296
5 1.0 0 1 2 1 2 0 8.3271610439 0.0 11.8685000391
6 1.0 0 5 3 0 0 1 10.5371691195 0.0557504640649 1.78750002384
3 1.0 2 0 0 0 1 1 6.89985534685 0.0 260.637000033
6 1.0 1 0 0 3 0 1 10.6343959441 0.0 2.88699996471
4 1.0 3 1 0 0 0 1 10.892220325 0.0 29.1660000086
8 1.0 3 2 0 3 2 1 8.43766983216 0.0 20241.676
13 1.0 3 0 3 1 1 1 7.92699004619 0.00163133004799 657.692500045
4 1.0 0 0 0 3 0 1 10.2032964878 0.0 0.505499958992
7 1.0 0 0 3 1 1 0 8.15659138528 0.00817469077641 0.799500065804
5 1.0 0 0 2 1 3 0 7.93373701922 0.0 720.615499973
5 1.0 0 0 0 0 0 1 10.2032964878 0.0 0.50250005722
9 1.0 0 0 0 0 0 1 10.2032964878 0.0 0.666000008583
3 1.0 0 1 0 0 0 1 10.6887228674 0.0 1.2840000391
9 1.0 0 1 0 0 2 1 8.55921756414 0.0 19.3015001965
3 1.0 1 0 0 0 0 1 10.4451366682 0.0 2.50849997997
6 1.0 0 1 2 0 0 1 10.3637041555 0.0 2.03900003433
4 5.0 2 0 0 3 0 1 10.5336759424 0.0 0.838999867439
6 15.0 0 0 0 0 2 1 7.71847830966 0.0 12.2840000715
6 1.0 1 0 3 1 0 1 10.068688678 0.0289713317259 3.67649996281
6 30.0 0 0 0 0 0 1 10.2032964878 0.0 0.295500040054
4 1.0 1 0 3 1 3 1 7.25069000204 0.0264347137327 1018804.2495
13 1.0 1 0 2 1 0 1 10.148845716 0.0 6.50249993801
7 1.0 0 4 0 0 0 1 10.1533071955 0.0 1.58200001717
6 1.0 2 0 0 0 1 1 7.74534273524 0.0 455.362499862
5 1.0 3 0 0 0 2 1 7.86032651474 0.0 13455.9854999
6 1.0 3 0 0 3 1 1 7.58729099696 0.0 339.363500134
12 1.0 3 0 0 1 0 1 10.4308689127 0.0 88.4515000582
3 15.0 0 0 0 1 0 1 10.2032964878 0.0 0.306500077248
8 30.0 0 1 0 2 0 1 10.6828821562 0.0 0.338999867439
5 1.0 0 0 3 0 0 1 9.87868048481 0.0286601498104 0.75100004673
6 5.0 0 5 0 3 2 1 8.42702822785 0.0 12.5475000467
9 5.0 1 4 0 1 0 0 12.1795811676 0.0 1.06749987602
12 5.0 0 0 0 3 0 1 10.2032964878 0.0 0.384499907494
6 5.0 0 0 1 3 2 0 8.56000273266 0.0 12.0819999304
3 1.0 0 3 0 3 0 1 10.3294595489 0.0 1.24450004101
3 1.0 0 4 0 3 3 1 6.43875850682 0.0 481.287999868
3 5.0 0 0 0 0 0 1 10.2032964878 0.0 0.31149995327
5 30.0 0 0 0 0 0 1 10.2032964878 0.0 0.292500019073
4 1.0 0 0 0 0 3 1 7.1603480207 0.0 600.486500025
5 1.0 0 4 0 0 2 1 7.4125591903 0.0 11.8264999838
8 1.0 0 0 2 3 3 1 7.36269169842 0.0 1080.96249998
6 30.0 0 0 0 2 0 1 10.2032964878 0.0 0.271500110626
7 1.0 0 0 0 1 0 1 10.2032964878 0.0 0.432999968529
7 1.0 0 0 2 0 2 1 7.71921897727 0.0 14.5119999847
4 1.0 0 4 0 0 0 1 10.1533071955 0.0 1.14649999142
3 1.0 2 2 1 0 3 1 6.69541919046 0.0 963603.812
7 1.0 3 2 2 0 3 1 7.6557337764 0.0 1254404.0405
3 1.0 0 0 0 1 2 1 6.74755965744 0.0 7.27549989033
7 5.0 0 2 3 1 2 1 7.65905683346 0.0370506253719 14.3409999809
6 5.0 0 0 0 0 0 1 10.2032964878 0.0 0.31350004673
4 1.0 0 2 0 1 0 1 10.1176151317 0.0 1.33350002766
4 1.0 0 4 0 0 1 1 6.8635620038 0.0 1.61249998569
7 1.0 0 4 0 3 0 1 10.1533071955 0.0 1.74150013924
8 5.0 0 0 0 1 0 1 10.2032964878 0.0 0.351500034332
8 1.0 0 1 2 1 0 1 10.3637041555 0.0 2.25099992752
3 1.0 0 4 3 0 0 1 9.79154338086 0.0227333366399 1.46000003815
5 30.0 2 0 0 0 2 1 8.09197608321 0.0 714.333499984
3 30.0 3 0 2 0 0 1 10.0704828085 0.0 1.30799984932
4 1.0 0 0 0 0 0 1 10.2032964878 0.0 0.488499999046
5 1.0 1 0 0 0 0 1 10.4451366682 0.0 3.05449998379
3 1.0 2 0 0 2 0 1 10.2240745603 0.0 1.0720000267
5 30.0 1 2 1 0 0 1 9.8817339631 0.0 0.396000027657
7 1.0 0 0 0 3 0 0 11.8846033802 0.0 0.25049996376
7 1.0 0 3 0 0 1 1 7.39584509742 0.0 1.81800003624
3 1.0 1 4 0 0 1 0 8.14986941713 0.0 230.239500031
4 1.0 3 0 0 0 0 1 10.3957601637 0.0 27.7769999504
7 1.0 3 0 0 0 1 1 7.71299689478 0.0 377.106500014
6 15.0 0 1 3 3 0 0 11.5553677069 0.00446663937707 0.114500045776
8 30.0 0 4 0 1 1 1 7.30305929207 0.0 0.648499978065
11 1.0 0 0 0 1 0 0 11.8846033802 0.0 0.415999889374
5 5.0 0 0 0 0 2 1 7.42897829646 0.0 10.596000001
4 1.0 0 0 0 3 2 1 7.49673572978 0.0 9.04150002956
8 1.0 0 0 3 2 0 0 11.4849936953 0.0587366560872 0.564499974251
4 15.0 0 0 0 0 0 1 10.2032964878 0.0 0.309499979019
3 5.0 0 0 3 3 0 1 9.85201754403 0.0303350677386 0.361999988556
3 1.0 0 0 2 1 2 0 7.53616151937 0.0 7.38900000858
7 1.0 0 0 0 2 0 0 11.8846033802 0.0 0.279500007629
4 1.0 0 0 0 3 0 1 10.2032964878 0.0 0.460500001907
6 1.0 0 0 0 0 0 0 11.8846033802 0.0 0.287500023842
6 1.0 0 0 0 0 1 1 7.16068817282 0.0 0.764500044823
9 1.0 0 0 0 1 1 1 7.53076676354 0.0 0.933499879837
3 1.0 0 1 1 3 2 1 6.77878410489 0.0 8.35400004196
10 1.0 0 3 3 0 0 1 9.95110633029 0.00391366227162 2.2784999609
3 1.0 2 0 0 3 0 1 10.5103908322 0.0 2.28499996662
6 1.0 0 1 0 1 0 1 10.6887228674 0.0 1.12999999523
5 1.0 1 4 0 0 0 0 12.1744641724 0.0 2.52900004387
7 1.0 3 0 0 3 3 1 7.9955062193 0.0 1254410.521
6 1.0 0 0 0 1 1 0 8.23784437239 0.0 0.473000072479
13 30.0 0 0 0 0 0 1 10.2032964878 0.0 0.335999965668
3 1.0 0 0 0 3 0 1 10.2032964878 0.0 0.411999940872
4 1.0 0 0 0 3 0 1 10.2032964878 0.0 0.463500022888
7 15.0 0 0 0 0 0 1 10.2032964878 0.0 0.309499979019
3 1.0 0 0 3 0 1 1 6.09641295337 0.0088581219574 0.856999972343
3 5.0 0 0 0 0 0 0 11.8846033802 0.0 0.0329999923706
7 15.0 0 4 0 0 3 1 7.56521875527 0.0 960.415499926
4 5.0 1 0 0 1 2 1 7.92695287464 0.0 2916.3915001
6 1.0 0 0 0 0 0 1 10.2032964878 0.0 0.544999957085
7 1.0 0 0 0 3 0 1 10.2032964878 0.0 0.56200003624
7 1.0 0 0 3 1 0 1 9.88899522817 0.00295612677721 0.778499960899
4 1.0 0 0 3 1 0 0 11.5131752941 0.0348716108223 0.432999968529
6 1.0 0 1 2 1 0 0 11.547627942 0.0 1.64599990845
3 1.0 0 0 0 2 0 1 10.2032964878 0.0 0.425499916077
5 1.0 0 3 0 0 0 1 10.3294595489 0.0 1.50250005722
3 15.0 1 0 0 0 0 1 10.4479146677 0.0 0.34600007534
7 1.0 0 4 0 2 0 1 10.1533071955 0.0 1.12199997902
3 1.0 2 2 3 1 0 1 9.99373757431 0.00347727056991 2.83550000191
10 1.0 0 1 0 1 0 1 10.6887228674 0.0 1.25999999046
4 1.0 0 0 0 1 1 1 6.88309811298 0.0 0.65749994278
6 15.0 0 4 0 3 1 1 7.13934865223 0.0 0.596500061989
7 1.0 0 0 2 1 0 1 9.88313119578 0.0 0.958500027657
3 1.0 0 1 0 3 0 1 10.6887228674 0.0 1.25750005245
7 1.0 0 1 0 2 0 0 11.8846033802 0.0 1.43400001526
4 15.0 0 0 0 1 0 1 10.2032964878 0.0 0.284500002861
3 15.0 0 1 0 1 0 1 10.6828821562 0.0 0.34500002861
4 5.0 0 1 0 2 0 1 10.6887228674 0.0 0.491999983788
6 1.0 0 1 1 0 1 1 7.18763179888 0.0 2.19949986839
7 15.0 0 0 0 1 0 1 10.2032964878 0.0 0.308500051498
6 1.0 0 1 0 1 0 1 10.6887228674 0.0 1.57500004768
3 1.0 0 1 3 1 0 0 11.510971052 0.0702056567508 1.15750002861
4 1.0 0 5 3 3 0 1 10.5542997963 0.0233403356227 1.57950007915
6 15.0 0 0 2 1 0 1 9.88313119578 0.0 0.318499922752
7 1.0 2 0 0 3 0 1 10.5592378966 0.0 4.59699988365
13 1.0 0 4 0 1 0 0 11.8846033802 0.0 1.9224998951
6 1.0 2 1 0 3 0 1 11.052693196 0.0 4.76849997044
9 1.0 1 1 0 0 0 1 10.9610823504 0.0 4.59299993515
11 1.0 2 3 0 0 2 1 9.21168081721 0.0 41300.6315001
7 1.0 3 0 0 1 0 1 10.4112839034 0.0 50.9709999561
6 15.0 2 0 3 1 0 0 11.8020797407 0.0124197241314 0.273000001907
3 15.0 0 0 0 1 0 1 10.2032964878 0.0 0.30999994278
6 15.0 0 0 0 3 1 1 7.16068817282 0.0 0.541499995232
3 1.0 0 0 0 0 0 1 10.2032964878 0.0 0.4375
9 15.0 0 1 2 1 1 1 7.656504559 0.0 0.773999876976
10 5.0 0 0 0 2 1 0 8.71518571309 0.0 0.435499908447
7 1.0 0 0 0 0 0 1 10.2032964878 0.0 0.597499966621
4 15.0 1 1 0 1 0 1 10.9413553563 0.0 0.479499936104
3 1.0 0 0 0 0 2 1 6.74755965744 0.0 7.28350002575
6 15.0 0 0 0 1 0 1 10.2032964878 0.0 0.299000144005
10 1.0 0 0 0 3 1 1 7.558949404 0.0 1.02950000954
3 1.0 0 1 0 0 0 1 10.6887228674 0.0 1.23199999332
3 5.0 0 0 0 0 0 1 10.2032964878 0.0 0.303499937057
9 15.0 0 1 0 0 0 1 10.6828821562 0.0 0.378999948502
4 1.0 0 2 2 3 0 1 9.79830650434 0.0 1.68499994278
4 1.0 0 3 2 0 0 1 10.0080328456 0.0 1.69399988651
11 1.0 0 1 0 0 0 1 10.6887228674 0.0 1.89149999619
6 1.0 0 2 0 3 0 1 10.1176151317 0.0 1.37549996376
6 1.0 0 1 0 0 0 1 10.6887228674 0.0 1.28450000286
5 1.0 0 2 1 3 0 1 9.65222518322 0.0 1.38500010967
5 15.0 0 0 0 0 0 0 11.8846033802 0.0 0.034500002861
5 15.0 0 0 2 3 1 0 7.56396810676 0.0 0.250000087738
6 30.0 0 5 0 1 0 0 11.8846033802 0.0 0.0630000829697
4 15.0 0 5 1 1 0 1 10.4336236218 0.0 0.379000067711
6 15.0 0 1 0 0 0 1 10.6828821562 0.0 0.359500050545
4 1.0 0 0 0 0 0 1 10.2032964878 0.0 0.504999995232
8 1.0 0 0 0 1 0 1 10.2032964878 0.0 0.609500050545
10 5.0 0 4 0 1 0 1 10.1533071955 0.0 0.616999983788
6 15.0 0 0 2 0 0 1 9.88313119578 0.0 0.309499979019
6 15.0 0 1 0 0 0 0 11.8846033802 0.0 0.079500079155
3 1.0 0 0 0 0 0 0 11.8846033802 0.0 0.170000076294
4 5.0 0 2 2 0 0 0 11.547627942 0.0 0.290999889374
3 15.0 0 4 1 0 0 1 9.68654325316 0.0 0.37449991703
4 1.0 0 0 3 2 0 1 9.88357584806 0.020539263407 0.695999979973
6 15.0 0 1 0 0 0 1 10.6828821562 0.0 0.328999996185
10 1.0 0 1 0 0 3 1 8.230824452 0.0 1322.00849998
3 1.0 2 0 2 0 2 1 7.198460431 0.0 13767.7734999
6 15.0 3 0 0 0 2 1 8.1385920512 0.0 1114.44600004
4 1.0 3 4 3 0 0 0 11.7236086304 0.0566845511619 27.5795000792
6 1.0 3 1 0 1 1 0 8.68757533295 0.0 326.886000104
6 30.0 0 1 0 0 0 0 11.8846033802 0.0 0.06350004673
6 15.0 0 1 0 2 0 0 11.8846033802 0.0 0.107999920845
3 15.0 0 1 3 0 1 0 7.01963448631 0.00868729869573 0.215500095367
3 5.0 0 0 0 0 3 1 6.45236098203 0.0 480.333000064
6 1.0 0 0 0 0 0 1 10.2032964878 0.0 0.587499976158
3 1.0 0 0 2 0 3 1 6.26634489234 0.0 480.846500039
11 1.0 0 0 0 0 0 0 11.8846033802 0.0 0.43700003624
4 1.0 0 4 0 0 0 1 10.1533071955 0.0 1.33699989319
6 15.0 1 0 0 2 0 0 11.905427639 0.0 0.0709999799728
9 1.0 0 1 0 0 3 1 8.14891604281 0.0 1202.12199998
10 15.0 1 1 0 1 0 1 10.9413553563 0.0 0.62249994278
4 30.0 0 0 0 1 0 1 10.2032964878 0.0 0.296499967575
4 1.0 0 1 3 0 3 1 7.25090095944 0.00113447203186 601.615499973
3 1.0 1 1 3 0 0 1 10.5745172666 0.0399524610368 2.9470000267
6 15.0 0 1 0 1 0 1 10.6828821562 0.0 0.365000009537
4 1.0 0 0 3 0 0 1 9.82744651663 0.00597450108533 0.685000061989
9 1.0 0 2 2 0 0 1 9.79830650434 0.0 2.33150005341
3 1.0 0 1 0 1 1 1 6.60057927323 0.0 1.04949996758
6 5.0 3 1 0 0 2 1 8.58170452722 0.0 3196.54349999
3 1.0 3 4 0 1 0 0 12.1152833006 0.0 26.7280000448
3 15.0 1 1 0 0 3 0 8.28423364674 0.0 58680.2725
6 15.0 0 1 0 1 1 1 7.49195005101 0.0 0.587499999046
3 5.0 0 0 2 3 0 1 9.88313119578 0.0 0.411500096321
13 15.0 0 1 0 0 0 1 10.6828821562 0.0 0.444000005722
3 15.0 0 4 0 1 0 1 10.1522797964 0.0 0.335500121117
3 15.0 2 4 0 1 2 1 7.35638073628 0.0 894.206999983
6 1.0 0 0 0 1 0 1 10.2032964878 0.0 0.539499878883
6 15.0 0 2 0 0 3 1 7.30584512627 0.0 840.382499933
5 1.0 0 0 0 2 0 1 10.2032964878 0.0 0.493000030518
6 1.0 0 3 0 1 0 1 10.3294595489 0.0 1.58550000191
4 15.0 0 0 3 1 0 1 9.83318366078 0.0194519005001 0.309000015259
4 1.0 0 5 0 0 0 1 10.9142497994 0.0 1.38800013065
4 5.0 0 3 3 0 0 0 11.4985857111 0.00167538647503 0.298000097275
4 30.0 0 0 0 0 1 1 6.88309811298 0.0 0.454000029564
4 1.0 0 2 0 3 0 1 10.1176151317 0.0 1.29250001907
6 1.0 0 3 0 1 0 1 10.3294595489 0.0 1.42850005627
4 1.0 2 0 0 3 0 1 10.5229021483 0.0 2.80799996853
6 1.0 0 1 0 3 0 1 10.6887228674 0.0 1.31449997425
6 1.0 3 0 0 0 0 1 10.3957601637 0.0 36.6420000792
6 1.0 3 5 2 1 0 1 10.7885550189 0.0 46.0754998922
3 5.0 0 0 2 1 0 1 9.88313119578 0.0 0.412000060081
5 15.0 0 1 3 0 0 1 10.3343765505 0.0222379634153 0.371500015259
5 1.0 0 4 0 1 0 0 11.8846033802 0.0 1.19599997997
3 1.0 0 0 0 0 0 1 10.2032964878 0.0 0.443499922752
4 5.0 2 0 0 0 0 1 10.4753351764 0.0 0.866999983788
3 1.0 0 0 0 1 0 1 10.2032964878 0.0 0.49899995327
6 15.0 0 1 0 0 0 1 10.6828821562 0.0 0.371999979019
3 1.0 2 0 3 0 0 1 10.0507447886 0.0646928924763 2.93300008774
4 1.0 0 0 0 0 0 1 10.2032964878 0.0 0.46950006485
3 1.0 0 1 0 3 0 1 10.6887228674 0.0 1.19850003719
6 1.0 2 0 0 3 0 1 10.5475320777 0.0 4.2484998703
4 1.0 0 5 0 1 0 1 10.9142497994 0.0 1.34949982166
6 1.0 1 1 0 0 0 1 10.9444275433 0.0 4.43550002575
3 5.0 0 1 3 0 0 1 10.3414567627 0.0502324487482 0.5
4 1.0 0 0 1 0 0 1 9.73704985418 0.0 0.751999974251
4 1.0 1 1 0 0 0 1 10.9444275433 0.0 3.29999995232
3 1.0 3 1 1 0 0 1 10.4108060842 0.0 24.7495000362
3 1.0 3 0 0 1 0 1 10.3957601637 0.0 30.2799999714
4 1.0 3 0 0 1 0 1 10.3957601637 0.0 36.4990000725
6 1.0 3 3 0 0 0 1 10.5247909216 0.0 40.2179999352
6 30.0 1 1 0 3 0 1 10.9870681268 0.0 0.400500059128
5 15.0 0 1 0 0 2 1 7.78532002135 0.0 10.6560000629
3 5.0 0 0 1 3 0 1 9.73704985418 0.0 0.352500081062
6 1.0 0 0 0 0 0 1 10.2032964878 0.0 0.558000087738
8 1.0 0 5 3 3 0 1 10.5467081356 0.0183353893587 2.03149998188
6 5.0 0 1 1 0 0 1 10.2176226978 0.0 0.620999932289
3 1.0 1 1 1 1 0 1 10.4603672102 0.0 2.87199997902
3 1.0 1 0 0 0 3 1 7.20630962368 0.0 853683.5315
6 1.0 0 1 0 1 0 1 10.6887228674 0.0 1.54299998283
6 15.0 3 4 1 0 0 1 9.86940050606 0.0 4.37049996853
3 1.0 0 0 0 2 0 1 10.2032964878 0.0 0.395499825478
6 15.0 3 1 0 0 0 1 10.8882066019 0.0 4.45450007915
8 30.0 3 0 0 1 0 1 10.3975970879 0.0 3.00600004196
5 1.0 0 1 3 0 0 0 11.5156148199 0.0657681670964 1.40100002289
3 1.0 3 2 3 0 0 1 9.91328150004 0.028108702131 33.2304998636
3 1.0 3 5 0 1 0 1 11.1228735028 0.0 39.25
3 1.0 3 0 1 1 0 1 9.91930980125 0.0 38.2869999409
6 1.0 3 0 1 0 0 0 11.6216402118 0.0 48.0329998732
6 1.0 3 2 3 3 0 1 9.98165762345 0.0513934452432 59.1995000839
11 1.0 3 1 1 0 0 1 10.4482208846 0.0 77.006000042
3 1.0 0 1 1 3 0 0 11.4015461985 0.0 1.23550009727
3 1.0 0 1 3 0 0 0 11.4785076371 0.0556822633897 1.23549997807
4 1.0 0 1 2 1 0 0 11.547627942 0.0 1.47000002861
3 1.0 0 1 3 0 1 1 6.38417933343 0.00867704540839 1.65449998665
5 15.0 0 0 0 1 0 0 11.8846033802 0.0 0.0179998874664
5 1.0 0 5 0 0 1 1 7.30082065089 0.0 1.76450010967
5 15.0 0 1 0 0 0 1 10.6828821562 0.0 0.356499910355
3 5.0 0 0 1 0 3 1 6.18497435983 0.0 480.36499989
3 1.0 0 1 3 0 0 0 11.4758078354 0.0319218221364 1.17150008678
5 1.0 0 1 0 2 0 1 10.6887228674 0.0 1.38600003719
6 1.0 0 5 0 2 0 1 10.9142497994 0.0 1.52699995041
3 1.0 0 1 3 0 0 0 11.4698553393 0.0673273250378 1.15200006962
6 1.0 0 1 1 1 0 0 11.4015461985 0.0 1.58049988747
4 1.0 1 0 1 3 3 1 7.31966117992 0.0 1062004.6245
6 15.0 3 1 3 3 0 0 11.7840383659 0.0318291510631 4.91300010681
5 1.0 0 1 1 1 0 1 10.2176226978 0.0 1.54299998283
5 15.0 3 1 0 1 0 1 10.8882066019 0.0 4.1764998436
12 15.0 3 0 0 3 2 1 8.92440291324 0.0 2064.11899996
6 5.0 3 1 0 3 0 1 10.9159593002 0.0 10.57099998
8 1.0 3 5 0 0 0 1 11.1491719686 0.0 47.9375
7 1.0 0 0 0 2 0 0 11.8846033802 0.0 0.305500030518
3 1.0 0 0 0 1 0 1 10.2032964878 0.0 0.472000002861
9 30.0 0 0 0 0 0 0 11.8846033802 0.0 0.017000079155
6 1.0 0 0 0 3 1 1 7.16068817282 0.0 0.782500051498
4 5.0 0 3 2 1 0 1 10.0080328456 0.0 0.616500020027
3 5.0 0 0 0 0 2 0 7.7426836488 0.0 6.88099999237
6 30.0 0 1 3 2 0 1 10.3695515694 0.0126704804072 0.360000014305
5 1.0 0 0 1 0 0 1 9.73704985418 0.0 0.808499932289
6 15.0 0 1 0 1 0 1 10.6828821562 0.0 0.356999874115
3 5.0 2 0 0 1 0 1 10.4753351764 0.0 0.661000013351
3 1.0 0 0 3 1 3 0 7.16625967028 0.0134952317932 480.389500022
5 1.0 0 1 3 0 1 1 6.85452645713 0.0403729341249 1.94850000572
5 1.0 0 0 0 1 0 1 10.2032964878 0.0 0.491000056267
7 1.0 0 0 3 1 1 0 8.17805223887 0.000119081326367 0.744999962807
3 15.0 3 5 3 0 0 1 10.7308465443 0.0510344750035 2.58149981499
3 1.0 2 0 0 0 1 1 6.89985534685 0.0 260.704500029
7 1.0 1 1 3 0 0 0 11.8032482395 0.0223121804329 3.7990000248
7 15.0 3 1 0 1 2 1 8.76183024811 0.0 1245.91099997
4 1.0 3 1 0 2 0 1 10.700029203 0.0 27.4675000906
7 1.0 3 4 0 1 0 1 10.3600667018 0.0 51.9589999914
6 15.0 0 0 0 1 1 1 7.16068817282 0.0 0.521500014305
7 5.0 0 3 0 1 1 0 8.41292308653 0.0 0.587500053406
4 1.0 0 0 3 2 0 0 11.5244377317 0.00535923751277 0.43700003624
3 5.0 0 3 0 3 2 1 6.82955557934 0.0 7.31249995041
3 1.0 0 0 0 1 1 1 6.31745383761 0.0 0.583500006676
3 1.0 0 0 0 1 0 0 11.8846033802 0.0 0.15600001812
7 1.0 0 0 3 0 0 1 9.83733317132 0.0254370920269 0.791000008583
6 5.0 0 0 0 0 1 0 8.23784437239 0.0 0.285500072479
6 15.0 0 1 1 1 0 0 11.4015461985 0.0 0.0985000133514
3 1.0 0 1 0 0 1 1 6.60057927323 0.0 1.39900002766
5 15.0 1 0 0 1 1 1 7.50794955665 0.0 23.1549999094
5 1.0 0 1 0 1 1 1 7.08269950342 0.0 1.72950002384
5 1.0 0 0 0 3 0 1 10.2032964878 0.0 0.502499938011
5 15.0 0 0 0 0 0 1 10.2032964878 0.0 0.290500044823
7 1.0 0 0 0 1 0 0 11.8846033802 0.0 0.246999979019
3 1.0 0 0 3 1 1 1 6.11333402503 0.010634789806 0.767499902725
3 1.0 0 4 0 0 0 0 11.8846033802 0.0 0.722500085831
3 1.0 1 1 1 1 1 1 7.06428608378 0.0 215.112999893
5 1.0 2 0 3 1 1 0 8.21304833661 0.00218205145927 369.26899994
5 1.0 3 0 0 1 0 0 12.1152833006 0.0 38.010999918
6 1.0 0 0 0 1 0 0 11.8846033802 0.0 0.25150001049
7 1.0 0 0 0 0 0 0 11.8846033802 0.0 0.31450009346
3 5.0 0 0 1 3 2 1 6.46452262369 0.0 7.21050007153
5 1.0 0 0 3 3 1 0 7.54746589817 0.0311936063186 0.655500022888
4 1.0 0 0 0 1 1 1 6.88309811298 0.0 0.649999890327
7 15.0 0 0 0 1 0 1 10.2032964878 0.0 0.310000061989
7 1.0 0 0 1 0 0 0 11.4015461985 0.0 0.531999945641
7 1.0 0 0 3 1 0 0 11.4834554227 0.0492397274803 0.486500024796
5 1.0 0 0 3 0 1 0 7.5492405562 0.0051553471712 0.667499868393
5 1.0 0 1 0 1 0 0 11.8846033802 0.0 1.18599998951
5 1.0 0 2 0 1 0 1 10.1176151317 0.0 1.42499995232
4 1.0 0 0 0 1 0 0 11.8846033802 0.0 0.180499911308
3 15.0 0 0 0 1 0 1 10.2032964878 0.0 0.273000001907
4 1.0 0 0 0 1 1 0 7.90513508273 0.0 0.328500065804
6 1.0 0 0 0 1 1 1 7.16068817282 0.0 0.709499978065
9 1.0 0 1 0 1 1 1 7.88887175435 0.0 2.08450002193
12 1.0 0 4 0 1 0 0 11.8846033802 0.0 1.6400001049
5 5.0 3 1 2 1 0 0 11.7714254229 0.0 9.0909999609
5 1.0 3 4 3 0 3 0 8.30739438577 0.00951668758607 938193.7685
7 1.0 3 0 2 3 0 1 10.1106800272 0.0 52.043000102
4 1.0 0 0 0 1 0 1 10.2032964878 0.0 0.510999917984
5 1.0 0 0 0 2 1 1 6.77151432132 0.0 0.738499967575
8 1.0 0 0 0 1 0 1 10.2032964878 0.0 0.582999944687
4 1.0 0 2 3 0 1 0 7.68309802414 0.0121759730599 1.55849996567
4 1.0 0 3 0 3 0 1 10.3294595489 0.0 1.44699990749
5 5.0 0 0 3 1 1 0 7.54425400795 0.0117061551062 0.280999986649
13 5.0 0 0 0 0 0 0 11.8846033802 0.0 0.110999941826
6 5.0 0 0 0 0 1 0 8.23784437239 0.0 0.283500098228
8 15.0 0 0 0 1 0 1 10.2032964878 0.0 0.308500051498
3 1.0 0 1 1 1 1 0 6.95784549228 0.0 1.39449999619
4 5.0 0 0 0 3 0 1 10.2032964878 0.0 0.304000020027
4 5.0 0 0 0 2 0 1 10.2032964878 0.0 0.321000099182
6 1.0 0 0 0 1 0 0 11.8846033802 0.0 0.24849998951
4 1.0 0 0 0 1 1 0 7.90513508273 0.0 0.332500014305
4 1.0 0 3 0 1 1 1 6.96540641706 0.0 1.54549995422
4 1.0 2 0 0 0 0 1 10.4752284102 0.0 2.95000004768
4 1.0 0 5 3 1 0 0 11.4855509921 0.0358180331458 1.16749989986
3 1.0 0 5 0 1 0 1 10.9142497994 0.0 0.973999977112
7 1.0 2 0 3 1 0 0 11.8358692842 0.0423832857794 3.69599997997
5 1.0 1 1 0 1 1 0 8.65985764334 0.0 327.052500035
3 15.0 0 0 3 1 0 0 11.5420197416 0.0224906714715 0.0414999723434
3 5.0 0 0 0 3 1 0 7.22717454923 0.0 0.174999931335
11 15.0 0 0 2 1 1 0 8.57261317862 0.0 0.459500011444
6 15.0 0 2 0 1 0 0 11.8846033802 0.0 0.095999956131
5 15.0 0 0 3 1 0 1 9.85430538806 0.00733190529336 0.329000115395
3 1.0 0 0 3 1 1 0 7.00929561677 0.00798266655715 0.542499998093
8 30.0 0 0 2 0 1 0 8.20651414357 0.0 0.31949998188
3 1.0 0 0 0 1 0 1 10.2032964878 0.0 0.466500043869
4 5.0 0 3 0 3 1 1 6.96540641706 0.0 0.699000034332
4 30.0 0 0 2 1 1 1 6.68167661146 0.0 0.468500051498
4 1.0 0 0 1 1 1 0 7.60469416527 0.0 0.624000105858
3 5.0 0 4 0 3 0 0 11.8846033802 0.0 0.187499880791
5 5.0 0 4 0 0 0 1 10.1533071955 0.0 0.537499904633
4 1.0 0 0 0 1 2 0 8.64061867935 0.0 8.73649996281
9 1.0 0 0 0 1 1 0 8.68140703134 0.0 0.60350007534
4 1.0 0 0 3 0 1 0 7.68349303516 0.0180143654285 0.551000032425
7 1.0 0 5 0 0 0 0 11.8846033802 0.0 1.44050002098
4 1.0 0 2 0 2 0 0 11.8846033802 0.0 1.01049995422
5 1.0 0 1 0 1 2 1 7.78957427347 0.0 11.6689999552
8 1.0 0 1 0 0 1 1 7.67043729767 0.0 1.93050016212
5 1.0 0 0 0 1 1 0 7.77139483251 0.0 0.422999946594
7 15.0 1 0 1 1 0 0 11.6812820392 0.0 0.276999950409
11 5.0 0 0 2 1 1 0 8.57261317862 0.0 0.543500002861
5 1.0 0 0 0 0 1 0 7.77139483251 0.0 0.411000101089
4 1.0 0 0 0 1 1 1 6.88309811298 0.0 0.642999920845
8 1.0 0 0 0 1 1 1 7.3250453504 0.0 0.882499945641
5 1.0 0 0 3 1 1 1 6.56515435509 0.0287462464234 0.930000035286
4 1.0 0 0 0 0 1 0 7.90513508273 0.0 0.340499911308
4 15.0 0 4 0 1 3 1 7.14381924582 0.0 600.384499907
5 1.0 0 0 0 1 0 0 11.8846033802 0.0 0.234499931335
4 1.0 0 3 0 3 0 1 10.3294595489 0.0 1.38400006294
9 1.0 0 0 0 2 0 0 11.8846033802 0.0 0.301500082016
4 1.0 0 0 0 1 0 0 11.8846033802 0.0 0.181499958038
4 1.0 0 4 0 0 2 0 8.64061867935 0.0 9.65900009632
6 1.0 0 4 0 3 1 1 7.14009846643 0.0 1.841000103
4 1.0 0 1 0 1 0 0 11.8846033802 0.0 1.01350009441
3 30.0 0 0 3 1 1 1 6.11339787055 0.00377266963951 0.362500050545
6 1.0 0 2 2 1 1 0 8.01572620579 0.0 1.72949995899
11 1.0 2 4 0 0 0 0 12.2313199642 0.0 5.25750005245
10 1.0 3 0 3 1 0 1 10.0237216503 0.0360072233049 68.6809998751
6 15.0 0 0 0 3 0 1 10.2032964878 0.0 0.309499979019
3 15.0 2 0 0 1 0 1 10.4780137549 0.0 0.435000061989
4 1.0 0 0 3 1 1 0 7.64933180678 0.00831616778603 0.59699991703
4 15.0 0 2 0 3 1 0 7.90513508273 0.0 0.241500053406
6 5.0 0 0 1 1 1 1 6.855748282 0.0 0.612000011444
3 15.0 1 1 3 0 1 1 7.18550639961 0.0196311967735 16.2545000191
3 30.0 0 1 3 2 3 1 6.51493955956 0.00291557120673 480.337500095
4 30.0 0 2 0 0 1 0 7.90513508273 0.0 0.197499904633
3 30.0 1 1 0 1 0 0 12.180587693 0.0 0.0750000476837
4 1.0 0 0 0 0 1 0 7.90513508273 0.0 0.374999914169
3 30.0 0 0 3 1 2 1 6.52555396621 0.00730201891004 7.14499993134
6 15.0 0 0 3 1 1 0 7.97106490898 0.0164857080517 0.25650002861
4 1.0 0 0 0 1 0 0 11.8846033802 0.0 0.170499920845
3 1.0 0 2 3 1 3 0 7.17490711173 0.0137769970139 481.290500045
7 1.0 0 0 0 1 1 0 8.41292308653 0.0 0.529000001907
3 1.0 0 0 3 1 0 1 9.87017479608 0.00259597161593 0.62550008297
5 1.0 0 0 0 2 0 1 10.2032964878 0.0 0.423499941826
6 1.0 0 1 1 1 1 1 7.18763179888 0.0 2.00799991989
3 1.0 1 4 0 1 0 1 10.3937196078 0.0 2.20600008965
3 1.0 1 1 3 1 1 1 7.12433586852 0.0164257839095 214.887500025
3 30.0 1 0 3 3 1 0 7.98137205096 0.00472232536167 8.13750004768
3 1.0 0 0 0 1 0 0 11.8846033802 0.0 0.173499941826
3 30.0 0 0 3 0 1 1 6.0975922645 0.0278583944645 0.44200001049
4 30.0 1 0 2 1 1 0 8.07270674362 0.0 9.69300006485
3 5.0 0 1 0 0 0 0 11.8846033802 0.0 0.191499829292
7 15.0 0 0 0 3 2 0 9.19482032565 0.0 13.7145000896
5 15.0 0 0 0 1 0 0 11.8846033802 0.0 0.0140000581741
12 1.0 0 0 0 1 1 0 8.91821226479 0.0 0.866999975204
7 1.0 0 0 0 1 1 0 8.41292308653 0.0 0.492500024796
5 5.0 0 0 0 3 1 1 6.77151432132 0.0 0.525500027657
3 1.0 0 0 0 3 0 0 11.8846033802 0.0 0.136500120163
3 15.0 0 0 0 1 1 0 7.22717454923 0.0 0.141000011444
3 30.0 0 0 0 1 1 1 6.31745383761 0.0 0.413000085831
3 30.0 0 1 2 1 1 0 7.03688901998 0.0 0.172499993324
4 1.0 0 0 0 0 0 1 10.2032964878 0.0 0.486000061035
5 1.0 0 4 0 1 2 1 7.4125591903 0.0 11.7185000629
3 1.0 0 5 2 2 0 1 10.5869762102 0.0 1.43250012398
9 1.0 0 2 3 1 1 1 7.21333647406 0.0200398480502 2.27349991322
4 1.0 1 5 0 0 1 1 7.84941380285 0.0 288.024000094
8 1.0 3 1 0 1 0 0 12.1398492631 0.0 57.1469999552
5 1.0 0 0 0 1 1 0 7.77139483251 0.0 0.429500071526
7 30.0 0 0 0 0 1 0 8.41292308653 0.0 0.272000032425
3 30.0 1 1 2 2 1 1 6.44281854708 0.0 1.01849998474
7 15.0 0 0 2 2 2 0 8.94256119285 0.0 13.744500061
3 5.0 0 1 0 1 2 0 7.7426836488 0.0 7.05850000191
3 30.0 0 0 2 0 0 0 11.547627942 0.0 0.022500038147
12 30.0 0 0 0 1 1 0 8.91821226479 0.0 0.437000027657
13 30.0 2 0 3 0 0 1 10.0900782506 0.00377757404019 0.5625
11 1.0 0 0 2 1 2 0 9.25577828318 0.0 21.34800002
6 5.0 0 5 0 0 1 0 8.23784437239 0.0 0.505500101089
6 30.0 0 0 0 3 1 1 7.16068817282 0.0 0.528499983788
7 30.0 1 1 2 2 1 1 7.45061117773 0.0 1.6304999876
4 30.0 0 4 2 1 0 0 11.547627942 0.0 0.0500000715256
3 1.0 1 2 0 2 2 0 7.77568304642 0.0 850.406000068
6 1.0 0 5 0 3 0 0 11.8846033802 0.0 1.37300002575
6 1.0 0 0 2 1 1 0 8.01572620579 0.0 0.800499938965
6 1.0 0 1 0 1 1 0 8.23784437239 0.0 1.46199991608
3 1.0 0 1 0 2 0 0 11.8846033802 0.0 0.685000061989
4 1.0 0 1 2 1 0 0 11.547627942 0.0 1.14199995995
6 1.0 1 0 0 1 2 0 9.91459034107 0.0 20341.562
3 1.0 0 0 2 1 1 0 7.03688901998 0.0 0.66050002861
13 1.0 0 0 0 1 0 1 10.2032964878 0.0 0.724500060081
13 30.0 0 0 0 1 1 0 8.91452434199 0.0 0.467500017166
6 1.0 0 0 1 1 0 1 9.73704985418 0.0 0.770999908447
5 1.0 0 0 1 3 3 1 6.78886205085 0.0 720.783500075
3 5.0 0 0 0 1 1 0 7.22717454923 0.0 0.164499977112
11 30.0 0 0 0 1 0 1 10.2032964878 0.0 0.286000013351
3 1.0 0 0 0 1 0 0 11.8846033802 0.0 0.152999997139
6 15.0 0 1 1 2 0 1 10.2118403849 0.0 0.360500097275
3 15.0 0 0 0 3 0 1 10.2032964878 0.0 0.268000006676
7 5.0 0 0 2 3 0 1 9.88313119578 0.0 0.409500002861
12 1.0 0 1 0 3 0 0 11.8846033802 0.0 2.11600005627
6 5.0 2 0 0 0 1 1 7.74549897858 0.0 91.8985000315
3 30.0 0 3 0 1 0 0 11.8846033802 0.0 0.0289999246597
3 15.0 3 2 0 2 0 0 11.9002514603 0.0 2.39349997044
4 1.0 2 5 2 1 0 0 11.8632902255 0.0 3.34949994087
5 1.0 1 1 3 1 0 0 11.7694790167 0.0357744666809 3.03499996662
10 1.0 2 0 0 1 2 0 10.4139074845 0.0 35842.2524998
6 1.0 2 4 0 0 1 1 7.72253396376 0.0 455.138500123
6 1.0 3 1 0 1 0 0 12.1152833006 0.0 45.7319999933
7 30.0 1 0 0 2 0 0 11.9036650098 0.0 0.0549999475479
11 30.0 0 0 0 2 0 0 11.8846033802 0.0 0.0185000896454
3 30.0 0 0 1 3 0 1 9.73704985418 0.0 0.319000005722
3 15.0 0 0 1 1 0 1 9.73704985418 0.0 0.318500041962
5 1.0 0 1 3 1 0 0 11.5389365673 0.0374391647994 1.42799985409
8 1.0 0 1 0 1 0 0 11.8846033802 0.0 1.53649997711
3 30.0 0 1 0 1 0 0 11.8846033802 0.0 0.0369999408722
9 1.0 0 1 0 3 1 0 8.68140703134 0.0 2.11499995708
3 30.0 0 4 0 1 0 0 11.8846033802 0.0 0.034500002861
6 1.0 0 0 0 0 1 0 8.23784437239 0.0 0.50750007534
4 1.0 0 0 0 2 0 0 11.8846033802 0.0 0.170000076294
3 1.0 0 0 0 2 3 0 7.38886931675 0.0 480.171999931
11 1.0 0 4 1 1 0 0 11.4015461985 0.0 2.25499999523
3 30.0 0 0 2 0 0 1 9.88313119578 0.0 0.298499822617
3 30.0 0 0 0 0 0 1 10.2032964878 0.0 0.267000079155
5 1.0 0 5 0 1 2 0 8.55940709878 0.0 11.4349998684
3 1.0 2 0 0 1 3 1 7.00963896729 0.0 916683.815
7 1.0 1 0 0 1 0 1 10.4451366682 0.0 2.91600000858
6 1.0 2 1 0 1 1 1 8.06758087954 0.0 427.619500028
7 1.0 3 0 0 1 0 0 12.133889487 0.0 50.871499896
3 30.0 0 5 0 1 0 0 11.8846033802 0.0 0.0485000610352
9 5.0 0 0 0 0 0 0 11.8846033802 0.0 0.0879999399185
5 30.0 0 4 2 1 0 0 11.547627942 0.0 0.0499999523163
3 1.0 0 0 0 3 1 0 7.22717454923 0.0 0.304499962807
6 30.0 0 2 1 0 0 1 9.6504041166 0.0 0.394499897957
12 5.0 0 0 3 0 0 1 9.84702703617 0.0815153446514 0.454500079155
3 30.0 0 0 0 0 3 1 6.45236098203 0.0 480.302999973
5 30.0 0 5 0 3 2 0 8.55940709878 0.0 10.3220000715
9 30.0 0 0 3 0 0 1 9.83179800954 0.0203563670724 0.31450009346
6 5.0 0 0 2 1 1 1 6.94933872579 0.0 0.63100006485
3 5.0 0 0 1 3 0 1 9.73704985418 0.0 0.369000077248
3 30.0 0 0 3 0 0 1 9.83122134921 0.0183138158391 0.297500014305
3 1.0 0 1 0 0 0 1 10.6887228674 0.0 1.2555000782
7 30.0 2 0 1 1 0 0 11.7199316244 0.0 0.140499949455
4 1.0 0 1 0 1 0 1 10.6887228674 0.0 1.29149997234
6 30.0 0 0 0 0 1 1 7.16068817282 0.0 0.470000051498
3 1.0 1 0 0 0 0 1 10.4451366682 0.0 2.11500012875
9 1.0 0 3 0 1 0 0 11.8846033802 0.0 1.30199992657
5 15.0 3 1 0 1 1 1 7.43885197267 0.0 20.7654999132
4 1.0 2 5 3 1 2 0 8.76265419196 0.00697915540511 16282.9205
3 15.0 0 0 0 2 1 0 7.22717454923 0.0 0.153999903679
6 5.0 0 4 0 0 1 0 8.23784437239 0.0 0.541999958992
6 30.0 0 0 0 0 0 1 10.2032964878 0.0 0.327000021935
4 30.0 0 0 1 0 0 0 11.4015461985 0.0 0.0210000276566
5 30.0 0 0 1 0 1 1 6.48720707263 0.0 0.53550001812
6 5.0 0 0 1 1 1 1 6.855748282 0.0 0.633000039101
6 1.0 0 0 3 1 0 0 11.5075139628 0.00857507673708 0.542999982834
12 15.0 0 0 0 0 0 1 10.2032964878 0.0 0.342000007629
3 1.0 0 0 0 1 0 1 10.2032964878 0.0 0.418500065804
4 30.0 0 0 3 0 0 0 11.5175248659 0.00530717143087 0.0155000686646
6 5.0 0 0 3 3 0 0 11.5250599277 0.0173608728574 0.0950000286102
6 5.0 0 2 2 0 1 1 6.89499437868 0.0 0.894500040054
3 30.0 0 0 1 0 1 0 6.95784549228 0.0 0.142500021935
6 30.0 0 0 0 0 0 0 11.8846033802 0.0 0.0130000114441
5 1.0 0 1 0 0 0 0 11.8846033802 0.0 1.27799999714
3 15.0 0 3 0 3 0 1 10.3260615403 0.0 0.329499959946
3 1.0 0 0 1 0 0 1 9.73704985418 0.0 0.681499958038
8 1.0 0 4 0 0 1 1 7.3038318239 0.0 1.98300005245
6 1.0 0 4 0 0 0 1 10.1533071955 0.0 1.33200001717
6 30.0 3 1 0 1 1 1 7.83282971604 0.0 11.8599999275
6 30.0 0 0 0 3 1 0 8.23784437239 0.0 0.253000043869
3 30.0 0 0 0 0 1 0 7.22717454923 0.0 0.149999955177
6 30.0 0 0 0 0 0 0 11.8846033802 0.0 0.0285000801086
5 30.0 0 0 1 1 1 0 7.47709123768 0.0 0.225499956131
7 15.0 0 0 1 0 0 0 11.4015461985 0.0 0.0445001125336
3 1.0 0 0 0 0 1 0 7.22717454923 0.0 0.276499965668
3 15.0 0 0 0 1 1 1 6.31745383761 0.0 0.41250012207
3 1.0 0 0 0 1 0 0 11.8846033802 0.0 0.165500044823
11 5.0 0 5 0 0 1 0 8.81284162683 0.0 0.796999987602
3 15.0 1 1 0 0 0 1 10.9413553563 0.0 0.443499922752
3 15.0 0 0 1 0 0 1 9.73704985418 0.0 0.308500051498
6 30.0 0 0 2 3 0 0 11.547627942 0.0 0.0214999914169
6 30.0 0 1 0 1 0 1 10.6828821562 0.0 0.317499876022
10 30.0 0 2 0 3 0 1 10.1157756733 0.0 0.339999914169
6 1.0 0 0 0 0 1 1 7.16068817282 0.0 0.752500080109
8 1.0 0 0 2 3 0 1 9.88313119578 0.0 0.940500020981
4 30.0 0 0 0 0 0 1 10.2032964878 0.0 0.214500069618
3 1.0 0 4 0 0 0 1 10.1533071955 0.0 0.809500098228
12 1.0 0 4 0 0 1 1 7.70559674405 0.0 2.23699997997
3 15.0 3 3 0 1 3 0 7.79943706877 0.0 42122.0575
9 30.0 0 0 3 0 1 0 8.4244627937 0.00670300155141 0.364000029564
6 30.0 0 1 0 0 1 0 8.23784437239 0.0 0.280499958038
3 30.0 0 0 1 2 3 1 6.18497435983 0.0 480.352000117
7 30.0 0 0 0 0 0 1 10.2032964878 0.0 0.34700012207
7 15.0 0 0 0 1 2 0 9.19482032565 0.0 13.7229999504
6 30.0 0 4 0 0 1 0 8.23784437239 0.0 0.279500030518
6 15.0 0 3 3 0 1 1 6.99437216493 0.0133190987749 0.707000040054
4 1.0 0 0 0 3 1 1 6.88309811298 0.0 0.698000106812
3 1.0 0 0 0 2 0 0 11.8846033802 0.0 0.179000020027
6 1.0 0 0 0 3 3 1 7.36401841341 0.0 840.625999928
10 5.0 0 2 2 1 0 0 11.547627942 0.0 0.50049996376
4 30.0 1 1 0 3 1 0 8.49091377858 0.0 10.1939998541
4 15.0 0 3 0 1 0 0 11.8846033802 0.0 0.0759999752045
3 30.0 0 0 0 0 0 1 10.2032964878 0.0 0.287500023842
4 1.0 0 0 0 0 3 1 7.1603480207 0.0 600.463500142
6 1.0 0 1 0 3 0 0 11.8846033802 0.0 1.17199993134
3 1.0 0 2 0 2 0 1 10.1176151317 0.0 1.11299991608
3 5.0 2 0 1 1 1 1 6.57401935139 0.0 49.212499999
6 1.0 0 1 0 1 0 1 10.6887228674 0.0 1.26249992847
6 1.0 1 1 0 1 0 1 10.9444275433 0.0 3.02300000191
3 30.0 2 0 0 0 0 0 12.2183022924 0.0 0.0894999504089
3 30.0 0 0 0 3 0 1 10.2032964878 0.0 0.309000015259
3 15.0 0 4 0 0 1 1 6.29943137823 0.0 0.484999993324
6 30.0 0 0 0 0 1 0 8.23784437239 0.0 0.235999964714
10 1.0 0 0 0 1 0 1 10.2032964878 0.0 0.667500019073
7 30.0 0 0 0 2 2 0 9.19482032565 0.0 13.7085000477
3 1.0 0 0 0 2 0 0 11.8846033802 0.0 0.160499930382
9 15.0 2 0 0 0 1 1 8.21337998785 0.0 44.2969999714
5 1.0 0 3 0 2 1 0 7.77139483251 0.0 1.38799986076
3 30.0 3 0 0 1 1 0 7.62560425233 0.0 6.8824999094
4 15.0 2 0 0 1 0 0 12.2138694456 0.0 0.173500061035
3 1.0 0 0 3 2 0 0 11.5252213146 0.0450318467117 0.391999959946
7 30.0 0 0 0 0 0 1 10.2032964878 0.0 0.270500063896
6 30.0 2 0 2 1 1 0 8.62779731971 0.0 14.917500001
3 30.0 3 0 0 0 0 1 10.3975970879 0.0 1.2879999876
3 30.0 0 1 0 0 0 1 10.6828821562 0.0 0.294999957085
7 30.0 0 3 0 0 0 1 10.3260615403 0.0 0.261999964714
6 30.0 3 0 0 0 0 1 10.3975970879 0.0 1.95550012589
6 1.0 0 1 0 0 0 0 11.8846033802 0.0 1.15699994564