9 30.0 0 4 2 2 2 0 9.16735542563 0.0 17.5257689905
7 5.0 0 0 1 3 2 1 7.61185400976 0.0 14.2724914751
12 15.0 1 1 2 3 0 0 12.1620995897 0.0 0.583567976952
11 30.0 1 0 3 0 2 1 9.03594716049 0.0241782058037 1281.27120545
10 30.0 0 3 0 1 3 1 7.94130438074 0.0 1320.73389804
13 15.0 0 0 0 2 0 0 11.8846033802 0.0 0.0415735244751
8 30.0 2 1 3 0 2 0 9.80043167546 0.0371974337741 1071.08330309
9 5.0 2 0 0 3 1 0 9.68193481475 0.0 130.909995982
10 30.0 1 2 2 0 1 1 8.14371607562 0.0 22.8200599823
3 1.0 0 2 1 3 1 1 6.01132255096 0.0 2.18750951576
5 1.0 1 1 2 0 3 1 7.88438635774 0.0 1281964.86664
13 15.0 2 0 1 0 3 0 9.73802952191 0.0 228001.810593
3 5.0 3 1 3 1 1 0 7.45593188825 0.00296761469743 41.1996170282
12 5.0 2 2 0 0 3 1 8.62547838034 0.0 628443.774312
8 1.0 0 2 1 1 3 1 7.20306682344 0.0 1082.72060299
5 5.0 3 0 2 1 1 0 8.01806242529 0.0 62.1598444376
3 5.0 2 0 1 2 0 0 11.4262975749 0.0 0.309660434723
8 1.0 2 4 3 1 2 1 8.31364937537 0.0187353655764 29413.0607456
3 30.0 2 4 3 1 0 0 11.8488608085 0.00235119347584 0.345283985138
10 5.0 2 4 1 0 2 0 10.0758504946 0.0 7593.09610806
5 5.0 2 4 1 2 3 1 6.78463916905 0.0 23641.5774895
11 5.0 3 5 0 3 0 0 12.1964211478 0.0 25.760635376
13 30.0 1 4 1 0 1 1 8.30635557995 0.0 28.8162959709
12 5.0 1 4 2 3 3 1 8.75196712157 0.0 555002.155632
8 15.0 2 4 1 2 2 1 7.58884144757 0.0 192.67287795
6 30.0 1 0 0 0 3 0 9.35292242237 0.0 52680.275026
13 5.0 3 1 2 2 2 1 8.5856494857 0.0 432.506889969
12 15.0 3 5 2 2 3 1 8.47529027386 0.0 10928.2304045
13 5.0 0 3 0 3 0 0 11.8846033802 0.0 0.729174494743
10 5.0 3 2 2 1 3 1 7.95192456592 0.0 340582.205559
5 1.0 3 2 0 0 0 1 10.3081312634 0.0 51.7100355625
6 15.0 3 3 3 2 0 1 9.96085797683 0.0251220257895 4.54619908333
10 5.0 1 3 3 2 1 1 7.41492171455 0.0204567755166 10.5491506376
6 30.0 2 2 1 0 2 0 9.31344406638 0.0 832.800326402
9 1.0 2 1 3 0 0 1 10.6299509876 0.0380614552029 4.78079807758
7 30.0 0 4 3 1 2 0 8.93896547695 0.0518973907548 13.9551769695
7 5.0 3 1 0 1 0 1 10.9104274001 0.0 17.139275074
13 5.0 1 0 2 2 1 0 8.70280956466 0.0 12.7444055519
9 1.0 1 4 2 3 0 0 12.1280767427 0.0 3.95820963383
12 1.0 1 2 0 3 2 1 9.63244704191 0.0 39549.5763116
9 1.0 1 0 2 2 2 0 9.19778605476 0.0 2124.9524504
6 1.0 0 4 2 2 1 1 6.92895486214 0.0 2.79190757179
8 30.0 2 2 1 1 1 0 8.85966581967 0.0 20.0677580023
9 30.0 2 3 3 0 0 1 10.2428503843 0.0879045224161 0.648260951042
3 1.0 1 0 0 0 0 1 10.4451366682 0.0 1.69022393227
3 1.0 3 3 0 1 3 1 6.91172543258 0.0 603041.702385
8 15.0 3 4 0 0 0 1 10.3669913295 0.0 5.77534031868
8 30.0 2 1 2 1 2 0 9.75659531134 0.0 1022.8181666
10 30.0 2 2 0 1 2 0 10.4078988179 0.0 1252.261078
6 30.0 3 1 2 2 2 0 8.66982756528 0.0 62.1105840635
12 30.0 1 3 0 2 3 1 8.10985152796 0.0 7800.64980805
12 15.0 0 5 0 3 2 1 9.16419302696 0.0 22.973497468
7 15.0 0 3 2 3 0 0 11.547627942 0.0 0.342493534088
9 5.0 0 5 3 2 1 0 8.40607905645 0.0379358044811 1.0312801075
13 5.0 3 5 1 2 1 1 8.02302605438 0.0 32.7954735193
13 15.0 3 2 2 0 3 1 8.11377238993 0.0 153968.674362
11 5.0 0 0 3 2 3 1 7.59101951055 0.0115580684193 1440.39630306
6 1.0 0 5 1 3 2 1 8.08543237672 0.0 14.3557410564
4 30.0 2 3 2 3 2 0 8.92549709997 0.0 594.686184157
3 30.0 1 4 1 1 0 1 9.91892709044 0.0 0.53459405899
3 5.0 3 0 2 1 3 1 6.62882952082 0.0 121688.505118
8 1.0 1 4 1 1 3 0 9.30118649373 0.0 1841045.94661
5 5.0 2 1 3 1 2 0 9.00569628812 0.0185791289304 3957.62971099
4 5.0 0 4 3 3 3 1 6.8989325095 0.0235420318506 600.818686843
6 5.0 1 1 1 2 2 0 8.59166870523 0.0 324.212315958
6 30.0 3 2 1 0 2 0 9.00109676881 0.0 561.834618091
6 30.0 0 5 1 3 3 0 8.15465603449 0.0 840.254989982
6 30.0 3 3 1 1 1 0 8.28951796416 0.0 12.3742806044
3 30.0 3 1 3 0 0 0 11.6873080355 0.00416500981164 1.15100193024
11 30.0 1 5 2 3 2 0 10.7731954916 0.0 1280.94177797
12 15.0 3 4 3 3 1 1 7.88736806496 0.00841331884149 47.5574970694
3 1.0 3 3 2 1 2 0 8.03545103841 0.0 8733.81456886
6 5.0 3 0 2 3 2 0 9.24346758947 0.0 3201.43880097
10 1.0 3 0 2 1 3 0 9.30304338362 0.0 1677591.90292
5 1.0 0 1 3 2 2 0 8.30339879842 0.00118237119351 12.2107295246
8 15.0 1 2 3 3 1 1 8.06466906101 0.00110465694284 36.1950984612
6 15.0 3 0 2 0 2 1 7.89226882561 0.0 1115.14753348
11 30.0 0 5 1 3 0 0 11.4015461985 0.0 0.285630583763
12 30.0 3 2 1 2 0 1 9.66530187179 0.0 4.12263202667
11 30.0 2 1 1 3 0 1 10.555850909 0.0 0.684630513191
6 30.0 0 1 1 2 1 0 7.92213537113 0.0 0.477343105316
9 5.0 1 0 3 1 0 1 10.0412771613 0.0481492589371 0.92601954937
3 15.0 2 1 1 2 3 1 6.49881179178 0.0 6000.72035599
13 1.0 3 4 3 0 3 0 9.55712819597 0.0242490390366 2191563.78536
12 15.0 2 3 3 0 0 0 11.8851689888 0.0301798421537 0.65040063858
5 15.0 0 0 3 3 2 0 8.26141271048 0.0322981574643 10.3122460098
12 30.0 2 0 1 0 1 1 8.09218854979 0.0 30.049036952
7 1.0 2 5 3 0 3 1 8.62070995927 0.0411603822105 1926849.30773
12 1.0 3 1 3 2 2 0 9.42836922571 0.00703801013543 1804.97501305
8 15.0 3 1 1 2 1 0 8.12031934197 0.0 7.7215593729
8 5.0 0 1 1 3 3 1 7.62875420792 0.0 1080.97232795
4 15.0 0 0 1 2 1 0 7.60469416527 0.0 0.198832902908
12 15.0 3 3 2 1 3 0 9.43538644535 0.0 140408.833957
10 30.0 1 2 0 0 3 1 8.59683978524 0.0 82680.679238
5 5.0 2 0 2 2 2 1 7.22228976588 0.0 338.39947802
4 30.0 3 5 1 1 2 1 8.05433969256 0.0 397.318668959
3 15.0 1 5 3 3 0 1 10.9181719417 0.0173216698805 0.549345493317
12 5.0 3 2 0 3 1 1 8.19782943701 0.0 138.655476624
12 15.0 1 2 2 2 0 1 9.81306060859 0.0 0.687982082367
13 1.0 0 4 0 1 1 0 8.91452434199 0.0 3.19048409271
7 1.0 1 1 1 1 2 0 9.77710069331 0.0 23167.305377
10 5.0 2 3 1 1 0 1 10.1235804337 0.0 1.43435692787
10 5.0 0 0 3 0 1 0 8.44997712387 0.0019025611676 0.483558418274
13 30.0 2 2 2 3 1 0 9.7428684817 0.0 32.347694067
6 1.0 0 1 3 2 1 1 7.25675719831 0.00286197027898 2.71816053295
7 1.0 3 4 2 1 1 0 8.64048451094 0.0 407.197337095
8 5.0 0 5 0 0 0 0 11.8846033802 0.0 0.582813501358
4 15.0 3 2 3 1 3 0 8.20778005786 0.0262490956828 53763.6096865
10 15.0 0 1 2 0 1 1 7.68538301151 0.0 1.09607756329
10 15.0 0 4 1 1 0 0 11.4015461985 0.0 0.372621536255
3 5.0 0 5 0 0 0 0 11.8846033802 0.0 0.42654299736
12 15.0 1 0 1 2 1 1 7.42257499083 0.0 4.76628414154
13 30.0 3 0 0 2 3 0 9.26559122286 0.0 8403.77035701
8 5.0 1 4 2 2 3 1 7.36775417816 0.0 29161.1030771
11 5.0 3 0 0 0 2 1 8.79912750089 0.0 5476.24297256
4 5.0 3 3 1 2 1 0 7.61020494436 0.0 12.0548909616
12 30.0 2 5 1 2 3 1 8.38291063895 0.0 9960.90017748
12 5.0 3 0 2 1 0 0 11.8124864599 0.0 27.013197422
13 5.0 2 2 2 1 3 1 8.35735471424 0.0 652324.336417
7 1.0 1 2 2 3 2 0 10.1925393715 0.0 24339.9319363
10 15.0 2 5 2 3 1 1 8.87731443469 0.0 49.3711914682
12 15.0 1 4 3 2 1 0 8.68092140256 0.00608068511687 4.62817302704
5 5.0 2 2 3 3 0 0 11.8284723691 0.0415589943132 0.689229011536
11 30.0 0 3 3 1 0 0 11.5028812204 0.0233751558604 0.311144590378
13 5.0 1 4 2 1 0 0 11.8608297232 0.0 1.12261712551
7 15.0 3 0 0 0 3 0 9.13910265162 0.0 88204.5869125
11 15.0 3 2 0 2 2 1 8.17252069831 0.0 151.479669006
13 15.0 0 2 1 2 3 1 7.59976278673 0.0 1680.73834908
10 5.0 1 3 3 0 3 0 9.76153644993 0.0102897707301 472081.578727
6 1.0 1 2 3 0 0 0 11.7845029985 0.00845765586713 2.83037555218
10 15.0 3 2 0 2 0 1 10.1286964226 0.0 7.11902356148
8 30.0 2 4 0 0 2 1 8.69333157443 0.0 1071.08763301
3 5.0 2 2 0 0 1 1 6.84756769875 0.0 52.7277350616
12 1.0 2 5 2 2 1 0 8.69430480405 0.0 71.374852026
3 5.0 1 1 1 3 3 1 7.34969329071 0.0 170161.07228
4 15.0 2 5 2 0 1 0 8.05329090268 0.0 22.1868551521
6 15.0 2 3 1 2 2 0 8.58716950072 0.0 149.836666578
6 5.0 3 0 2 3 2 1 7.96916844591 0.0 3201.70712499
4 15.0 3 4 3 3 0 0 11.7169417172 0.00215267459784 3.71851360798
8 15.0 0 1 0 1 0 0 11.8846033802 0.0 0.3262373209
3 30.0 3 4 1 2 1 1 6.04414863674 0.0 2.22842396736
7 30.0 3 1 0 3 2 1 8.74825293826 0.0 644.699431062
10 15.0 2 3 3 2 1 0 8.49605944283 0.0172934997725 5.04954939747
8 5.0 3 3 0 0 2 1 8.56853649961 0.0 4105.87179488
5 5.0 2 5 3 2 0 1 10.5673294751 0.0765346077371 0.920413970947
3 5.0 0 5 0 1 0 0 11.8846033802 0.0 0.441721439362
8 5.0 3 0 0 0 0 0 12.1470337336 0.0 14.8409515619
10 15.0 3 4 0 0 0 0 12.155257129 0.0 6.55757904053
6 15.0 2 3 0 1 3 0 9.13892191028 0.0 109681.080457
9 1.0 3 5 3 2 0 1 10.5709957777 0.0291440704534 88.898786068
13 1.0 2 3 3 2 3 0 8.97782258412 0.0269082158513 256688.530338
7 30.0 0 2 2 1 0 1 9.79648543728 0.0 0.586101531982
12 30.0 3 5 0 3 1 1 8.81678930295 0.0 23.9746355324
8 1.0 2 3 1 3 1 0 9.09188913834 0.0 587.032662152
12 5.0 0 5 1 3 1 1 8.0168902865 0.0 1.51300453281
13 1.0 0 0 1 1 1 0 8.56776246119 0.0 1.17453746605
3 30.0 3 2 1 3 0 1 9.83241531317 0.0 1.79305899143
3 1.0 1 2 2 3 1 0 8.03914699629 0.0 229.72711898
12 15.0 2 1 1 3 3 0 9.8489256799 0.0 211681.394806
5 1.0 1 5 0 2 0 1 10.9325638775 0.0 2.21797990799
9 15.0 1 3 2 3 3 0 9.85795337113 0.0 146400.699873
9 1.0 0 5 0 0 0 1 10.9142497994 0.0 2.61402142048
5 15.0 0 5 3 3 0 1 10.5451071315 0.0240064307825 0.576176524162
3 15.0 0 0 1 3 0 1 9.73704985418 0.0 0.352171897888
12 5.0 0 0 3 3 0 1 9.87492603039 0.0247658137068 0.401637077332
8 30.0 2 3 2 1 1 0 8.96740078741 0.0 19.5632468843
3 30.0 0 0 1 2 0 1 9.73704985418 0.0 0.338366508484
5 5.0 1 3 0 1 3 1 7.77608070114 0.0 246241.265392
6 5.0 0 1 2 3 3 1 7.49831453456 0.0 840.89233017
8 30.0 3 1 2 2 2 1 8.07829273774 0.0 79.9444854641
13 5.0 0 4 1 0 1 1 7.36788703832 0.0 1.58732192326
4 5.0 2 2 2 2 1 0 7.70419428961 0.0 5.87023947048
12 1.0 0 3 1 1 0 0 11.4015461985 0.0 2.85588645935
4 30.0 1 3 2 0 2 1 7.79677735149 0.0 533.062243063
12 15.0 2 3 2 1 3 0 9.72430399436 0.0 204361.942756
4 30.0 3 4 3 1 1 1 6.79047197271 0.0122073035279 9.31188345623
5 15.0 3 2 0 0 2 1 7.72893660099 0.0 952.42465906
3 15.0 0 1 2 1 3 0 7.1934910346 0.0 480.278243542
10 15.0 3 5 0 3 3 1 9.03344214197 0.0 121328.038708
8 1.0 2 4 1 1 1 0 8.86939611994 0.0 553.624587541
11 5.0 0 5 3 2 2 0 9.24309836205 0.000973570046524 21.3391214314
10 5.0 2 3 0 0 3 1 8.63292400054 0.0 531603.174525
7 1.0 3 2 0 3 0 1 10.3512158727 0.0 83.4103779793
5 5.0 0 5 0 2 3 1 7.72417930249 0.0 720.815600991
8 1.0 3 2 3 1 1 0 8.716451847 0.0232751607314 457.214670933
9 1.0 1 0 2 3 0 1 10.3652840203 0.0 2.89491391182
9 30.0 3 0 2 0 1 0 8.86461107728 0.0 17.3498129454
13 1.0 3 0 2 1 0 0 11.8182992868 0.0 142.665606022
5 15.0 0 4 0 3 3 0 8.15318877732 0.0 720.284287453
4 30.0 1 2 2 1 2 0 8.88692027328 0.0 508.735629333
6 5.0 3 1 3 1 3 0 8.67068665512 0.0342433674468 215893.833681
12 5.0 2 3 0 3 0 1 10.7550732277 0.0 1.3689738512
9 15.0 3 2 1 0 0 0 11.6449560486 0.0 5.92077159882
8 15.0 3 3 3 3 0 0 11.8426526151 0.0133444469066 6.4941174984
3 30.0 1 2 1 3 3 1 6.92487860415 0.0 30000.5817429
8 15.0 1 3 2 2 3 1 7.48232006139 0.0 10800.714114
6 15.0 0 0 3 3 2 0 8.64859583278 0.0391844851257 12.0222725
7 15.0 1 4 0 0 1 1 8.05994909446 0.0 32.2915054855
3 1.0 2 5 2 2 3 1 6.83697459116 0.0 73563.9769861
7 5.0 1 5 2 0 3 0 9.30631824044 0.0 343081.266985
13 1.0 0 4 0 0 3 1 7.99609060469 0.0 1683.23747587
8 1.0 1 0 1 3 0 1 10.1995260376 0.0 2.69012594223
5 5.0 3 3 2 0 0 0 11.7714254229 0.0 10.6284689903
6 5.0 0 4 0 0 3 0 8.48154855962 0.0 840.538941503
13 15.0 1 5 3 2 3 0 9.00708757807 0.0726398818555 16800.4819981
9 1.0 0 3 2 0 1 1 7.3979203524 0.0 3.31517011642
13 30.0 2 3 3 1 3 1 8.49143601597 0.00888343922508 113041.834616
9 30.0 3 5 2 2 2 1 8.6570418029 0.0 88.7919100285
4 5.0 2 2 2 1 3 1 7.1628142183 0.0 231241.918535
3 15.0 1 5 2 2 1 1 6.63977872759 0.0 1.8695075798
10 30.0 1 0 3 3 1 1 8.33183507913 0.0204729717938 22.6646679316
11 15.0 3 5 3 2 1 0 8.56932800007 0.011328759356 10.1575724249
4 15.0 3 3 3 3 2 1 7.60174696403 0.00556781386835 791.384685059
10 30.0 0 4 1 2 0 1 9.68654325316 0.0 0.643949627876
5 5.0 3 0 1 0 1 1 6.86979147732 0.0 61.4059700575
10 1.0 3 1 1 3 1 1 8.11321046838 0.0 575.135644048
6 30.0 3 3 2 0 3 1 7.55866049152 0.0 38522.34548
12 1.0 2 2 3 0 1 0 9.52889370457 0.018049857716 846.962767851
12 5.0 0 5 1 2 0 1 10.4408946986 0.0 1.07575201988
3 30.0 2 1 0 0 2 0 8.54038534054 0.0 476.387336384
7 1.0 0 5 0 0 3 1 8.27554407089 0.0 962.41959703
9 30.0 1 1 0 2 2 1 8.58900537139 0.0 86.1730600357
4 30.0 2 1 2 0 2 1 7.98155267398 0.0 594.723030437
5 5.0 0 2 2 3 1 0 7.56396810676 0.0 0.791020004272
8 15.0 0 5 2 2 2 0 8.90658242464 0.0 15.7609859781
6 30.0 0 2 0 3 1 1 7.10461656069 0.0 0.77547600174
11 15.0 0 5 1 3 0 1 10.4336236218 0.0 0.679332137108
13 15.0 1 4 3 0 0 1 10.0743807122 0.00950268204273 0.88326895237
4 30.0 0 4 3 3 1 0 7.65094697387 0.00239664283201 0.400555882454
4 5.0 0 5 1 3 0 1 10.4408946986 0.0 0.803491950035
10 1.0 0 0 1 1 2 1 7.87581758403 0.0 19.7522125072
6 15.0 1 2 3 2 3 0 8.25077798429 0.0111053837256 8400.34706759
11 30.0 1 4 0 2 2 0 9.56343051246 0.0 103.02794394
10 30.0 3 5 1 2 1 1 7.83701939236 0.0 5.2421870327
6 1.0 3 0 1 1 3 1 7.40382386353 0.0 1065551.65
7 1.0 3 3 3 3 3 1 7.82762489771 0.0382502576527 1252762.0275
7 5.0 2 1 0 2 1 1 7.66627166017 0.0 10.0787725363
8 30.0 2 5 0 2 2 0 9.19128673798 0.0 99.9879299364
4 15.0 0 3 3 3 2 0 8.36278546079 0.0019967950841 8.84301489353
9 15.0 0 2 3 2 2 1 7.77729538836 0.03280542848 17.7920920801
5 5.0 3 0 3 2 2 1 7.19433656774 0.0364186368286 185.234487938
3 1.0 3 4 3 2 1 1 6.09036477528 0.00897413782148 45.5243835001
5 30.0 1 5 2 1 2 0 9.24264386282 0.0 616.606851525
9 5.0 0 2 3 3 1 0 8.41318295988 0.0125923661277 1.04395205498
4 15.0 0 5 0 3 0 0 11.8846033802 0.0 0.265751481056
4 30.0 0 1 3 3 3 1 7.2399443993 0.0043045992036 600.524897099
9 1.0 1 2 0 3 3 1 8.68184872699 0.0 2125566.54753
5 30.0 0 0 2 3 3 1 6.88123399054 0.0 720.299117446
8 1.0 2 2 2 0 3 0 9.29426752833 0.0 2168409.55203
6 30.0 3 4 0 1 3 0 8.87256914614 0.0 37802.2357291
12 1.0 3 3 1 2 3 0 8.86997642291 0.0 118675.181376
8 1.0 2 4 3 3 3 1 8.09075001003 0.0350034290927 2168410.50104
13 30.0 3 5 0 2 0 0 11.9036650098 0.0 4.12614154816
3 5.0 2 0 1 0 2 1 7.10034984727 0.0 2767.44083106
6 30.0 3 4 1 2 2 0 8.5665154799 0.0 62.0094575119
9 5.0 0 2 3 0 0 1 9.71840123741 0.0440397785546 0.991881489754
3 5.0 2 3 3 0 2 1 7.28828964286 0.0236717554017 2767.93538391
12 5.0 2 0 0 1 3 1 8.63865311743 0.0 605522.646786
8 1.0 2 5 1 3 3 1 8.80973200087 0.0 2168409.2507
7 15.0 0 2 0 2 2 0 9.19482032565 0.0 14.0026840172
8 1.0 0 2 0 3 3 1 7.53014182185 0.0 1082.26108587
9 1.0 2 2 2 0 2 1 8.58511968754 0.0 34411.3611441
13 1.0 0 4 0 3 1 0 8.91452434199 0.0 3.37816910553
4 1.0 1 0 3 3 1 0 8.25810005466 0.020933417814 286.381307554
8 1.0 3 2 2 2 3 0 8.52208877517 0.0 82159.9018891
5 15.0 1 1 3 1 3 1 7.7740154677 0.0166974695901 85080.7753465
6 1.0 0 5 2 0 0 1 10.5869762102 0.0 2.4250780344
10 15.0 1 3 0 1 1 0 9.74053619726 0.0 42.0247169266
4 1.0 3 2 2 0 3 1 7.09000620524 0.0 779324.58018
6 5.0 0 2 1 1 1 1 6.8014039548 0.0 1.03354194069
3 5.0 2 3 0 1 3 0 8.05650261627 0.0 184200.978816
5 5.0 1 0 1 1 2 1 7.86080855918 0.0 3512.1664445
6 30.0 1 4 1 3 2 0 9.75318639102 0.0 748.433327502
11 30.0 0 1 3 3 2 1 8.32318002561 0.067475279729 21.1336520615
5 30.0 2 2 1 1 1 0 8.14853695116 0.0 13.5818464146
10 15.0 3 3 1 2 1 0 8.38706409456 0.0 9.30968250179
12 1.0 2 0 0 0 2 0 10.7142312041 0.0 44734.6738956
12 5.0 3 1 2 0 1 1 8.36648989049 0.0 133.171187931
7 15.0 1 1 0 1 3 1 8.59520075661 0.0 113520.828495
4 1.0 1 4 1 1 1 1 6.89510388833 0.0 271.782159933
6 1.0 1 0 1 0 1 0 8.7827686083 0.0 402.036640459
9 15.0 0 4 1 0 1 0 8.34534290915 0.0 0.68326944828
4 30.0 1 4 3 3 3 0 8.52587469571 0.00329748535652 37560.302597
7 1.0 1 1 2 3 2 1 9.21527735196 0.0 24340.5108544
4 1.0 0 5 3 2 2 0 8.39744612724 0.0049890865038 10.3653834438
9 5.0 2 0 1 3 0 1 10.1066452515 0.0 1.00555753708
9 15.0 3 0 0 0 3 0 9.43266229468 0.0 109685.79465
5 30.0 1 5 0 1 2 1 8.97785884454 0.0 616.894077368
10 1.0 1 3 2 1 3 0 9.70545552384 0.0 2244607.15838
4 30.0 3 3 2 0 2 0 8.64070207723 0.0 403.7963484
12 5.0 0 0 0 0 3 1 7.98156121215 0.0 1560.39926255
13 5.0 3 2 1 3 1 1 7.86173457417 0.0 148.92670455
12 30.0 2 4 2 2 1 1 7.49739343038 0.0 4.17370847511
6 1.0 1 2 3 3 0 0 12.0319701436 0.00419061911451 2.89389836788
13 5.0 3 4 2 0 1 0 9.27646282584 0.0 143.52922442
8 1.0 1 4 1 0 0 1 9.92176484396 0.0 3.28296458721
10 30.0 1 5 3 0 0 0 11.7626335575 0.0304811955832 0.338074564934
11 30.0 1 5 1 1 2 0 10.314749622 0.0 1234.71885848
4 30.0 1 2 0 3 0 0 12.2168680766 0.0 0.240617394447
12 15.0 2 2 2 0 2 1 8.86321634895 0.0 3029.40419197
12 30.0 1 0 0 2 2 0 9.7477961116 0.0 111.48253098
6 1.0 3 4 3 3 3 0 8.70114729704 0.0221622714687 1093272.41451
10 5.0 0 4 0 3 2 1 8.21911341054 0.0 19.7223573751
3 1.0 0 0 1 1 2 1 6.46452262369 0.0 7.52255899715
8 1.0 2 0 1 3 0 0 11.8305759048 0.0 2.59734857082
6 30.0 2 3 0 1 0 1 10.6085139209 0.0 0.586571931839
3 15.0 3 2 0 1 2 1 7.08787378702 0.0 626.349718946
6 1.0 2 1 0 2 2 0 8.92774319311 0.0 1843.48471097
11 30.0 3 5 2 2 0 1 10.5963483955 0.0 3.80961406231
12 30.0 2 4 2 0 3 1 8.39256949281 0.0 108241.570099
10 5.0 2 2 2 2 0 1 9.81895977827 0.0 1.25475394726
8 15.0 1 0 2 1 1 0 9.18881298186 0.0 34.4071550798
10 30.0 3 1 1 2 1 1 7.58894600204 0.0 5.2946878767
4 30.0 1 5 3 1 2 0 8.84705390981 0.0193435446821 508.732382549
5 5.0 1 3 0 1 2 0 9.50991292554 0.0 3512.05651852
4 15.0 3 0 1 1 1 0 7.82367556553 0.0 17.9249459305
3 30.0 2 5 1 0 3 1 7.36128810715 0.0 33360.5910681
3 1.0 3 3 2 2 0 0 11.5600408599 0.0 36.3634370565
13 30.0 0 3 0 2 2 1 8.51945698559 0.0 24.6057325058
12 1.0 0 0 1 3 0 0 11.4015461985 0.0 0.683567523956
6 15.0 3 5 2 3 0 0 11.8168301471 0.0 5.15267753601
13 15.0 3 3 2 1 2 1 8.75520873942 0.0 2180.71885301
11 5.0 3 0 2 2 0 0 11.5623073552 0.0 21.1973410845
8 15.0 3 3 0 2 1 1 7.42117681745 0.0 7.9154550705
12 1.0 1 3 1 1 3 1 8.51894637895 0.0 2658488.29957
13 30.0 0 5 2 2 3 0 9.00649119998 0.0 1680.34051204
5 1.0 2 0 1 1 3 1 7.25619297514 0.0 1386245.90554
11 15.0 0 2 2 0 1 1 7.35149958648 0.0 1.14197700882
13 30.0 1 5 2 0 0 1 10.899508274 0.0 0.70715546608
8 1.0 1 4 3 1 1 1 7.86806272684 0.0522475377083 490.280997427
13 1.0 2 2 1 3 1 1 8.22438033933 0.0 913.056471035
8 1.0 2 2 1 1 2 1 8.21423348854 0.0 29412.3210975
7 1.0 2 2 1 0 0 0 11.7125169733 0.0 3.60737144947
8 15.0 1 1 2 0 0 0 11.8481138079 0.0 0.415886998177
4 5.0 3 4 0 0 1 1 7.07716048861 0.0 51.5262360144
7 30.0 0 2 1 3 0 1 9.6504041166 0.0 0.578383088112
7 30.0 1 5 0 1 1 0 9.25882034148 0.0 15.8177521524
4 1.0 2 4 1 1 3 1 7.10536988775 0.0 1150444.4086
5 5.0 0 0 2 3 2 0 8.3271610439 0.0 10.3981814833
13 5.0 0 0 0 0 1 1 7.72526403254 0.0 0.859429524422
4 1.0 2 1 3 1 1 0 8.00318402294 0.0097401951142 306.094937888
12 30.0 1 5 3 2 2 1 8.90861272008 0.0489139950598 111.940176039
13 15.0 3 0 1 1 2 0 9.92947940266 0.0 2179.91075648
12 1.0 0 4 3 3 3 1 7.68834434041 0.0207228231711 1563.36475706
10 1.0 2 3 1 0 0 1 10.1275933356 0.0 5.14252245426
13 5.0 2 1 1 1 1 1 8.49922858166 0.0 173.248840433
11 15.0 0 2 0 3 0 1 10.1157756733 0.0 0.667147040367
10 30.0 1 2 0 0 2 0 10.7823531691 0.0 1173.09573695
7 30.0 2 5 1 1 0 1 10.7201827772 0.0 0.607658982277
3 15.0 3 0 3 2 2 0 7.55435352969 0.00189805468581 50.2921685085
7 5.0 1 4 3 2 0 0 11.4890474249 0.0278136187548 0.660088062286
11 1.0 0 2 1 3 0 0 11.4015461985 0.0 2.77135300636
8 1.0 0 5 3 2 1 1 7.64167428127 0.0143197077949 2.95991648483
13 5.0 3 5 2 2 2 0 9.4808337629 0.0 432.24823001
10 30.0 3 1 1 0 1 1 7.97311493168 0.0 19.7470595961
4 1.0 1 3 0 1 0 0 12.1744641724 0.0 2.17140543461
5 30.0 0 5 2 0 3 0 7.93373701922 0.0 720.264576554
7 30.0 3 0 3 1 1 0 8.51982063731 0.0085487718746 14.1426720161
12 5.0 3 4 1 0 1 1 7.8336455868 0.0 133.566975051
11 5.0 0 1 0 3 0 1 10.6887228674 0.0 0.900236487389
6 5.0 0 1 2 2 3 1 7.49831453456 0.0 840.928961992
4 15.0 1 1 1 0 0 0 11.6812820392 0.0 0.299818992615
4 15.0 2 5 0 1 1 1 7.72788431412 0.0 21.5238115807
13 1.0 3 4 1 0 2 1 8.56966232028 0.0 31472.6368896
7 1.0 2 3 1 0 0 1 10.1234777539 0.0 3.96109497547
3 1.0 2 4 1 0 3 0 7.79278155586 0.0 963604.872694
11 30.0 1 3 0 2 1 0 8.85122025891 0.0 2.25971810341
6 5.0 3 1 2 0 0 1 10.5605448662 0.0 12.6014839411
11 5.0 1 4 0 0 3 1 8.75616540539 0.0 514921.943996
5 30.0 3 3 3 1 0 0 11.7010447762 0.0630194675005 2.11777508259
4 5.0 2 5 3 3 0 0 11.8832950259 0.0147344287695 0.654788970947
5 5.0 0 3 0 2 3 0 8.15318877732 0.0 720.493921995
3 5.0 2 5 0 0 0 1 11.2091299549 0.0 0.848525881767
13 15.0 3 5 1 2 3 0 8.90777233464 0.0 11768.301357
6 1.0 2 2 2 0 2 1 8.07655443015 0.0 24086.6019321
7 30.0 3 3 0 3 1 1 7.73158930232 0.0 14.9201765814
5 1.0 2 1 0 2 2 0 8.57588044363 0.0 1579.23396663
12 15.0 0 0 0 3 1 0 8.91821226479 0.0 0.453020087242
5 5.0 3 3 0 0 2 0 9.07400102254 0.0 2742.53814149
8 5.0 0 2 2 2 0 0 11.547627942 0.0 0.646537542343
9 30.0 2 3 1 2 1 0 8.37028534095 0.0 2.79956652927
7 15.0 2 3 3 2 1 0 8.16166097393 0.00315355014595 4.1499078989
5 15.0 2 1 1 1 0 0 11.7157021879 0.0 0.473846912384
8 5.0 1 5 1 0 0 0 11.6862379953 0.0 0.865620970726
4 1.0 1 3 1 2 2 0 8.32412385781 0.0 1063.54708344
9 15.0 1 0 1 0 1 1 8.03339176563 0.0 40.1746016054
12 5.0 2 0 0 0 0 0 12.2443752332 0.0 0.453413963318
3 1.0 3 3 3 3 2 0 8.03415492723 0.0319669332657 8988.94954436
10 15.0 2 0 1 2 3 1 7.52265619078 0.0 16441.384747
7 15.0 1 4 2 1 1 1 7.75108649674 0.0 31.1079519892
5 30.0 0 3 3 0 3 1 6.95548116404 0.0240484899249 720.568684459
5 5.0 0 5 1 1 3 0 7.84136468713 0.0 720.572020054
12 1.0 3 4 0 1 3 1 8.4131553884 0.0 1983373.08043
11 15.0 0 2 2 1 0 1 9.79648543728 0.0 0.690930485725
9 1.0 0 4 0 0 1 0 8.68140703134 0.0 2.49266643047
9 15.0 3 4 2 1 1 0 8.90272653726 0.0 35.5047669659
8 5.0 3 2 0 1 1 1 7.71936456379 0.0 87.5656544504
8 1.0 3 2 1 2 2 1 7.52899655364 0.0 1232.67827199
4 1.0 3 0 3 3 1 1 6.89634911711 0.0400289751678 244.670845093
7 1.0 3 0 1 3 3 1 7.64630752206 0.0 1252734.81352
6 30.0 0 4 0 0 0 1 10.1522797964 0.0 0.5649985075
4 5.0 0 1 1 0 1 0 7.60469416527 0.0 0.729664001465
12 5.0 0 2 1 3 1 0 8.571281152 0.0 1.26782094574
7 30.0 2 1 1 2 2 1 8.01799920254 0.0 90.1908740511
3 5.0 2 4 1 0 3 0 7.79268755107 0.0 193441.401811
3 5.0 0 1 1 3 3 1 6.48072498559 0.0 480.777137995
7 5.0 1 0 0 1 3 1 8.20482237987 0.0 329041.298505
6 5.0 0 2 0 0 3 1 7.30706777651 0.0 840.850506902
6 1.0 0 1 3 2 3 1 7.49145178285 0.00661196537135 842.488700151
7 5.0 2 4 1 1 0 1 9.94358652431 0.0 1.28812551498
8 1.0 0 2 0 2 0 0 11.8846033802 0.0 2.18025898933
7 15.0 0 0 3 2 1 1 7.0865907526 0.0249175671482 0.56567092514
3 15.0 0 1 1 0 0 0 11.4015461985 0.0 0.274178504944
3 5.0 2 0 3 0 0 0 11.8419084743 0.0518732210794 0.323731541634
7 5.0 0 2 3 1 0 1 9.76623427811 0.0726036108169 0.915789484978
3 30.0 0 5 2 0 0 1 10.5797051316 0.0 0.520096063614
7 5.0 0 1 2 0 0 1 10.3637041555 0.0 0.901432514191
4 15.0 3 2 0 1 0 1 10.3080855222 0.0 3.36600542068
7 1.0 1 4 3 0 0 1 10.007534313 0.0347999544586 2.30270051956
3 5.0 3 4 1 1 1 1 6.39002806371 0.0 38.1348718405
3 30.0 0 4 3 1 1 0 7.02445606956 0.0178006201386 0.351199605942
3 30.0 0 3 1 1 1 0 6.95784549228 0.0 0.372221568108
3 30.0 0 1 0 0 3 1 6.747573732 0.0 480.527039051
3 30.0 0 5 3 0 1 1 6.57655745851 0.042264735677 0.68923149395
8 1.0 0 0 0 0 1 1 7.3250453504 0.0 0.871991527557
3 30.0 0 5 2 0 0 1 10.5797051316 0.0 0.523680448532
4 5.0 0 5 2 0 0 1 10.5869762102 0.0 0.806552529335
3 5.0 0 5 0 1 2 1 7.3411174973 0.0 7.57102055359
3 15.0 0 5 1 0 0 1 10.4336236218 0.0 0.604446053505
8 15.0 2 1 0 0 2 1 9.17026604345 0.0 2097.05065593
3 30.0 1 2 2 0 3 1 6.91976733825 0.0 30000.5936431
3 30.0 0 0 1 2 0 1 9.73704985418 0.0 0.30323946476
7 30.0 0 5 2 1 0 1 10.5797051316 0.0 0.53363442421
5 5.0 0 1 2 0 3 1 7.21697239101 0.0 720.859559536
4 15.0 0 5 2 0 3 0 8.01533147271 0.0 600.281967998
3 15.0 1 1 2 0 0 1 10.6075079347 0.0 0.530365943909
3 5.0 0 1 2 2 0 1 10.3637041555 0.0 0.611247420311
3 30.0 0 3 2 3 0 1 10.0046688111 0.0 0.488577365875
6 5.0 3 4 0 3 0 1 10.3669538908 0.0 8.37272250652
12 5.0 3 5 1 3 0 1 10.7116110413 0.0 14.0259006023
4 30.0 0 5 2 0 0 0 11.547627942 0.0 0.243893146515
4 30.0 0 1 2 3 0 1 10.3579218412 0.0 0.551066994667
7 30.0 0 1 1 3 2 1 7.9974844318 0.0 14.2696334324
4 30.0 1 3 2 1 0 1 10.2463307415 0.0 0.584321498871
6 30.0 0 0 0 0 0 1 10.2032964878 0.0 0.304929971695
3 1.0 0 0 2 0 1 1 6.13626263079 0.0 0.898792961121
3 5.0 2 3 3 0 0 1 10.1932319169 0.0302146582819 1.09036207199
3 30.0 1 5 3 3 0 1 10.7796814731 0.0477928818864 0.551980495453
12 5.0 0 1 2 0 1 1 7.86330194933 0.0 1.55492745972
6 15.0 0 0 3 0 0 1 9.88286466858 0.0105619924042 0.349435448647
4 5.0 1 3 1 3 0 1 10.2474253153 0.0 0.967363119125
10 30.0 0 2 2 3 0 1 9.79648543728 0.0 0.551667928696
3 15.0 2 5 2 0 2 1 7.85811506394 0.0 932.383490613
3 5.0 0 0 2 0 0 1 9.88313119578 0.0 0.379846930504
3 30.0 0 3 2 0 0 1 10.0046688111 0.0 0.537486553192
10 5.0 0 2 3 0 2 1 7.89890466872 0.00405591901027 19.8190468378
7 30.0 3 1 3 0 2 1 8.46594683692 0.0060398229372 644.301624537
3 30.0 0 3 2 0 0 1 10.0046688111 0.0 0.432165622711
3 1.0 0 5 3 3 0 1 10.5988134607 0.0036081210866 1.41464388371
4 5.0 3 1 2 0 0 1 10.5605448662 0.0 4.72606551647
3 30.0 0 5 3 0 0 1 10.5542687721 0.0197947538904 0.517153382301
3 30.0 0 3 2 2 0 1 10.0046688111 0.0 0.52903854847
4 5.0 0 1 2 0 0 0 11.547627942 0.0 0.523442029953
8 30.0 0 4 2 0 0 1 9.83262458257 0.0 0.541556596756
3 30.0 0 5 2 0 0 1 10.5797051316 0.0 0.550801992416
4 30.0 1 3 2 0 0 1 10.2463307415 0.0 0.599815011024
12 30.0 0 3 2 3 0 1 10.0046688111 0.0 0.647904634476
3 30.0 0 0 0 0 0 1 10.2032964878 0.0 0.289775967598
3 30.0 0 5 3 1 0 1 10.5265509753 0.0071368084677 0.518733501434
3 30.0 0 3 1 0 1 1 6.12785888239 0.0 0.658084609985
3 15.0 0 5 1 0 0 1 10.4336236218 0.0 0.611158370972
3 30.0 0 4 3 0 0 1 9.74177322352 0.00126140506967 0.539906024933
3 30.0 0 2 3 0 0 1 9.80257047313 0.0213622217867 0.494139909744
4 5.0 0 5 2 0 0 1 10.5869762102 0.0 0.806943535805
7 5.0 0 4 1 3 0 1 9.68756037983 0.0 0.889716386795
13 30.0 0 1 2 0 3 1 8.16136602681 0.0 1680.468328
7 15.0 0 3 3 2 1 1 7.15701776705 0.00597083282998 0.85709603405
4 15.0 2 3 1 0 0 1 10.122683341 0.0 0.668841958046
4 30.0 0 3 1 1 0 1 9.85858744019 0.0 0.426385402679
3 1.0 2 0 1 0 1 0 7.62385727193 0.0 258.589721987
4 30.0 0 1 1 2 0 1 10.2118403849 0.0 0.556399941444
11 30.0 0 1 2 0 0 1 10.3579218412 0.0 0.640472412109
3 30.0 0 4 0 0 1 1 6.29943137823 0.0 0.77068052578
3 30.0 0 3 2 3 0 1 10.0046688111 0.0 0.701342940331
10 30.0 0 5 1 0 0 1 10.4336236218 0.0 0.725748062134
4 30.0 0 0 1 3 0 1 9.73704985418 0.0 0.355667471886
8 5.0 0 3 1 1 0 1 9.86195147385 0.0 0.962198615074
12 5.0 0 3 1 3 0 1 9.86195147385 0.0 1.09880805016
4 30.0 0 1 1 0 1 1 6.90404360746 0.0 0.684802923203
4 15.0 0 2 1 2 0 1 9.6504041166 0.0 0.625778436661
3 5.0 0 3 2 0 0 1 10.0080328456 0.0 0.805152535439
6 30.0 0 3 2 0 0 1 10.0046688111 0.0 0.553282976151
6 15.0 0 0 2 1 1 1 6.94933872579 0.0 0.569382452011
4 5.0 1 0 2 1 1 1 7.00987726649 0.0 55.3201169872
3 5.0 0 2 1 1 0 1 9.65222518322 0.0 0.766040921211
3 30.0 0 1 1 0 0 1 10.2118403849 0.0 0.515365958214
10 30.0 0 1 1 0 0 1 10.2118403849 0.0 0.362365603447
3 30.0 1 3 2 1 3 1 7.01196515144 0.0 28560.5433788
4 30.0 0 3 1 0 0 1 9.85858744019 0.0 0.487743139267
10 1.0 0 2 2 3 0 1 9.79830650434 0.0 1.98362505436
7 30.0 0 0 1 0 1 1 6.99407775 0.0 0.592622476578
3 30.0 0 4 0 1 0 1 10.1522797964 0.0 0.529899477959
3 30.0 0 1 3 1 0 1 10.3027679956 0.0377396350276 0.528734564781
4 30.0 0 1 2 0 0 1 10.3579218412 0.0 0.557471036911
7 30.0 0 1 1 3 0 1 10.2118403849 0.0 0.576803445816
11 30.0 0 4 1 1 0 1 9.68654325316 0.0 0.71689414978
6 30.0 0 0 1 0 0 1 9.73704985418 0.0 0.325376033783
8 30.0 0 1 1 1 0 1 10.2118403849 0.0 0.55531001091
4 30.0 0 1 3 2 1 1 6.96822048129 0.00889727794066 0.679829034805
3 15.0 0 3 2 0 0 1 10.0046688111 0.0 0.593187570572
10 5.0 0 3 1 2 2 1 7.98113305805 0.0 19.7520384617
4 30.0 2 1 3 0 0 1 10.5990959659 0.0322757301104 0.639306426048
3 30.0 2 2 3 0 0 1 10.0304712343 0.0234956479649 0.639382004738
6 30.0 2 0 1 0 0 0 11.7199316244 0.0 0.0639190673828
6 1.0 0 0 3 2 2 1 7.49846742557 0.0272977549937 12.7401855316
3 5.0 0 1 1 0 1 1 6.33751445535 0.0 0.905987599373
4 30.0 0 1 1 0 0 1 10.2118403849 0.0 0.422155618668
3 1.0 0 3 1 2 1 1 6.12975014224 0.0 2.09779045868
13 30.0 0 3 1 0 0 1 9.85858744019 0.0 0.571445941925
3 1.0 0 2 1 3 1 1 6.01132255096 0.0 1.57955799389
3 5.0 0 4 1 0 3 0 7.11212010457 0.0 480.44542706
4 30.0 0 1 0 0 0 1 10.6828821562 0.0 0.51159954071
3 30.0 0 5 3 0 0 1 10.5496199988 0.0112392168135 0.511771559715
3 30.0 0 1 1 3 0 1 10.2118403849 0.0 0.564097285271
6 5.0 0 1 1 3 0 0 11.4015461985 0.0 0.569957494736
4 30.0 0 0 1 0 0 1 9.73704985418 0.0 0.29605948925
4 15.0 0 0 1 0 0 1 9.73704985418 0.0 0.340505480766
4 30.0 0 3 2 0 0 1 10.0046688111 0.0 0.527418017387
10 30.0 0 3 2 0 0 1 10.0046688111 0.0 0.600742578506
4 30.0 0 1 1 1 0 1 10.2118403849 0.0 0.570970892906
4 30.0 0 0 3 2 0 1 9.87217624777 0.00885780496493 0.314658999443
11 30.0 0 0 3 0 0 1 9.85775806101 0.0261927886345 0.325185894966
4 5.0 0 0 1 0 2 0 8.30642651031 0.0 8.66154390335
13 30.0 0 3 3 0 1 0 8.63626413308 0.0140431433017 0.776349471092
4 30.0 0 3 3 0 0 1 9.97343875627 0.104740721837 0.55983710289
3 30.0 1 2 1 1 0 1 9.8817339631 0.0 0.56894993782
4 1.0 0 3 1 0 1 0 7.60469416527 0.0 1.93038347721
4 1.0 0 1 2 0 0 1 10.3637041555 0.0 1.88669490814
4 1.0 0 1 1 3 0 1 10.2176226978 0.0 1.5308535099
4 30.0 3 1 0 0 0 1 10.8881878204 0.0 0.88866007328
4 30.0 2 1 0 0 0 0 12.2183022924 0.0 0.338782906532
4 30.0 0 0 3 0 3 1 6.93678292107 0.0146900618302 600.420397043
4 30.0 0 4 0 1 0 1 10.1522797964 0.0 0.559419989586
6 30.0 0 1 0 0 3 1 7.71629413313 0.0 840.585941434
3 5.0 0 1 0 3 1 1 6.60057927323 0.0 0.86929652977
3 30.0 0 0 0 1 0 1 10.2032964878 0.0 0.312285542488
3 30.0 0 3 0 0 2 1 6.82744339879 0.0 7.37984592724
4 30.0 0 0 1 0 0 1 9.73704985418 0.0 0.314280033112
3 30.0 0 1 0 0 0 1 10.6828821562 0.0 0.504750370979
4 30.0 3 1 3 0 0 0 11.7134527491 0.0413130241405 1.48059856892
10 30.0 0 4 0 0 2 1 8.21805331108 0.0 19.4187900848
7 15.0 0 3 0 0 3 1 7.67623649086 0.0 960.615243554
11 15.0 0 4 2 0 0 1 9.83262458257 0.0 0.677734017372
3 15.0 0 1 3 0 2 1 6.82672746753 0.0115647791832 7.41694242764
4 30.0 3 2 0 0 0 1 10.3080679312 0.0 1.7277380228
13 30.0 0 1 0 0 0 1 10.6828821562 0.0 0.605307459831
3 30.0 3 0 0 2 0 1 10.2192002183 0.0 1.25749492645
3 30.0 0 1 0 0 1 1 6.59722365343 0.0 0.620601037025
7 30.0 2 1 3 0 3 0 9.06796844162 0.035440025643 66600.7991475
9 30.0 3 1 1 0 0 1 10.4067348467 0.0 2.57918953896
3 15.0 0 1 0 0 0 0 11.8846033802 0.0 0.347347855568
3 30.0 0 1 0 3 1 1 6.59722365343 0.0 0.655199983597
4 30.0 0 1 1 0 1 1 6.90404360746 0.0 0.734721455574
12 30.0 0 1 3 2 0 1 10.3112838911 0.0257154528925 0.603362441063
11 30.0 0 2 0 0 0 1 10.1157756733 0.0 0.633706569672
4 30.0 0 3 1 0 0 1 9.85858744019 0.0 0.676646471024
7 30.0 0 1 0 0 1 1 7.64694384187 0.0 0.76442499733
4 30.0 0 0 0 0 0 1 10.2032964878 0.0 0.306185007095
4 30.0 2 5 0 0 1 1 7.73610351304 0.0 12.0843965092
11 30.0 0 1 2 0 1 1 7.76887214373 0.0 1.03243344688
7 1.0 0 0 0 0 0 1 10.2032964878 0.0 0.641278147697
4 30.0 0 1 0 2 1 1 7.1974089681 0.0 0.63899889946
4 30.0 0 3 3 3 3 1 6.98919711951 0.0050598628153 600.551333547
3 30.0 3 0 0 0 0 1 10.3975970879 0.0 1.30461359024
3 30.0 0 1 1 0 1 1 6.33419238256 0.0 0.657511451721
4 30.0 3 3 2 0 0 1 10.1948093452 0.0 1.59930145741
7 30.0 3 5 0 0 0 1 11.117351617 0.0 1.95982801914
11 1.0 0 1 3 0 0 1 10.3385899517 0.00253610585362 2.33833158016
4 1.0 2 2 0 0 0 1 10.3867953689 0.0 2.60056006908
3 5.0 3 1 0 3 0 1 10.9028489457 0.0 4.6131490469
4 30.0 0 1 1 0 1 0 7.60469416527 0.0 0.409915003777
3 30.0 0 0 0 0 0 1 10.2032964878 0.0 0.31395304203
3 30.0 0 0 0 0 1 1 6.31745383761 0.0 0.433776000023
11 30.0 0 1 2 0 1 1 7.76887214373 0.0 0.943211015701
5 30.0 0 5 3 0 0 1 10.578046965 0.0177544812231 0.569402456284
12 30.0 0 1 2 3 0 1 10.3579218412 0.0 0.648897528648
3 5.0 0 1 1 3 0 1 10.2176226978 0.0 0.803706884384
7 15.0 0 0 0 0 1 1 7.30676197432 0.0 0.586676913261
12 30.0 0 2 0 0 0 1 10.1157756733 0.0 0.597627997398
4 30.0 0 1 2 0 0 1 10.3579218412 0.0 0.543569922447
3 30.0 2 0 1 0 1 1 6.60479283173 0.0 9.48746201611
4 30.0 0 1 3 0 1 1 6.97343923586 0.0148479979951 0.74131313324
4 30.0 2 0 3 0 1 1 6.94677194197 0.00935866189047 11.8652380981
4 30.0 0 1 1 0 1 1 6.90404360746 0.0 0.650109443665
4 5.0 0 1 3 0 0 1 10.3131275758 0.0210029946624 0.784442543983
3 1.0 0 1 0 0 0 1 10.6887228674 0.0 1.76689291
3 30.0 0 1 1 2 0 1 10.2118403849 0.0 0.524071931839
3 1.0 0 5 1 0 0 1 10.4408946986 0.0 1.66872894764
3 1.0 0 5 1 0 0 1 10.4408946986 0.0 1.29452943802
4 5.0 3 1 0 0 1 1 7.42884128738 0.0 46.7017133999
3 30.0 1 1 1 1 1 0 7.76932948514 0.0 7.90591699219
3 5.0 0 1 1 2 0 0 11.4015461985 0.0 0.437551498413
3 30.0 0 1 2 0 1 1 6.41323563559 0.0 0.651694992065
3 30.0 0 5 3 2 0 1 10.537459679 0.00464142048291 0.536877036095
3 15.0 2 1 1 3 0 1 10.5380193663 0.0 0.7565356493
3 30.0 0 1 1 0 0 1 10.2118403849 0.0 0.525525450706
3 30.0 0 0 1 0 0 1 9.73704985418 0.0 0.311360955238
4 30.0 0 0 1 0 0 1 9.73704985418 0.0 0.318077087402
6 5.0 0 1 2 1 1 1 7.28122236432 0.0 1.11023964787
3 30.0 0 3 0 0 0 1 10.3260615403 0.0 0.481279969215
3 30.0 0 1 1 2 1 0 6.95784549228 0.0 0.358739474297
4 30.0 0 0 3 2 1 1 6.66822112877 0.0113283077044 0.474566016197
3 30.0 0 0 1 0 0 1 9.73704985418 0.0 0.304713010788
3 15.0 0 1 3 2 0 1 10.3305662462 0.0304032679071 0.574467420578
3 30.0 0 1 1 0 0 0 11.4015461985 0.0 0.225112557411
3 15.0 0 1 1 0 0 1 10.2118403849 0.0 0.528807044029
3 5.0 0 5 1 2 1 1 6.53398350614 0.0 0.798307040215
3 30.0 1 1 0 0 3 1 7.52912822874 0.0 30000.4877908
11 1.0 0 1 1 0 0 1 10.2176226978 0.0 2.20865345001
10 1.0 0 5 0 2 0 0 11.8846033802 0.0 1.29893112183
3 30.0 0 1 0 0 1 0 7.22717454923 0.0 0.342755535126
7 30.0 0 2 2 2 0 0 11.547627942 0.0 0.283328533173
4 30.0 0 1 0 0 0 0 11.8846033802 0.0 0.231229543686
4 30.0 0 5 1 0 0 1 10.4336236218 0.0 0.489313006401
3 5.0 0 1 0 2 0 1 10.6887228674 0.0 0.760878920555
3 30.0 0 3 3 2 1 1 6.17612395839 0.0077257290543 0.667379358292
3 15.0 0 0 1 0 0 1 9.73704985418 0.0 0.347483634949
3 1.0 0 1 0 2 0 0 11.8846033802 0.0 1.38669300079
4 30.0 0 1 0 2 0 0 11.8846033802 0.0 0.231625556946
3 1.0 0 5 1 0 0 0 11.4015461985 0.0 1.68134260178
3 5.0 1 4 1 0 1 0 7.83765646232 0.0 46.445293457
8 15.0 0 1 1 0 0 0 11.4015461985 0.0 0.356147527695
8 1.0 0 5 0 0 0 0 11.8846033802 0.0 2.09317243099
3 30.0 1 4 1 2 1 0 6.99085990295 0.0 0.878095521927
3 1.0 0 0 2 0 0 1 9.88313119578 0.0 0.860061526299
10 1.0 0 5 1 0 1 1 7.83885195442 0.0 2.90487706852
8 1.0 0 1 1 2 0 1 10.2176226978 0.0 2.15341353416
3 1.0 2 0 0 0 0 0 12.2105310334 0.0 1.07911098003
10 1.0 0 5 0 2 3 1 8.56735426871 0.0 1322.062765
3 1.0 0 5 0 2 0 1 10.9142497994 0.0 1.22840464115
4 5.0 0 5 1 2 1 0 7.60469416527 0.0 0.710120949745
5 30.0 0 5 0 0 0 1 10.9069052885 0.0 0.559255480766
3 30.0 0 0 1 2 0 1 9.73704985418 0.0 0.327724575996
4 30.0 2 5 0 0 0 1 11.2084564362 0.0 0.69319498539
3 1.0 0 1 0 2 0 0 11.8846033802 0.0 1.37071800232
7 30.0 0 5 3 2 3 1 8.00851759605 0.00321595279593 960.600102901
3 30.0 0 0 0 2 0 1 10.2032964878 0.0 0.337688088417
3 1.0 0 0 1 1 1 0 6.95784549228 0.0 0.541872003555
3 30.0 0 5 3 2 2 1 7.12671330335 0.0354045686195 7.37395853806
3 15.0 2 4 1 2 0 1 9.70858963938 0.0 0.714641094208
3 1.0 1 1 1 1 0 1 10.4603672102 0.0 2.41865003109
3 15.0 0 1 0 2 0 0 11.8846033802 0.0 0.256837964058
11 1.0 0 4 0 0 0 1 10.1533071955 0.0 2.58183157444
3 30.0 0 0 0 0 0 1 10.2032964878 0.0 0.330609440804
3 15.0 0 1 1 2 1 1 6.33419238256 0.0 0.652770021439
12 1.0 0 5 0 0 1 1 8.35822264864 0.0 3.43828343487
3 5.0 0 5 0 2 0 1 10.9142497994 0.0 0.642035484314
3 1.0 0 3 0 1 0 1 10.3294595489 0.0 1.46882653236
3 1.0 2 0 3 0 0 1 10.1181317698 0.0818334455581 1.32881402969
8 1.0 3 5 1 0 0 1 10.664144932 0.0 39.1224230528
6 30.0 0 0 0 0 0 1 10.2032964878 0.0 0.358823060989
12 5.0 0 0 2 0 0 1 9.88313119578 0.0 0.501839399338
3 30.0 0 5 2 2 0 1 10.5797051316 0.0 0.537943959236
9 30.0 0 1 0 1 0 1 10.6828821562 0.0 0.630211472511
9 30.0 0 0 2 0 0 1 9.88313119578 0.0 0.326172590256
3 30.0 0 0 0 0 0 1 10.2032964878 0.0 0.31321644783
3 30.0 0 4 3 3 0 1 9.785787612 0.0102082215391 0.509563922882
3 30.0 0 0 0 1 3 1 6.45236098203 0.0 480.306913018
3 15.0 0 0 1 0 0 1 9.73704985418 0.0 0.34001147747
9 30.0 0 0 0 2 3 1 7.76691519981 0.0 1200.31483603
5 30.0 0 0 0 2 0 0 11.8846033802 0.0 0.0149644613266
8 30.0 0 5 0 0 0 0 11.8846033802 0.0 0.288658022881
3 30.0 0 0 2 1 0 1 9.88313119578 0.0 0.327151894569
3 30.0 0 5 0 0 0 1 10.9069052885 0.0 0.523262143135
8 5.0 1 0 0 2 0 1 10.2209217677 0.0 0.719668626785
6 30.0 3 5 0 0 0 1 11.117351617 0.0 2.20597052574
7 1.0 0 4 1 1 0 1 9.68756037983 0.0 1.76232850552
3 1.0 0 4 0 0 0 1 10.1533071955 0.0 1.26502561569
5 5.0 3 0 1 0 1 1 6.86979147732 0.0 57.0314099398
8 5.0 3 0 1 0 0 1 9.94439580604 0.0 8.8518859148
3 30.0 0 1 0 0 0 1 10.6828821562 0.0 0.509819149971
11 30.0 0 1 0 2 0 1 10.6828821562 0.0 0.583538413048
11 30.0 0 4 0 0 0 1 10.1522797964 0.0 0.604052901268
4 5.0 0 1 1 0 1 1 6.90777582993 0.0 0.896434459686
3 1.0 0 0 0 0 0 1 10.2032964878 0.0 0.498428106308
5 15.0 0 4 2 0 0 1 9.83262458257 0.0 0.598838925362
11 5.0 1 1 2 0 0 1 10.6581634217 0.0 1.36017560959
3 1.0 0 1 0 0 1 0 7.22717454923 0.0 1.55063352871
3 30.0 0 0 0 0 0 1 10.2032964878 0.0 0.308485031128
3 30.0 0 4 3 0 0 1 9.79798705035 0.0299121578705 0.524302005768
11 30.0 1 5 3 0 0 1 10.8306901883 0.0632473432272 0.634606957436
5 30.0 2 4 0 2 0 1 10.1751348058 0.0 0.636435031891
3 30.0 0 0 2 0 1 1 6.13626263079 0.0 0.449975588799
7 15.0 0 0 0 0 0 1 10.2032964878 0.0 0.334401965141
6 1.0 0 2 0 2 0 1 10.1176151317 0.0 2.09206700325
11 1.0 0 5 0 0 0 1 10.9142497994 0.0 2.75662338734
11 1.0 0 4 1 2 0 1 9.68756037983 0.0 2.73729407787
3 1.0 0 4 0 0 3 0 7.38886931675 0.0 480.964851022
4 1.0 3 0 0 0 0 1 10.3957601637 0.0 21.5881114006
4 1.0 3 1 0 0 0 1 10.892220325 0.0 22.7526804209
4 15.0 0 2 3 2 0 0 11.5064003232 0.0142113014556 0.283973455429
3 15.0 0 0 1 3 0 1 9.73704985418 0.0 0.344413042068
8 5.0 0 0 2 0 1 1 7.10781770357 0.0 0.731823456764
6 5.0 2 0 1 3 0 0 11.7925531609 0.0 0.542166590691
3 15.0 0 1 0 0 3 1 6.747573732 0.0 480.600355506
4 30.0 0 4 0 0 0 1 10.1522797964 0.0 0.548858523369
11 15.0 0 0 0 2 0 1 10.2032964878 0.0 0.339069485664
3 30.0 0 0 0 0 0 1 10.2032964878 0.0 0.303993463516
4 30.0 0 4 3 0 0 1 9.76532727814 0.0490291583711 0.565269470215
3 15.0 0 0 0 0 0 1 10.2032964878 0.0 0.308552980423
11 30.0 0 0 0 0 2 1 8.22894954412 0.0 20.8743254843
3 30.0 0 3 0 0 0 1 10.3260615403 0.0 0.517364859581
4 30.0 3 1 3 0 0 0 11.7484275002 0.0125750880821 1.46743750572
3 1.0 0 1 0 0 0 1 10.6887228674 0.0 1.57904946804
3 30.0 0 3 0 0 0 1 10.3260615403 0.0 0.520541906357
3 5.0 0 0 0 0 0 1 10.2032964878 0.0 0.308708071709
7 15.0 0 1 0 0 0 1 10.6828821562 0.0 0.552222967148
4 1.0 0 4 1 2 0 1 9.68756037983 0.0 1.51727855206
10 1.0 0 3 2 0 0 1 10.0080328456 0.0 2.09402954578
4 1.0 0 2 0 0 0 1 10.1176151317 0.0 1.07704102993
3 30.0 0 1 0 3 0 1 10.6828821562 0.0 0.50700712204
4 15.0 0 1 0 0 0 1 10.6828821562 0.0 0.570516586304
4 5.0 0 2 1 0 0 1 9.65222518322 0.0 0.82462143898
3 5.0 0 3 0 2 0 1 10.3294595489 0.0 0.747492432594
3 30.0 3 1 0 0 0 1 10.8881878204 0.0 1.41100907326
13 30.0 0 3 2 0 0 1 10.0046688111 0.0 0.648392081261
3 1.0 0 2 3 0 1 0 7.02412929872 0.000129014452794 1.7702444582
3 30.0 2 0 0 0 0 1 10.4817122215 0.0 0.432645559311
4 1.0 0 5 1 0 0 1 10.4408946986 0.0 2.09871339798
3 1.0 0 0 1 0 0 1 9.73704985418 0.0 0.703670978546
4 30.0 0 2 3 0 0 1 9.73103886706 0.00120452955031 0.497180104256
4 30.0 0 2 0 2 0 1 10.1157756733 0.0 0.54111802578
3 1.0 1 0 0 0 1 1 7.08728783849 0.0 230.0374309
8 1.0 0 3 0 0 0 1 10.3294595489 0.0 2.40506649017
3 15.0 0 0 0 3 0 1 10.2032964878 0.0 0.317335486412
4 1.0 0 2 0 2 0 1 10.1176151317 0.0 1.65432357788
4 30.0 0 2 0 0 0 1 10.1157756733 0.0 0.302971959114
7 30.0 3 1 3 1 0 1 10.5348460605 0.0112308008529 2.19280910492
7 1.0 2 0 3 0 0 1 10.1277922726 0.0535175905188 1.84681952
13 1.0 2 1 0 0 0 1 11.0140574987 0.0 3.48546004295
11 30.0 0 0 2 0 0 1 9.88313119578 0.0 0.329675555229
4 30.0 0 2 1 0 0 1 9.6504041166 0.0 0.533748030663
4 30.0 0 1 0 0 0 1 10.6828821562 0.0 0.540033102036
12 30.0 0 2 0 0 1 1 7.66640196376 0.0 1.01715242004
4 30.0 2 2 0 0 0 1 10.3913136285 0.0 0.688133001328
3 30.0 0 0 0 1 0 1 10.2032964878 0.0 0.306017994881
7 30.0 0 2 0 0 0 1 10.1157756733 0.0 0.550925970078
4 15.0 0 2 0 0 0 1 10.1157756733 0.0 0.559815049171
3 30.0 0 2 3 2 0 1 9.76848133205 0.0554488585803 0.524950623512
3 1.0 0 2 0 0 0 1 10.1176151317 0.0 1.77769100666
4 5.0 0 0 0 0 0 1 10.2032964878 0.0 0.357040524483
4 1.0 0 2 1 1 0 1 9.65222518322 0.0 2.07928144932
10 1.0 0 5 0 1 0 1 10.9142497994 0.0 2.47578299046
4 1.0 0 2 0 0 0 1 10.1176151317 0.0 1.85470807552
5 1.0 0 3 0 2 3 1 7.17765687038 0.0 722.057306647
13 30.0 0 1 0 0 3 1 8.40716961571 0.0 1680.63621092
3 15.0 0 0 0 0 0 1 10.2032964878 0.0 0.248185992241
4 1.0 0 3 0 0 0 1 10.3294595489 0.0 1.48619401455
8 1.0 0 2 0 0 0 0 11.8846033802 0.0 1.10447704792
12 1.0 0 2 0 2 0 1 10.1176151317 0.0 1.84691464901
4 30.0 0 0 2 1 0 0 11.547627942 0.0 0.054780960083
4 5.0 0 5 1 0 1 0 7.60469416527 0.0 0.647926483154
3 30.0 0 2 0 0 0 1 10.1157756733 0.0 0.536900520325
3 30.0 0 2 0 3 3 1 6.40361082665 0.0 480.538797617
3 30.0 0 0 0 2 0 0 11.8846033802 0.0 0.0163578987122
7 30.0 0 1 0 0 0 1 10.6828821562 0.0 0.560147047043
6 30.0 0 5 0 0 0 1 10.9069052885 0.0 0.577569365501
8 30.0 2 2 1 0 0 0 11.7199316244 0.0 0.421080470085
3 15.0 0 2 0 0 2 1 6.69575825066 0.0 7.42392403889
4 1.0 0 2 0 0 0 0 11.8846033802 0.0 1.55187249184
8 1.0 0 2 0 0 0 0 11.8846033802 0.0 2.12586605549
8 1.0 0 1 1 0 0 0 11.4015461985 0.0 2.28521203995
3 1.0 0 2 0 0 0 0 11.8846033802 0.0 1.2209854126
4 1.0 0 2 2 0 0 0 11.547627942 0.0 1.98204851151
8 1.0 0 3 0 0 0 1 10.3294595489 0.0 2.17943739891
3 1.0 0 2 3 0 0 1 9.76878497383 0.0122368327122 1.82101750374
4 1.0 0 2 0 0 3 1 7.10545832911 0.0 600.91899848
4 1.0 0 2 3 0 0 1 9.73958009487 0.00995574607274 1.02526938915
3 1.0 2 0 0 0 1 1 6.89985534685 0.0 258.803732464
3 1.0 0 0 0 0 0 0 11.8846033802 0.0 0.086797118187
3 30.0 0 0 0 0 0 0 11.8846033802 0.0 0.0273290872574
5 1.0 0 0 0 1 0 0 11.8846033802 0.0 0.257681012154
4 15.0 0 0 2 1 0 0 11.547627942 0.0 0.0429244041443
8 1.0 0 0 0 0 0 0 11.8846033802 0.0 0.359750986099
3 5.0 0 0 3 2 0 0 11.5420247204 0.0327925415224 0.0846799612045
7 30.0 0 1 0 0 1 1 7.64694384187 0.0 0.828121500969
6 5.0 0 1 3 3 0 0 11.4713858366 0.0120581123788 0.612280368805
7 30.0 0 0 0 2 0 1 10.2032964878 0.0 0.32034099102
12 15.0 0 1 3 0 0 1 10.3314770263 0.0169571103887 0.709330439568
3 1.0 0 3 0 0 0 0 11.8846033802 0.0 1.43948745728
10 5.0 2 0 0 0 0 1 10.4789010744 0.0 0.889611959457
3 1.0 0 1 1 2 2 1 6.77878410489 0.0 8.48570198822
3 1.0 0 2 1 0 0 0 11.4015461985 0.0 1.53130209446
12 1.0 0 2 0 0 0 0 11.8846033802 0.0 1.91575407982
3 1.0 0 3 2 0 0 1 10.0080328456 0.0 1.38441896439
3 1.0 0 0 2 0 0 1 9.88313119578 0.0 0.414008617401
3 1.0 0 1 3 0 0 0 11.5346048336 0.00546076285745 0.797574996948
12 1.0 0 0 2 2 0 0 11.547627942 0.0 0.394582509995
3 1.0 0 0 0 0 0 0 11.8846033802 0.0 0.0870314836502
3 1.0 3 4 1 0 0 1 9.86869542923 0.0 17.0830770731
9 30.0 2 5 3 0 0 0 11.797171071 0.0074035957982 0.396452069283
4 30.0 0 4 0 0 0 1 10.1522797964 0.0 0.581944465637
4 5.0 0 4 0 3 0 1 10.1533071955 0.0 0.745089530945
4 5.0 0 4 0 0 0 1 10.1533071955 0.0 0.749026060104
4 5.0 0 4 0 0 0 0 11.8846033802 0.0 0.407908082008
3 15.0 0 4 0 0 0 1 10.1522797964 0.0 0.568256020546
3 30.0 3 1 0 0 0 0 12.1174849708 0.0 1.20072698593
7 30.0 0 0 0 0 0 0 11.8846033802 0.0 0.0234215259552
3 1.0 0 0 3 0 0 1 9.8416921061 0.000601383687139 0.645152926445
3 30.0 3 3 1 3 0 1 10.0453758147 0.0 1.74763953686
3 15.0 0 4 3 0 0 0 11.4933296892 0.00393329916008 0.280351996422
13 1.0 0 0 1 2 0 1 9.73704985418 0.0 1.0443148613
3 1.0 2 4 0 2 0 0 11.9095072177 0.0 2.06019091606
8 1.0 0 0 1 0 0 1 9.73704985418 0.0 0.911306977272
3 5.0 2 4 3 0 0 0 11.8149698041 0.00704359487296 0.765801548958
12 30.0 3 0 0 1 0 1 10.4293533059 0.0 3.60051548481
3 1.0 2 4 1 0 2 0 8.21758747282 0.0 13771.2248563
4 1.0 3 0 2 0 0 1 10.0687115793 0.0 22.0441944599
7 1.0 3 4 1 0 0 1 9.88414896899 0.0 35.0287094116
8 1.0 3 0 0 0 1 0 8.99711687035 0.0 413.060954477
3 30.0 0 0 3 0 2 0 7.5053693915 0.0151725870992 6.87812144566
3 5.0 0 0 0 1 0 0 11.8846033802 0.0 0.045765042305
8 5.0 0 0 0 0 1 0 8.43483687218 0.0 0.372730029106
4 30.0 0 0 3 2 1 1 6.66135216444 0.0210509777802 0.50154009819
10 30.0 2 4 1 1 0 0 11.7199316244 0.0 0.433359503746
12 30.0 0 4 1 1 0 0 11.4015461985 0.0 0.313660979271
3 30.0 3 0 1 0 0 1 9.9210493085 0.0 1.3139950037
3 30.0 3 1 0 0 0 1 10.8881878204 0.0 1.56794798374
4 30.0 3 3 2 0 0 1 10.1948093452 0.0 1.67028152943
7 30.0 1 0 0 0 1 1 8.07588238207 0.0 16.6333554335
4 15.0 0 4 3 0 0 1 9.80455900145 0.0335490241079 0.586030960083
12 30.0 0 0 3 0 0 1 9.84279470447 0.00772878313013 0.324753046036
5 15.0 0 0 1 2 0 0 11.4015461985 0.0 0.0391249656677
8 15.0 3 0 1 0 3 0 8.85623962725 0.0 99364.2111495
5 1.0 2 1 3 1 1 1 7.46410473432 0.0258615737795 371.254848419
3 1.0 3 5 1 0 1 0 7.39403948524 0.0 185.943358513
8 1.0 3 1 2 0 0 1 10.5849786699 0.0 38.7464456558
12 1.0 3 0 1 0 1 0 9.13306608961 0.0 597.159152407
7 1.0 3 0 3 1 1 1 7.43931632633 0.0185517944161 361.244201366
3 30.0 3 5 3 0 0 0 11.723701607 0.0728323545179 0.596537947655
3 5.0 0 0 3 2 0 0 11.4887580608 0.0125389674191 0.091406583786
12 30.0 0 0 2 0 0 1 9.88313119578 0.0 0.338862538338
8 1.0 0 0 3 0 0 1 9.81509821926 0.00459694765731 0.858957529068
3 1.0 0 5 2 0 0 0 11.547627942 0.0 1.78503894806
3 30.0 0 1 0 0 0 0 11.8846033802 0.0 0.210980534554
3 30.0 3 5 2 0 0 0 11.7731747305 0.0 1.27147269249
8 30.0 3 5 0 0 3 0 9.17939435148 0.0 49682.4676546
8 30.0 3 1 0 0 0 1 10.8881878204 0.0 2.76037502289
3 1.0 1 0 1 0 1 0 7.83819786581 0.0 229.937708514
8 30.0 3 5 3 0 1 1 8.02937229834 0.0102114342104 16.2673168907
3 15.0 3 1 2 0 2 0 8.00738524758 0.0 635.971267524
8 30.0 2 0 1 0 0 0 11.7199316244 0.0 0.11741745472
8 1.0 0 0 3 2 0 1 9.8607303849 0.0715605002381 0.775693535805
8 30.0 3 5 2 0 0 0 11.7731747305 0.0 1.91617798805
3 15.0 3 5 0 0 0 0 12.117506275 0.0 2.21207904816
3 30.0 3 1 2 0 3 1 6.90159856689 0.0 21600.7713904
4 15.0 3 3 3 1 0 0 11.7230890147 0.040717453116 3.31788849831
6 30.0 3 0 3 0 0 0 11.7476027076 0.0482990200745 0.860762476921
13 15.0 3 5 3 2 0 0 11.5463174298 0.0203241810625 5.56880700588
11 1.0 3 0 1 1 1 0 9.0242121907 0.0 541.983508504
4 5.0 0 4 1 0 0 0 11.4015461985 0.0 0.537715435028
8 30.0 0 5 3 0 0 1 10.5262885211 0.0191793039621 0.616395950317
8 30.0 0 5 2 0 0 0 11.547627942 0.0 0.277366995811
4 30.0 3 0 3 1 0 0 11.7542546052 0.0532246014102 1.60575342178
3 5.0 2 1 1 0 0 0 11.7126390659 0.0 0.741532564163
7 1.0 0 1 0 0 0 1 10.6887228674 0.0 2.3106828928
6 30.0 2 0 1 0 0 1 10.0007049616 0.0 0.469377636909
8 30.0 3 1 2 0 0 1 10.5561684659 0.0 2.83691799641
3 30.0 3 5 0 0 0 0 12.1174849708 0.0 1.25150406361
7 30.0 0 0 3 0 0 1 9.79162459732 0.049448690496 0.355439424515
11 30.0 0 0 0 0 3 1 7.86218728735 0.0 1440.32452357
3 30.0 0 4 2 0 1 0 7.03688901998 0.0 0.350485542297
7 15.0 0 5 3 0 0 0 11.5171973628 0.0428726045755 0.339630484581
13 1.0 0 2 3 0 0 0 11.5022886979 0.014029344663 3.02444446087
13 30.0 3 5 3 0 0 0 11.7552092636 0.0518679395643 3.59455013275
8 30.0 3 0 2 0 0 0 11.7731747305 0.0 2.24349558353
8 30.0 3 3 3 0 0 0 11.7166619164 0.094272830683 1.75909745693
9 5.0 3 1 0 0 0 0 12.1558915262 0.0 10.7660955191
8 5.0 3 0 3 0 1 0 8.71737151162 0.00953448186448 84.4234940042
12 1.0 3 5 2 0 1 0 9.24492543374 0.0 596.682495016
4 30.0 0 0 2 0 1 0 7.69349606515 0.0 0.195900950432
12 30.0 0 0 2 0 1 0 8.67466504627 0.0 0.469824067116
8 30.0 0 5 1 3 0 0 11.4015461985 0.0 0.293878078461
4 30.0 1 3 2 0 0 1 10.2463307415 0.0 0.575111031532
3 30.0 0 5 2 2 0 0 11.547627942 0.0 0.234881997108
3 30.0 3 5 2 0 1 0 7.4286438766 0.0 7.05370950603
3 15.0 1 4 1 2 3 0 7.14405666933 0.0 4800.27148306
4 30.0 3 3 2 0 0 0 11.7731747305 0.0 1.49526894093
5 30.0 1 1 3 0 1 0 8.43664278299 0.00239323181677 12.3057180643
6 30.0 3 5 0 0 0 1 11.117351617 0.0 2.27227652073
3 1.0 1 0 2 0 1 0 7.93052313987 0.0 230.066821592
3 15.0 3 0 2 0 0 0 11.7731953612 0.0 2.25275099277
8 1.0 2 5 2 0 0 0 11.8632902255 0.0 3.97998058796
12 30.0 3 5 0 0 0 1 11.1517466703 0.0 3.06714558601
11 5.0 0 0 1 0 1 1 7.31005292489 0.0 0.601676401138
7 30.0 0 5 2 2 0 0 11.547627942 0.0 0.130396485329
3 5.0 0 3 2 0 0 0 11.547627942 0.0 0.252501964569
12 15.0 3 0 1 0 0 0 11.6742939327 0.0 4.95485210419
3 1.0 3 3 3 0 0 1 10.09715206 0.0146508223037 19.6527415514
11 1.0 3 0 2 0 0 1 10.1046538821 0.0 48.9415954351
4 5.0 0 0 2 3 1 0 7.69349606515 0.0 0.275079522133
3 30.0 3 0 2 0 0 1 10.0704828085 0.0 1.33584201336
5 30.0 3 0 1 0 0 0 11.6237408122 0.0 1.57311546803
6 1.0 2 0 0 3 0 0 12.2971915639 0.0 1.90219140053
3 1.0 0 5 2 0 0 1 10.5869762102 0.0 2.03313553333
12 30.0 2 0 2 0 0 1 10.1611868752 0.0 0.510949969292
5 1.0 0 3 2 0 0 1 10.0080328456 0.0 2.33041608334
8 15.0 0 0 1 0 0 1 9.73704985418 0.0 0.314102530479
3 1.0 0 5 2 0 2 1 7.13860986296 0.0 8.95578903961
4 5.0 3 0 1 0 0 1 9.91962226857 0.0 8.61602687836
3 15.0 0 5 0 2 2 1 7.33536237818 0.0 7.40311212349
6 15.0 0 0 2 0 0 1 9.88313119578 0.0 0.416383981705
3 1.0 2 3 2 0 1 0 7.71294878423 0.0 261.650764415
3 1.0 0 0 2 0 0 1 9.88313119578 0.0 0.882174015045
11 5.0 3 0 2 0 0 1 10.1048153025 0.0 19.1370190382
5 1.0 3 1 3 0 3 1 7.5538638232 0.0490254110166 937363.978773
7 1.0 3 2 2 0 2 1 8.09339983588 0.0 17932.57689
11 1.0 3 0 2 0 0 0 11.8143122243 0.0 67.0367964506
9 1.0 3 0 1 0 0 1 9.94910126285 0.0 63.0325639248
10 1.0 3 0 1 0 0 0 11.6634046425 0.0 67.8283885717
7 5.0 0 0 1 3 0 0 11.4015461985 0.0 0.127567887306
3 5.0 0 0 2 0 0 1 9.88313119578 0.0 0.434049010277
3 1.0 0 0 2 0 0 1 9.88313119578 0.0 0.785411596298
4 1.0 0 0 2 2 0 1 9.88313119578 0.0 0.879024982452
7 1.0 0 0 2 0 1 1 7.09018823448 0.0 1.27641399479
3 30.0 0 0 0 0 0 1 10.2032964878 0.0 0.32036447525
3 1.0 0 4 0 0 0 1 10.1533071955 0.0 1.68810892105
3 15.0 2 4 1 0 0 1 9.945057315 0.0 0.679036974907
11 5.0 0 1 3 0 0 0 11.5066707587 0.0302714393765 0.701641440392
4 1.0 0 2 3 0 0 1 9.79412045742 0.0131827165901 1.86854493618
3 1.0 0 5 3 0 2 1 7.12369065058 0.0187808279998 8.7867114048
5 1.0 1 1 0 0 3 1 8.12025464641 0.0 1281964.45827
3 5.0 0 3 2 0 0 0 11.547627942 0.0 0.495735883713
3 5.0 3 3 1 0 1 0 7.39390779579 0.0 40.8151204662
9 1.0 0 1 3 0 0 0 11.5415103943 0.0214617141721 2.49181854725
13 1.0 2 3 2 2 0 0 11.5717474073 0.0 4.16071856022
11 1.0 2 2 2 2 1 1 7.36970967218 0.0 66.1011739244
3 1.0 3 0 0 0 0 1 10.3957601637 0.0 20.0936099291
3 1.0 3 0 2 2 0 1 9.89344205034 0.0 19.2468396425
4 1.0 3 0 2 1 0 1 10.0687115793 0.0 28.5433239937
4 1.0 0 0 0 0 0 0 11.8846033802 0.0 0.224265575409
7 1.0 0 0 3 0 1 0 8.13955713243 0.0466960737057 0.799094038963
3 1.0 0 0 2 1 0 1 9.88313119578 0.0 0.772939801216
4 1.0 0 0 1 0 0 1 9.73704985418 0.0 0.764951586723
9 30.0 1 1 2 0 0 0 11.8342899763 0.0 0.300411462784
4 30.0 2 1 3 0 3 1 7.5747668558 5.5025689386e-05 41641.0965334
6 15.0 0 1 3 0 2 1 7.84707469475 0.0222600898045 12.5434960451
3 1.0 0 5 3 0 3 0 7.16943125406 0.0141061295474 481.652394056
3 5.0 0 1 1 0 0 1 10.2176226978 0.0 0.788296461105
3 1.0 0 5 3 0 3 1 6.78953773842 0.0192625944219 482.028999448
6 30.0 0 5 3 2 3 0 8.20486193914 0.00854644562232 840.270540476
3 1.0 0 0 3 0 0 1 9.8414854873 0.0353133497261 0.71035695076
3 1.0 1 1 0 2 0 0 11.9048536682 0.0 1.52952706814
9 1.0 0 1 2 0 0 0 11.547627942 0.0 2.64734709263
7 1.0 0 0 0 0 0 0 11.8846033802 0.0 0.234671592712
3 1.0 2 0 3 2 0 1 9.9000466767 0.0311493388842 1.22840547562
3 30.0 2 2 3 0 2 0 8.2874485895 0.0292062581014 476.532724391
11 1.0 0 3 2 0 0 1 10.0080328456 0.0 2.75718605518
7 1.0 0 1 3 0 0 1 10.3177208489 0.0544920958022 1.74113690853
7 1.0 0 3 2 0 0 0 11.547627942 0.0 1.45036554337
9 30.0 0 3 0 3 0 0 11.8846033802 0.0 0.319283008575
11 1.0 0 0 0 0 3 0 9.07863554566 0.0 1440.45705092
5 5.0 0 1 0 0 0 0 11.8846033802 0.0 0.501721978188
13 1.0 0 0 0 0 0 0 11.8846033802 0.0 0.566136002541
5 1.0 0 0 2 2 0 0 11.547627942 0.0 0.60894203186
5 30.0 2 0 2 3 0 0 11.8708167222 0.0 0.146751403809
3 1.0 0 0 0 2 0 0 11.8846033802 0.0 0.174637556076
7 1.0 0 0 3 0 3 1 7.35681622629 0.00267053434646 960.850001454
4 1.0 0 0 1 1 0 0 11.4015461985 0.0 0.44506752491
4 30.0 0 5 3 0 0 0 11.5404005574 0.000102568236055 0.242105484009
11 30.0 0 0 3 0 0 1 9.8584596213 0.0633706138813 0.339377999306
3 1.0 0 0 3 0 0 1 9.83481131942 0.0959557174846 0.70979654789
7 15.0 0 0 1 0 0 0 11.4015461985 0.0 0.0453809499741
3 1.0 0 1 0 0 0 1 10.6887228674 0.0 1.77516150475
3 1.0 0 1 1 3 0 0 11.4015461985 0.0 1.62941098213
3 1.0 0 1 1 0 0 0 11.4015461985 0.0 1.66396701336
3 1.0 2 0 0 0 0 0 12.2105310334 0.0 0.849667906761
3 1.0 0 5 2 0 0 0 11.547627942 0.0 1.54291856289
7 30.0 3 2 0 0 3 0 9.08155773041 0.0 44282.0330862
7 1.0 0 4 2 0 0 0 11.547627942 0.0 1.55504655838
9 30.0 0 0 1 1 0 0 11.4015461985 0.0 0.0335886478424
7 1.0 0 0 0 0 0 0 11.8846033802 0.0 0.334414601326
5 30.0 2 3 0 1 0 0 12.2183022924 0.0 0.356716036797
7 30.0 2 0 2 0 1 0 8.89248065953 0.0 18.4942454739
7 1.0 0 0 0 2 0 0 11.8846033802 0.0 0.291902542114
7 30.0 2 2 2 0 0 0 11.8708167222 0.0 0.317641496658
9 5.0 2 3 2 0 0 0 11.8634141612 0.0 1.1537925005
5 1.0 2 0 2 0 0 0 11.8632902255 0.0 2.13702046871
3 1.0 2 0 0 0 2 0 8.5475065193 0.0 13770.4888199
7 1.0 0 1 3 0 3 1 7.67675737739 0.00722325286987 962.674489379
3 1.0 2 0 1 0 0 1 9.99456488546 0.0 1.77276456356
3 30.0 2 1 3 1 0 0 11.8048878107 0.00619533564888 0.200667381287
12 1.0 0 0 3 0 0 0 11.4533792326 0.0259368386383 0.707701921463
3 30.0 0 0 0 0 0 0 11.8846033802 0.0 0.0126224756241
11 30.0 0 0 2 2 0 0 11.547627942 0.0 0.0334995985031
3 1.0 2 5 1 0 0 1 10.7210138946 0.0 3.12205266953
12 5.0 2 0 0 0 0 0 12.2443752332 0.0 0.337162017822
7 1.0 0 5 2 0 0 0 11.547627942 0.0 1.2779494524
3 1.0 3 0 1 0 1 0 7.39403948524 0.0 182.674114438
7 1.0 3 0 0 0 0 0 12.1349637443 0.0 33.5781905651
6 5.0 0 0 0 3 1 0 8.23784437239 0.0 0.291674875259
4 30.0 0 0 0 0 0 0 11.8846033802 0.0 0.0137685537338
9 5.0 0 0 2 1 0 0 11.547627942 0.0 0.140095472336
7 5.0 0 0 2 0 0 0 11.547627942 0.0 0.147978067398
5 30.0 2 2 0 1 0 0 12.2183022924 0.0 0.327530026436
7 5.0 2 0 0 3 0 0 12.3168997086 0.0 0.535971522331
8 5.0 0 5 0 1 1 0 8.43483687218 0.0 0.936259162903
3 5.0 2 2 0 0 0 0 12.2106589994 0.0 0.723555445671
3 5.0 2 5 1 3 0 1 10.7461635211 0.0 1.02138388157
4 5.0 2 0 0 1 0 1 10.4753351764 0.0 0.527498960495
4 30.0 0 0 0 0 2 0 8.64061867935 0.0 8.57415395737
7 30.0 0 1 1 1 0 0 11.4015461985 0.0 0.247395515442
12 5.0 2 0 0 2 0 0 11.9105453167 0.0 0.289129495621
3 5.0 0 5 0 1 0 0 11.8846033802 0.0 0.388480067253
4 1.0 0 0 0 0 0 0 11.8846033802 0.0 0.224881052971
12 5.0 2 4 1 0 0 1 9.97006129853 0.0 1.55305695534
7 1.0 0 4 0 2 0 0 11.8846033802 0.0 2.00125443935
3 1.0 2 5 0 0 0 1 11.2090142242 0.0 2.49189198017
11 1.0 2 0 3 0 0 1 10.0536902474 0.0235192772562 2.3972234726
12 1.0 2 0 1 0 3 0 9.67742641541 0.0 3131646.56114
8 30.0 0 0 0 3 0 0 11.8846033802 0.0 0.0390574932098
11 30.0 0 0 1 0 0 1 9.73704985418 0.0 0.364421606064
4 5.0 0 0 0 0 0 0 11.8846033802 0.0 0.049763917923
4 1.0 0 0 3 0 0 0 11.5354899729 0.0210859759319 0.444542050362
8 5.0 2 0 0 0 0 0 12.2106589994 0.0 0.529781103134
3 30.0 2 0 2 2 0 0 11.5743191537 0.0 0.128515601158
7 5.0 0 4 0 0 0 0 11.8846033802 0.0 0.589532494545
4 30.0 0 0 3 0 2 0 8.38397271682 0.00349322559943 8.58164053917
4 5.0 2 0 0 2 0 1 10.2249406797 0.0 0.494159460068
4 1.0 2 0 0 0 0 0 12.2105310334 0.0 1.51920998096
4 1.0 1 0 0 0 0 0 12.1744641724 0.0 1.62155389786
9 1.0 0 5 0 0 0 0 11.8846033802 0.0 2.22172653675
4 1.0 2 0 1 0 0 0 11.7125169733 0.0 1.52576851845
3 5.0 1 0 0 0 0 0 12.175050438 0.0 0.209639906883
4 5.0 2 5 0 3 0 1 11.2723692472 0.0 0.820673584938
7 1.0 0 5 2 0 0 0 11.547627942 0.0 1.18436002731
6 1.0 1 5 3 0 3 0 9.08912568365 0.0318731405811 1495324.31669
3 1.0 0 3 2 0 0 0 11.547627942 0.0 0.909001469612
3 5.0 3 0 0 0 0 0 12.1156787735 0.0 5.24165701866
8 5.0 3 0 0 0 0 0 12.1470337336 0.0 8.84994149208
3 30.0 0 0 0 0 2 0 7.7426836488 0.0 6.87137861061
4 30.0 0 0 1 3 0 0 11.4015461985 0.0 0.0291996002197
3 30.0 0 0 0 0 0 0 11.8846033802 0.0 0.0164325237274
4 5.0 0 0 0 0 0 0 11.8846033802 0.0 0.0612139701843
3 30.0 1 5 3 0 0 0 11.8110424653 0.000746791559612 0.271308541298
4 30.0 1 0 2 0 3 0 8.44273145416 0.0 37560.276235
3 5.0 0 0 0 3 0 1 10.2032964878 0.0 0.330999493599
4 5.0 1 2 0 3 0 0 12.365000475 0.0 0.523154497147
5 15.0 1 0 0 0 0 0 12.177793781 0.0 0.263584017754
3 5.0 1 5 0 0 0 0 12.175050438 0.0 0.520596981049
5 30.0 1 2 0 0 0 0 12.180587693 0.0 0.229687571526
3 15.0 2 0 0 2 0 1 10.226724779 0.0 0.443831324577
6 5.0 2 0 0 0 0 0 12.2106589994 0.0 0.264155983925
11 30.0 1 3 0 0 0 1 10.5949000877 0.0 0.329948544502
5 1.0 2 0 0 0 0 0 12.2105310334 0.0 1.16012144089
4 30.0 2 0 2 2 0 1 9.90530238919 0.0 0.1665995121
3 5.0 0 0 2 0 0 0 11.547627942 0.0 0.0590385198593
4 1.0 1 0 0 0 1 0 8.36637781082 0.0 286.060750562
9 1.0 1 0 0 0 0 0 12.1933436691 0.0 1.17348098755
3 5.0 1 0 0 0 0 0 12.175050438 0.0 0.205928087234
3 30.0 1 0 2 0 0 0 11.8342899763 0.0 0.220499515533
12 30.0 1 0 0 0 0 0 12.2409077253 0.0 0.24219751358
3 30.0 0 0 1 0 0 0 11.4015461985 0.0 0.0264209508896
4 5.0 0 0 0 0 0 0 11.8846033802 0.0 0.0494250059128
3 5.0 1 0 0 3 0 0 12.3186730638 0.0 0.370906949043
3 5.0 1 0 0 0 0 0 12.175050438 0.0 0.432586073875
4 5.0 0 5 0 0 0 0 11.8846033802 0.0 0.477285981178
8 15.0 1 0 0 0 1 0 9.53294350174 0.0 35.9396554527
4 30.0 1 0 0 0 0 1 10.4502457184 0.0 0.507744073868
4 5.0 1 0 0 0 0 0 12.175050438 0.0 0.438170552254
4 5.0 1 0 3 2 0 0 11.5397216754 0.021846302129 0.392366528511
4 5.0 1 0 0 0 0 0 12.175050438 0.0 0.434017419815
9 30.0 0 3 3 0 3 1 7.59795557114 0.0138065363208 1200.60347855
10 5.0 2 2 0 2 0 0 11.9105453167 0.0 0.998079419136
6 15.0 2 0 0 2 1 1 7.18104388042 0.0 3.66549440289
3 5.0 1 5 0 2 0 1 10.933354969 0.0 0.541445493698
7 5.0 2 3 2 0 0 1 10.2743551361 0.0 0.894627451897
3 5.0 2 5 2 0 0 1 10.8718987244 0.0 1.06196856499
5 1.0 1 4 0 0 0 0 12.1744641724 0.0 1.53945708275
8 5.0 3 0 0 0 0 0 12.1470337336 0.0 7.86452102661
12 30.0 0 0 0 0 0 0 11.8846033802 0.0 0.0402948856354
3 5.0 0 0 0 3 0 0 11.8846033802 0.0 0.0494590997696
3 30.0 1 0 1 0 2 0 8.47767312618 0.0 428.23557806
5 30.0 0 0 2 0 1 1 6.57408354967 0.0 0.524317590714
7 1.0 0 0 0 0 0 0 11.8846033802 0.0 0.316174507141
10 30.0 1 0 0 1 0 0 12.180587693 0.0 0.227418065071
3 30.0 0 1 0 0 0 0 11.8846033802 0.0 0.214014530182
3 5.0 1 0 2 0 2 0 8.59989235326 0.0 2447.0225095
3 30.0 0 1 0 0 2 0 7.7426836488 0.0 7.0575913887
4 5.0 1 1 0 3 3 0 8.82487952367 0.0 212880.905849
3 1.0 1 0 0 0 0 0 12.1744641724 0.0 1.36799955368
3 1.0 2 0 0 1 0 1 10.4752284102 0.0 1.21423900127
3 30.0 0 0 0 0 0 0 11.8846033802 0.0 0.00683557987213
8 30.0 3 1 3 2 0 0 11.5176736722 0.0517116805238 2.11168694496
12 1.0 1 0 0 0 0 0 12.2474901674 0.0 2.54914402962
12 1.0 1 5 2 3 0 0 12.1707448705 0.0 2.54585397243
5 1.0 1 3 0 3 2 0 9.77653763644 0.0 18248.0303665
3 1.0 0 3 3 0 0 1 9.94192774486 0.0719231248462 0.971156597137
5 5.0 3 4 1 0 0 0 11.6220175418 0.0 7.38135612011
3 1.0 3 4 0 0 0 0 12.1152833006 0.0 18.8640115261
4 1.0 0 0 0 1 0 0 11.8846033802 0.0 0.184418439865
3 30.0 1 5 3 3 0 0 11.7871323403 0.0472816778502 0.257378935814
5 30.0 0 1 3 0 1 0 7.52222339943 0.00584991475869 0.461477963448
3 30.0 1 1 0 3 2 0 8.93999818336 0.0 428.291711926
5 30.0 1 1 0 1 2 0 9.50466099943 0.0 616.607782907
5 30.0 0 1 0 0 2 1 7.78532002135 0.0 10.8398526163
3 1.0 0 3 0 3 0 0 11.8846033802 0.0 1.24063146114
13 30.0 1 0 0 0 2 0 11.1159074171 0.0 1493.13265256
5 1.0 1 5 0 2 0 0 11.9048536682 0.0 1.9098225832
10 1.0 1 0 3 0 0 0 11.8274103678 0.00727086192479 2.62231504917
4 1.0 1 0 0 3 1 0 8.52973147921 0.0 286.208569002
3 1.0 1 3 0 1 1 0 8.09120350969 0.0 214.672800961
5 5.0 1 3 0 0 0 0 12.175050438 0.0 0.653595089912
4 1.0 1 4 2 1 2 0 8.90569681798 0.0 14447.2803305
5 1.0 0 1 0 3 0 0 11.8846033802 0.0 1.61720490456
3 1.0 2 5 1 0 3 0 7.79278155586 0.0 963604.783126
3 1.0 1 3 0 3 1 0 8.26202553928 0.0 229.132361066
12 5.0 2 3 0 0 2 0 10.7146094913 0.0 8985.73132543
12 1.0 1 3 0 3 2 1 9.84368553371 0.0 39548.2466454
5 5.0 3 0 0 3 2 1 7.89699962641 0.0 2740.53545952
5 5.0 0 0 0 0 1 0 7.77139483251 0.0 0.256893484116
4 1.0 0 0 0 3 0 0 11.8846033802 0.0 0.216689109802
3 1.0 0 0 0 2 0 0 11.8846033802 0.0 0.17405796051
9 30.0 0 1 0 3 0 1 10.6828821562 0.0 0.615466952324
3 1.0 0 0 2 3 0 0 11.547627942 0.0 0.541362047195
3 30.0 0 4 0 0 0 0 11.8846033802 0.0 0.232964873314
5 15.0 2 1 0 3 0 1 11.0344557429 0.0 0.789221525192
4 1.0 0 5 3 3 0 1 10.5338697482 0.0144879665818 2.10570549965
3 1.0 2 1 0 1 0 0 12.2105310334 0.0 2.56857693195
8 1.0 1 5 0 3 0 0 12.4699425718 0.0 3.20754349232
4 1.0 0 1 0 2 2 1 7.8616234511 0.0 10.5707330084
5 1.0 1 3 0 3 1 0 8.88960039963 0.0 344.093443406
12 1.0 1 0 0 3 2 0 11.2971542473 0.0 39547.7131665
5 1.0 1 0 0 3 3 0 9.10202455293 0.0 1275363.30834
3 1.0 0 5 2 1 0 0 11.547627942 0.0 1.46335351467
4 5.0 0 1 0 0 0 0 11.8846033802 0.0 0.221798062325
3 1.0 2 4 0 3 2 0 8.66040876131 0.0 13770.4529826
5 1.0 2 0 0 2 0 0 11.9095072177 0.0 0.555471539497
12 1.0 2 4 1 3 3 1 8.43239234521 0.0 3131648.44414
3 1.0 1 1 0 3 0 0 12.3159727323 0.0 0.946368575096
12 30.0 0 0 0 3 0 0 11.8846033802 0.0 0.0438890457153
13 5.0 0 0 0 0 0 0 11.8846033802 0.0 0.117154598236
5 1.0 0 0 0 3 0 0 11.8846033802 0.0 0.245889544487
4 15.0 0 4 1 3 0 0 11.4015461985 0.0 0.325962424278
7 5.0 2 0 0 2 0 0 11.9105453167 0.0 0.325689554214
3 30.0 2 0 0 2 2 0 7.77283132313 0.0 44.8702484722
3 15.0 0 5 0 0 0 0 11.8846033802 0.0 0.244955420494
3 1.0 0 1 3 3 0 0 11.4910733431 0.0169574748905 1.66508758068
4 5.0 2 0 1 2 0 0 11.4262975749 0.0 0.322615027428
5 1.0 0 1 2 2 0 0 11.547627942 0.0 2.14180648327
5 1.0 0 0 0 0 0 0 11.8846033802 0.0 0.251350045204
3 1.0 2 0 0 2 0 0 11.9095072177 0.0 0.941174507141
3 1.0 2 4 0 0 0 1 10.4236336951 0.0 2.85459601879
8 1.0 0 1 3 3 2 1 8.01094901608 0.0210158824463 17.920947917
4 1.0 2 1 2 0 0 0 11.8632902255 0.0 3.17545902729
5 1.0 0 0 0 3 0 0 11.8846033802 0.0 0.174327492714
5 1.0 2 4 1 2 0 1 9.70711535987 0.0 2.8169349432
4 1.0 2 5 0 3 0 0 12.2676710317 0.0 1.85550785065
3 1.0 2 1 0 0 0 0 12.2105310334 0.0 1.02969110012
6 1.0 3 3 2 1 0 0 11.7710424028 0.0 36.2269880772
3 30.0 0 0 0 0 0 0 11.8846033802 0.0 0.0202485322952
6 5.0 0 0 0 1 0 0 11.8846033802 0.0 0.120882511139
4 1.0 0 0 0 1 0 0 11.8846033802 0.0 0.209372520447
4 30.0 2 4 0 0 0 0 12.2183022924 0.0 0.346421480179
6 30.0 0 0 0 2 0 0 11.8846033802 0.0 0.014732003212
5 30.0 0 2 2 0 0 0 11.547627942 0.0 0.247494935989
8 30.0 2 5 1 3 0 0 11.7715967435 0.0 0.460284471512
4 1.0 0 0 0 2 0 1 10.2032964878 0.0 0.530166983604
7 5.0 0 0 0 1 0 0 11.8846033802 0.0 0.061576128006
8 30.0 0 0 0 2 0 0 11.8846033802 0.0 0.0171829462051
5 5.0 0 4 0 0 0 0 11.8846033802 0.0 0.488580584526
5 15.0 2 0 0 0 2 0 9.35558627194 0.0 1399.34235692
12 30.0 0 1 1 3 0 1 10.2118403849 0.0 0.678217887878
6 30.0 2 0 2 3 0 0 11.8902725466 0.0 0.155700683594
4 1.0 0 0 0 2 0 1 10.2032964878 0.0 0.502611994743
3 1.0 2 0 1 3 0 1 10.0278632142 0.0 1.03574156761
4 1.0 0 4 0 3 0 0 11.8846033802 0.0 0.840130925179
3 1.0 2 0 0 0 0 0 12.2105310334 0.0 0.61317551136
5 1.0 2 1 0 0 0 0 12.2105310334 0.0 1.33177697659
3 1.0 3 0 0 0 0 0 12.1152833006 0.0 16.2593599558
5 30.0 0 0 0 2 0 0 11.8846033802 0.0 0.0222339630127
5 30.0 0 0 2 0 1 1 6.57408354967 0.0 0.557901947021
5 30.0 2 5 1 0 0 0 11.7199316244 0.0 0.408267498016
13 30.0 2 0 2 0 0 1 10.1817305047 0.0 0.525774002075
5 30.0 2 2 0 3 0 0 12.2183022924 0.0 0.273836970329
5 30.0 2 1 2 2 0 0 11.5743191537 0.0 0.273649930954
10 1.0 0 0 2 2 1 0 8.47803305115 0.0 1.17688799095
3 1.0 2 0 2 0 0 0 11.8632902255 0.0 1.60261833668
5 1.0 2 0 1 0 0 0 11.7125169733 0.0 1.67711114883
3 1.0 0 0 2 0 0 1 9.88313119578 0.0 0.88962495327
4 1.0 0 0 0 0 0 1 10.2032964878 0.0 0.508201956749
4 15.0 2 1 0 1 1 0 8.24072533509 0.0 20.81413305
4 30.0 2 0 3 2 0 1 9.83827849468 0.0530215980975 0.163586497307
5 30.0 0 0 0 2 0 0 11.8846033802 0.0 0.00700056552887
10 1.0 0 1 0 3 1 0 8.71518571309 0.0 2.75098097515
5 5.0 2 4 0 0 0 0 12.2106589994 0.0 0.342652440071
9 1.0 1 0 0 0 0 0 12.1933436691 0.0 1.16917490959
3 1.0 0 5 0 3 2 0 7.7426836488 0.0 7.53486449528
5 1.0 3 0 0 1 1 0 8.24183493695 0.0 272.298345542
8 1.0 3 3 1 3 3 0 8.95695138871 0.0 1409924.22005
4 30.0 0 1 0 0 2 0 8.64061867935 0.0 8.79714494705
5 1.0 0 0 0 0 2 0 8.55940709878 0.0 10.5119725914
6 1.0 0 0 0 0 1 0 8.23784437239 0.0 0.490027092934
4 1.0 0 0 0 1 0 1 10.2032964878 0.0 0.520932435989
3 1.0 0 0 0 3 2 0 7.7426836488 0.0 7.02918143082
3 30.0 2 0 3 0 2 1 7.15440719235 0.00940555277476 476.642835508
8 15.0 0 0 0 0 0 1 10.2032964878 0.0 0.328773021698
5 1.0 0 0 0 1 0 0 11.8846033802 0.0 0.231835961342
4 1.0 0 1 0 3 2 0 8.64061867935 0.0 10.0791699266
5 1.0 0 1 2 3 0 0 11.547627942 0.0 2.07640206814
13 1.0 0 5 1 0 0 0 11.4015461985 0.0 3.10612392426
3 1.0 2 0 3 0 0 0 11.8166727233 0.0522987848249 1.54235601425
3 5.0 0 1 2 0 0 0 11.547627942 0.0 0.508847475052
7 1.0 1 1 1 3 0 0 11.9206146928 0.0 3.18358504772
3 15.0 0 5 0 0 0 0 11.8846033802 0.0 0.282321572304
3 1.0 2 1 0 0 1 0 7.92521969016 0.0 260.986402938
9 1.0 0 4 0 0 2 0 9.42692495493 0.0 19.3217791271
10 5.0 2 0 0 0 2 0 10.4951465539 0.0 7592.43369101
5 1.0 2 2 0 3 2 0 9.51274472622 0.0 20644.690692
4 1.0 2 1 0 1 2 1 8.21286409551 0.0 16279.9319485
6 30.0 0 0 0 0 1 0 8.23784437239 0.0 0.246942185402
4 15.0 0 1 3 0 1 0 7.65977097428 0.0264631699202 0.439477000237
4 15.0 0 5 3 0 0 0 11.4805434315 0.0380935585373 0.293115019798
3 15.0 0 0 1 0 0 1 9.73704985418 0.0 0.364272594452
7 15.0 1 0 2 0 0 0 11.8434220921 0.0 0.273813486099
4 30.0 0 5 0 0 0 1 10.9069052885 0.0 0.579374551773
13 15.0 0 5 0 1 0 0 11.8846033802 0.0 0.405169963837
13 5.0 0 5 3 3 0 0 11.4758256103 0.00104760598273 0.796050429344
6 15.0 2 2 1 1 0 0 11.7157021879 0.0 0.505914568901
5 30.0 0 5 3 2 0 1 10.5333496103 0.0180832108395 0.412688493729
3 1.0 0 1 3 0 0 0 11.4796905305 0.00654895146241 1.3218100071
3 1.0 2 0 2 0 0 0 11.8632902255 0.0 1.48683810234
3 1.0 0 4 0 0 0 1 10.1533071955 0.0 1.27365195751
3 1.0 2 1 0 1 0 0 12.2105310334 0.0 1.49247157574
3 15.0 2 0 0 0 0 0 12.2138694456 0.0 0.0289191007614
7 15.0 0 5 0 2 2 0 9.19482032565 0.0 13.848463913
6 15.0 0 2 2 2 0 0 11.547627942 0.0 0.158074498177
3 5.0 2 5 0 2 0 0 11.9105453167 0.0 0.227971434593
10 1.0 0 0 0 2 2 0 9.52890958946 0.0 19.0128519363
8 15.0 3 0 0 2 0 0 11.9002514603 0.0 3.04161250591
3 15.0 0 0 0 2 3 0 7.38886931675 0.0 480.028100967
4 30.0 0 4 0 0 2 0 8.64061867935 0.0 8.80571800232
6 1.0 0 0 0 3 0 0 11.8846033802 0.0 0.26707303524
3 15.0 0 0 0 2 0 0 11.8846033802 0.0 0.0193229913712
13 30.0 0 5 1 0 2 1 8.81700400049 0.0 24.6490635328
3 30.0 3 1 3 0 1 0 7.39875427098 0.0348652206439 7.08018243217
4 1.0 0 5 0 0 0 0 11.8846033802 0.0 1.57753956318
10 1.0 0 1 0 2 2 0 9.52890958946 0.0 21.2770114965
9 1.0 0 2 0 2 2 0 9.42692495493 0.0 19.5036159706
10 1.0 0 5 0 1 2 0 9.52890958946 0.0 21.2163740225
5 15.0 0 5 0 2 0 0 11.8846033802 0.0 0.286622643471
3 15.0 0 0 0 0 2 0 7.7426836488 0.0 6.86432845402
3 30.0 0 0 0 2 0 0 11.8846033802 0.0 0.0108180046082
8 1.0 0 5 0 2 3 0 8.7516501126 0.0 1082.09458649
3 1.0 0 5 0 2 0 0 11.8846033802 0.0 1.23518395424
9 5.0 0 3 0 0 2 0 9.42692495493 0.0 17.460737462
3 5.0 0 0 0 0 1 0 7.22717454923 0.0 0.154783943176
3 1.0 0 0 0 0 2 0 7.7426836488 0.0 6.93549949932
3 1.0 2 0 1 2 1 1 6.0727976091 0.0 21.5865604963
9 1.0 3 0 0 0 0 0 12.1529892694 0.0 41.8839323521
4 1.0 0 0 0 0 2 0 8.64061867935 0.0 8.78424197197
6 1.0 0 0 0 2 1 0 8.23784437239 0.0 0.466456078529
8 15.0 1 0 0 3 2 0 10.670199341 0.0 1876.71269751
6 1.0 0 0 0 0 2 0 8.9063912228 0.0 12.2658439007
3 30.0 0 0 0 0 0 0 11.8846033802 0.0 0.0122919082642
5 1.0 0 0 0 2 0 0 11.8846033802 0.0 0.230686426163
10 1.0 0 0 0 0 1 0 8.71518571309 0.0 0.721408965111
3 1.0 0 0 0 0 2 0 7.7426836488 0.0 7.02733702469
3 15.0 0 5 3 2 2 0 7.48742201984 0.00641713300357 7.12469203281
3 30.0 0 5 3 2 0 1 10.534159187 0.0284939457524 0.483239650726
3 15.0 0 5 1 2 0 0 11.4015461985 0.0 0.253035902977
5 1.0 0 1 0 0 1 0 7.77139483251 0.0 1.91072210503
12 30.0 0 0 0 2 0 0 11.8846033802 0.0 0.0207993984222
4 5.0 0 1 0 0 2 0 8.64061867935 0.0 9.03218704224
3 1.0 0 0 0 0 0 0 11.8846033802 0.0 0.17578804493
3 1.0 0 1 0 2 0 0 11.8846033802 0.0 1.24993002415
10 1.0 2 3 0 0 2 0 10.4957733727 0.0 37842.2987403
10 1.0 3 0 0 0 0 0 12.1590564698 0.0 47.7323900461
12 1.0 3 0 0 0 2 0 10.3718314001 0.0 29213.3340295
13 1.0 3 0 0 0 2 0 10.4333069323 0.0 31411.6912051
13 5.0 0 0 3 0 0 0 11.5620544039 0.0117814861747 0.1608325243
3 30.0 1 0 0 0 0 0 12.180587693 0.0 0.230414032936
3 30.0 0 4 0 1 0 0 11.8846033802 0.0 0.247084498405
3 15.0 0 0 0 0 2 0 7.7426836488 0.0 6.86736888695
10 15.0 0 5 1 3 0 0 11.4015461985 0.0 0.389645457268
3 30.0 1 0 0 2 2 0 7.78334899608 0.0 34.4416149759
3 1.0 0 0 3 0 2 0 7.50166477825 0.0403703358367 7.2360610466
13 1.0 0 0 0 0 0 0 11.8846033802 0.0 0.534120678902
10 15.0 0 0 0 2 0 1 10.2032964878 0.0 0.349598884583
3 1.0 0 0 0 0 2 0 7.7426836488 0.0 7.0461524229
6 30.0 0 0 0 2 0 0 11.8846033802 0.0 0.0169514417648
10 1.0 0 0 0 0 0 0 11.8846033802 0.0 0.419976353645
12 1.0 0 0 0 0 0 0 11.8846033802 0.0 0.487819433212
3 1.0 0 0 2 0 0 0 11.547627942 0.0 0.574283480644
9 30.0 3 0 0 0 1 0 9.11433507981 0.0 17.1964939442
3 1.0 0 5 3 2 1 1 6.60498793252 0.0122270531246 2.06353650379
10 1.0 2 0 0 0 1 0 9.59356439748 0.0 714.677480155
3 1.0 3 0 0 0 2 0 8.27264889651 0.0 8965.34518057
6 1.0 3 0 2 0 1 0 8.46586256151 0.0 323.793765993
11 1.0 3 0 1 1 0 0 11.6617160972 0.0 58.7160900831
4 15.0 1 0 0 0 0 0 12.177793781 0.0 0.27525806427
8 30.0 0 5 2 0 0 0 11.547627942 0.0 0.285378575325
3 30.0 1 3 2 0 1 0 7.91278140475 0.0 8.29357397556
3 30.0 0 2 2 0 0 0 11.547627942 0.0 0.230953574181
3 1.0 0 0 2 3 1 0 7.03688901998 0.0 0.673688033104
5 1.0 0 0 0 0 0 0 11.8846033802 0.0 0.258401036263
4 30.0 1 0 0 0 0 0 12.180587693 0.0 0.205235481262
3 1.0 0 0 2 2 1 0 7.03688901998 0.0 0.683244922638
3 1.0 0 0 2 0 3 1 6.26634489234 0.0 480.838794827
3 15.0 0 0 1 2 0 0 11.4015461985 0.0 0.0365389585495
3 30.0 0 3 0 0 0 0 11.8846033802 0.0 0.218178033829
10 1.0 0 0 0 0 0 0 11.8846033802 0.0 0.412219405174
7 30.0 0 5 2 0 0 1 10.5797051316 0.0 0.595334529877
4 1.0 0 0 0 0 0 0 11.8846033802 0.0 0.212373495102
3 1.0 0 1 0 3 2 0 7.7426836488 0.0 8.2401610117
4 1.0 0 4 2 1 0 0 11.547627942 0.0 1.72296190262
12 1.0 0 0 2 0 0 0 11.547627942 0.0 0.616634011269
3 1.0 2 0 1 0 3 0 7.79278155586 0.0 963602.75002
3 1.0 3 4 1 0 0 1 9.86869542923 0.0 17.7123965025
5 1.0 3 0 3 0 0 0 11.7356494977 0.056676448952 24.736675024
3 30.0 0 0 0 0 0 0 11.8846033802 0.0 0.0522074699402
6 5.0 0 0 3 0 3 0 8.25691466143 0.00637589634521 840.111209035
8 30.0 0 5 2 1 2 0 8.90658242464 0.0 15.7233104782
4 30.0 0 0 0 0 0 1 10.2032964878 0.0 0.371438026428
3 5.0 0 0 3 0 0 0 11.5320531461 0.0696831108823 0.176328539848
3 30.0 3 0 0 0 0 1 10.3975970879 0.0 1.53968548775
5 1.0 0 2 1 3 0 0 11.4015461985 0.0 2.11560559273
5 1.0 0 5 0 2 0 0 11.8846033802 0.0 1.8607660532
9 15.0 0 3 2 0 2 0 9.16735542563 0.0 17.4858120632
3 30.0 0 5 3 0 0 1 10.5561754767 0.0147191312839 0.520821452141
3 1.0 2 0 2 0 0 0 11.8632902255 0.0 1.63191843033
3 30.0 3 0 1 0 0 1 9.9210493085 0.0 1.32404601574
5 30.0 3 0 0 2 0 0 11.9036650098 0.0 1.6075694561
12 5.0 0 0 0 0 3 0 9.22171276444 0.0 1560.09864998
3 5.0 3 0 0 2 0 0 11.8981417817 0.0 4.74030542374
5 1.0 0 0 0 0 0 0 11.8846033802 0.0 0.129177093506
13 15.0 3 0 3 3 0 0 11.8087180005 0.0139659475581 8.37869799137
3 1.0 3 1 0 0 1 0 7.68434817639 0.0 185.973975512
3 1.0 3 0 1 3 0 0 11.6358310304 0.0 23.384314537
5 1.0 3 1 2 0 0 0 11.7710424028 0.0 29.1849684715
6 30.0 0 0 1 0 0 0 11.4015461985 0.0 0.0554724931717
4 1.0 0 0 0 0 0 0 11.8846033802 0.0 0.207736492157
5 1.0 0 0 0 3 1 0 7.77139483251 0.0 0.463100521088
6 1.0 0 0 0 3 0 0 11.8846033802 0.0 0.272671937943
3 30.0 1 0 0 0 0 1 10.4502457184 0.0 0.5071144104
4 15.0 0 0 3 0 0 1 9.84178667735 0.0741321365449 0.343789458275
5 1.0 0 0 2 3 1 0 7.56396810676 0.0 0.766351906776
6 30.0 2 0 0 3 0 0 12.2383908097 0.0 0.133371949196
5 15.0 0 5 0 2 0 0 11.8846033802 0.0 0.272006034851
3 30.0 0 0 0 0 0 0 11.8846033802 0.0 0.0116360187531
3 30.0 3 0 3 0 0 1 10.0122826365 0.0957535735644 1.32441353798
4 1.0 0 0 0 1 0 0 11.8846033802 0.0 0.192475438118
4 5.0 0 0 0 0 2 0 8.64061867935 0.0 8.6037899828
5 1.0 0 5 1 1 0 0 11.4015461985 0.0 1.92995655537
5 1.0 0 5 0 2 0 0 11.8846033802 0.0 1.67942404747
5 30.0 3 1 0 3 0 1 10.8881878204 0.0 2.33608853817
4 1.0 2 4 0 0 0 0 12.2105310334 0.0 2.09395551682
4 5.0 3 0 0 0 1 0 8.16212180874 0.0 46.8411724138
5 1.0 0 0 0 0 0 0 11.8846033802 0.0 0.120901465416