5 1.0 3 0 3 0 0 0 11.7263477685 0.0250688225381 25.1087346077
4 30.0 1 4 1 3 1 0 8.2155796342 0.0 10.33889958
6 30.0 1 0 2 1 0 1 10.3103801271 0.0 0.517043948174
8 15.0 2 3 1 1 0 0 11.7963433344 0.0 0.548515677452
11 5.0 1 1 0 1 2 0 10.8574229324 0.0 7011.72620048
13 30.0 2 2 0 2 3 1 8.1075052831 0.0 10801.8540787
4 30.0 3 1 3 3 0 1 10.7505638947 0.00845431616886 2.02989542484
7 5.0 1 0 1 1 3 0 9.17583917594 0.0 329040.933027
9 30.0 2 1 1 2 3 1 7.97253193882 0.0 7681.49435842
3 5.0 1 0 2 1 0 0 11.9092695294 0.0 0.465102314949
5 30.0 1 1 0 1 0 0 12.2617845456 0.0 0.273869991302
3 15.0 3 1 1 0 3 1 6.95480558296 0.0 43082.8574984
3 5.0 2 1 0 2 1 0 7.29084693757 0.0 5.0837151041
3 15.0 2 1 2 2 0 1 10.5857615914 0.0 0.676104068756
4 15.0 1 4 1 1 1 0 8.04116894158 0.0 19.3046045456
7 1.0 1 1 0 0 1 1 8.63865463395 0.0 460.839138991
3 1.0 1 0 2 0 1 1 6.99470791736 0.0 230.320191043
5 1.0 2 1 0 1 3 1 8.09836246478 0.0 1386245.11038
13 5.0 3 0 0 0 1 0 9.60024573982 0.0 132.20903697
4 1.0 3 2 2 2 3 0 8.07083351809 0.0 45625.7895155
4 1.0 3 2 1 1 1 1 6.8447410143 0.0 229.144784039
3 5.0 2 0 3 0 0 1 10.2971991548 0.0331671994723 0.689956665039
5 15.0 1 0 0 1 1 1 7.63448798098 0.0 23.2631604595
3 30.0 2 1 2 0 2 1 7.68294586046 0.0 476.812371026
3 1.0 2 0 2 0 1 1 6.80991070326 0.0 260.352667996
6 1.0 2 0 2 2 1 1 7.08211654709 0.0 37.9997894125
3 1.0 2 5 1 2 3 0 7.17440638533 0.0 73563.9890624
6 30.0 2 0 1 1 1 0 8.58001398517 0.0 14.9363808451
6 1.0 2 0 0 2 3 1 7.5032644178 0.0 128404.214741
3 30.0 2 1 0 0 1 1 7.3372378992 0.0 9.76924607372
3 15.0 3 1 1 2 1 1 6.45447500498 0.0 3.8604844532
4 1.0 2 1 0 0 1 1 7.66818977044 0.0 326.894058459
3 5.0 1 0 1 1 0 1 10.1555630324 0.0 0.737434029579
3 15.0 2 5 1 1 1 1 7.24050433143 0.0 16.9396555214
10 15.0 3 1 2 1 0 0 11.8775827486 0.0 7.78702354431
5 1.0 1 0 3 0 1 0 8.52463006266 0.0119574556333 345.309437435
3 1.0 2 0 2 3 1 1 6.88737545306 0.0 261.037901351
9 1.0 2 0 1 2 3 1 7.5757193449 0.0 183485.163752
12 1.0 1 2 1 0 0 1 10.1209504609 0.0 3.76181459427
3 1.0 1 0 2 0 1 1 6.99470791736 0.0 229.275052445
3 5.0 3 0 0 0 1 1 6.80757237689 0.0 38.9197665529
3 30.0 2 0 2 1 0 1 10.3414041932 0.0 0.460318088531
12 30.0 2 3 1 3 1 1 8.49047645332 0.0 30.4858729563
6 30.0 3 5 2 0 3 1 8.32245923711 0.0 38522.2700405
3 1.0 1 5 2 2 2 1 7.30911462759 0.0 851.490115931
3 30.0 2 1 3 0 3 1 7.26179695513 0.0129420900434 33360.9478185
4 1.0 2 0 3 0 0 1 10.2822071063 0.00821296838243 1.98454451561
3 15.0 3 0 2 2 1 1 6.24439761148 0.0 3.42838403797
5 1.0 2 0 2 0 1 1 7.30689652338 0.0 390.926774974
3 1.0 2 4 2 0 1 1 6.78880798935 0.0 262.103416512
3 1.0 2 5 0 0 1 1 7.58489860548 0.0 260.985727617
11 1.0 2 0 0 0 3 1 8.74657250315 0.0 2890811.37315
5 5.0 2 0 2 3 0 1 10.3789642425 0.0 0.728790998459
13 1.0 2 4 0 0 3 1 8.88308467435 0.0 3373335.18012
3 1.0 2 0 1 1 1 1 6.68550127366 0.0 243.060135447
3 1.0 2 0 2 3 2 1 7.41467799482 0.0 13771.1965285
7 1.0 3 0 2 0 1 0 8.71198924227 0.0 383.717520437
6 1.0 3 0 2 0 0 1 10.2566606717 0.0 48.8383414745
9 1.0 3 1 1 0 1 1 8.17154764404 0.0 478.599537988
13 1.0 3 2 0 0 1 1 8.31977655909 0.0 665.939655909
13 1.0 3 1 2 2 1 0 8.73648829133 0.0 115.055006407
3 30.0 3 4 2 3 1 0 7.49599901549 0.0 7.24144756699
11 15.0 2 2 2 2 3 1 7.71517640081 0.0 17881.865337
3 1.0 2 0 2 1 0 1 10.3350115479 0.0 1.89730250835
5 15.0 3 0 0 1 2 1 7.91347406393 0.0 935.473573974
7 15.0 3 1 2 2 1 1 7.5699678825 0.0 6.89903706741
3 30.0 2 0 1 3 0 0 11.8006068873 0.0 0.119905471802
7 1.0 2 0 2 2 1 1 7.22446053459 0.0 43.2904940577
12 30.0 3 1 3 3 1 1 8.411050526 0.0420678322851 23.9941235094
3 1.0 2 0 2 1 0 1 10.3350115479 0.0 1.59937441349
3 1.0 2 0 0 0 0 0 12.291960666 0.0 1.26189601421
12 30.0 3 0 2 1 3 1 8.23615195208 0.0 70564.1996188
5 15.0 3 1 2 0 0 1 10.7642267751 0.0 3.72848296165
3 5.0 3 1 0 3 1 0 7.75999260618 0.0 42.1930954533
3 5.0 3 0 2 3 2 1 7.12422598154 0.0 1829.36954359
11 1.0 2 0 2 0 1 1 8.28803423117 0.0 780.474868874
3 1.0 1 0 2 3 1 1 7.08696781082 0.0 229.333835494
3 1.0 3 0 2 0 1 1 6.61176963169 0.0 193.24747357
3 1.0 3 4 2 0 2 1 7.07841487966 0.0 8975.42628103
5 1.0 3 4 2 1 1 1 7.04817615037 0.0 285.470438457
9 1.0 3 0 1 1 2 1 8.42077826886 0.0 21841.5012524
3 1.0 1 0 2 3 2 1 7.66580816628 0.0 12173.0860586
3 15.0 3 3 0 2 0 1 10.5303277269 0.0 2.90112411976
3 15.0 1 0 2 3 1 1 7.08129513147 0.0 16.2674905691
3 1.0 2 0 2 0 1 1 6.80991070326 0.0 260.313647935
4 30.0 2 0 2 3 3 1 7.42062980385 0.0 41640.8325024
3 1.0 2 0 2 3 1 1 6.88737545306 0.0 260.787640044
4 30.0 3 0 2 0 3 1 7.23622282885 0.0 27481.4981145
3 5.0 2 1 0 3 1 0 8.06838086241 0.0 52.2999370289
5 1.0 2 0 1 1 0 0 11.7931324265 0.0 1.68580746651
3 1.0 2 3 2 1 1 0 7.71792374134 0.0 242.961132966
8 1.0 2 3 0 3 1 1 8.43252839809 0.0 587.637304067
9 15.0 3 1 2 3 2 1 8.99571670988 0.0 1597.55391793
3 1.0 2 0 1 1 0 0 11.7931324265 0.0 1.06583940983
3 5.0 3 2 2 1 2 1 7.0258097276 0.0 1782.16404691
3 1.0 1 0 3 3 1 1 7.04205151187 0.0037310874887 228.949848544
3 1.0 3 4 1 1 0 1 10.052998211 0.0 32.1082290411
3 1.0 3 5 2 1 0 0 11.8509248231 0.0 37.4734405279
5 1.0 3 0 2 2 1 1 6.69013424261 0.0 58.6868950052
7 1.0 3 0 2 3 1 1 7.64922332849 0.0 390.270526013
7 1.0 3 1 3 1 1 1 7.97525125932 0.0105884786459 379.627203409
3 30.0 2 0 2 1 0 1 10.3414041932 0.0 0.397204518318
5 15.0 2 2 3 3 0 1 10.2630699772 0.0275591237416 0.790146589279
3 30.0 2 4 1 3 1 1 6.7663948691 0.0 9.77590140915
3 15.0 2 0 3 0 0 1 10.2778544447 0.000168313228067 0.477507591248
3 1.0 2 0 0 3 2 1 7.63990179564 0.0 13771.158984
3 1.0 2 0 3 1 1 1 6.74681367045 0.00209193906951 243.010260545
3 15.0 2 0 2 3 0 0 12.0062138392 0.0 0.20304942131
3 5.0 2 1 0 3 1 1 7.43137444845 0.0 52.6707035494
3 30.0 2 0 3 1 0 1 10.2776601997 0.00963546542201 0.33429145813
5 1.0 2 0 2 3 1 1 7.41404997041 0.0 390.481534119
8 1.0 2 0 3 3 0 1 10.3319346809 0.0132509057346 2.91181755066
4 1.0 2 5 3 3 1 1 7.79841636553 0.0392824285142 327.057984465
3 30.0 1 0 3 1 1 1 6.91047981543 0.0170738978506 8.19160050488
6 1.0 2 0 1 0 3 1 7.74197823141 0.0 1686367.19257
9 1.0 2 0 2 0 1 1 8.11139960584 0.0 650.505540834
9 1.0 2 4 2 3 0 1 10.3976095822 0.0 4.58997499943
3 1.0 2 0 2 0 1 1 6.80991070326 0.0 259.624622056
11 1.0 2 0 2 3 1 1 8.43888334873 0.0 777.386054973
12 5.0 3 2 2 3 1 0 9.35655033302 0.0 125.083501512
3 1.0 3 0 1 1 1 1 6.51624441696 0.0 183.391162917
3 30.0 2 0 2 3 0 1 10.3414041932 0.0 0.435604453087
3 30.0 1 0 2 3 1 1 7.06813745665 0.0 8.54529595375
3 15.0 2 0 2 2 3 1 6.38979235271 0.0 6000.74247205
3 30.0 2 0 2 3 1 1 6.87882748103 0.0 9.55118546104
6 30.0 1 1 2 0 1 1 8.16165675327 0.0 14.6163975868
3 15.0 3 0 1 1 1 0 7.39373140959 0.0 14.0516225166
4 1.0 1 0 0 0 1 1 7.38920423464 0.0 287.427978474
3 5.0 2 0 2 2 0 1 10.0882430018 0.0 0.622598528862
3 15.0 3 0 3 3 1 1 6.58493036475 0.00782369807216 14.6576430883
3 30.0 1 0 3 3 1 1 7.0254076847 0.00835937813255 8.54257595539
8 30.0 3 0 3 3 0 1 10.2334248688 0.0708352602703 3.10524535179
3 1.0 2 4 2 0 1 1 6.78880798935 0.0 261.943084905
12 5.0 2 4 1 0 1 1 8.22456751214 0.0 170.670365146
3 1.0 2 0 1 3 2 1 7.31500467034 0.0 13771.352689
3 1.0 2 0 3 2 1 1 6.23060438873 0.0236272551343 21.3891605225
3 1.0 3 1 1 2 1 1 6.45728428297 0.0 37.2473890333
6 1.0 3 0 2 2 1 1 7.07431024817 0.0 59.5991359463
11 1.0 3 0 2 0 1 1 8.03346973931 0.0 560.182267904
11 1.0 3 0 3 3 2 1 8.68192224071 0.0108514510323 26992.1910904
12 1.0 3 0 0 0 1 1 8.36173962322 0.0 615.588550109
11 30.0 2 0 2 3 3 1 8.60103256074 0.0 99961.3501046
6 30.0 3 0 3 3 1 0 8.43357102851 0.0193840904724 12.6169029818
7 1.0 1 0 2 2 1 1 7.22870361794 0.0 34.0227004709
6 15.0 3 0 3 0 0 1 10.218949653 0.00720671048232 4.27271556854
3 1.0 3 0 1 2 0 1 9.93118016048 0.0 35.1596479416
3 1.0 3 0 2 2 0 1 10.0774460814 0.0 35.2544685602
3 1.0 3 0 0 0 0 1 10.5856074064 0.0 33.7641505003
3 1.0 3 3 0 2 1 1 6.50268152278 0.0 46.1521440296
3 30.0 2 1 3 2 0 0 11.6292479012 0.0838861145125 0.316844463348
3 15.0 3 2 2 2 0 1 9.98781236038 0.0 2.94086384773
3 1.0 3 0 3 3 1 0 7.52894685985 0.0165382453657 205.092736574
3 5.0 3 0 0 0 1 0 7.73045209195 0.0 40.1159250813
4 5.0 2 4 3 2 0 1 9.97063754895 0.0616579386208 1.01766991615
3 1.0 3 0 2 1 1 1 6.60169198691 0.0 200.487534925
3 1.0 3 0 3 3 3 1 6.73020807603 0.0207302039957 621039.738648
3 1.0 1 0 1 2 1 1 6.17941900297 0.0 17.3009568663
3 1.0 3 0 3 0 3 1 6.73332005431 0.0117884950838 621022.95171
3 1.0 3 0 3 1 2 1 7.04274571018 0.0440728892631 8715.05844711
11 1.0 3 1 2 0 1 1 8.442155893 0.0 560.60077548
13 1.0 3 1 3 2 0 1 10.5512180552 0.0160320519586 73.0551960468
7 15.0 2 0 2 2 1 1 7.22892004573 0.0 4.38921399117
3 30.0 3 0 1 2 0 1 9.93622742001 0.0 1.68266391754
3 15.0 3 0 3 2 1 1 6.20631986647 0.0207050392251 3.69122204399
5 1.0 1 0 1 0 2 1 8.07306408254 0.0 18285.7143565
3 15.0 3 0 2 0 3 1 6.71465514459 0.0 43083.4096254
13 1.0 2 0 1 0 0 1 10.2188816891 0.0 4.19320547581
12 1.0 1 0 3 2 1 1 7.59251628313 0.0157002854338 54.6875774946
3 1.0 2 0 1 0 2 1 7.22375615584 0.0 13772.3312915
11 30.0 2 0 0 2 0 1 10.4124220232 0.0 0.476584553719
3 1.0 2 0 2 0 1 1 6.80991070326 0.0 261.163149426
6 1.0 2 0 2 1 1 1 7.59789204685 0.0 428.654213511
3 15.0 2 1 3 2 1 1 6.52848778745 0.037210037907 2.68319449425
5 5.0 2 1 1 2 1 1 6.93298957038 0.0 7.74893043423
4 1.0 2 0 1 2 1 1 6.71307627107 0.0 27.9981979046
3 5.0 3 0 2 1 1 0 7.51334350631 0.0 41.5889334679
7 5.0 3 0 3 3 1 1 7.58976906789 0.0188038148714 85.2606334562
3 1.0 3 4 3 2 1 1 6.21147634098 0.00186881731484 43.8002850561
4 1.0 3 0 1 2 0 1 9.93118016048 0.0 37.9460600615
3 1.0 3 1 1 3 1 1 6.86816242652 0.0 202.455581041
4 1.0 3 0 3 3 1 1 6.98953714662 0.00663879853754 244.023215951
8 15.0 1 0 0 1 0 0 12.2589689136 0.0 0.387703061104
3 15.0 2 0 0 3 1 1 7.09438017669 0.0 18.114201499
3 1.0 1 0 3 3 1 0 8.03478734373 0.00663034024895 229.425257575
4 15.0 3 0 1 2 1 1 6.70920814286 0.0 4.53689145565
4 1.0 2 2 3 0 0 0 11.881884334 0.0306481929223 3.60660004616
4 30.0 1 0 1 1 1 1 7.02103423793 0.0 10.1173049622
4 1.0 1 1 3 3 2 1 8.41542744747 0.0162282770069 15204.3524847
4 15.0 3 2 3 3 1 1 6.91705178169 0.0339112509333 19.397801446
5 30.0 2 3 3 2 0 1 10.1694193181 0.0426032491786 0.663836598396
3 1.0 2 0 2 0 0 0 11.9439056986 0.0 1.6270070076
4 15.0 2 1 2 2 1 1 7.12945482231 0.0 3.1039054718
3 1.0 2 0 1 1 0 1 10.1842386734 0.0 1.9506906271
4 1.0 1 4 0 1 2 1 8.04327134807 0.0 14447.3203356
3 15.0 2 2 3 3 2 1 7.35992689615 0.00708611745169 932.365707567
9 5.0 3 0 0 2 1 1 7.66619074711 0.0 24.5458790684
3 1.0 3 0 3 2 1 0 7.07607815239 0.0187610834368 43.9736279993
3 1.0 3 0 2 0 2 1 7.09570624728 0.0 8982.10818595
3 1.0 3 0 2 0 1 1 6.61176963169 0.0 198.877344461
4 1.0 3 1 2 0 1 1 7.34454563865 0.0 245.596028508
8 1.0 3 0 1 3 1 1 7.62742771872 0.0 437.136847403
7 15.0 1 1 3 3 1 1 8.53645980925 0.0265764052869 32.17476684
3 5.0 2 5 2 3 1 0 7.85265130444 0.0 52.8707090807
3 15.0 2 0 3 3 2 1 7.4155708937 0.0327604981121 932.129669478
5 15.0 3 0 3 0 2 1 7.62657262853 0.0230229612259 952.730061577
3 15.0 3 0 1 1 2 1 6.95709719231 0.0 626.911399501
9 15.0 3 2 1 3 1 1 7.69135078914 0.0 37.9100455437
3 15.0 3 0 2 1 1 0 7.47866602316 0.0 14.8942855663
4 5.0 2 0 3 3 3 1 7.44851772523 0.0331810075379 241441.947276
5 15.0 3 1 3 3 0 0 11.8316673827 0.0216292224706 5.22982990742
3 15.0 3 0 2 3 2 1 7.08595139239 0.0 636.752180042
13 5.0 3 0 3 3 2 1 8.8747278973 0.0414952246977 6403.45523654
3 1.0 3 0 2 2 0 1 10.0774460814 0.0 40.0916105509
3 1.0 3 2 3 1 0 1 10.1364028925 0.0395957410959 47.6121609211
3 15.0 2 0 3 3 3 0 7.98571503548 0.00242852950965 65280.459867
4 1.0 3 5 0 2 1 1 7.57120622055 0.0 62.4379330015
3 1.0 3 3 3 3 1 1 6.68985189456 0.039812439742 212.625808569
4 1.0 3 0 0 3 0 1 10.6019204889 0.0 56.6615180969
3 1.0 3 0 3 0 1 1 6.57965336528 0.0399573235334 199.29896495
3 1.0 3 2 3 0 1 1 6.53087623533 0.029325916496 189.774667474
7 1.0 3 2 1 1 0 1 10.030144406 0.0 52.7441204786
3 15.0 3 3 1 3 2 0 7.99424592853 0.0 636.212278905
3 15.0 3 0 2 3 0 1 10.2873212305 0.0 3.09357404709
3 15.0 3 0 3 3 1 1 6.57058988997 0.0252904043375 14.7044204559
3 15.0 3 2 2 3 0 1 10.1930755742 0.0 3.30913245678
5 15.0 3 0 1 0 0 1 10.1090554878 0.0 3.60213649273
3 30.0 3 5 0 3 1 0 7.70019340417 0.0 7.19691550636
3 15.0 2 0 3 1 0 0 11.922996491 0.0137203397985 0.1748919487
4 1.0 2 0 2 3 1 0 8.24052018742 0.0 325.395175093
3 1.0 2 0 2 3 0 0 11.9850471293 0.0 1.63973939419
7 15.0 2 1 0 3 3 0 9.63680059392 0.0 130441.303417
3 15.0 3 1 3 3 0 1 10.7395383685 0.00733655970742 3.2054220438
3 15.0 3 0 2 3 0 1 10.2873212305 0.0 3.0819798708
3 15.0 2 2 2 1 2 0 8.31483470444 0.0 892.634949424
9 15.0 2 0 3 3 2 1 8.98161644359 0.0203276040295 2324.27692352
3 15.0 3 0 2 0 1 1 6.58039987811 0.0 14.235870966
5 15.0 3 0 1 3 0 0 11.7339831913 0.0 3.98711848259
8 15.0 3 4 1 1 2 0 9.39359981633 0.0 1403.07955088
7 5.0 3 1 0 3 0 1 11.1459791694 0.0 10.3577429056
3 1.0 3 0 3 0 3 1 6.74457731338 0.0102216828501 621023.356592
4 1.0 3 0 1 1 3 1 7.16340573196 0.0 758066.754472
13 15.0 1 0 3 3 1 1 8.77024465583 0.0312755426199 55.7333483953
3 30.0 3 0 2 3 1 1 6.58695721879 0.0 7.32487809563
9 30.0 3 3 1 1 0 0 11.7036401576 0.0 3.30646049976
3 15.0 3 0 3 3 1 1 6.55050367139 0.0100196644777 14.7512559977
3 15.0 3 0 3 3 3 1 6.71575724316 0.0193773753116 43082.8620535
5 15.0 3 2 0 3 0 1 10.5192177398 0.0 4.6929295063
7 15.0 3 0 1 2 1 1 7.12219866646 0.0 6.84843749237
3 15.0 3 0 2 0 0 1 10.2584892913 0.0 2.59056544304
8 5.0 2 0 3 3 2 1 8.78767366654 0.0128009145289 6221.589363
4 15.0 3 0 3 1 3 1 7.21767214524 0.0122387810066 53763.709689
13 15.0 3 0 1 0 2 1 8.68877402499 0.0 2221.82477659
3 5.0 2 2 1 1 0 1 10.0915096242 0.0 1.04748010635
3 15.0 3 0 0 3 1 1 6.79805279017 0.0 14.6776899185
13 1.0 2 5 0 1 0 1 11.460311002 0.0 5.49493300915
9 15.0 1 0 3 3 3 1 8.62345211625 0.00337594213074 146400.821407
7 15.0 3 1 1 3 1 0 8.58162331321 0.0 29.3864699144
9 5.0 3 0 0 1 1 0 9.26518127384 0.0 99.5307439642
3 1.0 3 0 1 1 3 1 6.65160842024 0.0 603022.014873
4 1.0 3 0 1 3 1 1 6.94226878352 0.0 236.36458701
13 1.0 3 3 2 0 2 1 8.99578231034 0.0 31424.1894684
8 30.0 2 0 3 3 0 1 10.3629147861 0.0253583626788 0.461134910583
3 15.0 3 0 3 0 0 1 10.2130755532 0.0667433897222 2.60896897316
3 15.0 3 0 3 3 3 1 6.70338633101 0.0303840692599 43083.0598089
9 30.0 3 3 3 0 3 1 8.09656329981 0.0287442693343 55203.1130849
3 15.0 3 0 3 3 1 1 6.58865136331 0.0158839507876 14.7343564119
4 15.0 2 1 3 0 0 1 10.7794067658 0.0642630483518 0.735604524612
4 15.0 3 1 3 2 1 1 7.08370288111 0.0191684127931 4.6414164257
3 15.0 3 0 0 3 1 1 6.79805279017 0.0 14.6502065744
5 15.0 3 0 0 0 3 1 7.50468638926 0.0 65883.5527239
9 30.0 1 0 0 3 0 1 10.7675957868 0.0 0.526093363762
9 30.0 2 0 2 3 3 1 8.42368520329 0.0 83281.2859409
11 15.0 2 0 2 0 1 1 8.28088783159 0.0 53.6395040541
13 5.0 2 0 0 3 2 1 9.64534536752 0.0 9670.06025251
3 30.0 3 3 1 1 3 1 6.68944009957 0.0 21121.7359849
3 15.0 3 5 3 2 1 1 6.7189954347 0.0310897622242 3.7508630476
8 15.0 2 2 3 3 0 1 10.3699258784 0.0158369077453 0.659475564957
9 15.0 3 0 3 0 3 1 8.02163812176 0.00990669537583 109684.726388
10 1.0 1 0 3 1 1 1 8.30623112146 0.0183092450328 593.591720494
8 1.0 2 0 3 3 3 1 8.26159448975 0.0119494142299 2168406.60716
9 5.0 3 0 3 0 1 1 7.83345223574 0.0128533288762 95.1237160635
3 15.0 1 2 0 3 0 1 10.6517602133 0.0 0.640315890312
4 5.0 1 0 0 3 0 1 10.7985220211 0.0 0.751741051674
3 15.0 3 0 2 0 0 1 10.2584892913 0.0 2.44436192513
3 15.0 3 1 1 0 3 1 6.95480558296 0.0 43082.9109076
11 5.0 2 0 3 0 0 1 10.2952678533 0.00124730795014 0.852112054825
3 15.0 3 1 3 3 1 1 6.90808076806 0.039121895987 14.9609074678
7 1.0 2 2 3 3 0 1 10.2950392865 0.0175916700689 4.23155295849
5 15.0 3 3 1 1 1 1 7.01144427495 0.0 22.0971284742
4 1.0 2 1 3 3 0 1 10.8580674139 0.013498766894 3.41337752342
3 5.0 1 2 3 0 0 1 10.1370341689 0.0197157573933 0.872814893723
6 15.0 2 0 3 3 3 0 9.10242236418 0.0174551513533 114000.932441
3 1.0 1 5 2 1 3 1 7.72787210895 0.0 810003.641205
3 30.0 3 2 3 1 0 1 10.0957114733 0.0140056192206 1.73651504517
8 30.0 3 2 2 2 2 1 7.76156501503 0.0 79.9919680738
11 15.0 3 2 2 3 3 1 8.15056574716 0.0 132248.690508
8 15.0 3 0 1 3 2 1 8.22187169453 0.0 1431.6841995
9 15.0 3 2 3 3 3 1 8.00520764484 0.0142832890132 109684.893695
8 5.0 3 0 2 3 0 1 10.3092659435 0.0 12.8198139668
3 1.0 3 0 1 0 1 1 6.52614572239 0.0 185.977393003
3 1.0 3 0 2 0 0 1 10.2566606717 0.0 20.3411064148
6 15.0 1 0 2 3 0 1 10.4685368381 0.0 0.600826978683
8 30.0 1 0 3 3 1 1 8.26064126008 0.0175763150603 18.6785924654
3 15.0 1 1 3 2 1 1 6.5296925524 0.00323093265833 1.92028453827
8 15.0 1 2 3 1 3 1 8.1803196352 0.0419179172671 127800.906155
3 15.0 2 2 3 0 0 1 10.2134100319 0.045607299728 0.701057314873
3 1.0 2 0 3 3 0 0 11.9446104846 0.0141075309938 1.47920048237
3 5.0 1 2 0 3 3 1 7.37541458656 0.0 170160.956664
3 5.0 2 2 3 3 0 0 11.9207337631 0.0247039151522 0.752506017685
6 1.0 2 0 2 3 0 1 10.4062986625 0.0 1.99855601788
9 5.0 2 1 0 3 0 1 11.3168412295 0.0 1.27630996704
4 15.0 3 2 3 3 0 1 10.1563805091 0.0107210990708 3.98117351532
8 1.0 1 1 1 3 0 1 10.9234808751 0.0 3.56367254257
3 15.0 3 2 2 3 0 1 10.1930755742 0.0 3.29207754135
8 1.0 2 2 1 2 3 1 7.34159289232 0.0 165127.265852
3 15.0 3 2 1 1 0 1 10.0151269704 0.0 3.33301711082
6 5.0 3 2 1 3 0 1 10.0367819995 0.0 9.82458686829
3 1.0 3 1 3 2 0 1 10.5693776039 0.00921342535218 33.0216795206
4 1.0 3 0 3 0 1 1 6.96995682031 0.00826289460736 241.120118083
7 1.0 3 1 3 1 3 1 8.20883969902 0.0146424263431 1222964.23507
13 1.0 3 2 1 0 3 1 8.19317816723 0.0 2191509.74221
3 30.0 2 0 1 3 0 1 10.1905194715 0.0 0.426768541336
9 15.0 1 0 1 2 0 1 9.93765199615 0.0 0.565055966377
6 5.0 2 1 1 3 0 0 11.8738142212 0.0 1.01895201206
9 5.0 1 0 0 3 3 1 8.9064290111 0.0 426481.481862
6 15.0 2 3 3 1 0 1 10.3952637543 0.0596203752176 0.691479086876
9 5.0 2 2 3 1 0 1 10.2229310717 0.0777177195078 1.41173005104
8 5.0 1 2 1 3 0 1 10.2947441337 0.0 1.15920305252
9 15.0 1 2 0 3 0 1 10.7812600909 0.0 0.724043011665
6 15.0 3 2 3 3 3 1 7.58924346095 0.0358476343252 76805.3362914
3 1.0 2 3 1 0 3 1 6.95373893076 0.0 963605.3895
3 1.0 2 0 2 1 3 1 6.91815065683 0.0 916204.326685
4 1.0 2 2 0 3 0 1 10.6212562851 0.0 2.94173848629
11 15.0 3 2 1 2 3 1 7.59497560905 0.0 10087.8727784
3 15.0 3 2 2 2 0 1 9.98781236038 0.0 2.95881545544
3 15.0 3 2 1 0 3 1 6.572280296 0.0 43082.8628745
3 5.0 3 0 0 3 1 1 6.83256500663 0.0 41.710542448
5 15.0 3 2 0 3 0 1 10.5192177398 0.0 2.99336910248
8 5.0 3 2 1 3 0 1 10.0663896789 0.0 13.054046154
6 1.0 3 0 1 3 0 1 10.1322330036 0.0 36.1566934586
8 1.0 3 2 2 3 0 1 10.2147086279 0.0 46.6941293478
8 30.0 2 0 3 3 0 1 10.3668180898 0.0553140813682 0.489742517471
9 15.0 1 0 2 3 0 1 10.5399780675 0.0 0.607469439507
6 15.0 2 5 2 2 0 1 10.8247673124 0.0 0.76883649826
3 15.0 2 3 3 3 1 1 6.92965608685 0.0103232713096 18.4231544266
4 30.0 3 0 0 3 0 1 10.5874846011 0.0 1.81533193588
3 15.0 3 0 0 0 0 1 10.5875027655 0.0 2.59037256241
6 15.0 2 0 1 3 1 1 7.6652782472 0.0 31.1651085854
3 15.0 1 2 2 1 2 1 7.43545952584 0.0 808.728111018
5 15.0 2 2 1 3 0 1 10.1477018265 0.0 0.694051980972
3 1.0 2 4 0 0 3 1 7.14700797709 0.0 963605.221642
6 15.0 3 2 1 1 1 1 7.24723983455 0.0 25.4814050846
6 1.0 2 0 0 3 2 1 8.70087477659 0.0 24086.0589584
3 5.0 1 2 1 1 0 1 10.0630461422 0.0 0.879309415817
3 1.0 2 1 0 0 2 1 7.91937784529 0.0 13770.7421895
4 15.0 3 1 0 1 0 1 11.0983478334 0.0 3.94056093693
4 1.0 1 1 2 3 1 1 7.66886454314 0.0 287.433520031
7 1.0 2 2 2 0 3 1 7.97349081514 0.0 1926849.68318
8 1.0 2 2 3 3 3 1 8.21816441111 0.0108473308805 2168409.37117
4 5.0 3 3 0 3 0 0 12.2104788581 0.0 7.84328305721
7 5.0 3 1 3 3 0 1 10.7095268382 0.044448130255 9.80959546566
4 30.0 2 0 0 1 0 1 10.6734437717 0.0 0.434980630875
3 5.0 2 0 0 0 0 1 10.666926924 0.0 0.650832056999
12 15.0 2 5 2 0 0 1 11.1302885951 0.0 0.977740049362
7 5.0 2 1 0 3 0 1 11.2848154494 0.0 1.2758834362
4 5.0 1 1 3 3 0 1 10.9434891383 0.0546818957969 0.916691541672
9 30.0 1 0 2 2 0 1 10.0825832453 0.0 0.506532549858
7 15.0 1 1 2 2 0 1 10.5794392911 0.0 0.669757962227
3 15.0 3 0 3 0 0 1 10.203301727 0.0042229934876 2.53888309002
3 15.0 3 1 3 3 1 1 6.87278083325 0.010854801493 14.8911299791
6 15.0 2 5 3 1 0 0 11.8732995804 0.0165830960186 0.370745539665
5 5.0 1 0 2 0 0 1 10.3058251783 0.0 0.830864429474
4 15.0 1 1 0 3 1 1 7.88515708582 0.0 20.3241835918
3 5.0 3 0 0 2 0 1 10.4004675457 0.0 7.22405540943
3 5.0 3 2 1 3 1 1 6.4967483492 0.0 42.0799529629
7 5.0 3 2 0 1 3 1 8.01275382067 0.0 247455.590583
7 15.0 3 1 3 3 1 1 7.96702504498 0.00998134363425 29.4052140255
9 5.0 3 1 0 3 1 1 8.5694573911 0.0 102.394200988
3 1.0 3 1 3 3 1 1 6.91629173367 0.00976917860896 196.274773093
5 1.0 3 1 0 1 0 1 11.1028650413 0.0 37.776818037
6 1.0 3 2 3 0 0 1 10.0943446975 0.0458663042449 39.4894030094
3 5.0 2 1 0 2 0 1 10.918097541 0.0 0.862489581108
7 15.0 2 1 3 3 1 0 9.09547112806 0.0338260216469 35.9721475449
7 15.0 2 1 3 0 1 1 8.1610897694 0.0452136008764 36.2444743719
3 5.0 2 3 3 0 2 1 7.36434372909 0.0144190631135 2768.25168466
7 30.0 2 0 2 1 1 1 7.76148976877 0.0 17.9627833529
7 5.0 1 1 3 3 1 1 8.47572061137 0.0256657138337 92.6734945402
3 5.0 2 0 2 1 1 0 7.71767944875 0.0 48.9288570566
3 1.0 1 1 3 0 3 1 7.42201443082 0.0386533437424 853203.499069
6 5.0 2 1 3 3 1 1 8.14883246859 0.0312080639323 91.9884110155
6 15.0 3 0 3 0 0 1 10.1797224995 0.0135250611 4.21539795399
4 5.0 2 1 0 2 0 1 10.918097541 0.0 0.963557600975
5 30.0 2 4 2 3 1 1 7.38505895739 0.0 14.2503614607
7 15.0 3 1 0 3 1 1 8.1988371415 0.0 29.5477699776
3 15.0 2 1 1 3 1 1 7.12833406445 0.0 18.229964448
3 15.0 3 2 0 3 1 1 6.74379358355 0.0 14.9290864553
4 15.0 3 1 3 0 0 1 10.6674546158 0.0210226601241 3.2826385498
5 5.0 3 2 1 0 1 1 6.93006897121 0.0 61.6757995691
13 15.0 3 0 1 3 1 1 8.01447912899 0.0 49.3919840565
7 1.0 2 4 3 0 1 0 8.95203008236 0.0102539304295 521.027118452
7 1.0 3 1 3 3 1 1 8.00526830182 0.00244547513415 378.635104141
4 15.0 2 0 3 3 1 0 8.2176674658 0.0472574019137 22.324675992
4 15.0 1 0 3 1 3 1 7.39064205574 0.0574947773657 70920.7141116
4 15.0 2 5 3 3 0 1 11.1066639168 0.00835322831512 0.739000082016
3 15.0 3 1 1 0 0 1 10.6147928498 0.0 2.82787287235
3 15.0 3 0 3 0 0 1 10.2045593492 0.00292651162918 2.54817152023
5 30.0 1 5 2 1 3 1 8.29926200746 0.0 43080.617053
5 15.0 3 4 2 0 0 1 10.2031339889 0.0 4.02673697472
3 5.0 1 1 1 3 1 1 7.33962697643 0.0 46.5507479877
9 1.0 2 1 3 0 0 1 10.8083928504 0.00135208928221 4.77423393726
13 15.0 2 3 0 0 0 1 10.8447279096 0.0 0.951153516769
7 15.0 3 0 0 1 1 1 7.7763728922 0.0 28.7477360907
7 5.0 1 1 2 2 0 1 10.5860277336 0.0 0.970935940742
4 15.0 3 0 1 3 1 1 6.92259591224 0.0 18.2149490585
3 30.0 2 1 3 3 0 1 10.8137766179 0.00490682163215 0.614857554436
9 15.0 2 1 3 3 0 1 10.926570287 0.0532557973252 0.696150898933
3 5.0 3 3 3 0 0 1 10.3310140159 0.0160912788613 7.37660241127
4 30.0 3 0 2 0 1 1 6.95690225824 0.0 8.77341911697
4 5.0 3 0 2 0 3 0 8.3058794724 0.0 158048.07534
3 5.0 3 0 2 0 1 0 7.52530976608 0.0 38.6407144146
8 15.0 3 0 3 0 0 0 11.8418711649 0.0342362198676 2.75298750401
4 15.0 2 0 3 3 0 0 12.0081808427 0.00483314253623 0.204632520676
3 15.0 2 5 3 1 0 0 11.8325283891 0.0200964051803 0.465248942375
3 5.0 1 2 3 2 0 0 11.56837986 0.0386709002334 0.546213030815
4 30.0 3 0 3 3 0 1 10.1998757871 0.0253834442711 1.84112048149
3 15.0 3 2 2 1 3 1 6.65158147096 0.0 42123.0855441
6 1.0 2 1 3 3 0 1 10.8639296457 0.029771018524 3.77844810486
7 30.0 3 1 0 0 1 1 8.11758142865 0.0 14.4653265038
8 15.0 3 0 3 0 0 0 11.8778094843 0.0311540621578 5.17617845535
3 15.0 3 0 2 0 0 0 11.8530948901 0.0 2.28649663925
4 15.0 3 0 2 3 1 1 7.01528019003 0.0 18.3271708956
3 5.0 3 0 2 0 3 0 7.68894036924 0.0 125166.944859
11 15.0 3 1 3 0 0 0 11.8682808811 0.0207420627772 7.0523660183
3 30.0 3 0 3 3 0 0 11.8644177661 0.0172939264082 1.21765387058
7 15.0 2 2 0 0 0 0 12.2953250311 0.0 0.519956469536
3 15.0 3 0 2 0 0 1 10.2584892913 0.0 2.47879505157
5 1.0 2 1 0 3 0 1 11.2479545178 0.0 3.31819498539
7 1.0 1 1 1 3 1 1 8.43728273793 0.0 458.621563486
4 1.0 2 5 3 3 0 0 11.9762881888 0.00328825488079 2.83753657341
7 15.0 3 0 3 0 0 0 11.7878052285 0.0474485211074 3.71823501587
3 1.0 3 2 3 0 0 1 10.1061175676 0.0245512116979 21.7355029583
4 15.0 2 2 3 2 0 0 11.6121126915 0.000386992828718 0.416773557663
7 30.0 3 0 1 0 1 1 7.41309743304 0.0 14.2982104578
3 15.0 3 0 0 0 0 0 12.1982127315 0.0 2.2290879488
3 15.0 3 2 2 2 0 1 9.98781236038 0.0 2.93045985699
7 15.0 2 5 3 1 3 0 9.1027070653 0.0072574962745 125641.352974
8 1.0 2 5 3 0 0 0 11.9036932047 0.0276921460779 4.14186000824
6 15.0 1 2 0 0 0 0 12.2589689136 0.0 0.349519014359
7 15.0 3 0 0 3 0 1 10.6261373158 0.0 5.75884950161
3 5.0 3 3 0 0 1 1 6.89038255472 0.0 41.0863565283
13 15.0 3 2 1 0 0 1 10.0534278791 0.0 8.14574742317
4 1.0 2 1 3 3 1 0 8.20371828217 0.0237853332469 326.610781544
7 15.0 3 4 3 1 3 0 8.88278433616 0.0377717833375 86765.6139985
5 15.0 3 2 0 3 0 0 12.2299843496 0.0 4.33669555187
4 15.0 3 0 3 0 0 0 11.8010704424 0.0162487745615 2.70713245869
5 15.0 3 0 0 0 0 0 12.1982127315 0.0 3.36450493336
3 5.0 3 2 0 3 0 0 12.2081144937 0.0 7.63400602341
3 5.0 3 0 3 1 0 0 11.7787772201 0.0202568943182 8.33936607838
12 15.0 3 2 3 3 0 0 11.9338619119 0.0552697986889 5.42019498348
7 1.0 3 2 0 1 0 0 12.214723307 0.0 41.7190625668
7 1.0 3 2 3 1 0 0 11.8775974332 0.027538201455 41.3549820185
3 15.0 2 0 3 2 0 0 11.609138341 0.0399095886534 0.171373009682
5 15.0 1 0 3 3 3 0 8.86117868961 0.00172014655868 87960.4140381
4 15.0 2 2 3 3 0 0 11.9532976918 0.0461581442758 0.464586377144
12 30.0 2 1 0 1 0 1 11.1892487035 0.0 0.768424034119
12 30.0 1 2 0 3 1 1 8.93378152474 0.0 26.8457330685
8 15.0 2 0 1 3 1 1 7.96429696734 0.0 40.4242075958
6 15.0 2 1 3 0 2 0 9.50256865512 0.0109974520574 1632.55938302
6 5.0 1 4 2 1 3 0 9.11414530565 0.0 289081.109896
5 30.0 2 5 3 0 0 0 11.9045998591 0.00552307888112 0.270744562149
3 15.0 3 0 0 0 0 0 12.1982127315 0.0 2.23239803314
12 30.0 1 0 0 0 1 0 10.1114911542 0.0 26.4161814671
5 15.0 3 2 0 3 0 0 12.2299843496 0.0 4.24688541889
3 1.0 2 2 0 0 3 0 8.15176060949 0.0 963604.692291
3 15.0 3 2 0 1 0 0 12.1982127315 0.0 2.93656945229
12 1.0 2 2 1 3 0 0 11.9649232642 0.0 4.82622361183
10 15.0 3 3 0 3 1 0 9.32532779575 0.0 40.3499138918
12 15.0 3 2 3 1 0 0 11.841003301 0.0964798373303 5.59587943554
4 5.0 3 0 0 1 0 1 10.5859445957 0.0 8.22643101215
5 1.0 3 2 3 0 0 0 11.83076558 0.00117948250199 30.2846955061
8 1.0 3 2 1 2 0 1 9.84112377357 0.0 42.8847130537
5 15.0 1 2 0 0 0 0 12.2589689136 0.0 0.356693506241
3 15.0 2 2 3 3 1 0 7.83892904278 0.0314670668011 18.120941473
8 30.0 2 2 3 1 1 0 9.00945727167 0.0335374087419 20.0423714304
8 15.0 2 2 3 1 3 0 9.29595659361 0.0161599388325 141481.452262
8 5.0 1 0 3 3 1 1 8.26424298776 0.00899160503118 104.157443018
12 15.0 2 2 3 0 3 0 9.81697528562 0.0253336960952 211681.906396
12 15.0 2 2 3 3 3 0 10.0139024137 0.0301638799064 211681.969763
3 30.0 2 2 0 3 1 0 8.05776552045 0.0 9.45605144119
12 5.0 2 2 0 1 0 0 12.312504655 0.0 1.23899996281
4 30.0 2 2 0 1 0 0 12.2997923389 0.0 0.342227935791
8 15.0 2 3 2 1 2 0 9.82899293566 0.0 1997.25026247
7 15.0 1 1 3 1 0 0 11.8991233531 0.0450843273252 0.378913402557
12 15.0 2 2 1 1 2 0 10.2650338397 0.0 2901.75866459
5 15.0 3 4 0 0 0 0 12.1982127315 0.0 3.45977199078
11 15.0 2 1 2 0 0 1 10.8580883665 0.0 0.827157497406
12 5.0 1 0 3 1 0 1 10.3001941805 0.0367335976313 0.956359505653
5 15.0 3 2 2 0 2 0 8.80387461912 0.0 951.720663474
12 15.0 3 1 3 3 0 0 11.9476815728 0.0414625976431 6.86040401459
12 15.0 3 2 1 3 3 0 9.43911739584 0.0 143165.160833
12 1.0 3 2 0 0 0 0 12.2399659718 0.0 55.4323505163
3 30.0 1 0 3 3 1 0 8.01902308421 0.0337276914721 8.26033365726
10 15.0 2 0 1 3 3 0 9.70934932729 0.0 179161.350987
8 15.0 2 2 1 1 3 0 9.18442943836 0.0 141481.528276
4 30.0 3 2 0 1 0 1 10.4926076452 0.0 2.00033652782
12 5.0 2 2 3 1 3 1 8.40402615431 0.000747169615896 605523.679534
8 1.0 2 2 3 1 0 1 10.1878282259 0.00695388429521 4.48017251492
3 15.0 1 5 1 3 2 0 8.66323024717 0.0 837.502113598
7 30.0 3 2 0 1 0 1 10.4926076452 0.0 2.91794550419
7 30.0 1 2 2 3 3 0 9.52185047849 0.0 60240.3868115
5 15.0 2 4 3 1 0 1 10.2204208516 0.0298664793104 0.759540438652
7 5.0 2 1 3 1 0 0 11.8871722771 0.0662295488471 0.829718112946
8 15.0 3 2 0 3 0 0 12.2850286443 0.0 6.47013759613
12 5.0 2 3 3 3 0 0 12.0772545959 0.0469185170125 1.15809845924
7 1.0 1 0 2 2 0 0 11.6455033188 0.0 1.68786299229
8 15.0 1 2 3 3 0 1 10.3208423319 0.0129319615317 0.708049416542
13 15.0 3 2 3 0 0 0 11.8434041768 0.0504387276459 8.09108054638
12 1.0 2 0 1 3 0 0 11.9649232642 0.0 2.37799751759
3 5.0 3 2 0 3 3 1 6.92236724924 0.0 125168.067265
4 1.0 3 2 3 3 0 1 10.1233487332 0.0423072144165 28.4407619238
9 1.0 3 2 1 0 1 1 7.70636836421 0.0 461.102432866
12 15.0 2 0 3 3 0 1 10.4202099438 0.0207147973936 0.597849488258
7 30.0 2 2 1 3 0 1 10.1275902623 0.0 0.729284644127
5 15.0 2 2 0 0 0 1 10.5739064105 0.0 0.765828490257
8 15.0 2 2 1 3 0 1 10.2074369087 0.0 0.860625982285
3 5.0 2 0 3 2 3 1 6.38654787481 0.0150659934038 15721.079245
3 15.0 2 2 3 1 0 1 10.1953076933 0.0694308624485 0.615692019463
3 15.0 2 0 2 3 0 1 10.3875158674 0.0 0.378005981445
4 15.0 2 1 3 3 2 1 8.24329800552 0.0477419752785 1166.96917894
6 30.0 2 1 0 3 0 0 12.3200370246 0.0 0.313866972923
3 30.0 3 0 2 1 3 1 6.69339273818 0.0 21121.476213
8 1.0 1 0 3 3 0 1 10.463122373 0.0101550719521 2.58285403252
12 1.0 2 0 0 3 0 1 10.8191069556 0.0 3.32439351082
3 15.0 2 0 3 3 0 1 10.3418060079 0.00343756920206 0.465905070305
8 15.0 2 5 3 3 0 1 11.1391476455 0.0289955503666 0.743568539619
7 15.0 2 0 3 1 2 1 8.42082920398 0.0553754196279 1776.36550393
3 1.0 2 0 1 3 1 1 6.79692884821 0.0 260.550023386
8 15.0 3 2 1 3 3 0 8.95566624389 0.0 99365.7077605
8 1.0 2 1 3 3 0 1 10.9164312019 0.0125029903211 3.86961710453
8 1.0 3 2 3 2 3 1 7.42229318301 0.0042870468316 82121.1428319
7 1.0 3 2 3 3 1 0 8.72630535226 0.0189323524528 374.920240006
12 30.0 1 5 0 2 0 1 11.1467049211 0.0 0.613392949104
9 15.0 1 2 2 3 3 1 8.55573797044 0.0 146400.99077
4 15.0 2 2 3 3 3 1 7.36339397363 0.0229840766654 81361.265021
7 5.0 2 2 3 1 0 1 10.2408100971 0.0101777466204 1.29996299744
5 30.0 1 2 2 1 3 1 7.50892479881 0.0 43080.6539816
3 1.0 2 0 3 3 2 1 7.37294732067 0.00924822671441 13771.2538865
6 15.0 3 1 3 3 3 1 8.01048386221 0.0182956440084 76805.1702555
5 15.0 3 0 3 3 0 1 10.2190829525 0.0474770964972 4.35788750648
6 15.0 2 1 3 3 0 1 10.8535817101 0.0328763711931 0.780365943909
8 15.0 2 5 3 1 0 0 11.9065763685 0.0492357607278 0.426987051964
8 15.0 3 5 3 3 3 1 8.66044059383 0.0171834440752 99366.5093066
7 15.0 3 5 0 3 1 1 8.47248968784 0.0 29.7758945961
12 15.0 2 2 3 3 0 1 10.3036921819 0.0442404523374 0.856148123741
6 15.0 2 2 3 3 0 1 10.2718721986 0.0115750056938 0.61937046051
5 15.0 3 0 3 0 0 0 11.822738682 0.0472433872746 3.36284959316
7 15.0 3 0 3 3 0 1 10.2323157283 0.0134154378631 5.0142813921
13 1.0 2 0 3 3 0 1 10.4511736583 0.0319510878627 3.25573647022
11 5.0 3 3 1 3 0 0 11.7795615737 0.0 15.8360769749
8 1.0 3 0 0 3 1 1 7.96949473047 0.0 423.657529499
9 1.0 3 5 1 3 0 1 10.9263091041 0.0 50.7643926144
10 30.0 2 2 0 1 0 0 12.2997923389 0.0 0.437674999237
8 30.0 1 0 3 3 0 1 10.3563789666 0.027943657129 0.561502099037
3 15.0 3 5 3 3 0 1 10.9747885648 0.0323326250627 3.26147353649
3 15.0 3 5 0 3 0 1 11.377066587 0.0 3.2739315033
6 15.0 3 3 3 0 3 1 7.68223203837 0.00503136192916 76804.6704359
6 5.0 2 0 1 3 0 0 11.8738142212 0.0 0.479682087898
6 15.0 3 0 3 3 1 1 7.41517245501 0.00942301305043 25.7069415207
3 15.0 2 2 0 3 0 0 12.356283971 0.0 0.297570586205
7 15.0 3 2 3 3 0 1 10.1779303585 0.0201226972191 6.01149511337
3 15.0 3 2 3 1 0 1 10.1377426851 0.0519826925288 3.27569651604
12 30.0 3 0 3 1 0 1 10.197045593 0.01638253866 4.31790196896
7 15.0 3 0 3 3 0 1 10.2412877462 0.0192923090471 5.73237097263
7 15.0 3 2 3 1 3 0 8.91725200909 0.0102456987276 86765.6178156
4 5.0 3 3 3 3 1 0 8.02222441337 0.00558206727905 52.8815195131
7 15.0 3 2 3 2 0 1 9.94126827438 0.076149116534 5.02471351624
12 15.0 3 0 1 3 0 1 10.1992245789 0.0 7.32728397846
12 5.0 3 0 3 3 0 1 10.2582504162 0.0355272259515 21.8041285276
4 1.0 3 1 3 3 0 1 10.7265581413 0.0228893626393 35.9892810583
8 1.0 3 2 2 1 1 0 8.79004943279 0.0 415.720532096
12 1.0 3 0 3 3 1 1 8.13585989498 0.0199352780728 611.188295979
5 15.0 2 0 1 3 0 1 10.243131278 0.0 0.56784760952
5 30.0 1 2 3 0 0 1 10.1391286594 0.0415485987094 0.57668197155
7 15.0 2 0 3 2 2 1 7.84157309133 0.0326719928758 172.186974597
3 30.0 3 2 0 2 0 1 10.3122539227 0.0 1.57572197914
8 5.0 2 2 3 1 3 1 8.04162059328 0.0163410927662 418922.981817
3 15.0 3 0 3 2 0 0 11.6185972238 0.034922878187 2.41835796833
3 15.0 3 2 3 2 1 1 6.16722816498 0.00271826338476 3.80236706352
12 15.0 2 0 2 1 0 1 10.3544318432 0.0 0.601859927177
3 30.0 2 1 1 3 1 1 7.11835365365 0.0 9.74105498409
8 1.0 2 0 0 2 1 1 7.46542548839 0.0 48.3767569065
9 30.0 3 2 2 1 3 0 9.17355565248 0.0 54123.267682
10 15.0 3 5 3 2 3 1 8.44186111927 0.00814949940602 9246.71565914
4 15.0 3 2 3 2 3 1 6.95686489668 0.01983935022 4203.47532594
12 1.0 2 0 3 1 0 1 10.3123322323 0.021361287818 3.44919502735
5 1.0 1 0 2 2 0 1 10.083561045 0.0 1.7003775835
6 15.0 3 0 0 2 0 1 10.4022663064 0.0 4.39276659489
6 1.0 2 2 3 2 2 1 7.5227014003 0.0351920061166 1843.50354353
7 15.0 3 1 1 1 1 1 7.81685457468 0.0 28.8437315168
6 15.0 3 2 3 1 0 1 10.1155122473 0.00319336198276 3.10087096691
4 1.0 3 1 3 2 0 0 11.580178622 0.0525044414062 25.8890045881
5 15.0 2 0 3 1 0 0 11.8923986418 0.022546712804 0.22626709938
7 15.0 1 2 3 0 0 0 11.9137290601 0.00157586715936 0.362181901932
3 5.0 1 2 0 0 0 1 10.5431149764 0.0 0.790884494781
6 15.0 2 2 3 3 0 1 10.264524398 0.0513060673062 0.805693984032
5 30.0 2 2 2 2 0 1 9.99750270902 0.0 0.565641880035
6 15.0 2 1 3 1 3 1 8.18558839141 0.0292948170822 109681.525872
6 1.0 1 0 3 3 0 0 12.0329724579 0.00379228837733 1.92346906662
6 5.0 2 0 3 1 0 1 10.258786826 0.0393770993349 0.785571932793
7 30.0 3 0 3 0 1 1 7.50535109996 0.0202780139852 14.2292469301
5 15.0 1 1 3 2 0 1 10.5043387998 0.0215398951147 0.553223490715
3 15.0 3 0 3 1 0 1 10.1874785423 0.0630951226352 3.07415997982
13 15.0 2 4 3 0 0 1 10.2715374665 0.0158346782207 0.951265454292
6 15.0 2 3 0 3 1 1 8.10914668153 0.0 31.7258510828
6 1.0 1 0 0 0 0 1 10.6360663808 0.0 1.87222802639
4 15.0 3 0 1 3 0 1 10.1431016686 0.0 3.74228155613
6 1.0 2 0 3 1 0 1 10.3011729744 0.0297489042584 2.17421996593
3 1.0 2 2 1 2 2 1 6.53806878127 0.0 1055.82732738
7 15.0 3 5 3 1 1 1 8.16805015432 0.00753351816142 29.02537393
6 15.0 3 2 3 1 0 1 10.1028178882 0.0155256989978 3.43949997425
6 1.0 3 2 3 0 0 1 10.1186417429 0.0104746025174 32.3037965298
3 15.0 2 2 3 3 0 0 11.9486171934 0.060725615911 0.428440451622
6 30.0 2 2 1 3 0 1 10.1117328679 0.0 0.69105386734
4 15.0 2 0 3 3 0 0 11.964120453 0.0481838570439 0.0980919599533
6 15.0 1 1 3 3 3 1 8.52895369044 0.0268362289136 102600.802426
7 15.0 1 2 3 3 0 1 10.3824603947 0.0308030482423 0.684378027916
10 15.0 2 2 3 0 0 1 10.2039481967 0.0148819784975 0.78683757782
6 15.0 2 1 2 1 0 1 10.8481895351 0.0 0.78946852684
4 5.0 2 2 3 1 3 0 8.36622537027 0.0172457827159 231241.686661
8 30.0 2 1 3 1 0 0 11.9066343828 0.0672319510079 0.408079981804
3 15.0 2 1 3 1 0 1 10.7880315694 0.102943559237 0.58443903923
6 1.0 1 2 0 1 0 0 12.2556134206 0.0 2.29658305645
6 15.0 2 0 3 1 0 1 10.2609645492 0.0080530740176 0.461801052094
6 15.0 2 1 0 1 1 1 8.20807634732 0.0 29.8605050201
3 15.0 1 0 3 2 0 1 10.0497787866 0.00951837460381 0.487597465515
6 15.0 2 4 1 0 0 1 10.1310676995 0.0 0.707621455193
6 15.0 3 2 3 1 3 0 8.70620365613 0.0257531562005 75244.4242589
6 1.0 2 2 3 1 0 1 10.2050580093 0.0264685833726 3.40401947498
4 1.0 1 0 1 1 1 1 7.03483683802 0.0 270.485074409
6 15.0 3 1 1 1 3 1 7.89003181249 0.0 75243.5329715
5 5.0 3 3 3 1 0 0 11.8135265619 0.0236405025948 8.39346861839
3 30.0 2 4 1 1 0 1 10.1346267317 0.0 0.663482546806
3 30.0 3 2 2 1 2 1 6.98120806288 0.0 318.392160029
6 15.0 3 4 3 1 3 1 7.59141710074 0.0295209701183 75245.054039
6 15.0 3 0 3 3 1 1 7.40417958847 0.00556617071002 25.7284235115
6 15.0 3 4 1 1 0 1 10.0537001987 0.0 5.38363957405
12 30.0 1 2 1 1 0 1 10.0828715538 0.0 0.654969453812
9 15.0 3 4 2 3 0 0 11.9258475126 0.0 7.12432193756
3 15.0 3 3 1 0 0 1 10.2385463334 0.0 2.69630050659
5 30.0 2 4 0 1 0 0 12.2997923389 0.0 0.329353451729
6 15.0 2 1 1 3 1 1 8.05213811471 0.0 31.7233716488
12 15.0 3 2 0 0 0 1 10.5372992476 0.0 7.94119942188
5 15.0 3 5 1 0 0 0 11.7036607026 0.0 3.6474814415
3 15.0 3 1 1 1 0 0 11.7036607026 0.0 2.85279607773
8 1.0 2 0 1 3 1 1 7.96435899878 0.0 585.82824993
12 15.0 3 0 1 0 0 1 10.1518607272 0.0 7.33682692051
10 15.0 3 2 1 1 0 1 10.0351737748 0.0 8.01969408989
4 1.0 3 1 1 0 0 1 10.6193446601 0.0 31.2157860994
4 1.0 3 0 0 0 1 0 8.20937250242 0.0 233.38635558
6 1.0 3 5 1 1 3 1 8.27540864494 0.0 1065527.87165
6 1.0 3 0 3 1 2 1 8.01968583705 0.00441452386413 15270.7776364
5 15.0 1 1 1 1 0 0 11.7616455375 0.0 0.351734876633
6 15.0 2 4 3 1 0 1 10.181657102 0.010631863826 0.728699564934
6 15.0 2 0 3 0 1 0 8.71892862603 0.0374821380262 31.1616206408
6 15.0 2 2 0 0 2 0 9.78196076199 0.0 1632.51401495
6 15.0 2 1 3 3 2 0 9.62296687025 0.0206899301367 1632.48025249
12 30.0 2 0 1 0 3 1 8.44442020963 0.0 108241.451762
3 15.0 3 2 2 3 3 1 6.6826893815 0.0 43083.2266406
3 5.0 1 0 2 3 1 1 7.0861734308 0.0 46.4731875629
3 15.0 3 0 3 1 0 1 10.2021592925 0.101202868192 3.04296398163
6 30.0 2 4 3 1 0 0 11.887197297 0.0309458599526 0.386298060417
5 30.0 2 1 3 1 0 1 10.8403550813 0.0501867158172 0.647188067436
6 15.0 2 2 1 0 0 1 10.0921364298 0.0 0.720285058022
10 15.0 1 2 1 1 0 1 10.0633062317 0.0 0.755393505096
7 15.0 3 4 3 1 3 1 7.74190563659 0.0638209391473 86766.0127665
10 15.0 3 1 2 3 0 1 10.8328751697 0.0 8.05050551891
9 15.0 3 1 1 0 1 1 8.11451630093 0.0 34.4370525274
6 15.0 3 4 0 1 3 1 7.81920448965 0.0 75244.285893
7 5.0 3 3 1 0 2 1 8.30052703867 0.0 3650.04640746
3 1.0 3 0 1 1 0 1 10.107258848 0.0 23.0530495644
4 1.0 3 1 3 1 1 1 7.28984914131 0.0203844503705 229.040871566
7 30.0 2 0 3 3 0 1 10.3456577075 0.0250775553756 0.491973042488
8 15.0 1 1 0 1 0 1 11.1527169136 0.0 0.699848532677
3 15.0 2 1 0 0 0 1 11.1852510294 0.0 0.714449524879
8 15.0 2 2 3 3 3 1 8.17850788686 0.0382424547331 146521.640563
4 15.0 2 2 0 3 3 1 7.62003037854 0.0 81361.1881189
6 1.0 2 0 0 0 0 0 12.291960666 0.0 1.68919456005
6 15.0 2 4 1 1 3 1 7.68123755622 0.0 109681.139754
4 15.0 3 4 1 0 3 1 7.13995648284 0.0 54843.476927
7 15.0 2 1 0 0 0 1 11.1852510294 0.0 0.737239480019
7 5.0 2 5 0 1 1 0 9.15116718053 0.0 99.6488194332
6 15.0 3 0 2 1 3 1 7.60698800209 0.0 75245.1573861
3 30.0 2 0 2 2 3 1 6.3902078406 0.0 3120.67464554
13 15.0 2 4 1 1 1 1 8.19740229701 0.0 59.5888724298
7 15.0 3 2 0 3 0 1 10.5308460534 0.0 6.05927455425
11 30.0 3 1 0 0 0 1 11.1058133531 0.0 3.31611990929
5 5.0 1 5 1 1 3 1 8.2092241088 0.0 246241.303639
10 15.0 3 1 2 1 0 1 10.7860836179 0.0 7.36693406105
8 5.0 2 0 3 1 3 1 8.08052426155 0.0117193910382 418922.33977
5 1.0 3 0 1 0 1 1 6.9890463847 0.0 277.834595949
11 1.0 3 0 0 1 2 1 8.93482890293 0.0 26184.5639815
3 30.0 2 2 0 3 1 1 7.02716506034 0.0 9.78009209251
4 5.0 2 5 0 1 0 1 11.4389172553 0.0 1.05329489708
4 15.0 2 2 1 2 2 1 7.24940283388 0.0 107.145921892
11 5.0 2 3 0 1 1 1 8.59533325714 0.0 148.758980587
5 1.0 2 0 1 1 0 1 10.1842386734 0.0 1.9846124649
9 1.0 2 5 1 2 1 1 7.98438601629 0.0 55.4914549417
5 15.0 3 5 1 0 3 1 7.87692896882 0.0 65884.053847
7 5.0 2 0 2 1 1 0 8.90151300814 0.0 99.0943950281
10 5.0 2 0 0 1 0 1 10.666926924 0.0 0.883850932121
4 5.0 2 1 2 1 3 1 7.71724116877 0.0 231241.972461
5 5.0 3 5 0 0 0 1 11.3509348511 0.0 10.9912259579
7 5.0 2 1 3 3 3 1 8.58549689788 0.0292641703485 386762.884019
5 5.0 2 1 3 1 0 1 10.7535761061 0.0641050962689 1.15310907364
7 5.0 3 5 2 0 1 1 8.26397034461 0.0 81.9663810606
6 5.0 2 5 3 1 1 1 8.20453822891 0.0306292368208 87.0924410543
5 5.0 3 0 0 3 3 1 7.59523810518 0.0 189851.677469
9 1.0 1 0 0 1 3 1 8.6561435571 0.0 2039644.65604
9 1.0 2 2 2 3 1 1 8.18420965967 0.0 650.16832553
13 5.0 3 0 0 1 0 1 10.6260812828 0.0 21.5711359978
3 1.0 3 1 2 1 3 1 7.07278957679 0.0 603027.920569
11 30.0 1 4 2 3 3 1 8.78624291862 0.0 90240.7156676
7 30.0 2 5 3 0 1 1 8.421687913 0.0212819565951 18.9977679892
7 15.0 2 5 0 0 2 1 9.641188182 0.0 1863.99822603
4 5.0 1 5 1 1 3 1 8.02865775494 0.0 205441.192448
4 15.0 3 5 1 2 1 0 7.65767358271 0.0 4.41123842716
3 15.0 1 0 3 1 1 1 6.8989946587 0.0281810223241 15.4855319853
5 15.0 3 5 3 1 1 1 7.57806900117 0.00701023551355 22.0617525215
6 15.0 2 0 2 1 1 1 7.59670655168 0.0 29.4975079651
5 5.0 2 3 0 1 1 0 8.52549420693 0.0 74.7570293779
6 15.0 2 5 3 1 1 0 8.65301292089 0.00360321322783 28.9960754271
7 15.0 3 4 0 3 1 1 7.79444391941 0.0 29.6298024197
9 1.0 2 2 1 2 3 1 7.51149210977 0.0 183487.485551
5 5.0 2 2 0 1 1 1 7.41990301549 0.0 75.4032896395
5 5.0 2 5 1 1 1 0 8.19846491599 0.0 75.1151665087
6 5.0 1 5 3 1 1 1 8.37636281477 0.0235967033265 77.1605985584
6 5.0 3 3 1 0 2 1 8.06386860683 0.0 3200.46442143
5 5.0 3 0 2 0 1 1 7.08169643013 0.0 59.3190244045
9 5.0 3 0 3 2 3 1 7.64391649225 0.0187530586118 20413.9681524
9 5.0 3 5 3 3 3 1 8.9087629976 0.0215466622024 315976.558921
7 5.0 3 1 1 3 3 1 8.18943985055 0.0 253212.974838
6 15.0 1 0 1 0 1 0 8.82799667677 0.0 27.9779369373
5 30.0 2 2 3 0 1 1 7.18511865327 0.0248154694738 14.4267518702
4 15.0 2 2 1 0 1 1 6.94565426502 0.0 22.8887519388
3 30.0 2 2 3 0 1 1 6.71758400272 0.000840019599942 9.58927700138
11 15.0 2 5 0 3 3 1 9.76433217413 0.0 195482.087106
9 5.0 2 4 3 0 2 1 8.80003469194 0.0378063564914 6910.53831152
7 5.0 2 2 3 3 1 1 7.83631824971 0.00923456363131 105.514011486
3 5.0 2 0 3 1 0 1 10.2845326134 0.0684352325263 0.735211491585
6 30.0 1 1 3 1 1 1 8.10403524545 0.0320151419669 13.9632738361
5 15.0 3 0 3 1 0 0 11.7839160045 0.0458885631675 4.02530491352
4 30.0 2 5 2 1 1 1 7.64295086624 0.0 11.4552469931
3 15.0 3 5 3 1 0 1 10.9598122153 0.00794458187801 3.25151705742
10 5.0 2 0 2 1 0 1 10.3351168129 0.0 1.01603806019
6 5.0 2 0 3 1 2 1 8.15047575972 0.0181593150403 4637.40001444
6 5.0 2 5 0 1 3 1 8.81860842501 0.0 326042.489421
6 1.0 2 1 3 3 3 1 8.35196538937 0.02064720408 1686368.5225
10 1.0 2 0 0 1 1 1 8.37748497484 0.0 674.417691386
9 1.0 2 0 1 1 3 1 8.14701507911 0.0 2304248.05
11 15.0 3 5 3 1 2 0 9.87921005535 0.0154706986731 1872.67586501
6 5.0 3 5 2 0 1 1 8.08819910919 0.0 67.9064354296
6 30.0 1 0 3 1 0 1 10.3064151671 0.032212280292 0.541171550751
8 15.0 2 5 0 1 3 1 9.15397586424 0.0 141481.6201
6 15.0 3 0 0 0 2 0 9.46958185126 0.0 1115.03765351
5 15.0 3 1 1 1 1 1 7.26371152054 0.0 22.0617820854
7 1.0 2 1 2 2 3 1 7.87955643681 0.0 146526.631448
6 5.0 2 5 1 0 1 1 8.19881003689 0.0 92.3854070368
3 5.0 2 5 0 0 1 1 7.58485982978 0.0 52.6213965607
6 1.0 2 5 3 0 1 1 8.30836992583 0.0165537329864 456.403852556
5 30.0 3 1 0 1 3 1 7.82462213109 0.0 32642.418058
6 5.0 2 5 0 2 3 0 8.55388804191 0.0 27481.471136
12 15.0 3 4 0 1 0 1 10.5731269332 0.0 9.31803560257
6 30.0 2 5 1 1 3 1 8.45508648276 0.0 56521.2367849
7 5.0 3 2 3 0 1 1 7.54782159265 0.0026332503766 82.3903536673
10 15.0 3 5 1 1 1 1 8.43424778312 0.0 40.1502434978
6 5.0 1 4 0 1 3 1 8.17503506263 0.0 289080.855465
8 5.0 3 5 0 3 3 1 8.994545108 0.0 285858.449342
3 1.0 3 0 0 1 2 1 7.29697770986 0.0 8713.22758006
5 1.0 3 1 0 2 1 1 7.21391262945 0.0 48.3066425247
5 1.0 3 0 0 1 0 0 12.1959724757 0.0 46.4742950201
6 1.0 3 1 3 1 1 0 8.46677963738 0.028637090324 324.051401454
6 5.0 1 1 3 3 3 1 8.51203907891 0.00844091542003 298921.480264
7 15.0 1 5 0 3 1 1 9.0957800023 0.0 32.1210685387
8 5.0 2 4 3 3 1 1 8.01241532151 0.00237021833562 118.689399437
4 1.0 1 3 3 3 3 1 7.60614562092 0.0231556917106 1061884.05565
9 1.0 2 5 0 1 0 0 12.291960666 0.0 4.07994949818
7 5.0 2 0 0 1 3 1 8.23778399811 0.0 372362.174685
13 5.0 1 4 0 3 1 1 9.06737949521 0.0 161.8300975
6 5.0 2 5 2 0 2 1 9.11060050545 0.0 4840.05355097
6 15.0 3 5 1 1 0 1 10.8586088613 0.0 5.44545900822
6 5.0 2 4 3 1 3 1 7.76887073886 0.0210446302396 326042.594577
6 1.0 1 1 0 1 3 1 8.61349033095 0.0 1430164.87434
5 5.0 3 0 0 1 3 1 7.548478842 0.0 185532.32513
7 5.0 2 4 3 1 3 1 7.92367599767 0.0334018365567 372362.78586
7 5.0 3 5 0 0 2 1 9.39335305827 0.0 3652.36128449
6 5.0 3 5 2 1 3 1 8.37919207041 0.0 215894.697754
3 5.0 3 4 0 1 0 1 10.5311338637 0.0 8.42085850239
6 15.0 3 4 0 2 3 1 7.47671814692 0.0 5883.61813354
6 5.0 3 0 0 1 1 1 7.66428816557 0.0 67.1960560665
4 1.0 3 1 3 1 2 1 7.98209897608 0.0108182413443 10822.8055965
3 1.0 3 5 1 1 2 1 7.6618673265 0.0 8714.80007802
6 5.0 1 2 0 0 2 1 8.71013949106 0.0 4281.0368315
6 5.0 2 4 0 3 3 1 8.19584636027 0.0 338402.550499
9 5.0 1 4 0 1 3 1 8.63410861259 0.0 410761.54454
3 15.0 2 1 0 1 0 1 11.1852510294 0.0 0.698421001434
11 30.0 2 0 0 0 3 1 8.72401437043 0.0 99961.4640579
6 15.0 3 0 3 1 3 1 7.55377700701 0.0183398661069 75245.1168735
5 15.0 2 0 2 1 0 0 11.9471646615 0.0 0.204210996628
8 15.0 3 3 0 2 2 1 8.17696648714 0.0 113.649233991
6 30.0 2 1 0 2 1 1 7.64799346123 0.0 2.41611284256
8 15.0 3 1 3 1 1 1 7.97632975767 0.0331549397246 32.8316330147
6 1.0 2 4 1 1 1 1 7.47064430029 0.0 428.737863981
8 5.0 2 4 0 3 3 1 8.52402799338 0.0 434762.748967
6 15.0 1 4 1 2 1 1 6.97747904411 0.0 2.84385656357
6 5.0 2 5 0 1 3 0 9.19685213348 0.0 326042.233586
6 1.0 2 4 3 3 2 1 8.39447435634 0.0273579874507 24087.533049
6 15.0 2 4 0 1 3 1 8.02718171371 0.0 109681.119535
4 1.0 2 5 3 2 3 1 7.69325401572 0.00299599269727 91684.0125691
6 1.0 2 4 1 1 1 1 7.47064430029 0.0 427.563768947
9 1.0 1 4 0 1 3 1 8.63445674973 0.0 2039645.09676
12 5.0 3 5 3 2 0 1 10.8251936706 0.00581350002977 16.2926520109
3 15.0 2 4 2 1 2 1 7.25823855097 0.0 892.948904492
6 5.0 2 2 3 1 3 1 7.70761176108 0.0164765025351 326042.534036
8 30.0 3 4 0 1 3 1 8.05595525331 0.0 48963.262341
5 15.0 3 0 3 2 3 1 6.94261721432 0.0257745483276 5043.82735348
6 15.0 3 0 0 0 1 1 7.64492216566 0.0 24.8536011333
6 15.0 3 4 0 3 2 1 8.29599558276 0.0 1116.20854944
7 15.0 3 1 0 2 2 1 8.51129932641 0.0 101.115725538
6 15.0 3 5 0 2 2 1 8.59924217933 0.0 88.2964089994
6 15.0 2 4 0 1 0 0 12.2953250311 0.0 0.448663473129
6 30.0 3 0 0 2 3 1 7.49191197743 0.0 4202.15701711
6 5.0 2 0 2 0 3 1 7.84938794092 0.0 338402.061975
6 15.0 3 1 1 0 0 1 10.6147928498 0.0 4.51560354233
3 15.0 3 0 2 1 0 0 11.8530948901 0.0 2.76270151138
6 1.0 1 4 1 0 0 1 10.1005191947 0.0 3.15337955952
8 15.0 3 2 3 1 1 1 7.50905888859 0.00127666399288 32.0230204296
6 15.0 3 4 3 3 0 1 10.1914772194 0.0353328158652 5.13953065872
9 15.0 3 0 1 1 2 1 8.37570450925 0.0 1571.47930311
5 5.0 3 1 0 2 0 0 11.977142895 0.0 9.08536994457
4 1.0 3 5 0 3 3 1 8.22321458787 0.0 779308.367806
11 1.0 3 0 0 0 2 1 8.95449322648 0.0 26969.1569195
8 15.0 1 0 3 1 3 0 9.41188800928 0.000802694500878 127800.440089
6 15.0 2 4 2 0 0 1 10.2818886147 0.0 0.830539464951
4 15.0 2 1 3 3 0 1 10.8646217805 0.0525994964537 0.659366488457
6 15.0 2 2 0 3 3 1 8.14296864528 0.0 114001.544841
5 30.0 3 5 0 1 1 1 7.78880268382 0.0 11.0361540461
13 15.0 2 4 3 3 2 1 9.28456504359 0.00469005725954 3259.83669342
5 15.0 3 0 3 3 0 1 10.2258471641 0.0504304874155 4.42637491226
3 15.0 3 0 0 3 3 1 6.93841927544 0.0 43083.056427
3 15.0 3 4 1 3 3 1 6.63316454431 0.0 43083.1586295
6 30.0 1 1 0 1 0 1 11.1552365472 0.0 0.59125995636
6 15.0 3 4 0 2 1 1 7.26465773822 0.0 6.26689748096
6 15.0 3 4 3 3 3 0 8.711194144 0.00168224953843 76805.208782
6 15.0 2 0 1 0 0 1 10.186936803 0.0 0.485520482063
8 5.0 2 4 3 1 3 0 9.26506449109 0.0208133883702 418922.606971
7 15.0 3 4 3 3 3 0 8.95160416146 0.00150179389672 88205.6498884
6 15.0 3 2 3 1 3 1 7.51195242243 0.0146074089532 75245.2784466
6 15.0 3 4 0 3 0 0 12.2436167169 0.0 4.79575955868
10 1.0 2 1 3 3 1 1 8.71730469178 0.00718823366558 716.942904049
3 5.0 3 4 0 1 3 1 6.92362017526 0.0 121687.243963
11 1.0 3 4 0 0 1 1 8.2548395649 0.0 552.501298547
6 15.0 1 0 0 3 3 0 9.59501484846 0.0 102600.427595
3 30.0 2 4 3 0 0 1 10.2609172856 0.0502313086409 0.637051463127
4 5.0 2 3 1 0 0 1 10.3186970156 0.0 1.10038840771
6 15.0 2 0 0 3 1 1 8.00942536846 0.0 31.4324289799
6 15.0 3 0 3 0 0 0 11.7993252069 0.0111641618727 3.94946599007
5 15.0 3 0 0 1 0 0 12.1982127315 0.0 4.08502304554
12 30.0 3 2 3 3 3 0 9.45693000557 0.0244985417072 71884.1464851
3 15.0 3 4 0 3 0 1 10.5612837972 0.0 3.24686360359
5 30.0 2 2 0 3 0 0 12.2997923389 0.0 0.252633571625
5 5.0 1 4 2 0 0 1 10.2512520807 0.0 0.971879601479
6 15.0 2 5 0 3 3 1 8.99496797198 0.0 114001.460045
7 5.0 2 4 0 1 2 0 10.002786105 0.0 5261.13653499
5 15.0 2 0 3 3 2 1 8.05498266663 0.0045119769973 1399.64275551
3 1.0 2 4 0 1 0 1 10.6115062131 0.0 2.7187949419
3 15.0 3 4 3 3 0 1 10.1948281153 0.0772635697413 3.34487652779
7 15.0 3 4 3 1 1 0 8.62327672076 0.025356683263 28.3044639769
12 15.0 3 4 1 3 3 1 8.18392428391 0.0 143168.815519
10 15.0 3 0 0 1 2 0 10.1384578016 0.0 1712.35400144
4 1.0 3 4 2 3 2 1 7.66591458365 0.0 11173.8126301
8 1.0 3 1 0 0 3 0 9.33320603069 0.0 1409923.30467
6 15.0 1 0 3 1 0 0 11.8602947239 0.000725184227609 0.290897965431
3 30.0 2 0 0 1 0 1 10.6734437717 0.0 0.452988028526
7 15.0 1 0 0 3 2 0 10.5461270413 0.0 1671.24632817
4 15.0 2 3 0 3 0 1 10.8779365223 0.0 0.716408371925
6 15.0 2 0 3 0 2 0 9.50047787777 0.0279869239497 1632.28583168
12 30.0 1 0 0 2 0 0 11.9827090608 0.0 0.202676892281
6 15.0 2 4 0 2 0 0 11.9917978352 0.0 0.443598389626
3 15.0 2 4 2 3 0 0 12.0062138392 0.0 0.322285413742
6 1.0 2 0 0 3 0 1 10.7407065817 0.0 2.2211420536
10 30.0 2 4 0 1 2 0 10.4753147577 0.0 1252.52308607
3 1.0 2 3 1 3 0 0 11.8336672742 0.0 2.82671546936
3 15.0 2 2 0 0 1 0 7.97328776224 0.0 18.0533154736
3 15.0 3 3 0 0 2 0 8.27971030248 0.0 635.90708405
6 15.0 1 0 0 1 2 0 9.96950735617 0.0 1414.4173391
10 15.0 2 4 0 1 2 0 10.4784080963 0.0 2439.2281171
10 1.0 2 0 3 3 0 1 10.3969210522 0.0186386604937 3.32221794128
6 15.0 3 0 1 1 0 1 10.1090554878 0.0 3.11422240734
6 1.0 2 1 0 3 3 0 9.39522090193 0.0 1686365.37052
6 15.0 3 4 0 1 1 1 7.60978724005 0.0 24.2246964626
6 5.0 3 0 0 3 0 0 12.2230916167 0.0 9.17376148701
10 15.0 1 0 0 1 2 0 10.7717970906 0.0 2210.5820975
6 15.0 1 5 3 1 0 1 11.0163247146 0.0548205810279 0.67446398735
6 15.0 2 0 0 1 2 0 9.7165593605 0.0 1565.48666357
3 15.0 2 3 1 0 2 0 8.26975318949 0.0 932.058969071
4 30.0 2 0 3 1 0 0 11.8719756943 0.0144009547352 0.15042746067
6 15.0 2 0 0 3 2 1 8.69408233775 0.0 1632.52089296
3 30.0 2 0 0 1 3 0 8.10523131323 0.0 31920.327044
8 30.0 2 5 0 1 1 1 8.80195018848 0.0 20.3526263618
6 15.0 2 4 0 1 3 1 8.02718171371 0.0 109681.426143
3 15.0 2 3 0 1 0 1 10.8016769575 0.0 0.731948971748
4 5.0 2 0 2 1 2 0 8.84496491677 0.0 3282.59534665
10 30.0 1 3 0 1 2 0 10.7629234818 0.0 1126.86457593
7 15.0 2 5 0 3 2 1 9.82981015635 0.0 1863.99708102
3 15.0 2 0 0 1 2 1 7.49715140424 0.0 892.338238933
7 15.0 2 2 3 1 0 0 11.8906235829 0.0492070611129 0.493328094482
6 15.0 2 2 0 0 1 1 7.80899569436 0.0 31.6620735168
6 5.0 1 4 0 1 2 1 8.68680298255 0.0 4106.52361508
5 1.0 1 0 0 1 2 0 9.57165534911 0.0 17432.9406321
6 1.0 2 0 0 1 3 0 9.19707299371 0.0 1620483.92497
11 1.0 2 4 0 1 1 0 9.71321951871 0.0 730.11240503
4 5.0 2 0 0 3 2 0 9.29827665971 0.0 3452.34603099
6 15.0 2 0 3 0 1 1 7.63176244878 0.021220144041 31.4342985392
3 5.0 2 0 0 1 2 1 7.49860806083 0.0 2653.0083506
7 5.0 2 0 3 1 2 0 9.65631655232 0.0350854007179 5260.65395695
6 15.0 2 2 3 3 3 1 7.86812084125 0.0659278355852 114001.528643
3 15.0 2 0 0 0 0 1 10.6696642244 0.0 0.451881408691
7 15.0 2 5 0 3 2 1 9.82981015635 0.0 1863.81518899
6 5.0 2 5 3 3 2 1 9.27547715696 0.0269741307086 4840.25720848
6 30.0 2 0 0 1 3 0 9.1945535008 0.0 56520.631894
11 5.0 2 3 0 1 2 1 9.30598324299 0.0 7907.20026956
6 15.0 1 3 1 1 0 0 11.7616455375 0.0 0.403648018837
9 15.0 2 0 0 1 2 1 9.0091448663 0.0 2226.68907497
6 5.0 2 0 0 0 1 1 7.87724514513 0.0 91.9553789558
3 1.0 2 0 1 1 2 1 7.18124670009 0.0 13173.2819755
8 5.0 2 0 0 1 3 1 8.35481475312 0.0 418922.159949
4 1.0 2 1 3 1 2 1 8.08386731882 0.00177444670479 16280.6416715
9 15.0 3 4 1 0 2 1 8.36502514186 0.0 1595.83710449
4 1.0 2 4 3 3 3 1 7.43437152729 0.0116061908957 1203964.50564
9 1.0 2 4 0 1 2 1 8.99857545278 0.0 32764.734652
6 1.0 3 0 0 1 2 1 8.29845029149 0.0 15260.304739
4 5.0 1 0 0 1 0 1 10.6365662444 0.0 0.73099398613
3 5.0 2 0 0 0 2 1 7.54357135787 0.0 2767.60278415
5 15.0 2 0 0 3 3 1 7.87994788733 0.0 97681.1097521
5 5.0 2 0 0 3 2 1 8.36602699548 0.0 4144.43774942
11 5.0 1 4 0 1 2 1 9.42894866271 0.0 7012.17736746
6 30.0 3 0 0 1 3 1 7.82079462659 0.0 37802.4885039
6 30.0 3 0 0 1 0 1 10.5874846011 0.0 2.50004947186
3 1.0 2 1 3 1 1 1 7.10012894535 0.0147195724346 243.882454
3 30.0 2 0 0 1 0 1 10.6734437717 0.0 0.391949057579
9 15.0 3 5 1 1 3 1 8.71293873729 0.0 107647.331772
8 5.0 2 0 3 1 3 1 8.08095655682 0.0297696252174 418922.250251
3 5.0 3 0 3 0 3 1 6.73991941083 0.00272796480156 125167.331774
4 5.0 3 0 0 1 2 0 8.98892206922 0.0 2196.02963545
3 5.0 3 4 0 1 3 1 6.92362017526 0.0 121688.472119
5 5.0 3 4 0 1 3 1 7.53026327888 0.0 185532.63854
8 5.0 2 4 0 1 0 1 10.6116146441 0.0 1.24359309673
9 1.0 2 0 0 1 2 1 9.02140693723 0.0 32765.4841925
4 5.0 3 4 3 1 3 1 7.21486956897 0.000750015468586 153967.692355
8 5.0 3 4 1 1 0 1 10.0757609455 0.0 15.2297559977
8 5.0 3 4 0 0 2 1 8.5843955531 0.0 4101.17434151
