3 30.0 2 1 0 3 0 0 12.2997923389 0.0 0.121999979019
6 30.0 1 1 0 0 0 0 12.2617845456 0.0 0.158499956131
4 15.0 1 0 2 2 3 0 8.08351972179 0.0 6000.09899998
3 30.0 1 0 3 2 1 1 6.23738754115 0.0247004489094 0.973000063896
7 15.0 1 0 0 1 0 0 12.2589689136 0.0 0.254999995232
4 5.0 1 1 0 1 3 1 8.02216429292 0.0 205681.1435
5 5.0 1 5 0 0 1 1 8.348192647 0.0 69.9835000181
4 15.0 3 1 2 2 3 1 7.42255306656 0.0 4203.28500009
7 1.0 1 0 0 0 0 1 10.6406888629 0.0 3.97399997711
6 30.0 1 4 1 1 0 0 11.7643327592 0.0 0.15399992466
3 15.0 2 3 0 3 0 1 10.8540131209 0.0 0.511500000954
12 5.0 1 0 0 2 2 1 8.55972896227 0.0 601.576999962
7 30.0 1 1 0 2 0 0 11.9827090608 0.0 0.0670000314713
3 1.0 1 2 0 3 3 1 7.37629899683 0.0 849004.01
10 1.0 1 3 1 0 0 1 10.3199144907 0.0 6.31500005722
6 1.0 1 5 0 1 2 1 9.5603172638 0.0 20343.2165
6 1.0 1 2 0 2 3 1 7.44883530465 0.0 104161.846
11 15.0 3 1 1 1 0 1 10.6434234021 0.0 7.81550002098
5 5.0 3 2 0 0 0 1 10.4930248249 0.0 9.0529999733
7 1.0 1 2 1 1 1 1 7.74252228744 0.0 434.86050003
6 15.0 1 4 3 2 2 1 7.6037318878 0.0190324109692 120.281500068
3 15.0 2 5 0 2 1 1 6.94442429085 0.0 2.06800005436
8 15.0 2 3 0 1 0 1 10.8016769575 0.0 0.692500114441
5 15.0 1 0 0 0 0 1 10.6389052818 0.0 0.471500039101
5 15.0 2 5 1 0 1 0 8.25609696962 0.0 26.5319999676
8 5.0 2 3 0 2 3 1 7.83510506206 0.0 35281.2705001
3 5.0 2 0 0 2 0 1 10.4110430854 0.0 0.419999957085
3 1.0 1 2 0 0 0 1 10.5426203611 0.0 2.77750003338
5 15.0 2 1 0 1 3 1 8.08980566989 0.0 94440.804
6 1.0 1 3 1 1 0 1 10.2889798792 0.0 4.34599995613
5 30.0 3 4 1 2 3 1 6.88870698688 0.0 3601.95999992
10 1.0 1 1 0 0 0 1 11.1902757916 0.0 6.24349999428
4 1.0 1 5 1 0 3 1 8.05889211849 0.0 1067764.9745
7 15.0 3 5 0 1 3 1 8.80051758617 0.0 86525.9054999
7 1.0 2 0 2 2 0 1 10.0873890613 0.0 1.92349994183
5 1.0 1 0 2 1 0 1 10.3053429158 0.0 3.2784999609
9 1.0 2 2 1 0 0 0 11.7931324265 0.0 6.12400007248
12 1.0 2 1 0 1 0 1 11.206539582 0.0 5.83950006962
7 5.0 3 1 0 3 1 1 8.26754783813 0.0 82.0529999609
3 1.0 3 2 0 2 0 0 11.9764154778 0.0 24.9744999409
12 30.0 2 1 1 0 1 1 8.66239771303 0.0 29.702499958
4 15.0 2 0 2 0 3 0 8.42489239895 0.0 81360.3900001
6 5.0 2 3 1 0 0 1 10.3186970156 0.0 1.2974998951
8 1.0 2 0 3 2 3 1 7.48429578758 0.00344214250433 165124.0535
7 1.0 1 1 0 0 0 1 11.1611659757 0.0 4.56699991226
3 1.0 2 2 1 0 2 1 7.16338842693 0.0 13769.181
5 1.0 1 3 0 2 0 1 10.5379400437 0.0 1.72500002384
6 30.0 3 2 1 0 0 1 10.0151098983 0.0 2.08950006962
3 15.0 3 1 0 2 3 1 6.87298844006 0.0 3362.66250002
4 5.0 3 5 1 0 0 1 10.8649199443 0.0 9.11450004578
7 1.0 2 3 0 3 0 0 12.393434134 0.0 5.01250004768
8 5.0 3 1 2 0 3 1 8.33149933295 0.0 285856.668
6 1.0 1 2 0 0 1 1 7.98242255871 0.0 404.492500068
6 15.0 1 2 0 0 2 1 8.69689922009 0.0 1467.78549992
3 1.0 2 1 2 0 0 1 10.851796716 0.0 3.28650009632
3 1.0 2 1 0 1 0 1 11.1888221517 0.0 2.67849993706
3 1.0 3 2 1 0 0 1 10.0152716445 0.0 30.6694999933
3 1.0 3 0 0 0 2 1 7.30928880338 0.0 8981.67349995
3 1.0 3 1 0 1 3 1 7.2767364463 0.0 602792.881
13 1.0 3 0 0 1 0 1 10.6272100019 0.0 97.3849999905
6 15.0 2 0 0 1 0 0 12.2953250311 0.0 0.262999892235
6 15.0 1 0 3 0 1 0 8.91031663316 0.015057707802 27.9645001431
5 15.0 2 0 2 0 0 1 10.3377577321 0.0 0.569499969482
4 15.0 2 0 0 0 0 1 10.6696642244 0.0 0.452999949455
5 5.0 2 2 0 2 0 0 11.9896428554 0.0 0.378499865532
3 15.0 1 5 2 0 0 1 11.0619881815 0.0 0.469499945641
3 15.0 3 2 3 2 0 1 9.95824212101 0.0571140770793 2.76399993896
3 1.0 1 0 1 0 3 1 7.01767799371 0.0 853683.815
5 1.0 2 1 0 0 0 1 11.1888221517 0.0 4.49549996853
6 15.0 1 1 1 3 3 1 8.44197284285 0.0 102600.721
10 1.0 1 1 0 0 0 0 12.2935839437 0.0 5.91750013828
11 1.0 2 2 0 0 2 1 9.17366831036 0.0 41302.8734999
13 15.0 2 2 0 2 2 1 8.51404311555 0.0 298.551999915
12 15.0 3 1 0 0 0 1 11.1461116554 0.0 7.87199997902
12 1.0 2 1 1 0 0 1 10.7298605595 0.0 8.12400007248
11 1.0 2 5 0 0 2 1 10.1699733905 0.0 41302.636
3 15.0 3 1 0 0 2 1 7.62602386383 0.0 635.668500009
5 1.0 3 5 2 0 0 1 11.0139734677 0.0 35.5945000648
6 1.0 3 2 0 2 3 1 7.43445213479 0.0 63882.2865001
7 1.0 3 2 0 1 0 1 10.5083886758 0.0 56.6395000219
3 15.0 2 0 0 0 0 1 10.6696642244 0.0 0.43950009346
7 15.0 2 2 0 3 0 1 10.6932631279 0.0 0.664499998093
5 30.0 3 0 0 0 0 1 10.5874846011 0.0 1.88249993324
9 5.0 2 2 0 0 2 1 9.01319188255 0.0 6910.13899998
4 1.0 2 0 1 0 0 1 10.1842386734 0.0 3.20899999142
6 15.0 3 2 0 0 0 1 10.4926256149 0.0 4.43900001049
3 5.0 2 3 0 2 0 1 10.5428666161 0.0 0.56400001049
6 15.0 3 2 0 0 1 1 7.58158562775 0.0 25.1639999504
3 15.0 2 0 0 0 2 1 7.54340993168 0.0 931.843500069
9 15.0 3 0 0 3 0 0 12.273318338 0.0 7.01800000668
7 15.0 3 0 0 1 0 1 10.5875027655 0.0 5.84649991989
3 1.0 2 0 0 0 2 1 7.54363874355 0.0 13768.261
5 1.0 2 3 0 0 2 1 8.33956687677 0.0 20651.1500001
13 1.0 1 1 0 0 2 0 11.2218697243 0.0 42684.0845
12 15.0 2 1 0 3 3 1 9.46569743133 0.0 211681.262
7 15.0 3 3 0 3 2 1 8.65367328924 0.0 1273.99800002
3 15.0 3 1 0 2 2 1 7.19570314753 0.0 50.2530000315
5 15.0 3 1 1 2 0 1 10.4286224151 0.0 3.39549994469
9 1.0 1 1 2 1 2 0 10.3409518146 0.0 29063.927
3 1.0 3 0 2 0 0 1 10.2566606717 0.0 22.1210000515
6 15.0 1 1 0 0 1 1 8.43084665553 0.0 28.2415000935
5 15.0 1 0 0 0 0 1 10.6389052818 0.0 0.450500011444
4 30.0 3 1 2 1 0 1 10.7642082147 0.0 1.8449999094
3 15.0 2 0 0 1 3 1 7.12369495868 0.0 62040.5649999
3 15.0 3 3 0 0 2 1 7.362394235 0.0 636.164000096
3 5.0 1 1 3 2 0 1 10.5233180114 0.0336370664533 0.520499944687
6 15.0 2 2 0 1 3 1 7.98023726917 0.0 109800.838
6 15.0 3 4 2 0 2 1 8.00997440909 0.0 1115.56550008
8 15.0 3 1 0 0 1 1 8.26749683254 0.0 32.2244999542
5 1.0 2 1 0 1 0 1 11.1888221517 0.0 4.06399989128
3 1.0 2 0 2 0 2 1 7.32180434615 0.0 13768.3595002
9 5.0 2 4 0 1 3 1 8.49585382343 0.0 464642.6305
4 15.0 3 1 1 0 0 1 10.6147928498 0.0 3.27349996567
12 30.0 3 0 0 0 1 1 8.26166070654 0.0 23.0380000381
3 5.0 3 2 0 3 0 1 10.5028560226 0.0 8.82700002193
3 1.0 3 2 0 0 0 1 10.4926911759 0.0 31.5219999552
5 1.0 3 0 0 3 2 1 8.034499155 0.0 13469.4745001
7 1.0 3 1 0 0 2 1 9.00474127515 0.0 17965.6245
12 1.0 3 0 0 0 0 1 10.6228279215 0.0 80.1335000992
12 1.0 3 1 0 3 0 1 11.1824900273 0.0 92.6299999952
3 15.0 2 0 0 0 3 0 8.15174414908 0.0 65280.3074999
13 15.0 2 0 0 3 3 0 10.3987768522 0.0 228001.0215
3 30.0 3 1 0 0 0 1 11.0983286206 0.0 1.35450005531
12 30.0 1 0 0 0 3 1 9.00259155573 0.0 97800.6099999
3 1.0 1 2 2 3 0 1 10.3279823658 0.0 3.11100006104
3 1.0 1 1 3 2 3 0 7.24161221173 0.0112349402474 59521.5124999
5 15.0 3 0 0 3 0 1 10.6143830114 0.0 4.56550002098
7 15.0 3 1 0 0 0 1 11.0983478334 0.0 5.070499897
8 15.0 3 1 0 0 0 1 11.1217975995 0.0 5.60349988937
9 15.0 3 1 0 2 0 1 10.9024209289 0.0 6.3370000124
3 15.0 3 3 0 3 0 1 10.7486271598 0.0 3.1210000515
3 15.0 3 1 0 0 0 1 11.0983478334 0.0 2.65649986267
6 15.0 3 0 0 3 0 1 10.6259166193 0.0 5.16149997711
7 1.0 2 0 1 1 3 1 7.88180632047 0.0 1852808.836
11 1.0 1 0 0 1 0 1 10.6546328095 0.0 5.12949991226
5 1.0 1 1 1 0 0 1 10.6700948276 0.0 3.695499897
6 1.0 1 1 3 3 0 1 10.9858509023 0.011964058647 3.50500011444
3 1.0 3 1 0 0 1 1 7.12756444296 0.0 190.466999969
5 1.0 3 1 0 3 0 1 11.1222830128 0.0 43.7194998264
7 1.0 3 5 0 3 1 1 8.5491122365 0.0 387.997499928
3 30.0 1 1 0 3 0 0 12.2617845456 0.0 0.104000091553
9 15.0 2 2 3 2 0 1 9.95005748495 0.0129694025902 0.556500077248
4 15.0 2 1 0 0 0 1 11.1852510294 0.0 0.532999992371
10 30.0 2 1 0 3 0 1 11.2533607886 0.0 0.522999882698
3 15.0 3 0 3 3 0 1 10.2356519736 0.0504336363041 3.04500007629
4 1.0 2 1 0 1 0 0 12.291960666 0.0 3.60000002384
6 1.0 1 0 0 3 0 1 10.829474745 0.0 3.81849992275
3 30.0 1 1 2 3 3 1 7.55754551361 0.0 30000.406
3 15.0 1 1 0 0 0 1 11.1527169136 0.0 0.448500037193
3 1.0 2 1 1 3 0 1 10.7371644729 0.0 3.70200002193
12 5.0 1 1 3 3 0 1 11.0743703169 0.0020940383026 1.80900001526
6 1.0 2 1 0 0 0 0 12.291960666 0.0 5.06950008869
4 1.0 2 2 0 3 0 1 10.6212562851 0.0 4.12700009346
3 30.0 2 4 0 1 0 1 10.6169865406 0.0 0.381499886513
4 15.0 2 1 3 3 0 1 10.8396184167 0.0287620359359 0.47000002861
6 1.0 1 0 3 0 0 1 10.1805179494 0.0162835772642 3.19900000095
7 1.0 1 0 0 3 1 0 9.59589641989 0.0 458.377999911
12 1.0 1 3 0 3 3 0 10.5725008775 0.0 2765047.9665
12 1.0 3 3 0 0 0 0 12.2399659718 0.0 70.7920000553
12 1.0 3 1 0 3 0 1 11.1824900273 0.0 84.2414999008
4 15.0 1 0 3 2 0 1 10.0454688809 0.0492703364597 0.358500003815
3 15.0 1 1 0 0 0 1 11.1527169136 0.0 0.467000007629
6 15.0 1 2 0 3 0 1 10.7080052654 0.0 0.577000141144
7 15.0 1 1 0 1 0 0 12.2589689136 0.0 0.299499869347
4 5.0 1 1 3 3 0 1 10.967531312 0.0125431692398 0.938999891281
12 5.0 1 0 3 2 1 1 7.65619771517 0.0190157809834 11.9835001297
3 15.0 3 4 0 1 0 0 12.1982127315 0.0 2.84749996662
7 15.0 1 1 3 0 0 1 10.8451507201 0.0129359733906 0.601000070572
3 1.0 1 1 0 0 0 1 11.1562733124 0.0 2.76649999619
6 1.0 1 3 1 0 0 1 10.2889798792 0.0 4.57149994373
5 1.0 2 5 3 0 2 1 8.72521025547 0.00155403007679 20651.365
3 1.0 2 2 0 3 0 1 10.6086049274 0.0 3.27099990845
6 30.0 1 4 3 0 0 1 10.1835217332 0.0251973906755 0.4375
4 15.0 2 2 3 0 1 1 7.03015544451 0.00622165086546 22.4305001049
4 5.0 3 0 3 0 0 1 10.2043227025 0.00432193769638 8.89450001717
4 5.0 3 0 3 0 0 1 10.1827950192 0.00452283675101 8.59350001812
6 15.0 3 1 3 1 2 1 8.4506069847 0.00946560174969 1096.5599999
6 1.0 2 4 0 0 1 1 7.8522796289 0.0 456.978500156
4 1.0 3 1 3 3 0 1 10.7285381297 0.0124111453999 36.5470000505
5 1.0 3 1 1 3 0 1 10.6377962639 0.0 41.627499938
4 15.0 2 2 0 0 0 1 10.5739064105 0.0 0.539499998093
6 15.0 1 0 0 0 1 1 8.03828244661 0.0 28.2019999762
5 15.0 1 2 0 0 1 1 7.63242447641 0.0 24.2495000448
6 5.0 2 1 3 2 0 1 10.4915226429 0.0272649862442 0.786500096321
5 5.0 2 2 2 3 1 1 7.35300134719 0.0 79.1320001173
9 30.0 3 3 1 0 3 1 8.00125665606 0.0 55203.0255001
4 15.0 3 0 0 0 0 0 12.1982127315 0.0 2.96749997139
5 15.0 3 1 3 0 0 1 10.7746691242 0.00204114888457 3.93650007248
4 15.0 3 0 0 3 1 1 7.22592798463 0.0 18.4949999323
9 5.0 1 4 1 3 3 1 8.49330752162 0.0 426482.026
4 15.0 3 1 3 2 2 1 7.74209090273 0.019045398723 63.2170000505
12 5.0 2 2 0 0 0 0 12.3260679711 0.0 1.61149990559
4 1.0 1 5 3 0 0 1 10.9655547443 0.011837632106 3.4240000248
5 1.0 2 2 3 0 1 1 7.20862929324 0.0164190283884 392.932500109
12 15.0 3 0 0 2 0 1 10.4022663064 0.0 7.64899992943
12 15.0 3 1 0 0 2 1 9.50226506011 0.0 2065.0769999
12 15.0 3 1 0 3 2 1 9.5513834027 0.0 2066.0480001
13 15.0 3 1 3 3 0 1 10.8815875404 0.032728228025 9.13199996948
8 5.0 3 2 3 0 1 1 7.61140879103 0.0153848517741 91.6085000267
3 1.0 3 0 0 0 0 1 10.5856074064 0.0 24.5774999857
3 15.0 2 4 0 0 0 1 10.6132308683 0.0 0.506500005722
3 5.0 1 1 3 0 2 0 8.61630267891 0.00703013353045 2447.10299997
4 30.0 3 0 0 0 2 0 8.93870698003 0.0 403.620499916
3 1.0 2 0 0 2 0 1 10.4101579783 0.0 1.08050000668
5 30.0 2 3 0 0 2 1 8.33705426567 0.0 714.395499901
4 15.0 2 1 3 2 2 1 7.75107336231 0.00312632192102 106.585500068
5 1.0 2 3 0 0 0 1 10.8025280031 0.0 4.38150000572
6 15.0 3 0 0 2 0 1 10.4022663064 0.0 4.47000002861
5 15.0 3 1 3 1 0 1 10.7189714686 0.00511204854292 4.55349981785
6 15.0 2 1 0 2 0 1 10.9136326708 0.0 0.420999884605
3 1.0 2 1 3 3 2 1 7.76518653562 0.00821199308351 13769.1699999
3 30.0 2 4 0 1 2 1 7.47814681273 0.0 455.80250005
12 15.0 2 1 0 0 1 1 9.0572822279 0.0 57.7444999676
3 30.0 3 1 3 0 2 0 8.02295549606 0.0131830246358 322.913499886
7 5.0 2 4 0 0 1 1 8.03733571447 0.0 105.132999935
11 15.0 3 1 0 3 2 1 9.40662117888 0.0 1908.55700011
13 15.0 3 1 0 0 0 1 11.1415693924 0.0 7.05049991608
6 5.0 3 0 0 0 1 1 7.67735909649 0.0 70.0495000477
4 5.0 3 0 1 1 1 0 7.88878349501 0.0 49.143000021
4 1.0 3 0 1 0 0 1 10.107258848 0.0 28.749499917
6 30.0 2 1 0 0 2 0 9.75795310272 0.0 832.278000051
3 30.0 2 1 2 0 0 1 10.8520519416 0.0 0.410999894142
3 15.0 1 3 0 0 1 1 7.28561550238 0.0 16.2245000477
3 30.0 3 3 3 1 0 0 11.8246866344 0.0218332990839 1.31650006771
4 30.0 3 1 3 1 0 1 10.7068225335 0.0214969946022 1.89149999619
9 15.0 1 1 3 0 2 0 10.3861614771 0.0342854519857 2094.21749995
5 15.0 3 5 0 1 2 1 8.65993518855 0.0 935.600500038
7 15.0 3 1 0 0 0 1 11.0983478334 0.0 5.03100001812
7 15.0 1 3 0 3 0 0 12.4966630427 0.0 0.297000050545
3 5.0 1 1 1 1 2 0 8.48534387851 0.0 2347.74200003
10 15.0 3 0 0 0 2 1 8.85904536567 0.0 1746.14399997
12 15.0 3 2 3 0 2 1 8.63274425145 0.0143245587012 2065.92250001
3 15.0 3 4 0 0 2 1 7.25410364994 0.0 636.122500005
4 30.0 3 1 0 0 2 1 8.21919040437 0.0 403.929499931
11 15.0 3 3 3 0 2 0 9.91102379722 0.00423647085894 1907.3630001
5 5.0 3 4 0 0 3 1 7.54301635649 0.0 189970.843
12 15.0 3 0 3 2 2 1 8.26114631979 0.00463575785801 163.295500104
8 1.0 1 1 0 0 0 0 12.2640830872 0.0 4.34049999714
3 1.0 3 2 3 2 3 1 6.30068034194 0.00721435700257 36506.8164999
3 1.0 3 1 0 0 3 1 7.28813088603 0.0 621387.2685
6 30.0 2 1 0 0 0 0 12.2997923389 0.0 0.189499974251
3 30.0 1 2 3 2 0 1 9.91909146535 0.0522560413363 0.348500013351
4 30.0 2 1 0 1 0 1 11.1892487035 0.0 0.411000013351
4 30.0 1 3 0 0 3 1 7.751891013 0.0 37560.466
4 15.0 1 1 3 1 1 1 7.42123970795 0.00975744211199 19.3634999599
4 30.0 3 1 0 0 2 0 8.93870698003 0.0 403.635000057
12 15.0 1 1 3 1 2 1 9.79487098757 0.00396295504808 2615.053
3 30.0 3 2 0 0 0 1 10.4926076452 0.0 1.30900001526
3 30.0 3 1 0 1 2 0 8.25489375038 0.0 317.919499965
12 30.0 3 5 0 3 0 0 12.2484276754 0.0 4.12999999523
4 1.0 2 0 0 0 2 0 9.13948683723 0.0 17194.2355001
3 15.0 3 1 0 0 0 1 11.0983478334 0.0 2.6455000639
6 30.0 1 0 3 1 2 1 8.40952778764 0.00426183082738 717.739000013
4 30.0 2 1 0 0 2 0 9.10768027272 0.0 594.241999973
5 30.0 3 1 3 0 2 0 8.72193294258 0.0197731217773 484.30249997
6 1.0 2 1 0 0 2 1 8.98553344714 0.0 24085.3165
3 1.0 3 1 0 0 0 1 11.1028650413 0.0 26.2070000172
3 1.0 3 1 0 1 2 1 7.65675864562 0.0 8725.75049994
4 1.0 3 3 0 1 2 1 7.97285985077 0.0 10836.0914999
8 1.0 3 0 3 3 1 1 7.70407104462 0.0326298499785 439.163500023
4 30.0 2 0 0 3 0 0 12.2997923389 0.0 0.114999890327
3 30.0 2 1 2 0 0 0 11.951492005 0.0 0.136000037193
3 30.0 2 5 3 0 2 1 7.97335022997 0.0305554245809 476.394999991
6 30.0 2 3 0 0 0 1 10.8055123547 0.0 0.486999988556
4 15.0 1 0 0 2 1 0 7.97141107887 0.0 1.67800006866
3 30.0 3 5 0 0 0 0 12.1981912617 0.0 1.08550000191
5 30.0 2 0 2 3 2 0 9.30733533278 0.0 714.07450004
3 30.0 3 2 0 0 1 1 6.70889367002 0.0 7.21200001144
3 30.0 3 1 3 0 0 0 11.8308363814 0.0179502225236 1.07749998569
5 30.0 3 1 0 0 1 0 8.20369850223 0.0 10.5065000429
4 15.0 2 1 3 0 0 1 10.8280921352 0.00897244178018 0.550500035286
3 1.0 2 0 1 0 0 0 11.7931324265 0.0 2.50249993801
4 30.0 1 0 3 0 0 1 10.3118699761 0.0569316284572 0.378499984741
11 5.0 2 1 3 1 1 0 9.46037169437 0.00615758626931 148.452499995
12 15.0 1 0 0 0 2 1 9.66981028614 0.0 2726.24949997
4 1.0 1 3 0 0 2 0 9.27726288001 0.0 15236.531
10 30.0 3 1 3 1 0 1 10.7131327535 0.050601877529 3.35399997234
4 1.0 2 1 0 0 3 1 7.9708744999 0.0 1204085.791
12 15.0 3 2 3 0 2 1 8.65149720239 0.0346460160952 2063.81850004
13 15.0 3 1 2 0 2 0 10.1375950282 0.0 2219.84950012
3 30.0 2 0 2 0 0 0 11.951492005 0.0 0.100000023842
4 30.0 2 1 0 0 0 0 12.2997923389 0.0 0.146000027657
5 15.0 1 0 2 0 2 1 8.18249646612 0.0 1257.16700002
4 15.0 2 3 1 0 1 1 7.09259188823 0.0 22.4820000677
4 30.0 2 0 0 1 2 0 9.07560038189 0.0 563.376000021
6 30.0 1 0 3 0 0 0 11.8973117871 0.0250071811313 0.118000030518
12 15.0 2 1 3 2 0 1 10.5690486709 0.0310944681521 0.507499933243
4 30.0 3 1 0 0 1 0 8.15341639507 0.0 8.79950008297
9 30.0 2 0 0 0 0 1 10.6734437717 0.0 0.43850004673
6 30.0 3 0 0 0 0 0 12.1981912617 0.0 1.82100009918
4 30.0 2 1 0 0 0 0 12.2997923389 0.0 0.107499957085
6 5.0 2 0 1 0 2 1 8.17293332708 0.0 4837.85050001
4 15.0 2 0 3 1 2 1 7.67068225065 0.026154214924 1108.17000004
7 5.0 1 1 0 0 0 1 11.1604745093 0.0 1.16050004959
8 15.0 2 0 0 0 2 0 10.1867628221 0.0 2092.48199998
4 15.0 3 1 0 0 2 0 8.98201371455 0.0 790.469000001
8 15.0 2 1 0 0 2 1 9.34257234461 0.0 2092.71949994
5 1.0 2 0 1 0 1 0 8.25258074256 0.0 390.366500005
12 15.0 3 0 0 3 2 1 9.08199392392 0.0 2064.24749994
5 1.0 2 1 3 0 1 1 7.6349681499 0.00438699808074 390.458000168
4 15.0 1 0 3 1 2 0 8.93466662054 0.0306656424976 1000.04549995
6 15.0 1 1 3 0 0 1 10.7614993192 0.0255047326549 0.577000021935
4 15.0 1 5 0 1 1 1 7.94199489738 0.0 19.3940000143
5 15.0 2 2 0 0 2 1 8.16299019825 0.0 1399.40899992
10 15.0 1 1 0 0 2 1 9.96430535567 0.0 2303.44050004
3 5.0 1 0 0 0 0 1 10.6365662444 0.0 0.700499892235
7 15.0 2 1 0 0 2 1 9.23960452171 0.0 1863.45350001
8 15.0 1 4 0 2 0 1 10.3519075246 0.0 0.415500044823
4 1.0 2 1 0 2 0 1 10.9171606999 0.0 2.12949991226
12 15.0 1 1 1 0 0 1 10.7268730419 0.0 0.745499849319
12 5.0 2 1 1 0 0 1 10.7300466288 0.0 2.01800000668
4 15.0 2 0 0 0 2 1 7.99667254465 0.0 1164.7225
6 15.0 3 1 1 0 3 1 7.9012724662 0.0 76804.6365
4 1.0 1 1 0 0 0 1 11.1562733124 0.0 3.17200005054
8 15.0 3 3 0 0 1 1 7.98224655801 0.0 32.2019999161
4 15.0 3 0 0 0 0 0 12.1982127315 0.0 2.79250001907
8 15.0 3 1 0 1 2 1 8.97441595885 0.0 1405.22950005
3 1.0 3 1 2 3 2 1 7.48319498138 0.0 8983.04999995
4 1.0 3 0 0 0 1 1 7.21276100701 0.0 238.640500054
8 1.0 3 1 1 2 2 1 8.13160979322 0.0 1222.51700006
5 15.0 2 0 3 1 2 1 7.88733408579 0.0250936544615 1342.83050006
10 15.0 1 4 0 1 2 1 9.35560499726 0.0 2202.38400009
12 5.0 2 0 0 1 0 1 10.684198974 0.0 1.47950005531
6 30.0 3 0 0 0 0 1 10.5874846011 0.0 2.10500001907
6 15.0 2 5 0 1 2 1 9.30378322904 0.0 1567.2494999
3 15.0 3 1 0 0 2 1 7.62602386383 0.0 636.119999948
5 15.0 3 2 0 0 0 1 10.4926256149 0.0 3.82299995422
6 15.0 3 1 0 3 1 1 8.04825793352 0.0 25.9050000067
8 30.0 3 1 1 0 2 0 9.36732350004 0.0 726.606499911
3 5.0 3 3 0 0 0 1 10.7204258629 0.0 7.325999856
9 15.0 3 1 1 0 2 1 8.83295125794 0.0 1596.68850009
12 15.0 3 5 0 1 2 1 9.90217970026 0.0 2030.9775001
3 15.0 2 1 0 1 0 0 12.2953250311 0.0 0.185000061989
3 5.0 3 1 0 0 2 1 7.66970117052 0.0 1828.95200006
5 15.0 3 0 1 1 0 1 10.1090554878 0.0 4.44400000572
3 15.0 3 1 2 0 2 1 7.41020817471 0.0 635.914499941
8 15.0 3 1 1 0 0 0 11.7286700488 0.0 4.13599991798
12 15.0 3 1 0 0 0 1 11.1461116554 0.0 6.30900001526
9 5.0 3 1 1 0 0 1 10.6541680179 0.0 14.1305000782
3 1.0 3 0 0 3 0 1 10.5982887396 0.0 27.9730000496
12 30.0 2 1 1 0 0 0 11.8120808098 0.0 0.323500037193
11 30.0 2 2 3 2 2 1 8.01643541322 0.0427817723415 132.312999963
6 5.0 2 2 3 0 3 1 7.74136615702 0.00492975875466 338402.063
5 15.0 3 2 0 0 2 1 7.85795308322 0.0 952.306999968
4 1.0 1 2 0 0 0 1 10.5426203611 0.0 3.09500002861
6 15.0 3 3 1 1 1 1 7.40265530744 0.0 25.3660000019
4 1.0 2 0 3 0 1 1 7.06787635845 0.0321978587063 326.502999949
3 15.0 3 2 0 0 0 1 10.4926256149 0.0 2.68499994278
3 1.0 1 1 0 0 3 1 7.68790906832 0.0 853683.907
6 15.0 3 0 0 0 0 0 12.1982127315 0.0 4.13199996948
4 5.0 3 4 0 1 3 1 7.46252142928 0.0 153970.84
3 15.0 1 5 2 0 2 1 8.28090151958 0.0 839.38
6 15.0 3 0 2 1 0 0 11.8530948901 0.0 4.92399990559
5 30.0 1 0 0 0 0 1 10.6412874355 0.0 0.356999993324
4 5.0 3 4 1 0 2 0 8.6533494561 0.0 2270.11750002
12 15.0 3 1 0 1 2 1 9.48733776549 0.0 2030.2635
8 5.0 3 1 2 0 0 1 10.7964310371 0.0 14.7514998913
8 1.0 3 1 2 0 0 0 11.8793115844 0.0 56.2865000963
8 1.0 3 3 0 0 2 1 8.7199527207 0.0 20234.613
12 1.0 3 3 0 1 3 0 9.82454980529 0.0 1983210.0645
8 5.0 2 3 0 0 0 1 10.8026387678 0.0 1.46849989891
4 15.0 2 3 0 1 0 1 10.8016769575 0.0 0.481499910355
8 15.0 3 1 1 0 0 0 11.7286700488 0.0 5.33550000191
4 15.0 3 4 0 2 0 1 10.3475220739 0.0 3.3789999485
8 15.0 3 2 0 0 0 1 10.5145582449 0.0 5.58500003815
11 15.0 3 1 0 0 0 0 12.2405245923 0.0 7.13150000572
6 1.0 2 2 0 0 1 0 8.99458344853 0.0 457.460500031
3 1.0 1 0 0 0 2 1 7.79443797698 0.0 12207.656
6 1.0 2 0 0 1 0 1 10.6668178172 0.0 3.76749992371
6 1.0 1 1 1 0 0 1 10.6700948276 0.0 4.54549992085
10 15.0 1 3 0 1 2 1 9.50513627219 0.0 2202.39650002
12 30.0 3 0 0 0 2 0 10.3057938542 0.0 1047.68399996
5 30.0 2 1 3 0 0 0 11.9227404792 0.0193990600946 0.148999929428
6 15.0 3 1 1 0 2 1 8.33466587413 0.0 1115.58700007
10 15.0 2 3 1 1 2 1 8.84902078521 0.0 2447.36050002
3 1.0 2 0 1 1 2 1 7.18124670009 0.0 13177.3995
9 1.0 2 4 1 1 1 0 9.12891839399 0.0 614.420500096
4 1.0 3 4 0 0 3 1 7.47043460111 0.0 779791.1035
5 1.0 3 2 1 3 0 1 10.0324709827 0.0 45.6805001497
7 1.0 3 1 0 0 2 0 9.80537180568 0.0 17958.5539999
3 15.0 1 3 0 0 2 1 7.88591203194 0.0 839.388000016
9 15.0 2 2 0 0 2 1 9.00113796794 0.0 2324.13099991
12 15.0 2 3 1 1 2 1 9.02227407313 0.0 2904.65400012
8 15.0 2 3 0 1 0 1 10.8016769575 0.0 0.663499951363
3 30.0 3 1 1 1 2 1 7.29551077349 0.0 318.204999895
5 15.0 3 3 1 1 2 0 8.68720597737 0.0 935.396500042
13 30.0 3 1 1 1 0 1 10.6443490381 0.0 4.71500003338
6 1.0 2 2 0 1 2 0 9.71855703074 0.0 22973.1495
4 1.0 2 1 1 0 2 1 8.05723266676 0.0 17195.6504999
6 15.0 3 3 0 0 0 1 10.7183014069 0.0 4.41649997234
4 15.0 2 3 1 0 2 0 8.7810584473 0.0 1164.489
8 1.0 2 3 0 1 2 1 8.93897189876 0.0 29405.1555
4 15.0 2 0 1 3 2 1 7.77297380081 0.0 1164.65399996
6 5.0 2 3 3 3 2 1 8.52585136415 0.0357761913188 4837.88749995
8 1.0 1 0 1 1 0 1 10.1550892141 0.0 4.12849998474
8 15.0 3 0 2 1 2 1 8.2827717224 0.0 1405.90249991
3 1.0 3 1 1 2 0 1 10.4325172623 0.0 30.7769999504
4 1.0 3 0 0 0 1 1 7.21276100701 0.0 242.504499898
3 1.0 3 0 1 1 0 1 10.107258848 0.0 32.5415000916
6 1.0 3 0 3 0 1 1 7.41132010091 0.0254476543593 337.493999973
4 15.0 1 0 0 3 1 1 7.52459007357 0.0 20.1695000019
9 15.0 2 1 0 1 0 1 11.1852510294 0.0 0.710999965668
3 30.0 3 5 2 1 2 0 8.03332043314 0.0 317.984500022
8 5.0 1 1 1 1 0 1 10.6705975702 0.0 1.26449990273
7 5.0 2 2 0 0 0 1 10.573156887 0.0 1.375
3 15.0 2 0 2 0 3 1 6.95553791504 0.0 65280.5769999
4 15.0 3 0 1 0 2 1 7.52975173059 0.0 790.738500018
7 1.0 2 0 2 2 2 1 7.86933344082 0.0 2103.65300004
6 15.0 2 1 0 0 3 1 8.49771293676 0.0 114000.777
6 30.0 1 2 1 1 2 1 8.23617549606 0.0 717.77549999
8 15.0 3 3 3 1 2 1 8.39691660486 0.0127424302364 1406.68300008
8 15.0 3 0 0 1 2 0 9.77774812142 0.0 1406.27799999
6 15.0 3 3 2 1 2 1 8.1242227526 0.0 1097.33599992
8 15.0 3 1 0 1 2 1 8.97441595885 0.0 1406.67300009
3 15.0 2 0 2 1 0 1 10.3377577321 0.0 0.425999999046
6 15.0 3 1 2 0 2 1 8.44512742756 0.0 1115.55150002
7 15.0 3 4 0 1 2 1 8.47074893568 0.0 1246.50350006
10 5.0 3 0 0 2 0 1 10.4020076651 0.0 15.3320000172
3 1.0 3 2 1 1 0 1 10.0152716445 0.0 29.5099999905
6 1.0 3 0 3 0 2 1 7.9972281964 0.0285605327773 15731.0565001
8 30.0 2 1 0 0 0 1 11.1892487035 0.0 0.49749982357
3 15.0 2 0 0 0 2 1 7.54340993168 0.0 931.836000016
3 15.0 2 2 2 1 2 1 7.2158185582 0.0 894.240500058
3 15.0 1 3 2 1 0 1 10.438324702 0.0 0.483500003815
3 5.0 2 2 0 1 0 1 10.573156887 0.0 0.81350004673
3 1.0 1 0 2 3 0 1 10.4217482063 0.0 2.68449997902
10 30.0 3 0 2 1 0 0 11.8530740955 0.0 3.39250004292
3 15.0 2 1 3 3 2 1 7.7605710912 0.00792845692925 931.821999958
7 15.0 2 0 0 0 0 1 10.6696642244 0.0 0.536500096321
13 5.0 2 1 0 1 0 1 11.2084611148 0.0 1.84100008011
8 15.0 3 2 2 1 1 1 7.57399961601 0.0 32.5744999428
9 15.0 3 3 0 1 0 1 10.7299423945 0.0 7.22200000286
10 30.0 3 3 0 3 2 1 8.96173887411 0.0 883.596000021
10 15.0 3 1 2 3 2 1 9.08669937326 0.0 1747.02500002
13 15.0 3 3 0 0 0 0 12.2465118181 0.0 8.00749993324
3 15.0 3 0 2 1 0 1 10.2584892913 0.0 2.90949988365
7 30.0 3 0 0 0 1 1 7.7433859217 0.0 14.1014999905
8 30.0 3 0 2 1 0 1 10.2584717686 0.0 2.33399999142
7 5.0 3 0 2 0 0 1 10.2736384399 0.0 8.90750002861
8 1.0 3 3 0 1 2 1 8.70211182885 0.0 19640.64
11 30.0 1 1 2 1 0 0 11.9146749972 0.0 0.223500013351
3 5.0 2 0 2 0 2 1 7.32173933311 0.0 2765.86600006
3 30.0 3 0 0 1 0 1 10.5874846011 0.0 1.52399992943
4 30.0 3 0 1 0 0 1 10.1090382225 0.0 1.52699995041
8 15.0 2 0 0 1 1 1 8.12454054611 0.0 37.9300000181
7 15.0 1 4 2 2 0 1 10.0298087056 0.0 0.424499988556
6 30.0 3 0 2 1 3 1 7.58920054799 0.0 37802.4295001
9 30.0 2 4 0 1 2 1 8.97551521882 0.0 1142.46800001
3 15.0 3 2 3 0 0 1 10.1252504657 0.0290918519193 2.6890001297
4 30.0 2 1 2 3 0 1 10.8520519416 0.0 0.37650001049
8 15.0 2 1 0 3 3 0 9.78397541491 0.0 146520.707
8 15.0 2 1 0 0 2 1 9.34257234461 0.0 2092.87249993
7 15.0 1 1 0 0 1 1 8.62825088229 0.0 32.1795000134
6 15.0 3 0 2 0 2 1 8.03122936315 0.0 1115.40500003
10 30.0 3 0 2 1 2 1 8.53978586162 0.0 866.247500012
4 30.0 3 1 2 1 3 1 7.59530077306 0.0 27001.6905
3 30.0 3 0 2 1 2 1 7.03973419902 0.0 318.014499993
10 30.0 3 0 1 1 0 1 10.1090382225 0.0 3.28499996662
3 1.0 3 0 2 0 1 1 6.61176963169 0.0 187.425000033
6 1.0 3 1 2 0 0 1 10.768746608 0.0 38.3840000629
3 30.0 3 3 2 1 3 1 6.77649227672 0.0 21121.5335001
4 30.0 3 0 3 1 2 1 7.53965227647 0.00504982229815 397.199499962
5 30.0 3 0 0 0 0 1 10.5874846011 0.0 1.78099989891
5 30.0 3 0 0 1 0 1 10.5874846011 0.0 2.19499993324
6 30.0 3 0 0 0 3 1 7.82572567462 0.0 38522.222
3 30.0 1 0 2 0 2 1 7.54604151127 0.0 428.384000063
11 15.0 2 3 2 1 2 1 9.01123809366 0.0 2676.90399998
8 30.0 3 0 0 1 1 0 8.9567406025 0.0 15.9580000591
8 30.0 3 0 2 1 0 1 10.2584717686 0.0 3.00600004196
3 5.0 2 4 2 1 3 1 6.90118451562 0.0 184321.33
3 1.0 1 0 2 3 0 0 12.0468381775 0.0 2.34999990463
3 15.0 3 0 0 0 0 1 10.5875027655 0.0 2.56799983978
5 30.0 1 1 0 0 0 0 12.2617845456 0.0 0.111999988556
3 15.0 3 3 0 1 2 0 8.26795577715 0.0 625.867499965
5 30.0 3 1 2 1 0 1 10.7642082147 0.0 2.14849996567
8 1.0 2 3 2 2 1 1 7.3389606847 0.0 48.8539999723
6 15.0 3 0 2 1 0 1 10.2584892913 0.0 4.87450003624
10 1.0 1 0 2 1 2 1 9.10090506181 0.0 31797.309
8 15.0 3 0 0 1 0 1 10.6009811979 0.0 4.22299993038
3 1.0 3 0 0 1 0 1 10.5856074064 0.0 25.1349999905
3 15.0 2 3 0 1 2 1 7.59093640423 0.0 894.213000025
7 15.0 2 0 2 0 2 1 8.52325641528 0.0 1863.31749998
3 30.0 3 0 1 1 1 1 6.47866838569 0.0 7.13250002861
6 15.0 2 0 0 1 3 1 8.04789312838 0.0 109800.784
11 30.0 2 2 3 0 0 1 10.1851592275 0.00848712984599 0.531000137329
4 5.0 2 0 1 1 2 1 7.61859137386 0.0 3288.12499992
4 15.0 3 0 1 1 1 1 6.89008152941 0.0 18.1325000324
6 15.0 3 0 0 1 3 1 7.83923122174 0.0 75245.064
5 15.0 2 2 0 1 2 1 8.10117128752 0.0 1342.84149986
12 15.0 2 0 0 0 0 1 10.7039861958 0.0 0.696000099182
7 15.0 3 0 2 1 0 1 10.2584892913 0.0 5.85699999332
3 30.0 2 4 2 0 0 1 10.2855114396 0.0 0.381499886513
3 15.0 3 3 0 0 2 1 7.362394235 0.0 636.140000048
3 15.0 1 1 2 0 0 1 10.8167562327 0.0 0.419499874115
8 15.0 1 0 0 1 0 1 10.6389052818 0.0 0.47100007534
10 15.0 3 0 0 1 0 1 10.6088906891 0.0 7.64400005341
4 15.0 3 0 0 1 0 1 10.5875027655 0.0 3.12000000477
5 15.0 3 0 0 0 1 1 7.23771496358 0.0 20.8559999123
5 1.0 3 0 0 1 0 1 10.5856074064 0.0 40.6124999523
9 1.0 3 2 3 1 2 1 8.41219372758 0.0234834103322 21869.7325
3 15.0 1 1 3 1 1 0 7.91832692972 0.0168520524122 15.1569999504
6 15.0 2 1 0 1 0 0 12.2953250311 0.0 0.335500001907
5 15.0 1 2 0 0 0 1 10.5434771635 0.0 0.56049990654
5 15.0 2 1 0 0 2 0 9.41482151646 0.0 1399.09749997
3 5.0 1 2 0 0 0 1 10.5431149764 0.0 0.800000071526
8 15.0 2 4 0 1 1 1 8.09783375221 0.0 38.0140000095
3 15.0 1 1 0 1 0 1 11.1527169136 0.0 0.455000042915
10 5.0 2 1 0 1 2 0 10.4802917026 0.0 7248.87949988
5 5.0 1 0 1 0 2 1 8.07265940506 0.0 3666.40949992
9 5.0 1 1 1 1 0 1 10.6744828764 0.0 1.39250004292
3 15.0 2 5 1 1 0 1 10.9434476207 0.0 0.486500024796
8 15.0 1 2 0 3 0 1 10.7599496297 0.0 0.615499973297
7 5.0 2 0 2 2 0 0 11.65105951 0.0 0.335500121117
3 15.0 2 5 2 0 2 1 8.01631245376 0.0 931.897500089
10 15.0 2 1 0 1 2 0 10.4784080963 0.0 2446.91650002
4 1.0 1 1 3 1 0 1 10.777674898 0.0934055977631 3.31000006199
5 1.0 2 0 1 0 0 1 10.1842386734 0.0 3.6835000515
5 15.0 3 0 0 3 0 1 10.6143830114 0.0 3.19850003719
8 15.0 3 0 0 1 0 1 10.6009811979 0.0 5.1289999485
8 1.0 3 5 2 1 2 0 9.56330922603 0.0 19639.1095
3 15.0 2 3 0 1 0 1 10.8016769575 0.0 0.516000032425
3 15.0 1 1 0 0 3 1 7.67591660033 0.0 58680.5195
4 15.0 2 1 0 1 2 1 8.3572078177 0.0 1108.28850004
11 15.0 2 0 0 1 1 0 9.70088772262 0.0 49.9605001707
13 15.0 2 4 0 1 2 0 10.7630345399 0.0 3104.67599993
8 15.0 1 0 0 1 2 0 10.4107136748 0.0 1799.62750002
3 1.0 2 0 3 2 0 0 11.649419588 0.0505462975921 1.07899987698
6 15.0 1 5 1 1 3 1 8.60686151294 0.0 99240.6845
4 5.0 1 0 0 3 1 0 8.58240067935 0.0 57.8220000973
4 5.0 1 0 1 0 0 0 11.75900699 0.0 0.519999980927
7 30.0 2 3 0 1 2 1 8.82346616354 0.0 907.884000049
6 15.0 2 4 0 1 2 0 9.7165593605 0.0 1566.92000006
7 30.0 1 0 0 1 2 0 10.225504531 0.0 811.63849994
8 15.0 1 0 0 1 0 0 12.2589689136 0.0 0.24849998951
12 15.0 1 1 0 0 3 1 9.48392111368 0.0 191520.963
5 15.0 2 1 3 0 2 1 8.39861438594 0.032366987556 1399.34649992
5 15.0 1 5 0 3 2 1 9.4144105123 0.0 1253.59549998
5 15.0 3 2 0 0 2 1 7.85795308322 0.0 951.661500023
6 15.0 3 0 3 1 2 0 9.18215545554 0.0206263319044 1095.58000012
3 5.0 3 3 0 2 2 1 6.95289520905 0.0 121.317000023
4 15.0 2 0 0 1 1 0 8.29129363215 0.0 20.7679998789
5 15.0 2 5 0 3 2 0 9.58117469312 0.0 1399.11249996
3 30.0 2 5 2 0 2 1 8.00997636748 0.0 476.385499965
9 15.0 2 2 3 3 2 0 10.283198428 0.0207916254343 2323.85000013
8 15.0 2 1 0 3 1 1 8.73529276105 0.0 40.0704998703
5 15.0 2 2 0 0 1 1 7.46918540921 0.0 26.7595000486
5 15.0 2 1 0 3 1 1 8.01445634279 0.0 26.8079999905
6 15.0 2 2 0 1 2 1 8.41553794081 0.0 1567.17550002
5 15.0 1 0 0 1 0 1 10.6389052818 0.0 0.479999899864
5 15.0 2 4 0 3 2 1 8.35158917232 0.0 1399.37699998
10 15.0 2 0 0 1 2 1 9.13246917541 0.0 2447.3265001
6 15.0 2 0 0 1 2 1 8.4879102072 0.0 1567.03800009
12 30.0 1 4 0 1 2 0 10.9932221033 0.0 1327.08699994
8 15.0 2 0 1 0 2 1 8.49592737232 0.0 2092.82450007
4 15.0 2 1 0 1 2 1 8.3572078177 0.0 1108.20950004
4 15.0 3 0 0 1 2 0 8.97087707923 0.0 773.142000103
10 15.0 3 5 0 0 0 1 11.3795666731 0.0 5.69799995422
9 1.0 1 5 1 1 2 0 10.2138134029 0.0 29062.7594999
10 1.0 2 4 0 1 2 1 9.11178780735 0.0 35843.13
9 1.0 2 2 3 0 3 1 8.24013841272 0.019126593605 2408649.2105
6 15.0 2 1 0 0 0 0 12.2953250311 0.0 0.34299993515
4 15.0 1 5 0 0 0 1 11.400425531 0.0 0.480999946594
3 15.0 3 5 0 1 0 1 11.3446262702 0.0 3.15600001812
4 15.0 3 3 0 0 2 1 7.96624762049 0.0 790.751000066
3 30.0 2 1 0 1 2 1 7.86516737707 0.0 455.784500043
4 15.0 3 5 0 3 3 1 8.19977942298 0.0 54843.675
4 15.0 3 5 1 1 0 1 10.8586088613 0.0 3.75350010395
4 15.0 3 1 0 3 3 1 7.87141880492 0.0 54843.6735001
8 30.0 1 0 3 1 2 1 8.75479192802 0.00219579592198 912.940000006
4 5.0 2 4 1 0 0 1 10.129582859 0.0 1.02600002289
5 15.0 2 0 0 0 2 1 8.23262615371 0.0 1399.33100009
3 15.0 3 0 0 0 2 0 8.27971030248 0.0 635.77950007
7 5.0 2 1 0 1 2 1 9.18256857624 0.0 5272.98750005
7 30.0 2 0 0 2 2 1 8.11633211202 0.0 89.3664999714
4 15.0 3 0 0 1 2 1 7.85702880091 0.0 773.782999897
10 15.0 3 0 0 1 1 1 8.10690431056 0.0 39.6045000324
12 15.0 3 0 0 3 1 1 8.34314693292 0.0 47.0200000906
6 15.0 3 1 0 3 2 1 8.73813857482 0.0 1114.87299997
13 15.0 3 0 0 0 2 1 9.08916869648 0.0 2220.27500004
4 1.0 3 0 0 1 0 1 10.5856074064 0.0 31.8905000687
4 5.0 1 1 0 3 3 0 8.8799890451 0.0 212880.9105
5 30.0 3 0 0 3 3 1 7.48655993939 0.0 33002.102
4 15.0 3 1 0 0 2 1 8.25817103473 0.0 790.748500009
4 15.0 3 0 0 2 0 1 10.4022663064 0.0 3.34700000286
3 15.0 2 1 0 1 2 1 7.86527446536 0.0 894.193000044
9 15.0 1 3 0 3 3 1 9.01806330052 0.0 146400.823
6 15.0 3 3 0 0 2 1 8.38546766832 0.0 1115.3955
4 15.0 3 1 0 3 1 1 7.56789174307 0.0 18.558499979
3 15.0 2 1 3 1 2 1 7.6229276678 0.0288739828503 894.211500014
8 15.0 3 1 0 3 1 1 8.30607510789 0.0 33.1890000238
4 15.0 3 4 0 3 2 1 7.87779652272 0.0 791.067499895
6 15.0 3 0 0 1 0 1 10.5875027655 0.0 5.15650010109
5 15.0 3 1 0 1 0 1 11.0983478334 0.0 4.49650001526
8 15.0 2 1 0 1 2 1 9.2722579811 0.0 2000.38950008
12 1.0 2 1 0 3 2 1 10.0843114399 0.0 44734.4639999
8 5.0 3 0 1 1 2 1 8.21371851682 0.0 3986.71749994
3 1.0 3 1 0 1 2 1 7.65675864562 0.0 8726.99149999
7 1.0 3 0 0 3 2 1 8.60984686679 0.0 17965.4765
9 1.0 3 2 0 1 2 0 10.0930574784 0.0 21877.244
10 1.0 3 1 2 1 0 0 11.8908840827 0.0 76.2550001144
7 15.0 1 2 0 3 2 0 10.5461270413 0.0 1669.56650002
5 30.0 2 1 0 0 2 1 8.64635196961 0.0 714.387500004
3 15.0 2 0 0 1 2 1 7.49715140424 0.0 894.168499912
12 15.0 1 5 0 3 0 1 11.7162828789 0.0 0.763500094414
3 15.0 3 1 0 2 0 1 10.9024209289 0.0 2.64699995518
3 15.0 3 0 0 0 0 1 10.5875027655 0.0 2.59799993038
4 15.0 3 3 0 1 2 1 7.95667213669 0.0 774.04349997
6 15.0 2 2 2 3 0 1 10.3220805995 0.0 0.59399998188
5 15.0 3 1 0 0 0 1 11.0983478334 0.0 3.73450005054
6 15.0 2 1 1 1 2 1 8.54595295826 0.0 1567.07599984
3 5.0 2 0 1 1 0 1 10.1843420955 0.0 0.731499910355
10 15.0 2 0 0 1 2 1 9.13246917541 0.0 2447.23749988
9 15.0 3 0 0 1 2 1 8.75889412136 0.0 1571.77100014
4 15.0 2 1 0 1 2 1 8.3572078177 0.0 1108.30249986
7 15.0 3 5 0 1 0 1 11.3446262702 0.0 6.21900010109
4 5.0 3 0 3 1 2 1 7.58821143168 0.0650195912093 2196.03849997
8 5.0 3 0 0 1 2 1 8.5880058873 0.0 3986.38799998
6 1.0 3 3 0 2 0 1 10.5315055944 0.0 43.1269999743
8 1.0 3 0 0 0 1 1 7.92698688504 0.0 428.416499925
8 1.0 3 1 0 0 2 0 9.85510873279 0.0 20233.9495
3 15.0 2 0 0 1 1 0 7.92767232035 0.0 16.4689998312
3 15.0 2 0 3 1 0 1 10.2726234242 0.0365630906495 0.425499916077
3 15.0 1 3 0 3 2 1 7.99243579688 0.0 837.677500027
8 15.0 1 1 0 3 1 1 8.98916857019 0.0 36.0245000191
3 15.0 2 0 0 0 3 1 7.1640047773 0.0 65280.5675001
4 15.0 3 1 0 2 2 0 8.7013560833 0.0 62.8305000496
4 15.0 3 1 2 0 2 1 8.02105306845 0.0 790.768500109
3 15.0 3 1 2 3 2 1 7.43787081547 0.0 636.399500074
7 15.0 2 3 3 0 0 1 10.4718207967 0.0127741964996 0.645500063896
4 30.0 2 0 0 1 0 0 12.2997923389 0.0 0.0840001106262
8 15.0 2 1 3 1 2 1 8.98011285498 0.0578003989498 2000.38999993
4 15.0 3 0 0 2 2 1 7.62900167837 0.0 63.09900002
7 15.0 3 0 2 1 3 1 7.79962663308 0.0 86525.812
4 15.0 1 1 0 1 2 1 8.46320554402 0.0 1000.31299988
8 15.0 3 0 1 0 2 0 9.40983245937 0.0 1434.43750002
9 15.0 3 4 1 1 3 1 7.9078765563 0.0 107766.7605
4 5.0 3 2 0 3 3 1 7.4592352277 0.0 158049.9745
6 5.0 3 0 0 1 1 1 7.66428816557 0.0 67.8270000801
4 1.0 3 3 1 1 2 1 7.63493392925 0.0 10832.8725001
5 1.0 3 1 0 0 2 1 8.39950420079 0.0 13455.6135
4 15.0 1 1 0 0 2 1 8.51195925574 0.0 1044.84049994
13 15.0 1 1 0 3 2 0 11.4654680795 0.0 2921.28500004
12 15.0 2 0 0 3 0 1 10.816099867 0.0 0.713500022888
4 15.0 2 1 3 1 0 1 10.8604372347 0.0139564535096 0.518499970436
6 15.0 2 0 3 2 3 1 7.23845525411 0.000208548161324 10440.4674999
5 15.0 2 0 3 1 2 1 7.91486231446 0.00385193208319 1342.80100005
4 15.0 2 1 1 2 0 1 10.4392758202 0.0 0.370499968529
12 30.0 2 1 3 0 2 1 9.53080430998 0.0446564604988 1546.57599999
3 15.0 3 1 3 1 2 1 7.36721812626 0.012021369015 626.100999969
4 15.0 2 1 1 0 0 0 11.7963433344 0.0 0.254999995232
5 15.0 3 1 0 1 2 1 8.30819882448 0.0 935.693500093
4 30.0 3 2 0 1 2 1 7.76100123953 0.0 397.239999887
4 15.0 3 3 0 1 0 1 10.7183014069 0.0 3.8069999218
8 15.0 2 4 3 0 2 1 8.58103647528 0.0382442266138 2092.91799997
4 15.0 3 1 0 0 3 0 8.51921448753 0.0 54842.684
4 5.0 3 1 3 1 2 1 8.03530257924 0.0213997786624 2194.87649991
10 1.0 2 1 0 1 2 1 9.61366858694 0.0 35843.6985
4 1.0 3 1 0 3 0 1 11.1201316136 0.0 36.2859998941
4 1.0 3 0 0 3 0 1 10.6019204889 0.0 36.5375000238
5 1.0 3 1 0 1 3 1 7.92720792304 0.0 915162.489
4 15.0 2 0 0 0 0 0 12.2953250311 0.0 0.194000005722
4 15.0 2 0 3 0 2 0 8.87127312061 0.0517809696688 1164.46400002
5 30.0 2 3 0 0 2 1 8.33705426567 0.0 714.415500001
5 15.0 2 3 2 1 2 1 8.02993585704 0.0 1342.89700001
9 5.0 1 4 2 0 0 0 11.9320713356 0.0 1.08399999142
5 15.0 2 2 1 1 1 1 7.10319754524 0.0 25.549499917
6 5.0 1 1 1 3 3 1 8.45964748528 0.0 298921.4825
3 15.0 3 4 3 1 3 1 6.65480022785 0.00748527450502 42123.1439999
5 5.0 2 0 2 1 3 0 8.56046679169 0.0 279481.2975
4 15.0 3 1 1 0 1 1 7.23423123655 0.0 17.9649999609
8 15.0 2 4 0 2 1 0 8.51590005623 0.0 3.85049999619
4 15.0 1 0 0 1 3 1 7.63668295876 0.0 70680.551
4 30.0 2 2 0 2 2 0 8.71060266664 0.0 54.8715000954
5 15.0 3 1 0 0 0 0 12.1982127315 0.0 3.56749999523
8 15.0 3 1 1 0 0 1 10.6370749384 0.0 5.39250004292
8 15.0 3 0 1 1 2 1 8.16790879338 0.0 1406.08950006
9 15.0 3 1 3 0 2 0 9.77685598289 0.0144568710263 1595.26000004
12 15.0 3 1 1 0 0 1 10.6601781849 0.0 5.91049993038
4 5.0 3 1 0 0 2 0 9.00211902474 0.0 2267.90099998
4 5.0 3 5 0 1 0 1 11.3509348511 0.0 8.56200003624
9 30.0 3 1 0 0 0 0 12.1981912617 0.0 2.59199988842
3 1.0 1 0 1 0 2 0 8.55292691593 0.0 12207.4745
8 30.0 3 1 0 1 2 1 8.9414950398 0.0 713.300500016
4 30.0 2 1 0 0 0 1 11.1892487035 0.0 0.402999997139
5 15.0 1 1 0 3 3 1 8.41367213641 0.0 87960.6295
4 15.0 1 1 0 1 1 0 8.36068077295 0.0 19.0734999981
6 15.0 2 1 0 0 2 1 8.97820777984 0.0 1630.51599991
3 5.0 2 4 1 0 0 0 11.7932555039 0.0 0.642499923706
6 5.0 2 0 0 0 1 0 8.99477217191 0.0 91.5239999952
6 15.0 2 5 3 1 0 0 11.9136181979 0.0242238363698 0.289499998093
4 15.0 2 0 1 0 2 0 8.7810584473 0.0 1164.39549998
5 15.0 3 1 0 1 0 0 12.1982127315 0.0 4.2294999361
4 5.0 3 1 3 0 0 0 11.7936294329 0.0440943400248 8.78550004959
4 15.0 3 5 0 2 2 0 8.7013560833 0.0 62.9049998951
4 5.0 1 0 0 0 3 1 7.66807324612 0.0 214081.0745
6 1.0 2 1 0 1 2 1 8.92654006491 0.0 22972.912
13 15.0 3 1 0 1 3 1 9.01167362144 0.0 151448.201
3 1.0 3 1 3 0 3 1 7.06071916388 0.0456517279252 621386.5585
3 1.0 3 1 2 0 2 1 7.45267888041 0.0 8981.06400002
8 1.0 3 5 1 1 0 1 10.886218267 0.0 62.0529999733
4 15.0 2 0 0 2 2 1 7.63675297938 0.0 106.523999995
3 15.0 1 1 3 2 2 1 7.00328384514 0.0390598763667 68.8870000648
3 5.0 1 0 3 0 2 1 7.55989764571 0.0194438693522 2447.26550011
4 30.0 3 4 0 0 0 1 10.5315703648 0.0 1.58850002289
5 30.0 3 0 0 3 3 0 8.53299435983 0.0 33001.8210001
4 30.0 2 0 0 0 1 0 8.30028566444 0.0 11.2809999266
4 5.0 2 0 3 3 3 1 7.44214088085 0.0208026186779 241441.3495
3 5.0 2 1 0 3 2 0 8.71414732927 0.0 2765.68650008
3 15.0 1 0 2 0 2 1 7.55698468299 0.0 839.338999991
3 5.0 2 1 0 0 3 0 8.15166131838 0.0 193440.9305
7 30.0 1 1 0 2 3 1 8.11493969729 0.0 4800.35699999
8 5.0 1 5 1 0 0 1 10.924230871 0.0 1.30649995804
5 15.0 3 3 1 0 2 1 7.68430312532 0.0 952.305499957
9 5.0 2 4 0 0 3 1 8.55187299027 0.0 483362.6525
4 5.0 1 1 0 0 0 1 11.1568023927 0.0 0.802500009537
3 1.0 2 0 1 0 0 0 11.7931324265 0.0 2.25549995899
4 15.0 3 0 0 0 2 1 7.86645090511 0.0 790.039499898
4 5.0 3 1 0 0 2 0 9.00211902474 0.0 2269.28599997
4 5.0 3 1 0 0 3 1 7.86155585821 0.0 158047.9135
4 5.0 3 1 0 0 3 0 8.53626888021 0.0 158047.6305
4 30.0 1 0 0 0 2 0 9.22735957536 0.0 532.56699999
3 30.0 2 1 0 0 2 0 8.59328319947 0.0 476.11199988
4 15.0 2 1 2 1 0 1 10.8481895351 0.0 0.541000008583
4 15.0 2 3 0 0 0 1 10.8016769575 0.0 0.519500017166
8 15.0 1 4 0 1 2 1 9.05111428358 0.0 1800.00949987
5 15.0 2 0 0 0 1 1 7.53130411028 0.0 26.7265000563
4 15.0 2 0 1 0 3 1 7.27080871804 0.0 81360.658
6 5.0 2 0 2 0 2 0 9.51453214855 0.0 4837.62850001
3 15.0 2 0 0 1 1 1 6.97442973446 0.0 16.7304999514
3 5.0 1 1 1 1 2 1 7.78890925869 0.0 2348.04049998
4 5.0 2 0 1 2 3 1 6.98246556369 0.0 19560.749
4 5.0 1 0 0 0 0 0 12.2562042439 0.0 0.46850001812
3 15.0 2 1 0 3 2 1 8.01691905487 0.0 931.791499904
6 30.0 2 4 0 0 3 1 8.06028784084 0.0 58320.5604999
6 15.0 3 0 2 2 0 1 10.0797752631 0.0 4.13749992847
4 15.0 3 0 0 0 2 1 7.86645090511 0.0 790.299000044
6 15.0 3 4 0 3 3 1 7.86458960218 0.0 76804.1720001
13 15.0 3 1 1 0 2 1 9.15392427564 0.0 2219.82599992
4 5.0 3 1 0 0 0 1 11.1032219391 0.0 6.5529999733
6 1.0 3 5 0 0 2 1 9.11632298417 0.0 15728.59
4 15.0 2 0 3 0 2 0 8.82172227625 0.0151284434341 1164.48749987
7 30.0 2 1 0 0 2 1 9.22345450792 0.0 952.431499979
4 15.0 2 5 0 0 1 1 7.91089049448 0.0 22.4315000324
4 5.0 2 2 1 3 2 1 7.71688155837 0.0 3452.72250001
7 30.0 2 1 2 1 0 1 10.8520519416 0.0 0.460999965668
4 1.0 1 1 0 0 2 0 9.27726288001 0.0 15236.8589999
4 15.0 3 0 0 1 2 1 7.85702880091 0.0 773.957500005
3 5.0 1 1 1 0 2 0 8.55230158908 0.0 2447.04499988
12 1.0 2 3 0 2 0 1 10.5419680592 0.0 3.82550001144
5 5.0 1 0 0 3 2 1 8.59064070254 0.0 3661.23699995
8 15.0 3 0 1 0 2 1 8.18154910164 0.0 1435.03350009
11 15.0 2 1 0 0 2 1 9.72439475952 0.0 2795.01249996
9 15.0 3 0 2 0 2 1 8.50666142399 0.0 1596.56999998
4 15.0 1 1 0 1 2 0 9.20980313147 0.0 1000.02800003
7 15.0 3 0 0 1 1 1 7.7763728922 0.0 28.6320000286
4 15.0 3 0 0 1 3 1 7.46659866496 0.0 53763.227
10 5.0 3 1 0 2 2 1 8.82030713498 0.0 335.591999954
13 5.0 3 3 1 2 2 1 8.30918693085 0.0 425.745499998
3 1.0 3 1 0 0 2 1 7.66986622681 0.0 8980.19799996
8 1.0 3 1 3 1 0 1 10.7070334982 0.0344714267578 59.445499897
3 15.0 2 0 0 0 2 1 7.54340993168 0.0 931.840000084
6 5.0 1 0 0 1 0 0 12.2562042439 0.0 0.605499863625
6 30.0 3 0 0 0 2 1 8.24380771566 0.0 561.911500095
3 15.0 3 1 2 1 0 0 11.8530948901 0.0 2.91349995136
4 15.0 2 1 1 3 2 1 8.17700878825 0.0 1164.71649996
5 15.0 3 0 1 1 3 0 8.21630285935 0.0 64684.1365
4 15.0 3 1 0 1 3 1 7.83276950281 0.0 53763.729
4 15.0 3 1 0 1 3 1 7.83276950281 0.0 53763.7254999
3 15.0 3 0 0 0 3 1 6.91433059849 0.0 43082.6799999
5 15.0 2 0 0 0 3 1 7.759084583 0.0 97680.6755
8 15.0 3 0 0 0 3 1 8.11435878194 0.0 99365.6135
7 5.0 2 0 1 2 2 1 7.7625128506 0.0 451.130500036
7 30.0 2 0 2 1 3 0 9.13499027129 0.0 64440.3029999
3 15.0 1 0 0 1 2 1 7.72734010281 0.0 806.766000034
8 15.0 2 0 0 0 2 1 8.88572389882 0.0 2092.67299997
3 1.0 1 0 1 3 3 1 7.12186493705 0.0 849003.461
5 15.0 3 0 0 0 0 1 10.5875027655 0.0 3.40199995041
4 15.0 3 4 0 1 1 0 8.18439254206 0.0 17.3005000153
4 5.0 3 0 2 3 2 1 7.68724028544 0.0 2269.12549992
8 1.0 3 2 1 1 3 1 7.73101980293 0.0 1376457.8175
4 30.0 2 5 0 0 2 0 9.10768027272 0.0 594.24300002
3 15.0 1 0 0 3 3 0 8.46538532146 0.0 58320.234
5 15.0 2 0 1 3 2 1 8.01026260245 0.0 1399.3204999
5 15.0 1 1 0 3 3 1 8.41367213641 0.0 87960.6249999
6 15.0 2 0 0 0 2 1 8.5432427921 0.0 1630.42700004
5 30.0 3 0 0 1 0 1 10.5874846011 0.0 2.08650004864
3 15.0 3 0 0 0 2 1 7.27227001149 0.0 636.078000131
9 15.0 2 0 0 3 2 1 9.26078797179 0.0 2323.97800003
6 15.0 1 0 0 0 0 1 10.6389052818 0.0 0.492500066757
3 15.0 2 0 0 3 0 1 10.7212382831 0.0 0.439499974251
4 15.0 3 3 0 1 0 1 10.7183014069 0.0 3.86899995804
4 15.0 3 2 3 1 2 1 7.48342421375 0.00788956456603 773.949499989
5 1.0 2 0 1 1 0 1 10.1842386734 0.0 3.43449997902
8 15.0 3 0 3 0 1 1 7.63612624017 0.000779082249954 32.0075000658
8 30.0 3 0 0 2 3 0 8.81020332004 0.0 5402.17150009
4 15.0 3 0 1 1 2 0 8.62353253638 0.0 773.54199996
4 15.0 3 5 0 0 2 1 8.60722999404 0.0 790.358000059
13 15.0 3 5 0 0 3 1 9.41418725933 0.0 153967.9115
3 5.0 3 1 0 2 2 1 7.19909461309 0.0 121.897999993
9 1.0 3 0 0 0 0 0 12.2339715713 0.0 51.9379999638
4 30.0 2 5 0 0 2 1 8.72639678525 0.0 594.506000031
5 30.0 3 0 0 1 3 1 7.45894061818 0.0 32522.2145
4 1.0 2 0 0 0 0 1 10.6668178172 0.0 2.82650005817
4 15.0 3 2 0 2 2 1 7.56583578724 0.0 63.112999959
4 15.0 3 2 0 0 2 1 7.80073986906 0.0 790.771000047
11 15.0 2 0 0 3 1 1 8.69856317394 0.0 53.1870000153
4 15.0 3 1 1 0 2 1 7.91755546941 0.0 790.809999962
4 15.0 3 4 1 0 2 1 7.50983680138 0.0 790.870000024
5 15.0 2 1 0 1 2 1 8.58126218358 0.0 1342.87950009
3 30.0 1 0 0 0 0 1 10.6412874355 0.0 0.344499945641
8 15.0 3 5 2 0 3 1 8.63545733876 0.0 99365.6945
4 1.0 1 0 1 0 2 0 8.91594311436 0.0 15236.5615
4 15.0 3 0 0 0 3 0 8.51921448753 0.0 54842.948
8 15.0 3 5 0 0 2 1 9.37793586662 0.0 1435.0910001
8 15.0 3 5 0 0 0 1 11.3686928833 0.0 5.5680000782
7 30.0 3 1 0 0 0 1 11.0983286206 0.0 2.34199988842
8 15.0 3 0 0 1 2 1 8.53967870499 0.0 1406.42350005
4 15.0 3 0 0 1 2 1 7.85702880091 0.0 773.291499996
8 1.0 2 0 0 0 0 1 10.6668178172 0.0 4.09049999714
12 5.0 3 1 1 0 1 1 8.41238850841 0.0 126.289000153
3 30.0 3 1 0 0 2 0 8.26227081837 0.0 323.032500082
4 5.0 2 1 0 0 2 0 9.13925885013 0.0 3452.57400004
9 15.0 2 1 0 0 3 1 9.00099988446 0.0 162721.121
4 15.0 3 1 0 3 2 0 9.0193228514 0.0 791.202000041
4 15.0 2 2 0 3 2 0 9.28529347336 0.0 1164.52549997
4 30.0 3 0 0 1 2 1 7.82628171443 0.0 397.25750005
4 15.0 3 3 0 0 1 0 8.19343080932 0.0 17.8374999037
6 1.0 1 0 0 0 2 1 8.78426630752 0.0 21356.51
8 30.0 3 3 0 0 2 1 8.62676211789 0.0 726.870499969
4 1.0 2 5 0 0 3 1 8.3067217124 0.0 1204086.899
12 30.0 1 0 0 2 0 1 10.4051767773 0.0 0.309000015259
4 15.0 3 0 0 2 0 1 10.4022663064 0.0 3.22549986839
4 15.0 3 0 0 0 2 1 7.86645090511 0.0 790.743500013
6 15.0 2 1 0 1 0 1 11.1852510294 0.0 0.574499845505
6 15.0 1 5 3 1 1 1 8.35980133704 0.0151203226194 26.9094999933
3 15.0 3 0 0 0 2 1 7.27227001149 0.0 635.797499957
8 15.0 3 0 0 1 3 1 8.10244042464 0.0 97685.102
8 5.0 3 0 0 1 2 1 8.5880058873 0.0 3985.18700012
6 1.0 3 0 0 0 0 1 10.5856074064 0.0 40.877499938
8 1.0 3 5 0 1 0 1 11.3733245408 0.0 61.7209999561
11 30.0 1 1 0 0 1 0 10.0205976845 0.0 24.4189999647
3 30.0 1 1 0 0 2 1 8.1620039556 0.0 428.413499951
7 15.0 2 0 0 0 2 1 8.78894024488 0.0 1863.40149997
7 15.0 2 0 0 2 2 1 8.11592830808 0.0 171.648500037
5 15.0 1 5 3 3 3 1 8.46987048055 0.030231552912 87960.666
3 15.0 2 0 0 1 1 0 7.92767232035 0.0 16.4799999876
4 15.0 2 0 0 0 2 1 7.99667254465 0.0 1164.68749991
3 30.0 2 5 0 0 0 1 11.437918291 0.0 0.370500087738
5 15.0 1 3 3 1 0 1 10.43751037 0.030519677877 0.544499993324
3 30.0 1 1 3 3 1 0 8.05314895452 0.00104344852327 8.13499999046
3 15.0 2 1 3 1 1 1 7.09185808754 0.0115462152297 16.7985000296
9 5.0 1 5 0 1 2 1 10.1854305683 0.0 5861.77750003
7 15.0 1 3 0 0 0 1 10.7810390988 0.0 0.59249997139
4 5.0 1 0 0 1 2 1 8.06267701388 0.0 2916.41999994
3 1.0 2 5 2 0 2 1 8.02353050653 0.0 13769.367
6 15.0 3 0 0 1 2 1 8.2662599981 0.0 1096.51800008
5 1.0 2 3 0 1 2 1 8.28000457619 0.0 19637.371
8 1.0 1 3 0 0 2 1 9.29528808107 0.0 27444.1545
5 1.0 1 0 2 0 2 0 9.39390432306 0.0 18292.7155
8 1.0 3 5 0 3 1 1 8.64497094368 0.0 435.355499935
6 30.0 1 1 1 2 0 0 11.4979867281 0.0 0.091500043869
5 15.0 1 1 2 0 0 0 11.9119475776 0.0 0.284000039101
8 15.0 1 0 0 0 2 0 10.5099487127 0.0 1881.85300001
3 15.0 2 1 2 3 1 0 7.85368695159 0.0 17.74250002
6 15.0 1 0 0 1 0 0 12.2589689136 0.0 0.216500043869
5 5.0 1 0 0 1 1 0 8.71356037501 0.0 66.4025000305
5 1.0 2 0 0 3 0 0 12.3579937001 0.0 3.17500007153
3 1.0 2 0 3 0 2 0 8.36413397216 0.0121338628812 13768.1239999
5 5.0 1 0 2 1 2 1 8.11348049717 0.0 3515.76649994
4 30.0 1 0 2 1 0 0 11.9146749972 0.0 0.0900000333786
6 15.0 1 0 2 2 1 0 8.09844607057 0.0 2.34800004005
4 1.0 2 2 0 1 1 0 8.29188653656 0.0 308.142999922
6 1.0 2 0 0 3 2 1 8.70087477659 0.0 24085.121
4 15.0 2 1 1 1 2 0 8.73917039336 0.0 1107.95300003
7 1.0 1 0 0 1 2 0 10.2476878464 0.0 23168.8769999
7 1.0 1 0 0 0 1 0 9.41068945403 0.0 461.19400009
10 5.0 3 5 0 3 2 0 10.2917620618 0.0 5030.02250011
4 1.0 3 1 0 0 1 1 7.55818315277 0.0 240.562000141
5 1.0 3 0 0 0 3 1 7.56392130006 0.0 938196.6995
8 1.0 3 3 2 1 2 1 8.44237310533 0.0 19645.0575
7 15.0 2 1 0 0 0 0 12.2953250311 0.0 0.362499952316
6 15.0 2 1 0 1 2 0 9.7165593605 0.0 1566.93650005
6 15.0 2 1 0 0 1 0 8.99187757198 0.0 30.9774999857
3 15.0 2 2 0 0 2 1 7.48116147205 0.0 931.91750007
4 30.0 3 1 0 0 2 1 8.21919040437 0.0 403.959500141
4 30.0 3 0 0 1 0 0 12.1981912617 0.0 1.51000010967
5 15.0 2 3 2 1 2 1 8.02993585704 0.0 1342.884
4 1.0 2 2 1 2 2 1 7.2479362694 0.0 1316.26600006
5 15.0 1 0 0 3 2 0 9.83322063657 0.0 1253.42500006
5 15.0 2 4 1 0 1 0 8.25609696962 0.0 26.5519999485
6 1.0 2 2 1 0 0 1 10.0914073362 0.0 5.12149989605
4 15.0 2 0 0 3 2 1 8.12303948921 0.0 1164.67400006
5 15.0 3 1 2 1 2 0 8.79149787853 0.0 935.348499945
4 15.0 2 1 2 0 2 0 8.88675470804 0.0 1164.46700004
3 15.0 3 0 3 1 2 0 8.02320025754 0.0235830489681 625.893499988
4 1.0 2 0 0 0 3 1 7.59200618231 0.0 1204085.3155
7 1.0 1 1 2 2 0 0 11.6455033188 0.0 1.77799999714
4 5.0 3 0 0 0 2 0 9.00211902474 0.0 2269.45550008
4 1.0 3 0 3 0 2 0 8.73367392648 0.0357104445446 11181.073
5 1.0 3 1 1 1 3 0 8.27830716449 0.0 915160.347
8 30.0 2 1 3 0 2 0 9.86297482045 0.0265603775971 1070.30550003
4 15.0 2 1 2 0 2 0 8.88675470804 0.0 1164.54499999
6 15.0 2 1 0 0 1 1 8.25717705345 0.0 31.2465000391
4 15.0 2 1 2 3 2 1 8.284838184 0.0 1164.67199985
4 15.0 1 0 0 3 0 1 10.7994597341 0.0 0.425999999046
4 15.0 3 1 0 2 2 1 8.00554955443 0.0 63.234999938
5 15.0 3 1 1 1 2 0 8.68720597737 0.0 935.352999976
12 30.0 3 5 0 3 0 0 12.2484276754 0.0 4.15050005913
5 15.0 3 1 0 1 2 1 8.30819882448 0.0 935.602500012
10 30.0 1 5 1 0 2 0 10.4195010586 0.0 1172.98400006
5 15.0 3 3 2 3 1 1 7.14165729945 0.0 22.4480000391
3 15.0 3 0 1 0 2 1 6.96652401311 0.0 636.044499936
6 15.0 3 5 2 0 3 0 8.71922201593 0.0 76804.3805
4 5.0 3 0 3 0 2 0 8.72100751779 0.0198588200611 2270.37699993
5 15.0 3 3 0 1 1 0 8.22794518557 0.0 21.6769998903
4 5.0 3 3 2 0 2 0 8.75713447832 0.0 2270.28200002
10 15.0 3 0 1 0 2 0 9.75386328506 0.0 1745.48550002
3 15.0 3 5 0 0 0 0 12.1982127315 0.0 1.98899996281
3 15.0 3 1 0 0 2 0 8.27971030248 0.0 635.370000067
12 5.0 3 4 1 0 3 1 8.19843461826 0.0 412456.55
7 15.0 2 1 0 0 2 0 10.0723675409 0.0 1863.17399989
4 15.0 1 1 0 0 0 0 12.2589689136 0.0 0.191500067711
4 30.0 3 1 1 0 0 1 10.6147745443 0.0 1.60199999809
6 15.0 2 0 1 0 2 1 8.17128720977 0.0 1630.47249997
9 30.0 3 1 0 0 2 1 9.16840636261 0.0 809.256000044
4 15.0 3 4 0 0 1 1 7.17643478037 0.0 17.9595000019
3 15.0 2 5 2 3 0 0 12.0062138392 0.0 0.21799993515
4 15.0 3 1 2 0 2 1 8.02105306845 0.0 790.873000045
6 15.0 3 2 1 0 2 0 9.09948994052 0.0 1115.34600002
7 15.0 2 1 0 1 3 1 8.64010786697 0.0 125760.8685
4 30.0 3 0 0 3 2 0 8.95678898941 0.0 403.789999909
4 15.0 2 1 1 0 2 0 8.7810584473 0.0 1164.48649994
3 30.0 3 1 0 0 0 1 11.0983286206 0.0 1.31749999523
3 15.0 3 5 2 3 3 0 7.67512131742 0.0 43082.7889999
3 15.0 3 0 0 2 0 0 11.9792689744 0.0 2.42350006104
12 15.0 3 1 0 0 2 1 9.50226506011 0.0 2065.63000011
3 15.0 3 3 3 0 0 0 11.8232515897 0.014273533897 2.1345000267
4 5.0 3 5 2 0 0 1 11.0143276418 0.0 8.70550000668
13 15.0 3 1 0 2 2 1 9.00643671667 0.0 175.269500113
8 1.0 3 0 0 0 2 1 8.6051293299 0.0 20231.7615
4 15.0 1 0 3 1 0 1 10.2468230788 0.0646167300141 0.470999956131
8 15.0 2 1 3 0 0 1 10.7864764796 0.0207733867647 0.666999936104
10 30.0 3 1 0 3 3 1 8.78120403111 0.0 60963.6625
3 15.0 3 1 2 3 0 1 10.7947661566 0.0 3.16600000858
3 30.0 1 2 3 1 2 0 8.53036477067 0.0135765578851 409.265499967
6 1.0 2 3 3 0 0 0 11.8815812013 0.0462980893394 4.8465000391
7 15.0 3 0 0 2 0 1 10.4022663064 0.0 5.04149997234
4 15.0 3 0 0 0 3 1 7.47490153549 0.0 54843.212
9 15.0 3 0 0 1 1 1 8.06048471766 0.0 36.0054999838
3 5.0 3 1 1 0 0 1 10.6196838004 0.0 7.47500014305
3 15.0 2 1 1 0 0 0 11.7963433344 0.0 0.215000033379
9 30.0 1 3 3 1 2 1 9.04597418964 0.00734447571604 1020.87650001
3 30.0 2 3 0 2 1 1 6.51518016725 0.0 1.18599997234
3 15.0 3 5 3 0 3 0 7.63907511502 0.026090764611 43082.4625001
5 15.0 3 1 1 0 2 0 8.69940022575 0.0 951.832999871
12 15.0 3 0 0 0 0 1 10.6326604292 0.0 7.43750011921
5 5.0 3 3 0 1 2 1 8.08105101471 0.0 2665.9629999
9 5.0 3 1 1 0 2 0 9.71484766083 0.0 4569.58949998
3 1.0 3 0 1 3 0 0 11.7158279007 0.0 27.7580000162
5 1.0 3 1 0 1 2 1 8.38272719152 0.0 13069.9700001
