871213.992842
871075.618608
870660.440989
993470.452481
1226408.0854
1437938.58658
1621428.9643
1778095.64121
1912415.55037
1943022.65915
1971842.83918
1966521.22193
1862486.06257
1892508.4145
1882143.46897
1911639.1748
1796429.54965
1730834.35817
1793696.46315
1797749.06317
1773431.11696
1762121.73803
1856905.18483
1935365.3279
1803896.54029
1589837.4013
1545180.46782
1554308.09945
1555752.97046
1547582.89356
1530598.71458
1720308.69238
1876142.65987
1828869.50414
1827350.9922
1830468.49059
1838583.0998
1797888.33845
1810966.86832
1921559.08556
1945634.9195
1914676.60186
1862448.15499
1709556.06102
1513643.69123
1285067.40208
1143606.04284
1144458.9569
1144611.58421
1144481.12887
1144067.51083
1268838.28307
1503600.73581
1704687.61177
1870446.13467
1932262.22104
1969789.42903
1956251.1225
1840907.93325
1815997.86047
1853472.98072
1851854.80894
1839847.435
1842342.18147
1908778.99878
1755422.45036
1547869.89784
1560582.08305
1561386.11322
1561357.56008
1560471.47111
1584947.09294
1802657.53888
1969708.63794
1904937.35019
1773101.25175
1779840.91236
1817026.39854
1813733.55266
1757032.23049
1811865.58832
1947421.08079
1925114.09153
1908341.62712
1877219.9945
1969741.10293
2008820.88525
1988554.54804
1961476.94272
1813526.11571
1651213.97382
1453434.65394
1236962.59822
1004015.37513
876621.64222
877044.529901
877193.441642
877068.434183
876669.458963
985006.419778
1216401.4527
1434626.37816
1633053.36617
1793432.11873
1940318.40095
1989905.81108
2015907.21882
1925420.47985
1915317.69234
1933389.11612
1948010.46196
1842024.41357
1794282.97536
1866466.77137
1882504.29748
1882387.08645
1879533.84599
1952093.5674
1842411.39294
1682361.24737
1682460.04112
1682618.73847
1682579.71139
1682342.92035
1728785.4294
1934896.64059
2158882.77628
2318139.96881
2323346.19847
2323346.19847
2323346.19847
2251239.56499
2075278.17839
1865593.43754
1652248.78969
1462497.45991
1370903.05519
1371245.48423
1371368.92554
1371273.45595
1370959.01605
1442031.69572
1626024.25619
1838007.00649
2049617.15242
2232118.86779
2323346.19847
2323346.19847
2323346.19847
2323346.19847
2323346.19847
2323346.19847
2323346.19847
2323346.19847
2323346.19847
2323346.19847
2323346.19847
2323346.19847
2323346.19847
2323346.19847
2323346.19847
2323346.19847
2323346.19847
2323346.19847
2323346.19847
2323346.19847
2323346.19847
2323346.19847
2323346.19847
2323346.19847
2294340.07804
2172700.09475
2011254.78355
1830942.83487
1644755.19587
1462669.10429
1293888.15106
1145922.9294
1083422.56252
1083742.01888
1083848.49469
1083742.01888
1083422.56252
1145922.92941
1293888.15106
1462669.10429
1644755.19587
1830942.83485
2011254.78357
2172700.09473
2294340.07804
2323346.19847
2323346.19847
2323346.19847
2323346.19847
2323346.19847
2323346.19847
2323346.19847
2323346.19847
2323346.19847
2323346.19847
2323346.19847
2323346.19847
2323346.19847
2323346.19847
2323346.19847
2323346.19847
2323346.19847
2323346.19847
2323346.19847
2323346.19847
2323346.19847
2323346.19847
2323346.19847
2323346.19847
2323346.19847
2323346.19847
2323346.19847
2323346.19847
2323346.19847
2297748.6057
2154431.97295
1963025.4566
1755103.75902
1551644.74727
1375002.02455
1295636.40291
1295985.06041
1296104.93976
1295996.10128
1295658.49022
1367778.53107
1542281.09478
1745024.84115
1953180.92494
2145960.55574
2292778.7113
2323346.19847
2323346.19847
2323346.19847
2323346.19847
2323346.19847
2323346.19847
2323346.19847
2323346.19847
2323346.19847
2323346.19847
2323346.19847
2323346.19847
2323346.19847
2323346.19847
2323346.19847
2323346.19847
2323346.19847
2323346.19847
2323346.19847
2323346.19847
2323346.19847
2323346.19847
2323346.19847
2323346.19847
2323346.19847
2323346.19847
2323346.19847
2323346.19847
2323346.19847
2297608.93025
2178112.21952
2017673.81841
1837783.45374
1651607.02261
1469193.9776
1299897.33285
1150558.38889
1083544.86782
1083871.95898
1083986.05198
1083887.17784
1083575.30968
1141666.52031
1288152.57706
1456544.02501
1638338.02821
1824557.16629
2005280.69696
2167665.88363
2291239.27469
2323346.19847
2323346.19847
2323346.19847
2323346.19847
2323346.19847
2323346.19847
2323346.19847
2323346.19847
2323346.19847
2323346.19847
2323346.19847
2323346.19847
2323346.19847
2323346.19847
2323346.19847
2323346.19847
2323346.19847
2323346.19847
2323346.19847
2323346.19847
2323346.19847
2323346.19847
2323346.19847
2323346.19847
2236757.70901
2055737.18555
1844548.22437
1632207.33303
1446760.25758
1370881.76059
1371202.92144
1371305.10773
1371188.38305
1370852.67476
1457400.34326
1645837.99704
1858886.84913
2069076.07103
2246700.50108
2323346.19847
2323346.19847
2323346.19847
2317756.82839
2157803.27146
1933709.76317
1727976.98371
1682507.83689
1682743.41646
1682781.2548
1682621.39023
1682736.43252
1843715.92565
1951945.39155
1879390.7252
1882139.31166
1882255.63105
1866416.3684
1794205.19598
1842523.50915
1949015.12308
1933156.59475
1915866.7742
1922513.58414
1984848.56251
1947890.83564
1907004.27228
1774430.8782
1622521.34179
1437599.42036
1226233.27541
993470.452492
870660.440989
871075.618608