0.271372
0.391333
-0.343134
0.240662
-0.321385
-0.466633
0.137903
0.206019
-0.464191
-0.434170
0.024957
-0.067200
-0.145080
0.253520
-0.387162
-0.441093
0.338134
0.060160
0.261415
-0.457242
-0.324453
0.230374
0.438701
0.496236
0.162452
0.179626
0.013323
0.360741
0.353331
-0.058949
-0.290318
0.063399
-0.186904
-0.265544
0.192107
0.060802
-0.330734
-0.153078
-0.348809
0.125176
-0.274640
-0.461872
-0.068911
-0.060016
0.016935
0.029489
-0.375285
-0.371305
-0.170852
0.497937
0.474197
-0.031351
-0.037379
-0.146616
0.130600
0.129722
-0.237605
-0.342926
0.427976
0.162482
-0.080679
-0.065653
-0.065392
-0.035757
-0.243887
0.342003
0.175855
0.207872
0.062969
-0.457146
-0.271256
-0.155299
-0.217090
0.252292
0.245514
-0.405137
-0.432093
0.465718
0.093386
0.352073
0.238858
-0.216482
0.028459
0.271083
0.364974
-0.294366
0.431003
0.390932
0.446360
-0.328776
0.205606
0.057895
0.147532
-0.471597
0.333449
0.012104
-0.160806
0.042163
-0.473270
0.062483
