0.0	2.9091196405
0.00294117647059	2.9094428033
0.00588235294118	2.9097762905
0.00882352941176	2.9101197960
0.0117647058824	2.9104730453
0.0147058823529	2.9108357763
0.0176470588235	2.9112077393
0.0205882352941	2.9115886958
0.0235294117647	2.9119784185
0.0264705882353	2.9123766903
0.0294117647059	2.9127833043
0.0323529411765	2.9131980633
0.0352941176471	2.9136207790
0.0382352941176	2.9140512719
0.0411764705882	2.9144893711
0.0441176470588	2.9149349134
0.0470588235294	2.9153877434
0.05	2.9158477131
0.0529411764706	2.9163146813
0.0558823529412	2.9167885136
0.0588235294118	2.9172690820
0.0617647058824	2.9177562647
0.0647058823529	2.9182499455
0.0676470588235	2.9187500141
0.0705882352941	2.9192563654
0.0735294117647	2.9197688995
0.0764705882353	2.9202875214
0.0794117647059	2.9208121408
0.0823529411765	2.9213426719
0.0852941176471	2.9218790332
0.0882352941176	2.9224211473
0.0911764705882	2.9229689408
0.0941176470588	2.9235223442
0.0970588235294	2.9240812914
0.1	2.9246457199
0.102941176471	2.9252155705
0.105882352941	2.9257907873
0.108823529412	2.9263713172
0.111764705882	2.9269571104
0.114705882353	2.9275481196
0.117647058824	2.9281443003
0.120588235294	2.9287456107
0.123529411765	2.9293520112
0.126470588235	2.9299634648
0.129411764706	2.9305799368
0.132352941176	2.9312013946
0.135294117647	2.9318278077
0.138235294118	2.9324591477
0.141176470588	2.9330953880
0.144117647059	2.9337365040
0.147058823529	2.9343824728
0.15	2.9350332733
0.152941176471	2.9356888859
0.155882352941	2.9363492927
0.158823529412	2.9370144774
0.161764705882	2.9376844249
0.164705882353	2.9383591218
0.167647058824	2.9390385559
0.170588235294	2.9397227164
0.173529411765	2.9404115935
0.176470588235	2.9411051790
0.179411764706	2.9418034655
0.182352941176	2.9425064469
0.185294117647	2.9432141182
0.188235294118	2.9439264753
0.191176470588	2.9446435153
0.194117647059	2.9453652361
0.197058823529	2.9460916365
0.2	2.9468227163
0.202941176471	2.9475584762
0.205882352941	2.9482989175
0.208823529412	2.9490440426
0.211764705882	2.9497938544
0.214705882353	2.9505483569
0.217647058824	2.9513075543
0.220588235294	2.9520714520
0.223529411765	2.9528400559
0.226470588235	2.9536133723
0.229411764706	2.9543914085
0.232352941176	2.9551741722
0.235294117647	2.9559616718
0.238235294118	2.9567539161
0.241176470588	2.9575509145
0.244117647059	2.9583526771
0.247058823529	2.9591592144
0.25	2.9599705372
0.252941176471	2.9607866571
0.255882352941	2.9616075860
0.258823529412	2.9624333362
0.261764705882	2.9632639206
0.264705882353	2.9640993524
0.267647058824	2.9649396452
0.270588235294	2.9657848130
0.273529411765	2.9666348703
0.276470588235	2.9674898318
0.279411764706	2.9683497127
0.282352941176	2.9692145284
0.285294117647	2.9700842949
0.288235294118	2.9709590281
0.291176470588	2.9718387447
0.294117647059	2.9727234614
0.297058823529	2.9736131952
0.3	2.9745079636
0.302941176471	2.9754077841
0.305882352941	2.9763126748
0.308823529412	2.9772226538
0.311764705882	2.9781377395
0.314705882353	2.9790579506
0.317647058824	2.9799833061
0.320588235294	2.9809138252
0.323529411765	2.9818495271
0.326470588235	2.9827904317
0.329411764706	2.9837365586
0.332352941176	2.9846879279
0.335294117647	2.9856445600
0.338235294118	2.9866064751
0.341176470588	2.9875736940
0.344117647059	2.9885462374
0.347058823529	2.9895241263
0.35	2.9905073820
0.352941176471	2.9914960257
0.355882352941	2.9924900790
0.358823529412	2.9934895634
0.361764705882	2.9944945009
0.364705882353	2.9955049133
0.367647058824	2.9965208227
0.370588235294	2.9975422514
0.373529411765	2.9985692218
0.376470588235	2.9996017563
0.379411764706	3.0006398776
0.382352941176	3.0016836084
0.385294117647	3.0027329716
0.388235294118	3.0037879901
0.391176470588	3.0048486871
0.394117647059	3.0059150857
0.397058823529	3.0069872091
0.4	3.0080650809
0.402941176471	3.0091487243
0.405882352941	3.0102381631
0.408823529412	3.0113334209
0.411764705882	3.0124345213
0.414705882353	3.0135414882
0.417647058824	3.0146543454
0.420588235294	3.0157731169
0.423529411765	3.0168978268
0.426470588235	3.0180284990
0.429411764706	3.0191651578
0.432352941176	3.0203078273
0.435294117647	3.0214565317
0.438235294118	3.0226112954
0.441176470588	3.0237721426
0.444117647059	3.0249390978
0.447058823529	3.0261121854
0.45	3.0272914298
0.452941176471	3.0284768555
0.455882352941	3.0296684871
0.458823529412	3.0308663490
0.461764705882	3.0320704658
0.464705882353	3.0332808621
0.467647058824	3.0344975625
0.470588235294	3.0357205916
0.473529411765	3.0369499740
0.476470588235	3.0381857343
0.479411764706	3.0394278972
0.482352941176	3.0406764873
0.485294117647	3.0419315292
0.488235294118	3.0431930474
0.491176470588	3.0444610667
0.494117647059	3.0457356116
0.497058823529	3.0470167067
0.5	3.0483043765
0.502941176471	3.0495986455
0.505882352941	3.0508995383
0.508823529412	3.0522070794
0.511764705882	3.0535212931
0.514705882353	3.0548422039
0.517647058824	3.0561698362
0.520588235294	3.0575042142
0.523529411765	3.0588453623
0.526470588235	3.0601933046
0.529411764706	3.0615480655
0.532352941176	3.0629096690
0.535294117647	3.0642781391
0.538235294118	3.0656534999
0.541176470588	3.0670357754
0.544117647059	3.0684249894
0.547058823529	3.0698211657
0.55	3.0712243281
0.552941176471	3.0726345002
0.555882352941	3.0740517057
0.558823529412	3.0754759679
0.561764705882	3.0769073104
0.564705882353	3.0783457565
0.567647058824	3.0797913294
0.570588235294	3.0812440523
0.573529411765	3.0827039481
0.576470588235	3.0841710400
0.579411764706	3.0856453506
0.582352941176	3.0871269028
0.585294117647	3.0886157191
0.588235294118	3.0901118222
0.591176470588	3.0916152344
0.594117647059	3.0931259780
0.597058823529	3.0946440751
0.6	3.0961695479
0.602941176471	3.0977024182
0.605882352941	3.0992427078
0.608823529412	3.1007904384
0.611764705882	3.1023456315
0.614705882353	3.1039083085
0.617647058824	3.1054784907
0.620588235294	3.1070561991
0.623529411765	3.1086414548
0.626470588235	3.1102342785
0.629411764706	3.1118346908
0.632352941176	3.1134427124
0.635294117647	3.1150583635
0.638235294118	3.1166816644
0.641176470588	3.1183126350
0.644117647059	3.1199512953
0.647058823529	3.1215976650
0.65	3.1232517636
0.652941176471	3.1249136104
0.655882352941	3.1265832247
0.658823529412	3.1282606255
0.661764705882	3.1299458316
0.664705882353	3.1316388616
0.667647058824	3.1333397342
0.670588235294	3.1350484675
0.673529411765	3.1367650797
0.676470588235	3.1384895886
0.679411764706	3.1402220121
0.682352941176	3.1419623677
0.685294117647	3.1437106727
0.688235294118	3.1454669442
0.691176470588	3.1472311993
0.694117647059	3.1490034546
0.697058823529	3.1507837267
0.7	3.1525720321
0.702941176471	3.1543683867
0.705882352941	3.1561728066
0.708823529412	3.1579853075
0.711764705882	3.1598059050
0.714705882353	3.1616346142
0.717647058824	3.1634714504
0.720588235294	3.1653164284
0.723529411765	3.1671695629
0.726470588235	3.1690308683
0.729411764706	3.1709003590
0.732352941176	3.1727780488
0.735294117647	3.1746639517
0.738235294118	3.1765580813
0.741176470588	3.1784604508
0.744117647059	3.1803710734
0.747058823529	3.1822899621
0.75	3.1842171296
0.752941176471	3.1861525883
0.755882352941	3.1880963506
0.758823529412	3.1900484283
0.761764705882	3.1920088335
0.764705882353	3.1939775775
0.767647058824	3.1959546719
0.770588235294	3.1979401277
0.773529411765	3.1999339559
0.776470588235	3.2019361670
0.779411764706	3.2039467717
0.782352941176	3.2059657802
0.785294117647	3.2079932023
0.788235294118	3.2100290480
0.791176470588	3.2120733268
0.794117647059	3.2141260480
0.797058823529	3.2161872208
0.8	3.2182568541
0.802941176471	3.2203349564
0.805882352941	3.2224215363
0.808823529412	3.2245166020
0.811764705882	3.2266201615
0.814705882353	3.2287322225
0.817647058824	3.2308527927
0.820588235294	3.2329818794
0.823529411765	3.2351194897
0.826470588235	3.2372656306
0.829411764706	3.2394203087
0.832352941176	3.2415835306
0.835294117647	3.2437553024
0.838235294118	3.2459356303
0.841176470588	3.2481245201
0.844117647059	3.2503219775
0.847058823529	3.2525280079
0.85	3.2547426165
0.852941176471	3.2569658084
0.855882352941	3.2591975883
0.858823529412	3.2614379609
0.861764705882	3.2636869307
0.864705882353	3.2659445017
0.867647058824	3.2682106781
0.870588235294	3.2704854638
0.873529411765	3.2727688622
0.876470588235	3.2750608769
0.879411764706	3.2773615111
0.882352941176	3.2796707680
0.885294117647	3.2819886502
0.888235294118	3.2843151607
0.891176470588	3.2866503019
0.894117647059	3.2889940760
0.897058823529	3.2913464854
0.9	3.2937075319
0.902941176471	3.2960772174
0.905882352941	3.2984555434
0.908823529412	3.3008425115
0.911764705882	3.3032381230
0.914705882353	3.3056423789
0.917647058824	3.3080552803
0.920588235294	3.3104768279
0.923529411765	3.3129070224
0.926470588235	3.3153458642
0.929411764706	3.3177933537
0.932352941176	3.3202494911
0.935294117647	3.3227142763
0.938235294118	3.3251877092
0.941176470588	3.3276697896
0.944117647059	3.3301605170
0.947058823529	3.3326598907
0.95	3.3351679102
0.952941176471	3.3376845745
0.955882352941	3.3402098827
0.958823529412	3.3427438335
0.961764705882	3.3452864257
0.964705882353	3.3478376579
0.967647058824	3.3503975286
0.970588235294	3.3529660360
0.973529411765	3.3555431784
0.976470588235	3.3581289538
0.979411764706	3.3607233601
0.982352941176	3.3633263951
0.985294117647	3.3659380566
0.988235294118	3.3685583420
0.991176470588	3.3711872489
0.994117647059	3.3738247745
0.997058823529	3.3764709161
1.0	3.3791256706
1.00294117647	3.3817890351
1.00588235294	3.3844610063
1.00882352941	3.3871415811
1.01176470588	3.3898307561
1.01470588235	3.3925285276
1.01764705882	3.3952348922
1.02058823529	3.3979498460
1.02352941176	3.4006733853
1.02647058824	3.4034055060
1.02941176471	3.4061462041
1.03235294118	3.4088954754
1.03529411765	3.4116533156
1.03823529412	3.4144197204
1.04117647059	3.4171946852
1.04411764706	3.4199782053
1.04705882353	3.4227702761
1.05	3.4255708927
1.05294117647	3.4283800501
1.05588235294	3.4311977434
1.05882352941	3.4340239672
1.06176470588	3.4368587163
1.06470588235	3.4397019853
1.06764705882	3.4425537687
1.07058823529	3.4454140609
1.07352941176	3.4482828561
1.07647058824	3.4511601485
1.07941176471	3.4540459321
1.08235294118	3.4569402008
1.08529411765	3.4598429484
1.08823529412	3.4627541686
1.09117647059	3.4656738550
1.09411764706	3.4686020010
1.09705882353	3.4715385999
1.1	3.4744836450
1.10294117647	3.4774371294
1.10588235294	3.4803990459
1.10882352941	3.4833693874
1.11176470588	3.4863481467
1.11470588235	3.4893353163
1.11764705882	3.4923308888
1.12058823529	3.4953348563
1.12352941176	3.4983472111
1.12647058824	3.5013679453
1.12941176471	3.5043970508
1.13235294118	3.5074345194
1.13529411765	3.5104803428
1.13823529412	3.5135345125
1.14117647059	3.5165970198
1.14411764706	3.5196678561
1.14705882353	3.5227470123
1.15	3.5258344796
1.15294117647	3.5289302486
1.15588235294	3.5320343101
1.15882352941	3.5351466545
1.16176470588	3.5382672722
1.16470588235	3.5413961535
1.16764705882	3.5445332884
1.17058823529	3.5476786669
1.17352941176	3.5508322785
1.17647058824	3.5539941131
1.17941176471	3.5571641599
1.18235294118	3.5603424083
1.18529411765	3.5635288473
1.18823529412	3.5667234660
1.19117647059	3.5699262531
1.19411764706	3.5731371973
1.19705882353	3.5763562869
1.2	3.5795835103
1.20294117647	3.5828188555
1.20588235294	3.5860623106
1.20882352941	3.5893138632
1.21176470588	3.5925735010
1.21470588235	3.5958412115
1.21764705882	3.5991169818
1.22058823529	3.6024007989
1.22352941176	3.6056926499
1.22647058824	3.6089925214
1.22941176471	3.6123004000
1.23235294118	3.6156162720
1.23529411765	3.6189401235
1.23823529412	3.6222719406
1.24117647059	3.6256117091
1.24411764706	3.6289594146
1.24705882353	3.6323150425
1.25	3.6356785781
1.25294117647	3.6390500064
1.25588235294	3.6424293125
1.25882352941	3.6458164808
1.26176470588	3.6492114961
1.26470588235	3.6526143425
1.26764705882	3.6560250043
1.27058823529	3.6594434654
1.27352941176	3.6628697096
1.27647058824	3.6663037205
1.27941176471	3.6697454814
1.28235294118	3.6731949755
1.28529411765	3.6766521860
1.28823529412	3.6801170957
1.29117647059	3.6835896871
1.29411764706	3.6870699429
1.29705882353	3.6905578452
1.3	3.6940533762
1.30294117647	3.6975565178
1.30588235294	3.7010672517
1.30882352941	3.7045855596
1.31176470588	3.7081114227
1.31470588235	3.7116448223
1.31764705882	3.7151857393
1.32058823529	3.7187341547
1.32352941176	3.7222900491
1.32647058824	3.7258534030
1.32941176471	3.7294241966
1.33235294118	3.7330024102
1.33529411765	3.7365880236
1.33823529412	3.7401810166
1.34117647059	3.7437813689
1.34411764706	3.7473890600
1.34705882353	3.7510040689
1.35	3.7546263750
1.35294117647	3.7582559571
1.35588235294	3.7618927939
1.35882352941	3.7655368642
1.36176470588	3.7691881463
1.36470588235	3.7728466185
1.36764705882	3.7765122590
1.37058823529	3.7801850457
1.37352941176	3.7838649564
1.37647058824	3.7875519689
1.37941176471	3.7912460604
1.38235294118	3.7949472086
1.38529411765	3.7986553904
1.38823529412	3.8023705831
1.39117647059	3.8060927634
1.39411764706	3.8098219082
1.39705882353	3.8135579940
1.4	3.8173009974
1.40294117647	3.8210508946
1.40588235294	3.8248076619
1.40882352941	3.8285712753
1.41176470588	3.8323417108
1.41470588235	3.8361189441
1.41764705882	3.8399029508
1.42058823529	3.8436937066
1.42352941176	3.8474911867
1.42647058824	3.8512953665
1.42941176471	3.8551062212
1.43235294118	3.8589237257
1.43529411765	3.8627478550
1.43823529412	3.8665785838
1.44117647059	3.8704158868
1.44411764706	3.8742597386
1.44705882353	3.8781101136
1.45	3.8819669861
1.45294117647	3.8858303303
1.45588235294	3.8897001204
1.45882352941	3.8935763303
1.46176470588	3.8974589340
1.46470588235	3.9013479052
1.46764705882	3.9052432177
1.47058823529	3.9091448450
1.47352941176	3.9130527606
1.47647058824	3.9169669379
1.47941176471	3.9208873502
1.48235294118	3.9248139707
1.48529411765	3.9287467726
1.48823529412	3.9326857289
1.49117647059	3.9366308125
1.49411764706	3.9405819962
1.49705882353	3.9445392529
1.5	3.9485025553
1.50294117647	3.9524718758
1.50588235294	3.9564471872
1.50882352941	3.9604284618
1.51176470588	3.9644156719
1.51470588235	3.9684087900
1.51764705882	3.9724077882
1.52058823529	3.9764126387
1.52352941176	3.9804233136
1.52647058824	3.9844397848
1.52941176471	3.9884620244
1.53235294118	3.9924900042
1.53529411765	3.9965236960
1.53823529412	4.0005630717
1.54117647059	4.0046081029
1.54411764706	4.0086587612
1.54705882353	4.0127150182
1.55	4.0167768455
1.55294117647	4.0208442146
1.55588235294	4.0249170967
1.55882352941	4.0289954634
1.56176470588	4.0330792859
1.56470588235	4.0371685355
1.56764705882	4.0412631834
1.57058823529	4.0453632008
1.57352941176	4.0494685588
1.57647058824	4.0535792284
1.57941176471	4.0576951808
1.58235294118	4.0618163869
1.58529411765	4.0659428177
1.58823529412	4.0700744441
1.59117647059	4.0742112370
1.59411764706	4.0783531672
1.59705882353	4.0825002055
1.6	4.0866523227
1.60294117647	4.0908094896
1.60588235294	4.0949716768
1.60882352941	4.0991388551
1.61176470588	4.1033109950
1.61470588235	4.1074880673
1.61764705882	4.1116700424
1.62058823529	4.1158568910
1.62352941176	4.1200485837
1.62647058824	4.1242450908
1.62941176471	4.1284463830
1.63235294118	4.1326524307
1.63529411765	4.1368632044
1.63823529412	4.1410786744
1.64117647059	4.1452988113
1.64411764706	4.1495235853
1.64705882353	4.1537529669
1.65	4.1579869265
1.65294117647	4.1622254343
1.65588235294	4.1664684608
1.65882352941	4.1707159762
1.66176470588	4.1749679508
1.66470588235	4.1792243550
1.66764705882	4.1834851590
1.67058823529	4.1877503332
1.67352941176	4.1920198477
1.67647058824	4.1962936728
1.67941176471	4.2005717789
1.68235294118	4.2048541360
1.68529411765	4.2091407145
1.68823529412	4.2134314846
1.69117647059	4.2177264166
1.69411764706	4.2220254806
1.69705882353	4.2263286469
1.7	4.2306358857
1.70294117647	4.2349471672
1.70588235294	4.2392624616
1.70882352941	4.2435817392
1.71176470588	4.2479049702
1.71470588235	4.2522321248
1.71764705882	4.2565631732
1.72058823529	4.2608980856
1.72352941176	4.2652368324
1.72647058824	4.2695793837
1.72941176471	4.2739257097
1.73235294118	4.2782757808
1.73529411765	4.2826295671
1.73823529412	4.2869870389
1.74117647059	4.2913481665
1.74411764706	4.2957129202
1.74705882353	4.3000812703
1.75	4.3044531870
1.75294117647	4.3088286406
1.75588235294	4.3132076015
1.75882352941	4.3175900400
1.76176470588	4.3219759264
1.76470588235	4.3263652311
1.76764705882	4.3307579244
1.77058823529	4.3351539768
1.77352941176	4.3395533585
1.77647058824	4.3439560401
1.77941176471	4.3483619919
1.78235294118	4.3527711844
1.78529411765	4.3571835880
1.78823529412	4.3615991732
1.79117647059	4.3660179104
1.79411764706	4.3704397703
1.79705882353	4.3748647233
1.8	4.3792927399
1.80294117647	4.3837237907
1.80588235294	4.3881578464
1.80882352941	4.3925948775
1.81176470588	4.3970348546
1.81470588235	4.4014777484
1.81764705882	4.4059235295
1.82058823529	4.4103721687
1.82352941176	4.4148236367
1.82647058824	4.4192779042
1.82941176471	4.4237349420
1.83235294118	4.4281947208
1.83529411765	4.4326572115
1.83823529412	4.4371223850
1.84117647059	4.4415902121
1.84411764706	4.4460606636
1.84705882353	4.4505337106
1.85	4.4550093240
1.85294117647	4.4594874748
1.85588235294	4.4639681339
1.85882352941	4.4684512725
1.86176470588	4.4729368615
1.86470588235	4.4774248722
1.86764705882	4.4819152756
1.87058823529	4.4864080429
1.87352941176	4.4909031453
1.87647058824	4.4954005540
1.87941176471	4.4999002404
1.88235294118	4.5044021756
1.88529411765	4.5089063312
1.88823529412	4.5134126783
1.89117647059	4.5179211884
1.89411764706	4.5224318331
1.89705882353	4.5269445836
1.9	4.5314594117
1.90294117647	4.5359762887
1.90588235294	4.5404951864
1.90882352941	4.5450160763
1.91176470588	4.5495389301
1.91470588235	4.5540637196
1.91764705882	4.5585904164
1.92058823529	4.5631189924
1.92352941176	4.5676494194
1.92647058824	4.5721816693
1.92941176471	4.5767157139
1.93235294118	4.5812515253
1.93529411765	4.5857890755
1.93823529412	4.5903283365
1.94117647059	4.5948692803
1.94411764706	4.5994118792
1.94705882353	4.6039561053
1.95	4.6085019308
1.95294117647	4.6130493280
1.95588235294	4.6175982692
1.95882352941	4.6221487268
1.96176470588	4.6267006732
1.96470588235	4.6312540809
1.96764705882	4.6358089223
1.97058823529	4.6403651700
1.97352941176	4.6449227967
1.97647058824	4.6494817749
1.97941176471	4.6540420775
1.98235294118	4.6586036771
1.98529411765	4.6631665465
1.98823529412	4.6677306586
1.99117647059	4.6722959864
1.99411764706	4.6768625027
1.99705882353	4.6814301807
2.0	4.6859989933
2.00294117647	4.6905689137
2.00588235294	4.6951399151
2.00882352941	4.6997119707
2.01176470588	4.7042850538
2.01470588235	4.7088591377
2.01764705882	4.7134341958
2.02058823529	4.7180102016
2.02352941176	4.7225871286
2.02647058824	4.7271649504
2.02941176471	4.7317436405
2.03235294118	4.7363231727
2.03529411765	4.7409035206
2.03823529412	4.7454846582
2.04117647059	4.7500665592
2.04411764706	4.7546491976
2.04705882353	4.7592325473
2.05	4.7638165823
2.05294117647	4.7684012769
2.05588235294	4.7729866050
2.05882352941	4.7775725410
2.06176470588	4.7821590591
2.06470588235	4.7867461336
2.06764705882	4.7913337390
2.07058823529	4.7959218496
2.07352941176	4.8005104401
2.07647058824	4.8050994850
2.07941176471	4.8096889590
2.08235294118	4.8142788367
2.08529411765	4.8188690930
2.08823529412	4.8234597026
2.09117647059	4.8280506406
2.09411764706	4.8326418818
2.09705882353	4.8372334013
2.1	4.8418251741
2.10294117647	4.8464171756
2.10588235294	4.8510093808
2.10882352941	4.8556017650
2.11176470588	4.8601943038
2.11470588235	4.8647869723
2.11764705882	4.8693797462
2.12058823529	4.8739726011
2.12352941176	4.8785655124
2.12647058824	4.8831584561
2.12941176471	4.8877514076
2.13235294118	4.8923443431
2.13529411765	4.8969372382
2.13823529412	4.9015300690
2.14117647059	4.9061228116
2.14411764706	4.9107154420
2.14705882353	4.9153079363
2.15	4.9199002709
2.15294117647	4.9244924221
2.15588235294	4.9290843661
2.15882352941	4.9336760795
2.16176470588	4.9382675389
2.16470588235	4.9428587206
2.16764705882	4.9474496016
2.17058823529	4.9520401583
2.17352941176	4.9566303678
2.17647058824	4.9612202067
2.17941176471	4.9658096522
2.18235294118	4.9703986811
2.18529411765	4.9749872705
2.18823529412	4.9795753977
2.19117647059	4.9841630398
2.19411764706	4.9887501742
2.19705882353	4.9933367781
2.2	4.9979228291
2.20294117647	5.0025083047
2.20588235294	5.0070931823
2.20882352941	5.0116774398
2.21176470588	5.0162610548
2.21470588235	5.0208440051
2.21764705882	5.0254262685
2.22058823529	5.0300078232
2.22352941176	5.0345886469
2.22647058824	5.0391687179
2.22941176471	5.0437480143
2.23235294118	5.0483265144
2.23529411765	5.0529041964
2.23823529412	5.0574810387
2.24117647059	5.0620570198
2.24411764706	5.0666321182
2.24705882353	5.0712063126
2.25	5.0757795815
2.25294117647	5.0803519038
2.25588235294	5.0849232583
2.25882352941	5.0894936238
2.26176470588	5.0940629794
2.26470588235	5.0986313040
2.26764705882	5.1031985769
2.27058823529	5.1077647771
2.27352941176	5.1123298840
2.27647058824	5.1168938769
2.27941176471	5.1214567353
2.28235294118	5.1260184385
2.28529411765	5.1305789662
2.28823529412	5.1351382980
2.29117647059	5.1396964136
2.29411764706	5.1442532929
2.29705882353	5.1488089156
2.3	5.1533632617
2.30294117647	5.1579163112
2.30588235294	5.1624680442
2.30882352941	5.1670184409
2.31176470588	5.1715674815
2.31470588235	5.1761151462
2.31764705882	5.1806614156
2.32058823529	5.1852062699
2.32352941176	5.1897496899
2.32647058824	5.1942916560
2.32941176471	5.1988321490
2.33235294118	5.2033711496
2.33529411765	5.2079086387
2.33823529412	5.2124445970
2.34117647059	5.2169790058
2.34411764706	5.2215118459
2.34705882353	5.2260430985
2.35	5.2305727448
2.35294117647	5.2351007662
2.35588235294	5.2396271438
2.35882352941	5.2441518593
2.36176470588	5.2486748940
2.36470588235	5.2531962296
2.36764705882	5.2577158477
2.37058823529	5.2622337300
2.37352941176	5.2667498584
2.37647058824	5.2712642147
2.37941176471	5.2757767808
2.38235294118	5.2802875388
2.38529411765	5.2847964708
2.38823529412	5.2893035590
2.39117647059	5.2938087856
2.39411764706	5.2983121328
2.39705882353	5.3028135833
2.4	5.3073131193
2.40294117647	5.3118107234
2.40588235294	5.3163063783
2.40882352941	5.3208000667
2.41176470588	5.3252917712
2.41470588235	5.3297814749
2.41764705882	5.3342691605
2.42058823529	5.3387548111
2.42352941176	5.3432384097
2.42647058824	5.3477199395
2.42941176471	5.3521993836
2.43235294118	5.3566767254
2.43529411765	5.3611519483
2.43823529412	5.3656250356
2.44117647059	5.3700959709
2.44411764706	5.3745647377
2.44705882353	5.3790313197
2.45	5.3834957006
2.45294117647	5.3879578643
2.45588235294	5.3924177945
2.45882352941	5.3968754754
2.46176470588	5.4013308907
2.46470588235	5.4057840248
2.46764705882	5.4102348616
2.47058823529	5.4146833856
2.47352941176	5.4191295809
2.47647058824	5.4235734320
2.47941176471	5.4280149233
2.48235294118	5.4324540393
2.48529411765	5.4368907647
2.48823529412	5.4413250842
2.49117647059	5.4457569824
2.49411764706	5.4501864442
2.49705882353	5.4546134546
2.5	5.4590379983
2.50294117647	5.4634600606
2.50588235294	5.4678796265
2.50882352941	5.4722966812
2.51176470588	5.4767112099
2.51470588235	5.4811231980
2.51764705882	5.4855326309
2.52058823529	5.4899394940
2.52352941176	5.4943437728
2.52647058824	5.4987454531
2.52941176471	5.5031445204
2.53235294118	5.5075409606
2.53529411765	5.5119347593
2.53823529412	5.5163259027
2.54117647059	5.5207143765
2.54411764706	5.5251001669
2.54705882353	5.5294832599
2.55	5.5338636417
2.55294117647	5.5382412987
2.55588235294	5.5426162170
2.55882352941	5.5469883831
2.56176470588	5.5513577835
2.56470588235	5.5557244047
2.56764705882	5.5600882332
2.57058823529	5.5644492558
2.57352941176	5.5688074592
2.57647058824	5.5731628301
2.57941176471	5.5775153556
2.58235294118	5.5818650224
2.58529411765	5.5862118177
2.58823529412	5.5905557286
2.59117647059	5.5948967421
2.59411764706	5.5992348455
2.59705882353	5.6035700261
2.6	5.6079022713
2.60294117647	5.6122315685
2.60588235294	5.6165579052
2.60882352941	5.6208812689
2.61176470588	5.6252016473
2.61470588235	5.6295190281
2.61764705882	5.6338333990
2.62058823529	5.6381447480
2.62352941176	5.6424530629
2.62647058824	5.6467583316
2.62941176471	5.6510605423
2.63235294118	5.6553596830
2.63529411765	5.6596557419
2.63823529412	5.6639487073
2.64117647059	5.6682385674
2.64411764706	5.6725253106
2.64705882353	5.6768089255
2.65	5.6810894004
2.65294117647	5.6853667240
2.65588235294	5.6896408848
2.65882352941	5.6939118717
2.66176470588	5.6981796734
2.66470588235	5.7024442787
2.66764705882	5.7067056765
2.67058823529	5.7109638558
2.67352941176	5.7152188057
2.67647058824	5.7194705152
2.67941176471	5.7237189735
2.68235294118	5.7279641698
2.68529411765	5.7322060934
2.68823529412	5.7364447338
2.69117647059	5.7406800802
2.69411764706	5.7449121223
2.69705882353	5.7491408495
2.7	5.7533662515
2.70294117647	5.7575883179
2.70588235294	5.7618070386
2.70882352941	5.7660224032
2.71176470588	5.7702344018
2.71470588235	5.7744430241
2.71764705882	5.7786482603
2.72058823529	5.7828501003
2.72352941176	5.7870485344
2.72647058824	5.7912435526
2.72941176471	5.7954351453
2.73235294118	5.7996233027
2.73529411765	5.8038080153
2.73823529412	5.8079892734
2.74117647059	5.8121670676
2.74411764706	5.8163413884
2.74705882353	5.8205122265
2.75	5.8246795724
2.75294117647	5.8288434171
2.75588235294	5.8330037513
2.75882352941	5.8371605658
2.76176470588	5.8413138515
2.76470588235	5.8454635996
2.76764705882	5.8496098010
2.77058823529	5.8537524468
2.77352941176	5.8578915282
2.77647058824	5.8620270364
2.77941176471	5.8661589627
2.78235294118	5.8702872986
2.78529411765	5.8744120353
2.78823529412	5.8785331643
2.79117647059	5.8826506773
2.79411764706	5.8867645657
2.79705882353	5.8908748212
2.8	5.8949814355
2.80294117647	5.8990844005
2.80588235294	5.9031837078
2.80882352941	5.9072793494
2.81176470588	5.9113713173
2.81470588235	5.9154596034
2.81764705882	5.9195441998
2.82058823529	5.9236250986
2.82352941176	5.9277022919
2.82647058824	5.9317757721
2.82941176471	5.9358455313
2.83235294118	5.9399115620
2.83529411765	5.9439738565
2.83823529412	5.9480324073
2.84117647059	5.9520872069
2.84411764706	5.9561382478
2.84705882353	5.9601855228
2.85	5.9642290244
2.85294117647	5.9682687455
2.85588235294	5.9723046788
2.85882352941	5.9763368171
2.86176470588	5.9803651534
2.86470588235	5.9843896806
2.86764705882	5.9884103918
2.87058823529	5.9924272800
2.87352941176	5.9964403383
2.87647058824	6.0004495599
2.87941176471	6.0044549381
2.88235294118	6.0084564662
2.88529411765	6.0124541374
2.88823529412	6.0164479452
2.89117647059	6.0204378831
2.89411764706	6.0244239445
2.89705882353	6.0284061230
2.9	6.0323844122
2.90294117647	6.0363588058
2.90588235294	6.0403292975
2.90882352941	6.0442958810
2.91176470588	6.0482585503
2.91470588235	6.0522172991
2.91764705882	6.0561721214
2.92058823529	6.0601230112
2.92352941176	6.0640699625
2.92647058824	6.0680129693
2.92941176471	6.0719520260
2.93235294118	6.0758871265
2.93529411765	6.0798182652
2.93823529412	6.0837454364
2.94117647059	6.0876686343
2.94411764706	6.0915878534
2.94705882353	6.0955030882
2.95	6.0994143331
2.95294117647	6.1033215827
2.95588235294	6.1072248315
2.95882352941	6.1111240742
2.96176470588	6.1150193055
2.96470588235	6.1189105202
2.96764705882	6.1227977130
2.97058823529	6.1266808788
2.97352941176	6.1305600125
2.97647058824	6.1344351090
2.97941176471	6.1383061634
2.98235294118	6.1421731706
2.98529411765	6.1460361257
2.98823529412	6.1498950239
2.99117647059	6.1537498603
2.99411764706	6.1576006303
2.99705882353	6.1614473291
3.0	6.1652899519
3.00294117647	6.1691284942
3.00588235294	6.1729629515
3.00882352941	6.1767933191
3.01176470588	6.1806195927
3.01470588235	6.1844417677
3.01764705882	6.1882598398
3.02058823529	6.1920738046
3.02352941176	6.1958836579
3.02647058824	6.1996893954
3.02941176471	6.2034910129
3.03235294118	6.2072885062
3.03529411765	6.2110818712
3.03823529412	6.2148711040
3.04117647059	6.2186562003
3.04411764706	6.2224371564
3.04705882353	6.2262139682
3.05	6.2299866319
3.05294117647	6.2337551436
3.05588235294	6.2375194996
3.05882352941	6.2412796961
3.06176470588	6.2450357293
3.06470588235	6.2487875957
3.06764705882	6.2525352916
3.07058823529	6.2562788135
3.07352941176	6.2600181577
3.07647058824	6.2637533209
3.07941176471	6.2674842996
3.08235294118	6.2712110904
3.08529411765	6.2749336899
3.08823529412	6.2786520949
3.09117647059	6.2823663021
3.09411764706	6.2860763081
3.09705882353	6.2897821100
3.1	6.2934837045
3.10294117647	6.2971810884
3.10588235294	6.3008742589
3.10882352941	6.3045632128
3.11176470588	6.3082479472
3.11470588235	6.3119284591
3.11764705882	6.3156047457
3.12058823529	6.3192768041
3.12352941176	6.3229446316
3.12647058824	6.3266082253
3.12941176471	6.3302675824
3.13235294118	6.3339227005
3.13529411765	6.3375735767
3.13823529412	6.3412202085
3.14117647059	6.3448625934
3.14411764706	6.3485007287
3.14705882353	6.3521346121
3.15	6.3557642410
3.15294117647	6.3593896132
3.15588235294	6.3630107261
3.15882352941	6.3666275775
3.16176470588	6.3702401652
3.16470588235	6.3738484868
3.16764705882	6.3774525401
3.17058823529	6.3810523231
3.17352941176	6.3846478335
3.17647058824	6.3882390692
3.17941176471	6.3918260283
3.18235294118	6.3954087086
3.18529411765	6.3989871083
3.18823529412	6.4025612253
3.19117647059	6.4061310579
3.19411764706	6.4096966040
3.19705882353	6.4132578619
3.2	6.4168148299
3.20294117647	6.4203675060
3.20588235294	6.4239158887
3.20882352941	6.4274599763
3.21176470588	6.4309997671
3.21470588235	6.4345352594
3.21764705882	6.4380664518
3.22058823529	6.4415933427
3.22352941176	6.4451159306
3.22647058824	6.4486342141
3.22941176471	6.4521481917
3.23235294118	6.4556578620
3.23529411765	6.4591632236
3.23823529412	6.4626642754
3.24117647059	6.4661610159
3.24411764706	6.4696534439
3.24705882353	6.4731415583
3.25	6.4766253578
3.25294117647	6.4801048412
3.25588235294	6.4835800076
3.25882352941	6.4870508558
3.26176470588	6.4905173847
3.26470588235	6.4939795934
3.26764705882	6.4974374809
3.27058823529	6.5008910462
3.27352941176	6.5043402885
3.27647058824	6.5077852068
3.27941176471	6.5112258004
3.28235294118	6.5146620684
3.28529411765	6.5180940100
3.28823529412	6.5215216246
3.29117647059	6.5249449113
3.29411764706	6.5283638697
3.29705882353	6.5317784988
3.3	6.5351887983
3.30294117647	6.5385947675
3.30588235294	6.5419964059
3.30882352941	6.5453937129
3.31176470588	6.5487866881
3.31470588235	6.5521753310
3.31764705882	6.5555596412
3.32058823529	6.5589396183
3.32352941176	6.5623152620
3.32647058824	6.5656865719
3.32941176471	6.5690535478
3.33235294118	6.5724161894
3.33529411765	6.5757744964
3.33823529412	6.5791284687
3.34117647059	6.5824781061
3.34411764706	6.5858234084
3.34705882353	6.5891643756
3.35	6.5925010076
3.35294117647	6.5958333042
3.35588235294	6.5991612656
3.35882352941	6.6024848917
3.36176470588	6.6058041825
3.36470588235	6.6091191381
3.36764705882	6.6124297587
3.37058823529	6.6157360443
3.37352941176	6.6190379952
3.37647058824	6.6223356114
3.37941176471	6.6256288932
3.38235294118	6.6289178409
3.38529411765	6.6322024548
3.38823529412	6.6354827351
3.39117647059	6.6387586821
3.39411764706	6.6420302962
3.39705882353	6.6452975779
3.4	6.6485605275
3.40294117647	6.6518191455
3.40588235294	6.6550734323
3.40882352941	6.6583233884
3.41176470588	6.6615690144
3.41470588235	6.6648103108
3.41764705882	6.6680472782
3.42058823529	6.6712799173
3.42352941176	6.6745082285
3.42647058824	6.6777322127
3.42941176471	6.6809518704
3.43235294118	6.6841672025
3.43529411765	6.6873782095
3.43823529412	6.6905848924
3.44117647059	6.6937872520
3.44411764706	6.6969852889
3.44705882353	6.7001790041
3.45	6.7033683984
3.45294117647	6.7065534728
3.45588235294	6.7097342282
3.45882352941	6.7129106655
3.46176470588	6.7160827857
3.46470588235	6.7192505897
3.46764705882	6.7224140787
3.47058823529	6.7255732537
3.47352941176	6.7287281157
3.47647058824	6.7318786658
3.47941176471	6.7350249053
3.48235294118	6.7381668351
3.48529411765	6.7413044566
3.48823529412	6.7444377708
3.49117647059	6.7475667791
3.49411764706	6.7506914826
3.49705882353	6.7538118827
3.5	6.7569279806
3.50294117647	6.7600397777
3.50588235294	6.7631472753
3.50882352941	6.7662504748
3.51176470588	6.7693493775
3.51470588235	6.7724439849
3.51764705882	6.7755342984
3.52058823529	6.7786203196
3.52352941176	6.7817020497
3.52647058824	6.7847794905
3.52941176471	6.7878526434
3.53235294118	6.7909215099
3.53529411765	6.7939860916
3.53823529412	6.7970463902
3.54117647059	6.8001024073
3.54411764706	6.8031541444
3.54705882353	6.8062016034
3.55	6.8092447858
3.55294117647	6.8122836933
3.55588235294	6.8153183278
3.55882352941	6.8183486910
3.56176470588	6.8213747845
3.56470588235	6.8243966104
3.56764705882	6.8274141702
3.57058823529	6.8304274660
3.57352941176	6.8334364996
3.57647058824	6.8364412728
3.57941176471	6.8394417876
3.58235294118	6.8424380458
3.58529411765	6.8454300495
3.58823529412	6.8484178006
3.59117647059	6.8514013011
3.59411764706	6.8543805530
3.59705882353	6.8573555584
3.6	6.8603263193
3.60294117647	6.8632928377
3.60588235294	6.8662551158
3.60882352941	6.8692131557
3.61176470588	6.8721669595
3.61470588235	6.8751165294
3.61764705882	6.8780618676
3.62058823529	6.8810029762
3.62352941176	6.8839398574
3.62647058824	6.8868725135
3.62941176471	6.8898009468
3.63235294118	6.8927251596
3.63529411765	6.8956451540
3.63823529412	6.8985609325
3.64117647059	6.9014724974
3.64411764706	6.9043798510
3.64705882353	6.9072829956
3.65	6.9101819338
3.65294117647	6.9130766679
3.65588235294	6.9159672003
3.65882352941	6.9188535335
3.66176470588	6.9217356699
3.66470588235	6.9246136120
3.66764705882	6.9274873624
3.67058823529	6.9303569236
3.67352941176	6.9332222980
3.67647058824	6.9360834884
3.67941176471	6.9389404971
3.68235294118	6.9417933269
3.68529411765	6.9446419804
3.68823529412	6.9474864601
3.69117647059	6.9503267688
3.69411764706	6.9531629091
3.69705882353	6.9559948838
3.7	6.9588226954
3.70294117647	6.9616463467
3.70588235294	6.9644658406
3.70882352941	6.9672811796
3.71176470588	6.9700923667
3.71470588235	6.9728994046
3.71764705882	6.9757022961
3.72058823529	6.9785010441
3.72352941176	6.9812956513
3.72647058824	6.9840861207
3.72941176471	6.9868724552
3.73235294118	6.9896546576
3.73529411765	6.9924327308
3.73823529412	6.9952066779
3.74117647059	6.9979765017
3.74411764706	7.0007422052
3.74705882353	7.0035037914
3.75	7.0062612633
3.75294117647	7.0090146239
3.75588235294	7.0117638763
3.75882352941	7.0145090234
3.76176470588	7.0172500684
3.76470588235	7.0199870144
3.76764705882	7.0227198645
3.77058823529	7.0254486217
3.77352941176	7.0281732892
3.77647058824	7.0308938702
3.77941176471	7.0336103678
3.78235294118	7.0363227852
3.78529411765	7.0390311256
3.78823529412	7.0417353922
3.79117647059	7.0444355883
3.79411764706	7.0471317172
3.79705882353	7.0498237819
3.8	7.0525117860
3.80294117647	7.0551957325
3.80588235294	7.0578756250
3.80882352941	7.0605514666
3.81176470588	7.0632232607
3.81470588235	7.0658910108
3.81764705882	7.0685547201
3.82058823529	7.0712143921
3.82352941176	7.0738700301
3.82647058824	7.0765216376
3.82941176471	7.0791692181
3.83235294118	7.0818127750
3.83529411765	7.0844523117
3.83823529412	7.0870878318
3.84117647059	7.0897193387
3.84411764706	7.0923468360
3.84705882353	7.0949703271
3.85	7.0975898158
3.85294117647	7.1002053054
3.85588235294	7.1028167997
3.85882352941	7.1054243021
3.86176470588	7.1080278163
3.86470588235	7.1106273460
3.86764705882	7.1132228947
3.87058823529	7.1158144662
3.87352941176	7.1184020641
3.87647058824	7.1209856921
3.87941176471	7.1235653538
3.88235294118	7.1261410532
3.88529411765	7.1287127937
3.88823529412	7.1312805793
3.89117647059	7.1338444137
3.89411764706	7.1364043006
3.89705882353	7.1389602439
3.9	7.1415122473
3.90294117647	7.1440603148
3.90588235294	7.1466044501
3.90882352941	7.1491446572
3.91176470588	7.1516809398
3.91470588235	7.1542133019
3.91764705882	7.1567417474
3.92058823529	7.1592662803
3.92352941176	7.1617869044
3.92647058824	7.1643036237
3.92941176471	7.1668164422
3.93235294118	7.1693253639
3.93529411765	7.1718303928
3.93823529412	7.1743315329
3.94117647059	7.1768287883
3.94411764706	7.1793221629
3.94705882353	7.1818116609
3.95	7.1842972864
3.95294117647	7.1867790434
3.95588235294	7.1892569361
3.95882352941	7.1917309687
3.96176470588	7.1942011452
3.96470588235	7.1966674698
3.96764705882	7.1991299468
3.97058823529	7.2015885803
3.97352941176	7.2040433745
3.97647058824	7.2064943337
3.97941176471	7.2089414622
3.98235294118	7.2113847641
3.98529411765	7.2138242439
3.98823529412	7.2162599058
3.99117647059	7.2186917541
3.99411764706	7.2211197932
3.99705882353	7.2235440274
4.0	7.2259644612
4.00294117647	7.2283810988
4.00588235294	7.2307939448
4.00882352941	7.2332030035
4.01176470588	7.2356082795
4.01470588235	7.2380097772
4.01764705882	7.2404075010
4.02058823529	7.2428014555
4.02352941176	7.2451916452
4.02647058824	7.2475780747
4.02941176471	7.2499607485
4.03235294118	7.2523396713
4.03529411765	7.2547148476
4.03823529412	7.2570862820
4.04117647059	7.2594539793
4.04411764706	7.2618179440
4.04705882353	7.2641781809
4.05	7.2665346948
4.05294117647	7.2688874902
4.05588235294	7.2712365720
4.05882352941	7.2735819450
4.06176470588	7.2759236140
4.06470588235	7.2782615838
4.06764705882	7.2805958592
4.07058823529	7.2829264451
4.07352941176	7.2852533464
4.07647058824	7.2875765681
4.07941176471	7.2898961151
4.08235294118	7.2922119923
4.08529411765	7.2945242048
4.08823529412	7.2968327576
4.09117647059	7.2991376556
4.09411764706	7.3014389041
4.09705882353	7.3037365081
4.1	7.3060304727
4.10294117647	7.3083208031
4.10588235294	7.3106075045
4.10882352941	7.3128905821
4.11176470588	7.3151700412
4.11470588235	7.3174458869
4.11764705882	7.3197181248
4.12058823529	7.3219867599
4.12352941176	7.3242517979
4.12647058824	7.3265132439
4.12941176471	7.3287711036
4.13235294118	7.3310253824
4.13529411765	7.3332760857
4.13823529412	7.3355232191
4.14117647059	7.3377667883
4.14411764706	7.3400067987
4.14705882353	7.3422432562
4.15	7.3444761663
4.15294117647	7.3467055349
4.15588235294	7.3489313676
4.15882352941	7.3511536703
4.16176470588	7.3533724490
4.16470588235	7.3555877094
4.16764705882	7.3577994575
4.17058823529	7.3600076994
4.17352941176	7.3622124411
4.17647058824	7.3644136887
4.17941176471	7.3666114483
4.18235294118	7.3688057261
4.18529411765	7.3709965284
4.18823529412	7.3731838615
4.19117647059	7.3753677318
4.19411764706	7.3775481457
4.19705882353	7.3797251096
4.2	7.3818986302
4.20294117647	7.3840687139
4.20588235294	7.3862353676
4.20882352941	7.3883985979
4.21176470588	7.3905584116
4.21470588235	7.3927148157
4.21764705882	7.3948678170
4.22058823529	7.3970174227
4.22352941176	7.3991636398
4.22647058824	7.4013064755
4.22941176471	7.4034459371
4.23235294118	7.4055820319
4.23529411765	7.4077147675
4.23823529412	7.4098441513
4.24117647059	7.4119701911
4.24411764706	7.4140928945
4.24705882353	7.4162122694
4.25	7.4183283237
4.25294117647	7.4204410656
4.25588235294	7.4225505033
4.25882352941	7.4246566449
4.26176470588	7.4267594991
4.26470588235	7.4288590742
4.26764705882	7.4309553791
4.27058823529	7.4330484226
4.27352941176	7.4351382136
4.27647058824	7.4372247614
4.27941176471	7.4393080751
4.28235294118	7.4413881644
4.28529411765	7.4434650388
4.28823529412	7.4455387081
4.29117647059	7.4476091824
4.29411764706	7.4496764719
4.29705882353	7.4517405871
4.3	7.4538015385
4.30294117647	7.4558593371
4.30588235294	7.4579139939
4.30882352941	7.4599655204
4.31176470588	7.4620139282
4.31470588235	7.4640592291
4.31764705882	7.4661014354
4.32058823529	7.4681405597
4.32352941176	7.4701766146
4.32647058824	7.4722096135
4.32941176471	7.4742395699
4.33235294118	7.4762664976
4.33529411765	7.4782904111
4.33823529412	7.4803113250
4.34117647059	7.4823292546
4.34411764706	7.4843442156
4.34705882353	7.4863562241
4.35	7.4883652969
4.35294117647	7.4903714514
4.35588235294	7.4923747053
4.35882352941	7.4943750775
4.36176470588	7.4963725870
4.36470588235	7.4983672540
4.36764705882	7.5003590992
4.37058823529	7.5023481444
4.37352941176	7.5043344121
4.37647058824	7.5063179260
4.37941176471	7.5082987107
4.38235294118	7.5102767920
4.38529411765	7.5122521970
4.38823529412	7.5142249541
4.39117647059	7.5161950932
4.39411764706	7.5181626456
4.39705882353	7.5201276446
4.4	7.5220901253
4.40294117647	7.5240501247
4.40588235294	7.5260076824
4.40882352941	7.5279628401
4.41176470588	7.5299156426
4.41470588235	7.5318661375
4.41764705882	7.5338143759
4.42058823529	7.5357604127
4.42352941176	7.5377043070
4.42647058824	7.5396461224
4.42941176471	7.5415859283
4.43235294118	7.5435237996
4.43529411765	7.5454598185
4.43823529412	7.5473940748
4.44117647059	7.5493266673
4.44411764706	7.5512577055
4.44705882353	7.5531873109
4.45	7.5551156193
4.45294117647	7.5570427836
4.45588235294	7.5589689768
4.45882352941	7.5608943966
4.46176470588	7.5628192705
4.46470588235	7.5647438634
4.46764705882	7.5666684868
4.47058823529	7.5685935124
4.47352941176	7.5705193906
4.47647058824	7.5724466782
4.47941176471	7.5743760790
4.48235294118	7.5763085102
4.48529411765	7.5782452138
4.48823529412	7.5801879630
4.49117647059	7.5821394922
4.49411764706	7.5841045781
4.49705882353	7.5860939045
4.5	7.5882214878
4.50294117647	7.5904708700
4.50588235294	7.5927131367
4.50882352941	7.5949352918
4.51176470588	7.5971322560
4.51470588235	7.5993020067
4.51764705882	7.6014440729
4.52058823529	7.6035588679
4.52352941176	7.6056473315
4.52647058824	7.6077107148
4.52941176471	7.6097504391
4.53235294118	7.6117680000
4.53529411765	7.6137649010
4.53823529412	7.6157426064
4.54117647059	7.6177025098
4.54411764706	7.6196459126
4.54705882353	7.6215740123
4.55	7.6234878966
4.55294117647	7.6253885428
4.55588235294	7.6272768214
4.55882352941	7.6291535027
4.56176470588	7.6310192647
4.56470588235	7.6328747030
4.56764705882	7.6347203413
4.57058823529	7.6365566418
4.57352941176	7.6383840153
4.57647058824	7.6402028307
4.57941176471	7.6420134239
4.58235294118	7.6438161054
4.58529411765	7.6456111666
4.58823529412	7.6473988849
4.59117647059	7.6491795283
4.59411764706	7.6509533577
4.59705882353	7.6527206290
4.6	7.6544815940
4.60294117647	7.6562365003
4.60588235294	7.6579855907
4.60882352941	7.6597291026
4.61176470588	7.6614672657
4.61470588235	7.6632003011
4.61764705882	7.6649284192
4.62058823529	7.6666518181
4.62352941176	7.6683706820
4.62647058824	7.6700851800
4.62941176471	7.6717954649
4.63235294118	7.6735016726
4.63529411765	7.6752039219
4.63823529412	7.6769023142
4.64117647059	7.6785969339
4.64411764706	7.6802878496
4.64705882353	7.6819751143
4.65	7.6836587672
4.65294117647	7.6853388351
4.65588235294	7.6870153337
4.65882352941	7.6886882695
4.66176470588	7.6903576416
4.66470588235	7.6920234432
4.66764705882	7.6936856635
4.67058823529	7.6953442890
4.67352941176	7.6969993055
4.67647058824	7.6986506986
4.67941176471	7.7002984555
4.68235294118	7.7019425657
4.68529411765	7.7035830216
4.68823529412	7.7052198193
4.69117647059	7.7068529586
4.69411764706	7.7084824436
4.69705882353	7.7101082824
4.7	7.7117304870
4.70294117647	7.7133490730
4.70588235294	7.7149640595
4.70882352941	7.7165754683
4.71176470588	7.7181833238
4.71470588235	7.7197876518
4.71764705882	7.7213884798
4.72058823529	7.7229858358
4.72352941176	7.7245797482
4.72647058824	7.7261702449
4.72941176471	7.7277573534
4.73235294118	7.7293410999
4.73529411765	7.7309215094
4.73823529412	7.7324986052
4.74117647059	7.7340724089
4.74411764706	7.7356429401
4.74705882353	7.7372102165
4.75	7.7387742538
4.75294117647	7.7403350660
4.75588235294	7.7418926650
4.75882352941	7.7434470614
4.76176470588	7.7449982641
4.76470588235	7.7465462807
4.76764705882	7.7480911177
4.77058823529	7.7496327809
4.77352941176	7.7511712750
4.77647058824	7.7527066045
4.77941176471	7.7542387733
4.78235294118	7.7557677855
4.78529411765	7.7572936447
4.78823529412	7.7588163548
4.79117647059	7.7603359200
4.79411764706	7.7618523446
4.79705882353	7.7633656332
4.8	7.7648757907
4.80294117647	7.7663828227
4.80588235294	7.7678867347
4.80882352941	7.7693875329
4.81176470588	7.7708852237
4.81470588235	7.7723798137
4.81764705882	7.7738713098
4.82058823529	7.7753597192
4.82352941176	7.7768450491
4.82647058824	7.7783273068
4.82941176471	7.7798064998
4.83235294118	7.7812826355
4.83529411765	7.7827557212
4.83823529412	7.7842257641
4.84117647059	7.7856927715
4.84411764706	7.7871567505
4.84705882353	7.7886177080
4.85	7.7900756507
4.85294117647	7.7915305853
4.85588235294	7.7929825184
4.85882352941	7.7944314562
4.86176470588	7.7958774051
4.86470588235	7.7973203712
4.86764705882	7.7987603605
4.87058823529	7.8001973791
4.87352941176	7.8016314327
4.87647058824	7.8030625274
4.87941176471	7.8044906689
4.88235294118	7.8059158632
4.88529411765	7.8073381161
4.88823529412	7.8087574335
4.89117647059	7.8101738213
4.89411764706	7.8115872855
4.89705882353	7.8129978322
4.9	7.8144054674
4.90294117647	7.8158101971
4.90588235294	7.8172120276
4.90882352941	7.8186109651
4.91176470588	7.8200070157
4.91470588235	7.8214001858
4.91764705882	7.8227904816
4.92058823529	7.8241779095
4.92352941176	7.8255624757
4.92647058824	7.8269441866
4.92941176471	7.8283230485
4.93235294118	7.8296990676
4.93529411765	7.8310722502
4.93823529412	7.8324426025
4.94117647059	7.8338101308
4.94411764706	7.8351748411
4.94705882353	7.8365367396
4.95	7.8378958322
4.95294117647	7.8392521252
4.95588235294	7.8406056243
4.95882352941	7.8419563356
4.96176470588	7.8433042648
4.96470588235	7.8446494179
4.96764705882	7.8459918006
4.97058823529	7.8473314186
4.97352941176	7.8486682778
4.97647058824	7.8500023836
4.97941176471	7.8513337419
4.98235294118	7.8526623583
4.98529411765	7.8539882382
4.98823529412	7.8553113874
4.99117647059	7.8566318114
4.99411764706	7.8579495157
4.99705882353	7.8592645059
5.0	7.8605767875
5.00294117647	7.8618863660
5.00588235294	7.8631932470
5.00882352941	7.8644974359
5.01176470588	7.8657989382
5.01470588235	7.8670977594
5.01764705882	7.8683939050
5.02058823529	7.8696873805
5.02352941176	7.8709781912
5.02647058824	7.8722663428
5.02941176471	7.8735518405
5.03235294118	7.8748346899
5.03529411765	7.8761148963
5.03823529412	7.8773924652
5.04117647059	7.8786674020
5.04411764706	7.8799397121
5.04705882353	7.8812094008
5.05	7.8824764735
5.05294117647	7.8837409356
5.05588235294	7.8850027923
5.05882352941	7.8862620491
5.06176470588	7.8875187112
5.06470588235	7.8887727840
5.06764705882	7.8900242727
5.07058823529	7.8912731826
5.07352941176	7.8925195190
5.07647058824	7.8937632871
5.07941176471	7.8950044921
5.08235294118	7.8962431394
5.08529411765	7.8974792341
5.08823529412	7.8987127815
5.09117647059	7.8999437866
5.09411764706	7.9011722548
5.09705882353	7.9023981912
5.1	7.9036216010
5.10294117647	7.9048424894
5.10588235294	7.9060608614
5.10882352941	7.9072767223
5.11176470588	7.9084900772
5.11470588235	7.9097009312
5.11764705882	7.9109092895
5.12058823529	7.9121151570
5.12352941176	7.9133185390
5.12647058824	7.9145194406
5.12941176471	7.9157178667
5.13235294118	7.9169138226
5.13529411765	7.9181073131
5.13823529412	7.9192983435
5.14117647059	7.9204869187
5.14411764706	7.9216730437
5.14705882353	7.9228567237
5.15	7.9240379635
5.15294117647	7.9252167682
5.15588235294	7.9263931428
5.15882352941	7.9275670922
5.16176470588	7.9287386215
5.16470588235	7.9299077356
5.16764705882	7.9310744394
5.17058823529	7.9322387379
5.17352941176	7.9334006360
5.17647058824	7.9345601386
5.17941176471	7.9357172506
5.18235294118	7.9368719770
5.18529411765	7.9380243225
5.18823529412	7.9391742922
5.19117647059	7.9403218908
5.19411764706	7.9414671232
5.19705882353	7.9426099943
5.2	7.9437505088
5.20294117647	7.9448886717
5.20588235294	7.9460244878
5.20882352941	7.9471579618
5.21176470588	7.9482890986
5.21470588235	7.9494179029
5.21764705882	7.9505443795
5.22058823529	7.9516685332
5.22352941176	7.9527903688
5.22647058824	7.9539098910
5.22941176471	7.9550271046
5.23235294118	7.9561420143
5.23529411765	7.9572546248
5.23823529412	7.9583649408
5.24117647059	7.9594729670
5.24411764706	7.9605787082
5.24705882353	7.9616821691
5.25	7.9627833542
5.25294117647	7.9638822683
5.25588235294	7.9649789160
5.25882352941	7.9660733020
5.26176470588	7.9671654310
5.26470588235	7.9682553075
5.26764705882	7.9693429362
5.27058823529	7.9704283216
5.27352941176	7.9715114685
5.27647058824	7.9725923814
5.27941176471	7.9736710648
5.28235294118	7.9747475235
5.28529411765	7.9758217618
5.28823529412	7.9768937844
5.29117647059	7.9779635959
5.29411764706	7.9790312008
5.29705882353	7.9800966036
5.3	7.9811598088
5.30294117647	7.9822208209
5.30588235294	7.9832796446
5.30882352941	7.9843362841
5.31176470588	7.9853907442
5.31470588235	7.9864430291
5.31764705882	7.9874931435
5.32058823529	7.9885410917
5.32352941176	7.9895868782
5.32647058824	7.9906305075
5.32941176471	7.9916719839
5.33235294118	7.9927113120
5.33529411765	7.9937484961
5.33823529412	7.9947835406
5.34117647059	7.9958164500
5.34411764706	7.9968472287
5.34705882353	7.9978758809
5.35	7.9989024112
5.35294117647	7.9999268238
5.35588235294	8.0009491231
5.35882352941	8.0019693135
5.36176470588	8.0029873994
5.36470588235	8.0040033849
5.36764705882	8.0050172745
5.37058823529	8.0060290725
5.37352941176	8.0070387832
5.37647058824	8.0080464108
5.37941176471	8.0090519597
5.38235294118	8.0100554342
5.38529411765	8.0110568385
5.38823529412	8.0120561769
5.39117647059	8.0130534536
5.39411764706	8.0140486729
5.39705882353	8.0150418390
5.4	8.0160329562
5.40294117647	8.0170220286
5.40588235294	8.0180090606
5.40882352941	8.0189940562
5.41176470588	8.0199770197
5.41470588235	8.0209579553
5.41764705882	8.0219368672
5.42058823529	8.0229137595
5.42352941176	8.0238886363
5.42647058824	8.0248615020
5.42941176471	8.0258323605
5.43235294118	8.0268012160
5.43529411765	8.0277680727
5.43823529412	8.0287329347
5.44117647059	8.0296958061
5.44411764706	8.0306566910
5.44705882353	8.0316155935
5.45	8.0325725176
5.45294117647	8.0335274676
5.45588235294	8.0344804473
5.45882352941	8.0354314610
5.46176470588	8.0363805127
5.46470588235	8.0373276063
5.46764705882	8.0382727460
5.47058823529	8.0392159358
5.47352941176	8.0401571797
5.47647058824	8.0410964817
5.47941176471	8.0420338459
5.48235294118	8.0429692762
5.48529411765	8.0439027766
5.48823529412	8.0448343511
5.49117647059	8.0457640037
5.49411764706	8.0466917383
5.49705882353	8.0476175590
5.5	8.0485414536
5.50294117647	8.0494631415
5.50588235294	8.0503826554
5.50882352941	8.0513000259
5.51176470588	8.0522152818
5.51470588235	8.0531284495
5.51764705882	8.0540395536
5.52058823529	8.0549486165
5.52352941176	8.0558556588
5.52647058824	8.0567606995
5.52941176471	8.0576637556
5.53235294118	8.0585648427
5.53529411765	8.0594639750
5.53823529412	8.0603611654
5.54117647059	8.0612564257
5.54411764706	8.0621497666
5.54705882353	8.0630411980
5.55	8.0639307289
5.55294117647	8.0648183679
5.55588235294	8.0657041228
5.55882352941	8.0665880012
5.56176470588	8.0674700101
5.56470588235	8.0683501564
5.56764705882	8.0692284466
5.57058823529	8.0701048871
5.57352941176	8.0709794841
5.57647058824	8.0718522435
5.57941176471	8.0727231715
5.58235294118	8.0735922737
5.58529411765	8.0744595560
5.58823529412	8.0753250240
5.59117647059	8.0761886830
5.59411764706	8.0770505387
5.59705882353	8.0779105963
5.6	8.0787688608
5.60294117647	8.0796253375
5.60588235294	8.0804800311
5.60882352941	8.0813329465
5.61176470588	8.0821840883
5.61470588235	8.0830334609
5.61764705882	8.0838810689
5.62058823529	8.0847269163
5.62352941176	8.0855710074
5.62647058824	8.0864133461
5.62941176471	8.0872539363
5.63235294118	8.0880927820
5.63529411765	8.0889298867
5.63823529412	8.0897652543
5.64117647059	8.0905988884
5.64411764706	8.0914307925
5.64705882353	8.0922609702
5.65	8.0930894250
5.65294117647	8.0939161606
5.65588235294	8.0947411805
5.65882352941	8.0955644882
5.66176470588	8.0963860873
5.66470588235	8.0972059814
5.66764705882	8.0980241741
5.67058823529	8.0988406691
5.67352941176	8.0996554700
5.67647058824	8.1004685806
5.67941176471	8.1012800045
5.68235294118	8.1020897454
5.68529411765	8.1028978071
5.68823529412	8.1037041934
5.69117647059	8.1045089080
5.69411764706	8.1053119547
5.69705882353	8.1061133373
5.7	8.1069130594
5.70294117647	8.1077111248
5.70588235294	8.1085075373
5.70882352941	8.1093023005
5.71176470588	8.1100954182
5.71470588235	8.1108868940
5.71764705882	8.1116767315
5.72058823529	8.1124649344
5.72352941176	8.1132515063
5.72647058824	8.1140364507
5.72941176471	8.1148197712
5.73235294118	8.1156014713
5.73529411765	8.1163815544
5.73823529412	8.1171600242
5.74117647059	8.1179368839
5.74411764706	8.1187121371
5.74705882353	8.1194857872
5.75	8.1202578375
5.75294117647	8.1210282915
5.75588235294	8.1217971527
5.75882352941	8.1225644242
5.76176470588	8.1233301096
5.76470588235	8.1240942121
5.76764705882	8.1248567352
5.77058823529	8.1256176822
5.77352941176	8.1263770564
5.77647058824	8.1271348612
5.77941176471	8.1278911000
5.78235294118	8.1286457759
5.78529411765	8.1293988925
5.78823529412	8.1301504530
5.79117647059	8.1309004608
5.79411764706	8.1316489191
5.79705882353	8.1323958313
5.8	8.1331412007
5.80294117647	8.1338850306
5.80588235294	8.1346273243
5.80882352941	8.1353680851
5.81176470588	8.1361073162
5.81470588235	8.1368450210
5.81764705882	8.1375812027
5.82058823529	8.1383158646
5.82352941176	8.1390490098
5.82647058824	8.1397806418
5.82941176471	8.1405107636
5.83235294118	8.1412393785
5.83529411765	8.1419664897
5.83823529412	8.1426921005
5.84117647059	8.1434162140
5.84411764706	8.1441388334
5.84705882353	8.1448599620
5.85	8.1455796028
5.85294117647	8.1462977591
5.85588235294	8.1470144340
5.85882352941	8.1477296307
5.86176470588	8.1484433523
5.86470588235	8.1491556020
5.86764705882	8.1498663828
5.87058823529	8.1505756980
5.87352941176	8.1512835507
5.87647058824	8.1519899439
5.87941176471	8.1526948808
5.88235294118	8.1533983644
5.88529411765	8.1541003980
5.88823529412	8.1548009845
5.89117647059	8.1555001271
5.89411764706	8.1561978288
5.89705882353	8.1568940927
5.9	8.1575889218
5.90294117647	8.1582823193
5.90588235294	8.1589742882
5.90882352941	8.1596648314
5.91176470588	8.1603539521
5.91470588235	8.1610416533
5.91764705882	8.1617279380
5.92058823529	8.1624128092
5.92352941176	8.1630962699
5.92647058824	8.1637783231
5.92941176471	8.1644589719
5.93235294118	8.1651382191
5.93529411765	8.1658160678
5.93823529412	8.1664925209
5.94117647059	8.1671675814
5.94411764706	8.1678412523
5.94705882353	8.1685135364
5.95	8.1691844368
5.95294117647	8.1698539564
5.95588235294	8.1705220981
5.95882352941	8.1711888649
5.96176470588	8.1718542595
5.96470588235	8.1725182850
5.96764705882	8.1731809443
5.97058823529	8.1738422402
5.97352941176	8.1745021756
5.97647058824	8.1751607535
5.97941176471	8.1758179766
5.98235294118	8.1764738479
5.98529411765	8.1771283702
5.98823529412	8.1777815464
5.99117647059	8.1784333793
5.99411764706	8.1790838718
5.99705882353	8.1797330267
6.0	8.1803808468
6.00294117647	8.1810273350
6.00588235294	8.1816724940
6.00882352941	8.1823163268
6.01176470588	8.1829588360
6.01470588235	8.1836000245
6.01764705882	8.1842398951
6.02058823529	8.1848784506
6.02352941176	8.1855156937
6.02647058824	8.1861516273
6.02941176471	8.1867862540
6.03235294118	8.1874195767
6.03529411765	8.1880515981
6.03823529412	8.1886823210
6.04117647059	8.1893117481
6.04411764706	8.1899398821
6.04705882353	8.1905667257
6.05	8.1911922818
6.05294117647	8.1918165530
6.05588235294	8.1924395420
6.05882352941	8.1930612515
6.06176470588	8.1936816843
6.06470588235	8.1943008430
6.06764705882	8.1949187303
6.07058823529	8.1955353489
6.07352941176	8.1961507015
6.07647058824	8.1967647907
6.07941176471	8.1973776192
6.08235294118	8.1979891897
6.08529411765	8.1985995048
6.08823529412	8.1992085672
6.09117647059	8.1998163794
6.09411764706	8.2004229442
6.09705882353	8.2010282642
6.1	8.2016323420
6.10294117647	8.2022351802
6.10588235294	8.2028367814
6.10882352941	8.2034371482
6.11176470588	8.2040362832
6.11470588235	8.2046341891
6.11764705882	8.2052308684
6.12058823529	8.2058263237
6.12352941176	8.2064205575
6.12647058824	8.2070135725
6.12941176471	8.2076053712
6.13235294118	8.2081959561
6.13529411765	8.2087853299
6.13823529412	8.2093734950
6.14117647059	8.2099604541
6.14411764706	8.2105462095
6.14705882353	8.2111307640
6.15	8.2117141200
6.15294117647	8.2122962800
6.15588235294	8.2128772465
6.15882352941	8.2134570221
6.16176470588	8.2140356092
6.16470588235	8.2146130104
6.16764705882	8.2151892281
6.17058823529	8.2157642648
6.17352941176	8.2163381230
6.17647058824	8.2169108053
6.17941176471	8.2174823139
6.18235294118	8.2180526515
6.18529411765	8.2186218205
6.18823529412	8.2191898233
6.19117647059	8.2197566624
6.19411764706	8.2203223402
6.19705882353	8.2208868592
6.2	8.2214502217
6.20294117647	8.2220124303
6.20588235294	8.2225734874
6.20882352941	8.2231333952
6.21176470588	8.2236921564
6.21470588235	8.2242497732
6.21764705882	8.2248062481
6.22058823529	8.2253615835
6.22352941176	8.2259157817
6.22647058824	8.2264688451
6.22941176471	8.2270207762
6.23235294118	8.2275715773
6.23529411765	8.2281212508
6.23823529412	8.2286697989
6.24117647059	8.2292172242
6.24411764706	8.2297635289
6.24705882353	8.2303087154
6.25	8.2308527860
6.25294117647	8.2313957431
6.25588235294	8.2319375890
6.25882352941	8.2324783260
6.26176470588	8.2330179565
6.26470588235	8.2335564827
6.26764705882	8.2340939070
6.27058823529	8.2346302317
6.27352941176	8.2351654591
6.27647058824	8.2356995914
6.27941176471	8.2362326311
6.28235294118	8.2367645803
6.28529411765	8.2372954413
6.28823529412	8.2378252165
6.29117647059	8.2383539081
6.29411764706	8.2388815183
6.29705882353	8.2394080494
6.3	8.2399335038
6.30294117647	8.2404578835
6.30588235294	8.2409811909
6.30882352941	8.2415034283
6.31176470588	8.2420245978
6.31470588235	8.2425447017
6.31764705882	8.2430637422
6.32058823529	8.2435817216
6.32352941176	8.2440986420
6.32647058824	8.2446145057
6.32941176471	8.2451293148
6.33235294118	8.2456430716
6.33529411765	8.2461557784
6.33823529412	8.2466674371
6.34117647059	8.2471780502
6.34411764706	8.2476876197
6.34705882353	8.2481961478
6.35	8.2487036367
6.35294117647	8.2492100886
6.35588235294	8.2497155056
6.35882352941	8.2502198899
6.36176470588	8.2507232437
6.36470588235	8.2512255690
6.36764705882	8.2517268681
6.37058823529	8.2522271431
6.37352941176	8.2527263962
6.37647058824	8.2532246293
6.37941176471	8.2537218448
6.38235294118	8.2542180446
6.38529411765	8.2547132310
6.38823529412	8.2552074061
6.39117647059	8.2557005718
6.39411764706	8.2561927305
6.39705882353	8.2566838840
6.4	8.2571740346
6.40294117647	8.2576631844
6.40588235294	8.2581513354
6.40882352941	8.2586384897
6.41176470588	8.2591246494
6.41470588235	8.2596098165
6.41764705882	8.2600939931
6.42058823529	8.2605771814
6.42352941176	8.2610593833
6.42647058824	8.2615406009
6.42941176471	8.2620208362
6.43235294118	8.2625000913
6.43529411765	8.2629783683
6.43823529412	8.2634556692
6.44117647059	8.2639319959
6.44411764706	8.2644073506
6.44705882353	8.2648817353
6.45	8.2653551519
6.45294117647	8.2658276025
6.45588235294	8.2662990891
6.45882352941	8.2667696138
6.46176470588	8.2672391784
6.46470588235	8.2677077851
6.46764705882	8.2681754358
6.47058823529	8.2686421324
6.47352941176	8.2691078771
6.47647058824	8.2695726717
6.47941176471	8.2700365182
6.48235294118	8.2704994186
6.48529411765	8.2709613749
6.48823529412	8.2714223891
6.49117647059	8.2718824630
6.49411764706	8.2723415987
6.49705882353	8.2727997981
6.5	8.2732570631
6.50294117647	8.2737133957
6.50588235294	8.2741687978
6.50882352941	8.2746232714
6.51176470588	8.2750768184
6.51470588235	8.2755294407
6.51764705882	8.2759811403
6.52058823529	8.2764319190
6.52352941176	8.2768817787
6.52647058824	8.2773307215
6.52941176471	8.2777787491
6.53235294118	8.2782258635
6.53529411765	8.2786720665
6.53823529412	8.2791173602
6.54117647059	8.2795617463
6.54411764706	8.2800052267
6.54705882353	8.2804478034
6.55	8.2808894781
6.55294117647	8.2813302529
6.55588235294	8.2817701294
6.55882352941	8.2822091097
6.56176470588	8.2826471955
6.56470588235	8.2830843888
6.56764705882	8.2835206913
6.57058823529	8.2839561050
6.57352941176	8.2843906316
6.57647058824	8.2848242730
6.57941176471	8.2852570310
6.58235294118	8.2856889075
6.58529411765	8.2861199043
6.58823529412	8.2865500233
6.59117647059	8.2869792661
6.59411764706	8.2874076348
6.59705882353	8.2878351310
6.6	8.2882617566
6.60294117647	8.2886875134
6.60588235294	8.2891124032
6.60882352941	8.2895364277
6.61176470588	8.2899595888
6.61470588235	8.2903818883
6.61764705882	8.2908033280
6.62058823529	8.2912239096
6.62352941176	8.2916436349
6.62647058824	8.2920625057
6.62941176471	8.2924805237
6.63235294118	8.2928976908
6.63529411765	8.2933140087
6.63823529412	8.2937294791
6.64117647059	8.2941441038
6.64411764706	8.2945578845
6.64705882353	8.2949708231
6.65	8.2953829212
6.65294117647	8.2957941806
6.65588235294	8.2962046030
6.65882352941	8.2966141901
6.66176470588	8.2970229437
6.66470588235	8.2974308656
6.66764705882	8.2978379574
6.67058823529	8.2982442208
6.67352941176	8.2986496576
6.67647058824	8.2990542694
6.67941176471	8.2994580580
6.68235294118	8.2998610251
6.68529411765	8.3002631724
6.68823529412	8.3006645016
6.69117647059	8.3010650143
6.69411764706	8.3014647123
6.69705882353	8.3018635973
6.7	8.3022616709
6.70294117647	8.3026589347
6.70588235294	8.3030553906
6.70882352941	8.3034510401
6.71176470588	8.3038458849
6.71470588235	8.3042399267
6.71764705882	8.3046331671
6.72058823529	8.3050256078
6.72352941176	8.3054172505
6.72647058824	8.3058080968
6.72941176471	8.3061981483
6.73235294118	8.3065874067
6.73529411765	8.3069758737
6.73823529412	8.3073635508
6.74117647059	8.3077504397
6.74411764706	8.3081365420
6.74705882353	8.3085218593
6.75	8.3089063934
6.75294117647	8.3092901457
6.75588235294	8.3096731179
6.75882352941	8.3100553116
6.76176470588	8.3104367285
6.76470588235	8.3108173701
6.76764705882	8.3111972380
6.77058823529	8.3115763338
6.77352941176	8.3119546592
6.77647058824	8.3123322156
6.77941176471	8.3127090048
6.78235294118	8.3130850282
6.78529411765	8.3134602875
6.78823529412	8.3138347842
6.79117647059	8.3142085200
6.79411764706	8.3145814963
6.79705882353	8.3149537148
6.8	8.3153251770
6.80294117647	8.3156958845
6.80588235294	8.3160658388
6.80882352941	8.3164350415
6.81176470588	8.3168034941
6.81470588235	8.3171711982
6.81764705882	8.3175381554
6.82058823529	8.3179043671
6.82352941176	8.3182698349
6.82647058824	8.3186345603
6.82941176471	8.3189985450
6.83235294118	8.3193617903
6.83529411765	8.3197242979
6.83823529412	8.3200860692
6.84117647059	8.3204471057
6.84411764706	8.3208074091
6.84705882353	8.3211669807
6.85	8.3215258221
6.85294117647	8.3218839349
6.85588235294	8.3222413204
6.85882352941	8.3225979803
6.86176470588	8.3229539159
6.86470588235	8.3233091288
6.86764705882	8.3236636206
6.87058823529	8.3240173926
6.87352941176	8.3243704463
6.87647058824	8.3247227833
6.87941176471	8.3250744050
6.88235294118	8.3254253128
6.88529411765	8.3257755083
6.88823529412	8.3261249930
6.89117647059	8.3264737682
6.89411764706	8.3268218355
6.89705882353	8.3271691962
6.9	8.3275158520
6.90294117647	8.3278618041
6.90588235294	8.3282070541
6.90882352941	8.3285516034
6.91176470588	8.3288954535
6.91470588235	8.3292386057
6.91764705882	8.3295810616
6.92058823529	8.3299228225
6.92352941176	8.3302638899
6.92647058824	8.3306042652
6.92941176471	8.3309439499
6.93235294118	8.3312829453
6.93529411765	8.3316212529
6.93823529412	8.3319588741
6.94117647059	8.3322958104
6.94411764706	8.3326320630
6.94705882353	8.3329676334
6.95	8.3333025231
6.95294117647	8.3336367334
6.95588235294	8.3339702658
6.95882352941	8.3343031215
6.96176470588	8.3346353021
6.96470588235	8.3349668089
6.96764705882	8.3352976433
6.97058823529	8.3356278066
6.97352941176	8.3359573003
6.97647058824	8.3362861257
6.97941176471	8.3366142842
6.98235294118	8.3369417772
6.98529411765	8.3372686060
6.98823529412	8.3375947721
6.99117647059	8.3379202767
6.99411764706	8.3382451212
6.99705882353	8.3385693071
7.0	8.3388928355
7.00294117647	8.3392157080
7.00588235294	8.3395379258
7.00882352941	8.3398594903
7.01176470588	8.3401804028
7.01470588235	8.3405006647
7.01764705882	8.3408202773
7.02058823529	8.3411392419
7.02352941176	8.3414575599
7.02647058824	8.3417752326
7.02941176471	8.3420922614
7.03235294118	8.3424086475
7.03529411765	8.3427243922
7.03823529412	8.3430394970
7.04117647059	8.3433539630
7.04411764706	8.3436677917
7.04705882353	8.3439809842
7.05	8.3442935421
7.05294117647	8.3446054664
7.05588235294	8.3449167586
7.05882352941	8.3452274199
7.06176470588	8.3455374516
7.06470588235	8.3458468551
7.06764705882	8.3461556316
7.07058823529	8.3464637823
7.07352941176	8.3467713087
7.07647058824	8.3470782119
7.07941176471	8.3473844933
7.08235294118	8.3476901540
7.08529411765	8.3479951955
7.08823529412	8.3482996189
7.09117647059	8.3486034256
7.09411764706	8.3489066168
7.09705882353	8.3492091937
7.1	8.3495111577
7.10294117647	8.3498125099
7.10588235294	8.3501132517
7.10882352941	8.3504133843
7.11176470588	8.3507129089
7.11470588235	8.3510118268
7.11764705882	8.3513101392
7.12058823529	8.3516078474
7.12352941176	8.3519049526
7.12647058824	8.3522014561
7.12941176471	8.3524973590
7.13235294118	8.3527926627
7.13529411765	8.3530873683
7.13823529412	8.3533814771
7.14117647059	8.3536749902
7.14411764706	8.3539679090
7.14705882353	8.3542602347
7.15	8.3545519683
7.15294117647	8.3548431113
7.15588235294	8.3551336647
7.15882352941	8.3554236298
7.16176470588	8.3557130078
7.16470588235	8.3560017999
7.16764705882	8.3562900073
7.17058823529	8.3565776312
7.17352941176	8.3568646728
7.17647058824	8.3571511333
7.17941176471	8.3574370138
7.18235294118	8.3577223156
7.18529411765	8.3580070399
7.18823529412	8.3582911878
7.19117647059	8.3585747605
7.19411764706	8.3588577592
7.19705882353	8.3591401851
7.2	8.3594220393
7.20294117647	8.3597033230
7.20588235294	8.3599840375
7.20882352941	8.3602641837
7.21176470588	8.3605437630
7.21470588235	8.3608227765
7.21764705882	8.3611012253
7.22058823529	8.3613791106
7.22352941176	8.3616564335
7.22647058824	8.3619331953
7.22941176471	8.3622093969
7.23235294118	8.3624850397
7.23529411765	8.3627601247
7.23823529412	8.3630346531
7.24117647059	8.3633086261
7.24411764706	8.3635820446
7.24705882353	8.3638549100
7.25	8.3641272233
7.25294117647	8.3643989857
7.25588235294	8.3646701982
7.25882352941	8.3649408621
7.26176470588	8.3652109784
7.26470588235	8.3654805482
7.26764705882	8.3657495727
7.27058823529	8.3660180530
7.27352941176	8.3662859902
7.27647058824	8.3665533855
7.27941176471	8.3668202398
7.28235294118	8.3670865544
7.28529411765	8.3673523303
7.28823529412	8.3676175686
7.29117647059	8.3678822705
7.29411764706	8.3681464371
7.29705882353	8.3684100693
7.3	8.3686731684
7.30294117647	8.3689357354
7.30588235294	8.3691977714
7.30882352941	8.3694592775
7.31176470588	8.3697202548
7.31470588235	8.3699807043
7.31764705882	8.3702406272
7.32058823529	8.3705000244
7.32352941176	8.3707588972
7.32647058824	8.3710172465
7.32941176471	8.3712750735
7.33235294118	8.3715323791
7.33529411765	8.3717891646
7.33823529412	8.3720454308
7.34117647059	8.3723011789
7.34411764706	8.3725564100
7.34705882353	8.3728111251
7.35	8.3730653253
7.35294117647	8.3733190116
7.35588235294	8.3735721851
7.35882352941	8.3738248467
7.36176470588	8.3740769976
7.36470588235	8.3743286389
7.36764705882	8.3745797715
7.37058823529	8.3748303964
7.37352941176	8.3750805148
7.37647058824	8.3753301277
7.37941176471	8.3755792360
7.38235294118	8.3758278409
7.38529411765	8.3760759433
7.38823529412	8.3763235444
7.39117647059	8.3765706450
7.39411764706	8.3768172462
7.39705882353	8.3770633491
7.4	8.3773089547
7.40294117647	8.3775540639
7.40588235294	8.3777986779
7.40882352941	8.3780427975
7.41176470588	8.3782864239
7.41470588235	8.3785295580
7.41764705882	8.3787722008
7.42058823529	8.3790143534
7.42352941176	8.3792560167
7.42647058824	8.3794971918
7.42941176471	8.3797378796
7.43235294118	8.3799780811
7.43529411765	8.3802177973
7.43823529412	8.3804570293
7.44117647059	8.3806957779
7.44411764706	8.3809340443
7.44705882353	8.3811718293
7.45	8.3814091340
7.45294117647	8.3816459593
7.45588235294	8.3818823062
7.45882352941	8.3821181758
7.46176470588	8.3823535689
7.46470588235	8.3825884865
7.46764705882	8.3828229297
7.47058823529	8.3830568993
7.47352941176	8.3832903964
7.47647058824	8.3835234219
7.47941176471	8.3837559768
7.48235294118	8.3839880620
7.48529411765	8.3842196786
7.48823529412	8.3844508273
7.49117647059	8.3846815093
7.49411764706	8.3849117255
7.49705882353	8.3851414767
7.5	8.3853707640
7.50294117647	8.3855995883
7.50588235294	8.3858279506
7.50882352941	8.3860558518
7.51176470588	8.3862832928
7.51470588235	8.3865102746
7.51764705882	8.3867367981
7.52058823529	8.3869628642
7.52352941176	8.3871884739
7.52647058824	8.3874136281
7.52941176471	8.3876383278
7.53235294118	8.3878625738
7.53529411765	8.3880863672
7.53823529412	8.3883097087
7.54117647059	8.3885325994
7.54411764706	8.3887550402
7.54705882353	8.3889770319
7.55	8.3891985755
7.55294117647	8.3894196719
7.55588235294	8.3896403221
7.55882352941	8.3898605268
7.56176470588	8.3900802871
7.56470588235	8.3902996039
7.56764705882	8.3905184780
7.57058823529	8.3907369103
7.57352941176	8.3909549018
7.57647058824	8.3911724534
7.57941176471	8.3913895659
7.58235294118	8.3916062402
7.58529411765	8.3918224773
7.58823529412	8.3920382780
7.59117647059	8.3922536432
7.59411764706	8.3924685739
7.59705882353	8.3926830708
7.6	8.3928971349
7.60294117647	8.3931107671
7.60588235294	8.3933239682
7.60882352941	8.3935367391
7.61176470588	8.3937490807
7.61470588235	8.3939609939
7.61764705882	8.3941724795
7.62058823529	8.3943835384
7.62352941176	8.3945941716
7.62647058824	8.3948043797
7.62941176471	8.3950141638
7.63235294118	8.3952235247
7.63529411765	8.3954324632
7.63823529412	8.3956409803
7.64117647059	8.3958490766
7.64411764706	8.3960567533
7.64705882353	8.3962640110
7.65	8.3964708506
7.65294117647	8.3966772730
7.65588235294	8.3968832790
7.65882352941	8.3970888695
7.66176470588	8.3972940454
7.66470588235	8.3974988074
7.66764705882	8.3977031564
7.67058823529	8.3979070933
7.67352941176	8.3981106189
7.67647058824	8.3983137340
7.67941176471	8.3985164395
7.68235294118	8.3987187362
7.68529411765	8.3989206250
7.68823529412	8.3991221066
7.69117647059	8.3993231819
7.69411764706	8.3995238517
7.69705882353	8.3997241169
7.7	8.3999239783
7.70294117647	8.4001234366
7.70588235294	8.4003224928
7.70882352941	8.4005211476
7.71176470588	8.4007194019
7.71470588235	8.4009172564
7.71764705882	8.4011147120
7.72058823529	8.4013117696
7.72352941176	8.4015084298
7.72647058824	8.4017046935
7.72941176471	8.4019005616
7.73235294118	8.4020960348
7.73529411765	8.4022911139
7.73823529412	8.4024857998
7.74117647059	8.4026800932
7.74411764706	8.4028739949
7.74705882353	8.4030675058
7.75	8.4032606266
7.75294117647	8.4034533581
7.75588235294	8.4036457012
7.75882352941	8.4038376565
7.76176470588	8.4040292249
7.76470588235	8.4042204072
7.76764705882	8.4044112042
7.77058823529	8.4046016167
7.77352941176	8.4047916453
7.77647058824	8.4049812910
7.77941176471	8.4051705545
7.78235294118	8.4053594366
7.78529411765	8.4055479380
7.78823529412	8.4057360595
7.79117647059	8.4059238019
7.79411764706	8.4061111660
7.79705882353	8.4062981526
7.8	8.4064847623
7.80294117647	8.4066709960
7.80588235294	8.4068568545
7.80882352941	8.4070423384
7.81176470588	8.4072274486
7.81470588235	8.4074121859
7.81764705882	8.4075965509
7.82058823529	8.4077805445
7.82352941176	8.4079641673
7.82647058824	8.4081474202
7.82941176471	8.4083303040
7.83235294118	8.4085128192
7.83529411765	8.4086949668
7.83823529412	8.4088767474
7.84117647059	8.4090581618
7.84411764706	8.4092392108
7.84705882353	8.4094198950
7.85	8.4096002153
7.85294117647	8.4097801723
7.85588235294	8.4099597669
7.85882352941	8.4101389997
7.86176470588	8.4103178714
7.86470588235	8.4104963829
7.86764705882	8.4106745348
7.87058823529	8.4108523279
7.87352941176	8.4110297629
7.87647058824	8.4112068406
7.87941176471	8.4113835616
7.88235294118	8.4115599267
7.88529411765	8.4117359366
7.88823529412	8.4119115920
7.89117647059	8.4120868937
7.89411764706	8.4122618423
7.89705882353	8.4124364387
7.9	8.4126106834
7.90294117647	8.4127845773
7.90588235294	8.4129581210
7.90882352941	8.4131313153
7.91176470588	8.4133041608
7.91470588235	8.4134766582
7.91764705882	8.4136488084
7.92058823529	8.4138206119
7.92352941176	8.4139920695
7.92647058824	8.4141631819
7.92941176471	8.4143339498
7.93235294118	8.4145043739
7.93529411765	8.4146744548
7.93823529412	8.4148441933
7.94117647059	8.4150135902
7.94411764706	8.4151826460
7.94705882353	8.4153513614
7.95	8.4155197372
7.95294117647	8.4156877741
7.95588235294	8.4158554727
7.95882352941	8.4160228338
7.96176470588	8.4161898579
7.96470588235	8.4163565458
7.96764705882	8.4165228983
7.97058823529	8.4166889158
7.97352941176	8.4168545993
7.97647058824	8.4170199492
7.97941176471	8.4171849663
7.98235294118	8.4173496513
7.98529411765	8.4175140049
7.98823529412	8.4176780277
7.99117647059	8.4178417204
7.99411764706	8.4180050836
7.99705882353	8.4181681181
8.0	8.4183308244
8.00294117647	8.4184932034
8.00588235294	8.4186552556
8.00882352941	8.4188169816
8.01176470588	8.4189783823
8.01470588235	8.4191394581
8.01764705882	8.4193002098
8.02058823529	8.4194606381
8.02352941176	8.4196207436
8.02647058824	8.4197805269
8.02941176471	8.4199399887
8.03235294118	8.4200991297
8.03529411765	8.4202579504
8.03823529412	8.4204164517
8.04117647059	8.4205746340
8.04411764706	8.4207324981
8.04705882353	8.4208900446
8.05	8.4210472742
8.05294117647	8.4212041874
8.05588235294	8.4213607850
8.05882352941	8.4215170676
8.06176470588	8.4216730357
8.06470588235	8.4218286901
8.06764705882	8.4219840314
8.07058823529	8.4221390603
8.07352941176	8.4222937772
8.07647058824	8.4224481830
8.07941176471	8.4226022782
8.08235294118	8.4227560635
8.08529411765	8.4229095394
8.08823529412	8.4230627067
8.09117647059	8.4232155659
8.09411764706	8.4233681176
8.09705882353	8.4235203625
8.1	8.4236723013
8.10294117647	8.4238239345
8.10588235294	8.4239752627
8.10882352941	8.4241262866
8.11176470588	8.4242770068
8.11470588235	8.4244274239
8.11764705882	8.4245775385
8.12058823529	8.4247273512
8.12352941176	8.4248768627
8.12647058824	8.4250260736
8.12941176471	8.4251749844
8.13235294118	8.4253235958
8.13529411765	8.4254719084
8.13823529412	8.4256199227
8.14117647059	8.4257676395
8.14411764706	8.4259150593
8.14705882353	8.4260621826
8.15	8.4262090102
8.15294117647	8.4263555426
8.15588235294	8.4265017804
8.15882352941	8.4266477241
8.16176470588	8.4267933745
8.16470588235	8.4269387321
8.16764705882	8.4270837974
8.17058823529	8.4272285712
8.17352941176	8.4273730539
8.17647058824	8.4275172461
8.17941176471	8.4276611485
8.18235294118	8.4278047617
8.18529411765	8.4279480862
8.18823529412	8.4280911226
8.19117647059	8.4282338715
8.19411764706	8.4283763334
8.19705882353	8.4285185091
8.2	8.4286603989
8.20294117647	8.4288020036
8.20588235294	8.4289433237
8.20882352941	8.4290843598
8.21176470588	8.4292251124
8.21470588235	8.4293655821
8.21764705882	8.4295057696
8.22058823529	8.4296456753
8.22352941176	8.4297852998
8.22647058824	8.4299246438
8.22941176471	8.4300637078
8.23235294118	8.4302024923
8.23529411765	8.4303409979
8.23823529412	8.4304792253
8.24117647059	8.4306171748
8.24411764706	8.4307548472
8.24705882353	8.4308922430
8.25	8.4310293627
8.25294117647	8.4311662068
8.25588235294	8.4313027761
8.25882352941	8.4314390709
8.26176470588	8.4315750919
8.26470588235	8.4317108397
8.26764705882	8.4318463147
8.27058823529	8.4319815175
8.27352941176	8.4321164488
8.27647058824	8.4322511089
8.27941176471	8.4323854986
8.28235294118	8.4325196182
8.28529411765	8.4326534685
8.28823529412	8.4327870499
8.29117647059	8.4329203629
8.29411764706	8.4330534081
8.29705882353	8.4331861862
8.3	8.4333186975
8.30294117647	8.4334509426
8.30588235294	8.4335829221
8.30882352941	8.4337146366
8.31176470588	8.4338460864
8.31470588235	8.4339772723
8.31764705882	8.4341081947
8.32058823529	8.4342388542
8.32352941176	8.4343692512
8.32647058824	8.4344993864
8.32941176471	8.4346292602
8.33235294118	8.4347588732
8.33529411765	8.4348882260
8.33823529412	8.4350173189
8.34117647059	8.4351461526
8.34411764706	8.4352747277
8.34705882353	8.4354030445
8.35	8.4355311037
8.35294117647	8.4356589057
8.35588235294	8.4357864511
8.35882352941	8.4359137404
8.36176470588	8.4360407742
8.36470588235	8.4361675528
8.36764705882	8.4362940770
8.37058823529	8.4364203471
8.37352941176	8.4365463637
8.37647058824	8.4366721272
8.37941176471	8.4367976383
8.38235294118	8.4369228975
8.38529411765	8.4370479051
8.38823529412	8.4371726618
8.39117647059	8.4372971681
8.39411764706	8.4374214244
8.39705882353	8.4375454313
8.4	8.4376691892
8.40294117647	8.4377926987
8.40588235294	8.4379159603
8.40882352941	8.4380389745
8.41176470588	8.4381617418
8.41470588235	8.4382842626
8.41764705882	8.4384065376
8.42058823529	8.4385285671
8.42352941176	8.4386503517
8.42647058824	8.4387718918
8.42941176471	8.4388931880
8.43235294118	8.4390142408
8.43529411765	8.4391350507
8.43823529412	8.4392556181
8.44117647059	8.4393759435
8.44411764706	8.4394960274
8.44705882353	8.4396158704
8.45	8.4397354729
8.45294117647	8.4398548354
8.45588235294	8.4399739583
8.45882352941	8.4400928422
8.46176470588	8.4402114876
8.46470588235	8.4403298949
8.46764705882	8.4404480646
8.47058823529	8.4405659972
8.47352941176	8.4406836931
8.47647058824	8.4408011529
8.47941176471	8.4409183771
8.48235294118	8.4410353661
8.48529411765	8.4411521203
8.48823529412	8.4412686403
8.49117647059	8.4413849265
8.49411764706	8.4415009795
8.49705882353	8.4416167996
8.5	8.4417323874
8.50294117647	8.4418477433
8.50588235294	8.4419628678
8.50882352941	8.4420777613
8.51176470588	8.4421924244
8.51470588235	8.4423068575
8.51764705882	8.4424210610
8.52058823529	8.4425350354
8.52352941176	8.4426487813
8.52647058824	8.4427622990
8.52941176471	8.4428755890
8.53235294118	8.4429886517
8.53529411765	8.4431014877
8.53823529412	8.4432140974
8.54117647059	8.4433264813
8.54411764706	8.4434386397
8.54705882353	8.4435505733
8.55	8.4436622823
8.55294117647	8.4437737673
8.55588235294	8.4438850288
8.55882352941	8.4439960671
8.56176470588	8.4441068827
8.56470588235	8.4442174761
8.56764705882	8.4443278478
8.57058823529	8.4444379981
8.57352941176	8.4445479276
8.57647058824	8.4446576367
8.57941176471	8.4447671257
8.58235294118	8.4448763953
8.58529411765	8.4449854457
8.58823529412	8.4450942775
8.59117647059	8.4452028911
8.59411764706	8.4453112869
8.59705882353	8.4454194654
8.6	8.4455274270
8.60294117647	8.4456351722
8.60588235294	8.4457427014
8.60882352941	8.4458500150
8.61176470588	8.4459571135
8.61470588235	8.4460639973
8.61764705882	8.4461706668
8.62058823529	8.4462771225
8.62352941176	8.4463833648
8.62647058824	8.4464893941
8.62941176471	8.4465952109
8.63235294118	8.4467008156
8.63529411765	8.4468062086
8.63823529412	8.4469113904
8.64117647059	8.4470163613
8.64411764706	8.4471211219
8.64705882353	8.4472256725
8.65	8.4473300135
8.65294117647	8.4474341455
8.65588235294	8.4475380687
8.65882352941	8.4476417837
8.66176470588	8.4477452908
8.66470588235	8.4478485905
8.66764705882	8.4479516832
8.67058823529	8.4480545692
8.67352941176	8.4481572491
8.67647058824	8.4482597233
8.67941176471	8.4483619921
8.68235294118	8.4484640560
8.68529411765	8.4485659154
8.68823529412	8.4486675706
8.69117647059	8.4487690222
8.69411764706	8.4488702705
8.69705882353	8.4489713160
8.7	8.4490721590
8.70294117647	8.4491727999
8.70588235294	8.4492732393
8.70882352941	8.4493734774
8.71176470588	8.4494735146
8.71470588235	8.4495733515
8.71764705882	8.4496729884
8.72058823529	8.4497724256
8.72352941176	8.4498716637
8.72647058824	8.4499707029
8.72941176471	8.4500695438
8.73235294118	8.4501681867
8.73529411765	8.4502666319
8.73823529412	8.4503648800
8.74117647059	8.4504629313
8.74411764706	8.4505607862
8.74705882353	8.4506584451
8.75	8.4507559084
8.75294117647	8.4508531765
8.75588235294	8.4509502497
8.75882352941	8.4510471286
8.76176470588	8.4511438134
8.76470588235	8.4512403046
8.76764705882	8.4513366025
8.77058823529	8.4514327076
8.77352941176	8.4515286202
8.77647058824	8.4516243408
8.77941176471	8.4517198697
8.78235294118	8.4518152072
8.78529411765	8.4519103539
8.78823529412	8.4520053100
8.79117647059	8.4521000760
8.79411764706	8.4521946523
8.79705882353	8.4522890391
8.8	8.4523832370
8.80294117647	8.4524772463
8.80588235294	8.4525710673
8.80882352941	8.4526647006
8.81176470588	8.4527581463
8.81470588235	8.4528514049
8.81764705882	8.4529444769
8.82058823529	8.4530373625
8.82352941176	8.4531300622
8.82647058824	8.4532225762
8.82941176471	8.4533149051
8.83235294118	8.4534070492
8.83529411765	8.4534990088
8.83823529412	8.4535907843
8.84117647059	8.4536823761
8.84411764706	8.4537737845
8.84705882353	8.4538650100
8.85	8.4539560529
8.85294117647	8.4540469136
8.85588235294	8.4541375924
8.85882352941	8.4542280897
8.86176470588	8.4543184059
8.86470588235	8.4544085413
8.86764705882	8.4544984963
8.87058823529	8.4545882713
8.87352941176	8.4546778666
8.87647058824	8.4547672826
8.87941176471	8.4548565197
8.88235294118	8.4549455782
8.88529411765	8.4550344585
8.88823529412	8.4551231609
8.89117647059	8.4552116858
8.89411764706	8.4553000336
8.89705882353	8.4553882046
8.9	8.4554761991
8.90294117647	8.4555640176
8.90588235294	8.4556516604
8.90882352941	8.4557391278
8.91176470588	8.4558264202
8.91470588235	8.4559135380
8.91764705882	8.4560004814
8.92058823529	8.4560872509
8.92352941176	8.4561738468
8.92647058824	8.4562602695
8.92941176471	8.4563465193
8.93235294118	8.4564325965
8.93529411765	8.4565185015
8.93823529412	8.4566042347
8.94117647059	8.4566897964
8.94411764706	8.4567751869
8.94705882353	8.4568604066
8.95	8.4569454559
8.95294117647	8.4570303350
8.95588235294	8.4571150444
8.95882352941	8.4571995843
8.96176470588	8.4572839551
8.96470588235	8.4573681572
8.96764705882	8.4574521909
8.97058823529	8.4575360565
8.97352941176	8.4576197543
8.97647058824	8.4577032848
8.97941176471	8.4577866482
8.98235294118	8.4578698449
8.98529411765	8.4579528753
8.98823529412	8.4580357395
8.99117647059	8.4581184381
8.99411764706	8.4582009713
8.99705882353	8.4582833395
9.0	8.4583655430
9.00294117647	8.4584475820
9.00588235294	8.4585294571
9.00882352941	8.4586111684
9.01176470588	8.4586927164
9.01470588235	8.4587741013
9.01764705882	8.4588553235
9.02058823529	8.4589363833
9.02352941176	8.4590172810
9.02647058824	8.4590980170
9.02941176471	8.4591785916
9.03235294118	8.4592590051
9.03529411765	8.4593392578
9.03823529412	8.4594193501
9.04117647059	8.4594992823
9.04411764706	8.4595790547
9.04705882353	8.4596586677
9.05	8.4597381215
9.05294117647	8.4598174165
9.05588235294	8.4598965530
9.05882352941	8.4599755313
9.06176470588	8.4600543517
9.06470588235	8.4601330146
9.06764705882	8.4602115203
9.07058823529	8.4602898690
9.07352941176	8.4603680612
9.07647058824	8.4604460971
9.07941176471	8.4605239771
9.08235294118	8.4606017014
9.08529411765	8.4606792703
9.08823529412	8.4607566843
9.09117647059	8.4608339435
9.09411764706	8.4609110484
9.09705882353	8.4609879992
9.1	8.4610647962
9.10294117647	8.4611414398
9.10588235294	8.4612179302
9.10882352941	8.4612942677
9.11176470588	8.4613704528
9.11470588235	8.4614464856
9.11764705882	8.4615223665
9.12058823529	8.4615980958
9.12352941176	8.4616736738
9.12647058824	8.4617491008
9.12941176471	8.4618243771
9.13235294118	8.4618995030
9.13529411765	8.4619744788
9.13823529412	8.4620493048
9.14117647059	8.4621239814
9.14411764706	8.4621985088
9.14705882353	8.4622728873
9.15	8.4623471172
9.15294117647	8.4624211989
9.15588235294	8.4624951326
9.15882352941	8.4625689185
9.16176470588	8.4626425572
9.16470588235	8.4627160487
9.16764705882	8.4627893934
9.17058823529	8.4628625917
9.17352941176	8.4629356438
9.17647058824	8.4630085499
9.17941176471	8.4630813105
9.18235294118	8.4631539257
9.18529411765	8.4632263959
9.18823529412	8.4632987214
9.19117647059	8.4633709025
9.19411764706	8.4634429394
9.19705882353	8.4635148325
9.2	8.4635865820
9.20294117647	8.4636581882
9.20588235294	8.4637296515
9.20882352941	8.4638009720
9.21176470588	8.4638721502
9.21470588235	8.4639431862
9.21764705882	8.4640140804
9.22058823529	8.4640848331
9.22352941176	8.4641554445
9.22647058824	8.4642259149
9.22941176471	8.4642962446
9.23235294118	8.4643664339
9.23529411765	8.4644364831
9.23823529412	8.4645063924
9.24117647059	8.4645761622
9.24411764706	8.4646457927
9.24705882353	8.4647152843
9.25	8.4647846371
9.25294117647	8.4648538514
9.25588235294	8.4649229276
9.25882352941	8.4649918659
9.26176470588	8.4650606667
9.26470588235	8.4651293301
9.26764705882	8.4651978564
9.27058823529	8.4652662460
9.27352941176	8.4653344991
9.27647058824	8.4654026159
9.27941176471	8.4654705969
9.28235294118	8.4655384421
9.28529411765	8.4656061520
9.28823529412	8.4656737267
9.29117647059	8.4657411666
9.29411764706	8.4658084719
9.29705882353	8.4658756429
9.3	8.4659426798
9.30294117647	8.4660095830
9.30588235294	8.4660763527
9.30882352941	8.4661429892
9.31176470588	8.4662094927
9.31470588235	8.4662758635
9.31764705882	8.4663421019
9.32058823529	8.4664082081
9.32352941176	8.4664741825
9.32647058824	8.4665400252
9.32941176471	8.4666057366
9.33235294118	8.4666713168
9.33529411765	8.4667367663
9.33823529412	8.4668020852
9.34117647059	8.4668672737
9.34411764706	8.4669323323
9.34705882353	8.4669972610
9.35	8.4670620603
9.35294117647	8.4671267303
9.35588235294	8.4671912712
9.35882352941	8.4672556835
9.36176470588	8.4673199673
9.36470588235	8.4673841229
9.36764705882	8.4674481505
9.37058823529	8.4675120504
9.37352941176	8.4675758229
9.37647058824	8.4676394681
9.37941176471	8.4677029865
9.38235294118	8.4677663782
9.38529411765	8.4678296435
9.38823529412	8.4678927826
9.39117647059	8.4679557958
9.39411764706	8.4680186833
9.39705882353	8.4680814454
9.4	8.4681440824
9.40294117647	8.4682065945
9.40588235294	8.4682689820
9.40882352941	8.4683312451
9.41176470588	8.4683933840
9.41470588235	8.4684553990
9.41764705882	8.4685172904
9.42058823529	8.4685790584
9.42352941176	8.4686407033
9.42647058824	8.4687022252
9.42941176471	8.4687636245
9.43235294118	8.4688249014
9.43529411765	8.4688860562
9.43823529412	8.4689470890
9.44117647059	8.4690080002
9.44411764706	8.4690687899
9.44705882353	8.4691294585
9.45	8.4691900062
9.45294117647	8.4692504332
9.45588235294	8.4693107397
9.45882352941	8.4693709260
9.46176470588	8.4694309924
9.46470588235	8.4694909391
9.46764705882	8.4695507663
9.47058823529	8.4696104742
9.47352941176	8.4696700632
9.47647058824	8.4697295334
9.47941176471	8.4697888851
9.48235294118	8.4698481185
9.48529411765	8.4699072339
9.48823529412	8.4699662315
9.49117647059	8.4700251115
9.49411764706	8.4700838742
9.49705882353	8.4701425198
9.5	8.4702010486
9.50294117647	8.4702594607
9.50588235294	8.4703177565
9.50882352941	8.4703759361
9.51176470588	8.4704339998
9.51470588235	8.4704919478
9.51764705882	8.4705497804
9.52058823529	8.4706074977
9.52352941176	8.4706651001
9.52647058824	8.4707225877
9.52941176471	8.4707799609
9.53235294118	8.4708372197
9.53529411765	8.4708943644
9.53823529412	8.4709513954
9.54117647059	8.4710083127
9.54411764706	8.4710651166
9.54705882353	8.4711218075
9.55	8.4711783854
9.55294117647	8.4712348506
9.55588235294	8.4712912033
9.55882352941	8.4713474439
9.56176470588	8.4714035724
9.56470588235	8.4714595891
9.56764705882	8.4715154943
9.57058823529	8.4715712881
9.57352941176	8.4716269708
9.57647058824	8.4716825427
9.57941176471	8.4717380039
9.58235294118	8.4717933546
9.58529411765	8.4718485952
9.58823529412	8.4719037257
9.59117647059	8.4719587465
9.59411764706	8.4720136577
9.59705882353	8.4720684596
9.6	8.4721231524
9.60294117647	8.4721777363
9.60588235294	8.4722322115
9.60882352941	8.4722865783
9.61176470588	8.4723408368
9.61470588235	8.4723949873
9.61764705882	8.4724490300
9.62058823529	8.4725029652
9.62352941176	8.4725567929
9.62647058824	8.4726105136
9.62941176471	8.4726641272
9.63235294118	8.4727176342
9.63529411765	8.4727710347
9.63823529412	8.4728243289
9.64117647059	8.4728775170
9.64411764706	8.4729305992
9.64705882353	8.4729835758
9.65	8.4730364470
9.65294117647	8.4730892129
9.65588235294	8.4731418739
9.65882352941	8.4731944300
9.66176470588	8.4732468815
9.66470588235	8.4732992287
9.66764705882	8.4733514717
9.67058823529	8.4734036107
9.67352941176	8.4734556460
9.67647058824	8.4735075778
9.67941176471	8.4735594062
9.68235294118	8.4736111315
9.68529411765	8.4736627539
9.68823529412	8.4737142735
9.69117647059	8.4737656907
9.69411764706	8.4738170056
9.69705882353	8.4738682184
9.7	8.4739193293
9.70294117647	8.4739703385
9.70588235294	8.4740212462
9.70882352941	8.4740720527
9.71176470588	8.4741227581
9.71470588235	8.4741733627
9.71764705882	8.4742238666
9.72058823529	8.4742742700
9.72352941176	8.4743245732
9.72647058824	8.4743747763
9.72941176471	8.4744248795
9.73235294118	8.4744748832
9.73529411765	8.4745247873
9.73823529412	8.4745745922
9.74117647059	8.4746242981
9.74411764706	8.4746739051
9.74705882353	8.4747234135
9.75	8.4747728234
9.75294117647	8.4748221350
9.75588235294	8.4748713486
9.75882352941	8.4749204644
9.76176470588	8.4749694824
9.76470588235	8.4750184030
9.76764705882	8.4750672264
9.77058823529	8.4751159526
9.77352941176	8.4751645820
9.77647058824	8.4752131147
9.77941176471	8.4752615509
9.78235294118	8.4753098908
9.78529411765	8.4753581346
9.78823529412	8.4754062825
9.79117647059	8.4754543346
9.79411764706	8.4755022913
9.79705882353	8.4755501526
9.8	8.4755979188
9.80294117647	8.4756455900
9.80588235294	8.4756931665
9.80882352941	8.4757406484
9.81176470588	8.4757880359
9.81470588235	8.4758353293
9.81764705882	8.4758825286
9.82058823529	8.4759296341
9.82352941176	8.4759766460
9.82647058824	8.4760235645
9.82941176471	8.4760703898
9.83235294118	8.4761171220
9.83529411765	8.4761637613
9.83823529412	8.4762103079
9.84117647059	8.4762567620
9.84411764706	8.4763031239
9.84705882353	8.4763493936
9.85	8.4763955713
9.85294117647	8.4764416574
9.85588235294	8.4764876518
9.85882352941	8.4765335549
9.86176470588	8.4765793667
9.86470588235	8.4766250876
9.86764705882	8.4766707176
9.87058823529	8.4767162569
9.87352941176	8.4767617058
9.87647058824	8.4768070644
9.87941176471	8.4768523329
9.88235294118	8.4768975115
9.88529411765	8.4769426003
9.88823529412	8.4769875996
9.89117647059	8.4770325094
9.89411764706	8.4770773301
9.89705882353	8.4771220617
9.9	8.4771667046
9.90294117647	8.4772112587
9.90588235294	8.4772557243
9.90882352941	8.4773001017
9.91176470588	8.4773443909
9.91470588235	8.4773885921
9.91764705882	8.4774327056
9.92058823529	8.4774767315
9.92352941176	8.4775206699
9.92647058824	8.4775645211
9.92941176471	8.4776082852
9.93235294118	8.4776519624
9.93529411765	8.4776955529
9.93823529412	8.4777390569
9.94117647059	8.4777824744
9.94411764706	8.4778258058
9.94705882353	8.4778690511
9.95	8.4779122106
9.95294117647	8.4779552844
9.95588235294	8.4779982727
9.95882352941	8.4780411756
9.96176470588	8.4780839934
9.96470588235	8.4781267261
9.96764705882	8.4781693741
9.97058823529	8.4782119374
9.97352941176	8.4782544162
9.97647058824	8.4782968107
9.97941176471	8.4783391210
9.98235294118	8.4783813474
9.98529411765	8.4784234899
9.98823529412	8.4784655488
9.99117647059	8.4785075243
9.99411764706	8.4785494164
9.99705882353	8.4785912254
