0.0	2.9091196405
0.00384615384615	2.9095444235
0.00769230769231	2.9099866862
0.0115384615385	2.9104457310
0.0153846153846	2.9109209299
0.0192307692308	2.9114116913
0.0230769230769	2.9119174572
0.0269230769231	2.9124377015
0.0307692307692	2.9129719284
0.0346153846154	2.9135196701
0.0384615384615	2.9140804858
0.0423076923077	2.9146539597
0.0461538461538	2.9152396999
0.05	2.9158373370
0.0538461538462	2.9164465227
0.0576923076923	2.9170669287
0.0615384615385	2.9176982456
0.0653846153846	2.9183401816
0.0692307692308	2.9189924621
0.0730769230769	2.9196548281
0.0769230769231	2.9203270357
0.0807692307692	2.9210088549
0.0846153846154	2.9217000695
0.0884615384615	2.9224004755
0.0923076923077	2.9231098812
0.0961538461538	2.9238281060
0.1	2.9245549799
0.103846153846	2.9252903430
0.107692307692	2.9260340450
0.111538461538	2.9267859446
0.115384615385	2.9275459089
0.119230769231	2.9283138133
0.123076923077	2.9290895405
0.126923076923	2.9298729807
0.130769230769	2.9306640306
0.134615384615	2.9314625937
0.138461538462	2.9322685794
0.142307692308	2.9330819030
0.146153846154	2.9339024852
0.15	2.9347302520
0.153846153846	2.9355651341
0.157692307692	2.9364070672
0.161538461538	2.9372559911
0.165384615385	2.9381118501
0.169230769231	2.9389745921
0.173076923077	2.9398441690
0.176923076923	2.9407205365
0.180769230769	2.9416036531
0.184615384615	2.9424934811
0.188461538462	2.9433899856
0.192307692308	2.9442931346
0.196153846154	2.9452028988
0.2	2.9461192517
0.203846153846	2.9470421691
0.207692307692	2.9479716294
0.211538461538	2.9489076130
0.215384615385	2.9498501026
0.219230769231	2.9507990828
0.223076923077	2.9517545402
0.226923076923	2.9527164633
0.230769230769	2.9536848423
0.234615384615	2.9546596690
0.238461538462	2.9556409370
0.242307692308	2.9566286410
0.246153846154	2.9576227776
0.25	2.9586233445
0.253846153846	2.9596303408
0.257692307692	2.9606437667
0.261538461538	2.9616636238
0.265384615385	2.9626899146
0.269230769231	2.9637226430
0.273076923077	2.9647618136
0.276923076923	2.9658074321
0.280769230769	2.9668595052
0.284615384615	2.9679180403
0.288461538462	2.9689830459
0.292307692308	2.9700545313
0.296153846154	2.9711325062
0.3	2.9722169815
0.303846153846	2.9733079685
0.307692307692	2.9744054793
0.311538461538	2.9755095267
0.315384615385	2.9766201240
0.319230769231	2.9777372851
0.323076923077	2.9788610244
0.326923076923	2.9799913571
0.330769230769	2.9811282986
0.334615384615	2.9822718649
0.338461538462	2.9834220724
0.342307692308	2.9845789382
0.346153846154	2.9857424795
0.35	2.9869127140
0.353846153846	2.9880896599
0.357692307692	2.9892733357
0.361538461538	2.9904637601
0.365384615385	2.9916609523
0.369230769231	2.9928649319
0.373076923077	2.9940757185
0.376923076923	2.9952933322
0.380769230769	2.9965177934
0.384615384615	2.9977491226
0.388461538462	2.9989873407
0.392307692308	3.0002324687
0.396153846154	3.0014845279
0.4	3.0027435397
0.403846153846	3.0040095260
0.407692307692	3.0052825085
0.411538461538	3.0065625093
0.415384615385	3.0078495505
0.419230769231	3.0091436547
0.423076923077	3.0104448442
0.426923076923	3.0117531417
0.430769230769	3.0130685699
0.434615384615	3.0143911518
0.438461538462	3.0157209104
0.442307692308	3.0170578688
0.446153846154	3.0184020501
0.45	3.0197534776
0.453846153846	3.0211121747
0.457692307692	3.0224781648
0.461538461538	3.0238514713
0.465384615385	3.0252321180
0.469230769231	3.0266201282
0.473076923077	3.0280155257
0.476923076923	3.0294183342
0.480769230769	3.0308285772
0.484615384615	3.0322462787
0.488461538462	3.0336714622
0.492307692308	3.0351041516
0.496153846154	3.0365443707
0.5	3.0379921431
0.503846153846	3.0394474926
0.507692307692	3.0409104430
0.511538461538	3.0423810180
0.515384615385	3.0438592412
0.519230769231	3.0453451365
0.523076923077	3.0468387274
0.526923076923	3.0483400375
0.530769230769	3.0498490903
0.534615384615	3.0513659095
0.538461538462	3.0528905185
0.542307692308	3.0544229406
0.546153846154	3.0559631992
0.55	3.0575113177
0.553846153846	3.0590673192
0.557692307692	3.0606312268
0.561538461538	3.0622030636
0.565384615385	3.0637828526
0.569230769231	3.0653706166
0.573076923077	3.0669663786
0.576923076923	3.0685701610
0.580769230769	3.0701819867
0.584615384615	3.0718018779
0.588461538462	3.0734298572
0.592307692308	3.0750659468
0.596153846154	3.0767101689
0.6	3.0783625455
0.603846153846	3.0800230985
0.607692307692	3.0816918497
0.611538461538	3.0833688207
0.615384615385	3.0850540332
0.619230769231	3.0867475084
0.623076923077	3.0884492676
0.626923076923	3.0901593320
0.630769230769	3.0918777224
0.634615384615	3.0936044597
0.638461538462	3.0953395645
0.642307692308	3.0970830573
0.646153846154	3.0988349584
0.65	3.1005952880
0.653846153846	3.1023640660
0.657692307692	3.1041413124
0.661538461538	3.1059270467
0.665384615385	3.1077212884
0.669230769231	3.1095240568
0.673076923077	3.1113353711
0.676923076923	3.1131552500
0.680769230769	3.1149837125
0.684615384615	3.1168207769
0.688461538462	3.1186664617
0.692307692308	3.1205207850
0.696153846154	3.1223837648
0.7	3.1242554188
0.703846153846	3.1261357645
0.707692307692	3.1280248193
0.711538461538	3.1299226004
0.715384615385	3.1318291246
0.719230769231	3.1337444086
0.723076923077	3.1356684690
0.726923076923	3.1376013220
0.730769230769	3.1395429836
0.734615384615	3.1414934697
0.738461538462	3.1434527959
0.742307692308	3.1454209775
0.746153846154	3.1473980296
0.75	3.1493839673
0.753846153846	3.1513788052
0.757692307692	3.1533825577
0.761538461538	3.1553952389
0.765384615385	3.1574168630
0.769230769231	3.1594474436
0.773076923077	3.1614869943
0.776923076923	3.1635355281
0.780769230769	3.1655930582
0.784615384615	3.1676595974
0.788461538462	3.1697351580
0.792307692308	3.1718197524
0.796153846154	3.1739133926
0.8	3.1760160903
0.803846153846	3.1781278571
0.807692307692	3.1802487041
0.811538461538	3.1823786424
0.815384615385	3.1845176827
0.819230769231	3.1866658356
0.823076923077	3.1888231111
0.826923076923	3.1909895194
0.830769230769	3.1931650701
0.834615384615	3.1953497726
0.838461538462	3.1975436362
0.842307692308	3.1997466697
0.846153846154	3.2019588819
0.85	3.2041802811
0.853846153846	3.2064108756
0.857692307692	3.2086506731
0.861538461538	3.2108996813
0.865384615385	3.2131579075
0.869230769231	3.2154253589
0.873076923077	3.2177020423
0.876923076923	3.2199879642
0.880769230769	3.2222831309
0.884615384615	3.2245875485
0.888461538462	3.2269012228
0.892307692308	3.2292241592
0.896153846154	3.2315563630
0.9	3.2338978393
0.903846153846	3.2362485927
0.907692307692	3.2386086276
0.911538461538	3.2409779484
0.915384615385	3.2433565589
0.919230769231	3.2457444628
0.923076923077	3.2481416636
0.926923076923	3.2505481644
0.930769230769	3.2529639680
0.934615384615	3.2553890773
0.938461538462	3.2578234945
0.942307692308	3.2602672217
0.946153846154	3.2627202609
0.95	3.2651826137
0.953846153846	3.2676542814
0.957692307692	3.2701352652
0.961538461538	3.2726255659
0.965384615385	3.2751251842
0.969230769231	3.2776341204
0.973076923077	3.2801523746
0.976923076923	3.2826799467
0.980769230769	3.2852168363
0.984615384615	3.2877630429
0.988461538462	3.2903185655
0.992307692308	3.2928834030
0.996153846154	3.2954575541
1.0	3.2980410172
1.00384615385	3.3006337906
1.00769230769	3.3032358720
1.01153846154	3.3058472593
1.01538461538	3.3084679499
1.01923076923	3.3110979410
1.02307692308	3.3137372297
1.02692307692	3.3163858127
1.03076923077	3.3190436867
1.03461538462	3.3217108478
1.03846153846	3.3243872922
1.04230769231	3.3270730159
1.04615384615	3.3297680144
1.05	3.3324722832
1.05384615385	3.3351858175
1.05769230769	3.3379086123
1.06153846154	3.3406406625
1.06538461538	3.3433819625
1.06923076923	3.3461325067
1.07307692308	3.3488922894
1.07692307692	3.3516613044
1.08076923077	3.3544395455
1.08461538462	3.3572270062
1.08846153846	3.3600236798
1.09230769231	3.3628295595
1.09615384615	3.3656446382
1.1	3.3684689086
1.10384615385	3.3713023632
1.10769230769	3.3741449945
1.11153846154	3.3769967944
1.11538461538	3.3798577551
1.11923076923	3.3827278681
1.12307692308	3.3856071252
1.12692307692	3.3884955176
1.13076923077	3.3913930366
1.13461538462	3.3942996732
1.13846153846	3.3972154182
1.14230769231	3.4001402622
1.14615384615	3.4030741957
1.15	3.4060172090
1.15384615385	3.4089692922
1.15769230769	3.4119304352
1.16153846154	3.4149006277
1.16538461538	3.4178798594
1.16923076923	3.4208681196
1.17307692308	3.4238653976
1.17692307692	3.4268716824
1.18076923077	3.4298869629
1.18461538462	3.4329112279
1.18846153846	3.4359444659
1.19230769231	3.4389866653
1.19615384615	3.4420378142
1.2	3.4450979009
1.20384615385	3.4481669131
1.20769230769	3.4512448387
1.21153846154	3.4543316651
1.21538461538	3.4574273799
1.21923076923	3.4605319702
1.22307692308	3.4636454231
1.22692307692	3.4667677257
1.23076923077	3.4698988647
1.23461538462	3.4730388267
1.23846153846	3.4761875981
1.24230769231	3.4793451654
1.24615384615	3.4825115147
1.25	3.4856866319
1.25384615385	3.4888705030
1.25769230769	3.4920631137
1.26153846154	3.4952644494
1.26538461538	3.4984744957
1.26923076923	3.5016932378
1.27307692308	3.5049206607
1.27692307692	3.5081567495
1.28076923077	3.5114014890
1.28461538462	3.5146548638
1.28846153846	3.5179168584
1.29230769231	3.5211874572
1.29615384615	3.5244666444
1.3	3.5277544041
1.30384615385	3.5310507202
1.30769230769	3.5343555764
1.31153846154	3.5376689565
1.31538461538	3.5409908440
1.31923076923	3.5443212220
1.32307692308	3.5476600739
1.32692307692	3.5510073827
1.33076923077	3.5543631313
1.33461538462	3.5577273025
1.33846153846	3.5610998789
1.34230769231	3.5644808429
1.34615384615	3.5678701769
1.35	3.5712678631
1.35384615385	3.5746738835
1.35769230769	3.5780882200
1.36153846154	3.5815108543
1.36538461538	3.5849417682
1.36923076923	3.5883809430
1.37307692308	3.5918283600
1.37692307692	3.5952840005
1.38076923077	3.5987478455
1.38461538462	3.6022198759
1.38846153846	3.6057000723
1.39230769231	3.6091884156
1.39615384615	3.6126848860
1.4	3.6161894640
1.40384615385	3.6197021296
1.40769230769	3.6232228630
1.41153846154	3.6267516441
1.41538461538	3.6302884526
1.41923076923	3.6338332680
1.42307692308	3.6373860700
1.42692307692	3.6409468377
1.43076923077	3.6445155504
1.43461538462	3.6480921872
1.43846153846	3.6516767270
1.44230769231	3.6552691484
1.44615384615	3.6588694301
1.45	3.6624775507
1.45384615385	3.6660934884
1.45769230769	3.6697172215
1.46153846154	3.6733487280
1.46538461538	3.6769879858
1.46923076923	3.6806349728
1.47307692308	3.6842896665
1.47692307692	3.6879520445
1.48076923077	3.6916220841
1.48461538462	3.6952997626
1.48846153846	3.6989850571
1.49230769231	3.7026779444
1.49615384615	3.7063784015
1.5	3.7100864050
1.50384615385	3.7138019315
1.50769230769	3.7175249573
1.51153846154	3.7212554588
1.51538461538	3.7249934121
1.51923076923	3.7287387932
1.52307692308	3.7324915780
1.52692307692	3.7362517421
1.53076923077	3.7400192613
1.53461538462	3.7437941110
1.53846153846	3.7475762666
1.54230769231	3.7513657033
1.54615384615	3.7551623961
1.55	3.7589663200
1.55384615385	3.7627774499
1.55769230769	3.7665957605
1.56153846154	3.7704212264
1.56538461538	3.7742538219
1.56923076923	3.7780935215
1.57307692308	3.7819402993
1.57692307692	3.7857941295
1.58076923077	3.7896549860
1.58461538462	3.7935228426
1.58846153846	3.7973976730
1.59230769231	3.8012794510
1.59615384615	3.8051681498
1.6	3.8090637430
1.60384615385	3.8129662038
1.60769230769	3.8168755052
1.61153846154	3.8207916204
1.61538461538	3.8247145222
1.61923076923	3.8286441834
1.62307692308	3.8325805768
1.62692307692	3.8365236748
1.63076923077	3.8404734500
1.63461538462	3.8444298747
1.63846153846	3.8483929211
1.64230769231	3.8523625615
1.64615384615	3.8563387678
1.65	3.8603215121
1.65384615385	3.8643107660
1.65769230769	3.8683065015
1.66153846154	3.8723086900
1.66538461538	3.8763173033
1.66923076923	3.8803323126
1.67307692308	3.8843536893
1.67692307692	3.8883814048
1.68076923077	3.8924154301
1.68461538462	3.8964557364
1.68846153846	3.9005022946
1.69230769231	3.9045550756
1.69615384615	3.9086140502
1.7	3.9126791891
1.70384615385	3.9167504629
1.70769230769	3.9208278423
1.71153846154	3.9249112977
1.71538461538	3.9290007994
1.71923076923	3.9330963177
1.72307692308	3.9371978230
1.72692307692	3.9413052853
1.73076923077	3.9454186747
1.73461538462	3.9495379612
1.73846153846	3.9536631147
1.74230769231	3.9577941052
1.74615384615	3.9619309023
1.75	3.9660734758
1.75384615385	3.9702217954
1.75769230769	3.9743758306
1.76153846154	3.9785355509
1.76538461538	3.9827009259
1.76923076923	3.9868719248
1.77307692308	3.9910485172
1.77692307692	3.9952306721
1.78076923077	3.9994183588
1.78461538462	4.0036115466
1.78846153846	4.0078102045
1.79230769231	4.0120143015
1.79615384615	4.0162238067
1.8	4.0204386890
1.80384615385	4.0246589174
1.80769230769	4.0288844606
1.81153846154	4.0331152875
1.81538461538	4.0373513668
1.81923076923	4.0415926674
1.82307692308	4.0458391577
1.82692307692	4.0500908066
1.83076923077	4.0543475826
1.83461538462	4.0586094542
1.83846153846	4.0628763899
1.84230769231	4.0671483584
1.84615384615	4.0714253279
1.85	4.0757072670
1.85384615385	4.0799941440
1.85769230769	4.0842859273
1.86153846154	4.0885825851
1.86538461538	4.0928840859
1.86923076923	4.0971903979
1.87307692308	4.1015014893
1.87692307692	4.1058173284
1.88076923077	4.1101378834
1.88461538462	4.1144631224
1.88846153846	4.1187930136
1.89230769231	4.1231275252
1.89615384615	4.1274666252
1.9	4.1318102819
1.90384615385	4.1361584632
1.90769230769	4.1405111374
1.91153846154	4.1448682724
1.91538461538	4.1492298362
1.91923076923	4.1535957970
1.92307692308	4.1579661229
1.92692307692	4.1623407817
1.93076923077	4.1667197415
1.93461538462	4.1711029705
1.93846153846	4.1754904365
1.94230769231	4.1798821075
1.94615384615	4.1842779517
1.95	4.1886779370
1.95384615385	4.1930820313
1.95769230769	4.1974902028
1.96153846154	4.2019024194
1.96538461538	4.2063186491
1.96923076923	4.2107388600
1.97307692308	4.2151630200
1.97692307692	4.2195910972
1.98076923077	4.2240230597
1.98461538462	4.2284588755
1.98846153846	4.2328985126
1.99230769231	4.2373419391
1.99615384615	4.2417891231
2.0	4.2462400326
2.00384615385	4.2506946358
2.00769230769	4.2551529008
2.01153846154	4.2596147957
2.01538461538	4.2640802887
2.01923076923	4.2685493479
2.02307692308	4.2730219415
2.02692307692	4.2774980377
2.03076923077	4.2819776047
2.03461538462	4.2864606108
2.03846153846	4.2909470243
2.04230769231	4.2954368133
2.04615384615	4.2999299464
2.05	4.3044263916
2.05384615385	4.3089261176
2.05769230769	4.3134290925
2.06153846154	4.3179352848
2.06538461538	4.3224446631
2.06923076923	4.3269571956
2.07307692308	4.3314728510
2.07692307692	4.3359915977
2.08076923077	4.3405134044
2.08461538462	4.3450382395
2.08846153846	4.3495660718
2.09230769231	4.3540968699
2.09615384615	4.3586306024
2.1	4.3631672381
2.10384615385	4.3677067458
2.10769230769	4.3722490942
2.11153846154	4.3767942522
2.11538461538	4.3813421886
2.11923076923	4.3858928724
2.12307692308	4.3904462724
2.12692307692	4.3950023578
2.13076923077	4.3995610974
2.13461538462	4.4041224604
2.13846153846	4.4086864159
2.14230769231	4.4132529330
2.14615384615	4.4178219809
2.15	4.4223935288
2.15384615385	4.4269675460
2.15769230769	4.4315440019
2.16153846154	4.4361228658
2.16538461538	4.4407041071
2.16923076923	4.4452876953
2.17307692308	4.4498735999
2.17692307692	4.4544617904
2.18076923077	4.4590522364
2.18461538462	4.4636449077
2.18846153846	4.4682397738
2.19230769231	4.4728368045
2.19615384615	4.4774359697
2.2	4.4820372392
2.20384615385	4.4866405828
2.20769230769	4.4912459706
2.21153846154	4.4958533725
2.21538461538	4.5004627586
2.21923076923	4.5050740989
2.22307692308	4.5096873638
2.22692307692	4.5143025233
2.23076923077	4.5189195478
2.23461538462	4.5235384076
2.23846153846	4.5281590730
2.24230769231	4.5327815146
2.24615384615	4.5374057027
2.25	4.5420316080
2.25384615385	4.5466592010
2.25769230769	4.5512884525
2.26153846154	4.5559193331
2.26538461538	4.5605518137
2.26923076923	4.5651858650
2.27307692308	4.5698214581
2.27692307692	4.5744585638
2.28076923077	4.5790971531
2.28461538462	4.5837371972
2.28846153846	4.5883786672
2.29230769231	4.5930215343
2.29615384615	4.5976657698
2.3	4.6023113450
2.30384615385	4.6069582313
2.30769230769	4.6116064002
2.31153846154	4.6162558231
2.31538461538	4.6209064717
2.31923076923	4.6255583176
2.32307692308	4.6302113325
2.32692307692	4.6348654882
2.33076923077	4.6395207565
2.33461538462	4.6441771094
2.33846153846	4.6488345189
2.34230769231	4.6534929568
2.34615384615	4.6581523955
2.35	4.6628128070
2.35384615385	4.6674741635
2.35769230769	4.6721364375
2.36153846154	4.6767996012
2.36538461538	4.6814636271
2.36923076923	4.6861284877
2.37307692308	4.6907941556
2.37692307692	4.6954606035
2.38076923077	4.7001278040
2.38461538462	4.7047957299
2.38846153846	4.7094643542
2.39230769231	4.7141336497
2.39615384615	4.7188035894
2.4	4.7234741464
2.40384615385	4.7281452938
2.40769230769	4.7328170049
2.41153846154	4.7374892529
2.41538461538	4.7421620112
2.41923076923	4.7468352532
2.42307692308	4.7515089523
2.42692307692	4.7561830823
2.43076923077	4.7608576166
2.43461538462	4.7655325290
2.43846153846	4.7702077934
2.44230769231	4.7748833835
2.44615384615	4.7795592733
2.45	4.7842354368
2.45384615385	4.7889118481
2.45769230769	4.7935884813
2.46153846154	4.7982653107
2.46538461538	4.8029423105
2.46923076923	4.8076194552
2.47307692308	4.8122967192
2.47692307692	4.8169740770
2.48076923077	4.8216515033
2.48461538462	4.8263289726
2.48846153846	4.8310064598
2.49230769231	4.8356839397
2.49615384615	4.8403613872
2.5	4.8450387773
2.50384615385	4.8497160850
2.50769230769	4.8543932854
2.51153846154	4.8590703539
2.51538461538	4.8637472656
2.51923076923	4.8684239959
2.52307692308	4.8731005203
2.52692307692	4.8777768143
2.53076923077	4.8824528535
2.53461538462	4.8871286136
2.53846153846	4.8918040702
2.54230769231	4.8964791993
2.54615384615	4.9011539768
2.55	4.9058283786
2.55384615385	4.9105023808
2.55769230769	4.9151759595
2.56153846154	4.9198490910
2.56538461538	4.9245217515
2.56923076923	4.9291939175
2.57307692308	4.9338655654
2.57692307692	4.9385366717
2.58076923077	4.9432072130
2.58461538462	4.9478771661
2.58846153846	4.9525465077
2.59230769231	4.9572152147
2.59615384615	4.9618832639
2.6	4.9665506324
2.60384615385	4.9712172974
2.60769230769	4.9758832358
2.61153846154	4.9805484251
2.61538461538	4.9852128426
2.61923076923	4.9898764656
2.62307692308	4.9945392716
2.62692307692	4.9992012382
2.63076923077	5.0038623431
2.63461538462	5.0085225640
2.63846153846	5.0131818787
2.64230769231	5.0178402650
2.64615384615	5.0224977010
2.65	5.0271541648
2.65384615385	5.0318096343
2.65769230769	5.0364640880
2.66153846154	5.0411175039
2.66538461538	5.0457698606
2.66923076923	5.0504211365
2.67307692308	5.0550713101
2.67692307692	5.0597203600
2.68076923077	5.0643682649
2.68461538462	5.0690150036
2.68846153846	5.0736605550
2.69230769231	5.0783048979
2.69615384615	5.0829480115
2.7	5.0875898748
2.70384615385	5.0922304670
2.70769230769	5.0968697673
2.71153846154	5.1015077552
2.71538461538	5.1061444100
2.71923076923	5.1107797112
2.72307692308	5.1154136384
2.72692307692	5.1200461713
2.73076923077	5.1246772897
2.73461538462	5.1293069733
2.73846153846	5.1339352021
2.74230769231	5.1385619561
2.74615384615	5.1431872153
2.75	5.1478109600
2.75384615385	5.1524331702
2.75769230769	5.1570538264
2.76153846154	5.1616729089
2.76538461538	5.1662903983
2.76923076923	5.1709062750
2.77307692308	5.1755205198
2.77692307692	5.1801331133
2.78076923077	5.1847440363
2.78461538462	5.1893532698
2.78846153846	5.1939607947
2.79230769231	5.1985665919
2.79615384615	5.2031706428
2.8	5.2077729284
2.80384615385	5.2123734301
2.80769230769	5.2169721291
2.81153846154	5.2215690071
2.81538461538	5.2261640454
2.81923076923	5.2307572257
2.82307692308	5.2353485297
2.82692307692	5.2399379392
2.83076923077	5.2445254360
2.83461538462	5.2491110020
2.83846153846	5.2536946193
2.84230769231	5.2582762699
2.84615384615	5.2628559360
2.85	5.2674335998
2.85384615385	5.2720092438
2.85769230769	5.2765828502
2.86153846154	5.2811544017
2.86538461538	5.2857238807
2.86923076923	5.2902912699
2.87307692308	5.2948565521
2.87692307692	5.2994197100
2.88076923077	5.3039807266
2.88461538462	5.3085395847
2.88846153846	5.3130962676
2.89230769231	5.3176507582
2.89615384615	5.3222030398
2.9	5.3267530957
2.90384615385	5.3313009092
2.90769230769	5.3358464638
2.91153846154	5.3403897431
2.91538461538	5.3449307305
2.91923076923	5.3494694098
2.92307692308	5.3540057648
2.92692307692	5.3585397793
2.93076923077	5.3630714372
2.93461538462	5.3676007225
2.93846153846	5.3721276192
2.94230769231	5.3766521116
2.94615384615	5.3811741838
2.95	5.3856938202
2.95384615385	5.3902110052
2.95769230769	5.3947257231
2.96153846154	5.3992379586
2.96538461538	5.4037476963
2.96923076923	5.4082549208
2.97307692308	5.4127596170
2.97692307692	5.4172617697
2.98076923077	5.4217613638
2.98461538462	5.4262583843
2.98846153846	5.4307528163
2.99230769231	5.4352446449
2.99615384615	5.4397338555
3.0	5.4442204332
3.00384615385	5.4487043636
3.00769230769	5.4531856320
3.01153846154	5.4576642241
3.01538461538	5.4621401253
3.01923076923	5.4666133215
3.02307692308	5.4710837983
3.02692307692	5.4755515417
3.03076923077	5.4800165375
3.03461538462	5.4844787717
3.03846153846	5.4889382305
3.04230769231	5.4933948999
3.04615384615	5.4978487663
3.05	5.5022998158
3.05384615385	5.5067480348
3.05769230769	5.5111934099
3.06153846154	5.5156359275
3.06538461538	5.5200755742
3.06923076923	5.5245123367
3.07307692308	5.5289462017
3.07692307692	5.5333771561
3.08076923077	5.5378051867
3.08461538462	5.5422302806
3.08846153846	5.5466524247
3.09230769231	5.5510716061
3.09615384615	5.5554878122
3.1	5.5599010300
3.10384615385	5.5643112470
3.10769230769	5.5687184506
3.11153846154	5.5731226282
3.11538461538	5.5775237674
3.11923076923	5.5819218558
3.12307692308	5.5863168811
3.12692307692	5.5907088312
3.13076923077	5.5950976937
3.13461538462	5.5994834568
3.13846153846	5.6038661082
3.14230769231	5.6082456362
3.14615384615	5.6126220288
3.15	5.6169952742
3.15384615385	5.6213653607
3.15769230769	5.6257322767
3.16153846154	5.6300960105
3.16538461538	5.6344565507
3.16923076923	5.6388138858
3.17307692308	5.6431680044
3.17692307692	5.6475188953
3.18076923077	5.6518665472
3.18461538462	5.6562109490
3.18846153846	5.6605520895
3.19230769231	5.6648899577
3.19615384615	5.6692245428
3.2	5.6735558337
3.20384615385	5.6778838197
3.20769230769	5.6822084901
3.21153846154	5.6865298342
3.21538461538	5.6908478414
3.21923076923	5.6951625011
3.22307692308	5.6994738029
3.22692307692	5.7037817364
3.23076923077	5.7080862913
3.23461538462	5.7123874572
3.23846153846	5.7166852241
3.24230769231	5.7209795817
3.24615384615	5.7252705201
3.25	5.7295580292
3.25384615385	5.7338420991
3.25769230769	5.7381227200
3.26153846154	5.7423998820
3.26538461538	5.7466735755
3.26923076923	5.7509437909
3.27307692308	5.7552105184
3.27692307692	5.7594737487
3.28076923077	5.7637334722
3.28461538462	5.7679896796
3.28846153846	5.7722423615
3.29230769231	5.7764915088
3.29615384615	5.7807371121
3.3	5.7849791625
3.30384615385	5.7892176507
3.30769230769	5.7934525680
3.31153846154	5.7976839052
3.31538461538	5.8019116536
3.31923076923	5.8061358044
3.32307692308	5.8103563488
3.32692307692	5.8145732781
3.33076923077	5.8187865839
3.33461538462	5.8229962574
3.33846153846	5.8272022904
3.34230769231	5.8314046743
3.34615384615	5.8356034008
3.35	5.8397984616
3.35384615385	5.8439898486
3.35769230769	5.8481775535
3.36153846154	5.8523615683
3.36538461538	5.8565418850
3.36923076923	5.8607184956
3.37307692308	5.8648913921
3.37692307692	5.8690605668
3.38076923077	5.8732260119
3.38461538462	5.8773877196
3.38846153846	5.8815456824
3.39230769231	5.8856998925
3.39615384615	5.8898503426
3.4	5.8939970252
3.40384615385	5.8981399328
3.40769230769	5.9022790581
3.41153846154	5.9064143938
3.41538461538	5.9105459327
3.41923076923	5.9146736677
3.42307692308	5.9187975917
3.42692307692	5.9229176975
3.43076923077	5.9270339784
3.43461538462	5.9311464273
3.43846153846	5.9352550373
3.44230769231	5.9393598018
3.44615384615	5.9434607139
3.45	5.9475577671
3.45384615385	5.9516509546
3.45769230769	5.9557402700
3.46153846154	5.9598257068
3.46538461538	5.9639072584
3.46923076923	5.9679849186
3.47307692308	5.9720586811
3.47692307692	5.9761285395
3.48076923077	5.9801944877
3.48461538462	5.9842565196
3.48846153846	5.9883146291
3.49230769231	5.9923688101
3.49615384615	5.9964190567
3.5	6.0004653630
3.50384615385	6.0045077232
3.50769230769	6.0085461315
3.51153846154	6.0125805821
3.51538461538	6.0166110693
3.51923076923	6.0206375877
3.52307692308	6.0246601316
3.52692307692	6.0286786955
3.53076923077	6.0326932740
3.53461538462	6.0367038617
3.53846153846	6.0407104532
3.54230769231	6.0447130434
3.54615384615	6.0487116270
3.55	6.0527061989
3.55384615385	6.0566967539
3.55769230769	6.0606832870
3.56153846154	6.0646657933
3.56538461538	6.0686442678
3.56923076923	6.0726187056
3.57307692308	6.0765891020
3.57692307692	6.0805554522
3.58076923077	6.0845177514
3.58461538462	6.0884759950
3.58846153846	6.0924301785
3.59230769231	6.0963802973
3.59615384615	6.1003263469
3.6	6.1042683230
3.60384615385	6.1082062210
3.60769230769	6.1121400368
3.61153846154	6.1160697661
3.61538461538	6.1199954047
3.61923076923	6.1239169483
3.62307692308	6.1278343930
3.62692307692	6.1317477347
3.63076923077	6.1356569694
3.63461538462	6.1395620933
3.63846153846	6.1434631023
3.64230769231	6.1473599927
3.64615384615	6.1512527608
3.65	6.1551414028
3.65384615385	6.1590259151
3.65769230769	6.1629062941
3.66153846154	6.1667825362
3.66538461538	6.1706546379
3.66923076923	6.1745225959
3.67307692308	6.1783864067
3.67692307692	6.1822460669
3.68076923077	6.1861015735
3.68461538462	6.1899529230
3.68846153846	6.1938001123
3.69230769231	6.1976431384
3.69615384615	6.2014819982
3.7	6.2053166886
3.70384615385	6.2091472067
3.70769230769	6.2129735497
3.71153846154	6.2167957146
3.71538461538	6.2206136987
3.71923076923	6.2244274993
3.72307692308	6.2282371136
3.72692307692	6.2320425391
3.73076923077	6.2358437731
3.73461538462	6.2396408132
3.73846153846	6.2434336569
3.74230769231	6.2472223017
3.74615384615	6.2510067453
3.75	6.2547869855
3.75384615385	6.2585630199
3.75769230769	6.2623348463
3.76153846154	6.2661024627
3.76538461538	6.2698658668
3.76923076923	6.2736250568
3.77307692308	6.2773800305
3.77692307692	6.2811307861
3.78076923077	6.2848773217
3.78461538462	6.2886196355
3.78846153846	6.2923577257
3.79230769231	6.2960915906
3.79615384615	6.2998212285
3.8	6.3035466378
3.80384615385	6.3072678171
3.80769230769	6.3109847647
3.81153846154	6.3146974793
3.81538461538	6.3184059594
3.81923076923	6.3221102038
3.82307692308	6.3258102111
3.82692307692	6.3295059802
3.83076923077	6.3331975098
3.83461538462	6.3368847989
3.83846153846	6.3405678464
3.84230769231	6.3442466513
3.84615384615	6.3479212127
3.85	6.3515915297
3.85384615385	6.3552576014
3.85769230769	6.3589194271
3.86153846154	6.3625770061
3.86538461538	6.3662303376
3.86923076923	6.3698794212
3.87307692308	6.3735242562
3.87692307692	6.3771648422
3.88076923077	6.3808011787
3.88461538462	6.3844332653
3.88846153846	6.3880611018
3.89230769231	6.3916846879
3.89615384615	6.3953040234
3.9	6.3989191081
3.90384615385	6.4025299420
3.90769230769	6.4061365251
3.91153846154	6.4097388573
3.91538461538	6.4133369389
3.91923076923	6.4169307699
3.92307692308	6.4205203506
3.92692307692	6.4241056813
3.93076923077	6.4276867623
3.93461538462	6.4312635941
3.93846153846	6.4348361771
3.94230769231	6.4384045118
3.94615384615	6.4419685989
3.95	6.4455284390
3.95384615385	6.4490840328
3.95769230769	6.4526353813
3.96153846154	6.4561824851
3.96538461538	6.4597253453
3.96923076923	6.4632639629
3.97307692308	6.4667983389
3.97692307692	6.4703284744
3.98076923077	6.4738543707
3.98461538462	6.4773760291
3.98846153846	6.4808934509
3.99230769231	6.4844066374
3.99615384615	6.4879155903
4.0	6.4914203111
4.00384615385	6.4949208014
4.00769230769	6.4984170630
4.01153846154	6.5019090976
4.01538461538	6.5053969071
4.01923076923	6.5088804935
4.02307692308	6.5123598588
4.02692307692	6.5158350051
4.03076923077	6.5193059346
4.03461538462	6.5227726496
4.03846153846	6.5262351525
4.04230769231	6.5296934456
4.04615384615	6.5331475316
4.05	6.5365974131
4.05384615385	6.5400430927
4.05769230769	6.5434845734
4.06153846154	6.5469218579
4.06538461538	6.5503549493
4.06923076923	6.5537838508
4.07307692308	6.5572085654
4.07692307692	6.5606290964
4.08076923077	6.5640454474
4.08461538462	6.5674576217
4.08846153846	6.5708656230
4.09230769231	6.5742694550
4.09615384615	6.5776691216
4.1	6.5810646266
4.10384615385	6.5844559742
4.10769230769	6.5878431685
4.11153846154	6.5912262138
4.11538461538	6.5946051146
4.11923076923	6.5979798754
4.12307692308	6.6013505009
4.12692307692	6.6047169959
4.13076923077	6.6080793654
4.13461538462	6.6114376145
4.13846153846	6.6147917484
4.14230769231	6.6181417726
4.14615384615	6.6214876925
4.15	6.6248295140
4.15384615385	6.6281672428
4.15769230769	6.6315008851
4.16153846154	6.6348304470
4.16538461538	6.6381559349
4.16923076923	6.6414773554
4.17307692308	6.6447947153
4.17692307692	6.6481080216
4.18076923077	6.6514172813
4.18461538462	6.6547225020
4.18846153846	6.6580236911
4.19230769231	6.6613208565
4.19615384615	6.6646140062
4.2	6.6679031486
4.20384615385	6.6711882921
4.20769230769	6.6744694456
4.21153846154	6.6777466181
4.21538461538	6.6810198190
4.21923076923	6.6842890579
4.22307692308	6.6875543448
4.22692307692	6.6908156899
4.23076923077	6.6940731037
4.23461538462	6.6973265973
4.23846153846	6.7005761819
4.24230769231	6.7038218691
4.24615384615	6.7070636710
4.25	6.7103016001
4.25384615385	6.7135356692
4.25769230769	6.7167658917
4.26153846154	6.7199922813
4.26538461538	6.7232148524
4.26923076923	6.7264336197
4.27307692308	6.7296485986
4.27692307692	6.7328598051
4.28076923077	6.7360672556
4.28461538462	6.7392709673
4.28846153846	6.7424709581
4.29230769231	6.7456672466
4.29615384615	6.7488598519
4.3	6.7520487943
4.30384615385	6.7552340946
4.30769230769	6.7584157747
4.31153846154	6.7615938574
4.31538461538	6.7647683665
4.31923076923	6.7679393270
4.32307692308	6.7711067648
4.32692307692	6.7742707072
4.33076923077	6.7774311828
4.33461538462	6.7805882218
4.33846153846	6.7837418556
4.34230769231	6.7868921173
4.34615384615	6.7900390421
4.35	6.7931826667
4.35384615385	6.7963230300
4.35769230769	6.7994601732
4.36153846154	6.8025941400
4.36538461538	6.8057249765
4.36923076923	6.8088527319
4.37307692308	6.8119774584
4.37692307692	6.8150992118
4.38076923077	6.8182180517
4.38461538462	6.8213340418
4.38846153846	6.8244472504
4.39230769231	6.8275577513
4.39615384615	6.8306656236
4.4	6.8337709531
4.40384615385	6.8368738329
4.40769230769	6.8399743639
4.41153846154	6.8430726566
4.41538461538	6.8461688316
4.41923076923	6.8492630220
4.42307692308	6.8523553744
4.42692307692	6.8554460514
4.43076923077	6.8585352346
4.43461538462	6.8616231275
4.43846153846	6.8647099597
4.44230769231	6.8677959922
4.44615384615	6.8708815240
4.45	6.8739669007
4.45384615385	6.8770525257
4.45769230769	6.8801388757
4.46153846154	6.8832265218
4.46538461538	6.8863161593
4.46923076923	6.8894086513
4.47307692308	6.8925050958
4.47692307692	6.8956069326
4.48076923077	6.8987161256
4.48461538462	6.9018355031
4.48846153846	6.9049694718
4.49230769231	6.9081258311
4.49615384615	6.9113223261
4.5	6.9147546126
4.50384615385	6.9183822627
4.50769230769	6.9219750939
4.51153846154	6.9255143079
4.51538461538	6.9289958242
4.51923076923	6.9324209586
4.52307692308	6.9357934302
4.52692307692	6.9391180161
4.53076923077	6.9423998405
4.53461538462	6.9456439693
4.53846153846	6.9488551750
4.54230769231	6.9520378044
4.54615384615	6.9551957134
4.55	6.9583322462
4.55384615385	6.9614502452
4.55769230769	6.9645520800
4.56153846154	6.9676396893
4.56538461538	6.9707146299
4.56923076923	6.9737781283
4.57307692308	6.9768311323
4.57692307692	6.9798743609
4.58076923077	6.9829083498
4.58461538462	6.9859334925
4.58846153846	6.9889500763
4.59230769231	6.9919583126
4.59615384615	6.9949583621
4.6	6.9979503546
4.60384615385	7.0009344047
4.60769230769	7.0039106225
4.61153846154	7.0068791218
4.61538461538	7.0098400238
4.61923076923	7.0127934602
4.62307692308	7.0157395724
4.62692307692	7.0186785111
4.63076923077	7.0216104334
4.63461538462	7.0245355004
4.63846153846	7.0274538742
4.64230769231	7.0303657144
4.64615384615	7.0332711756
4.65	7.0361704045
4.65384615385	7.0390635380
4.65769230769	7.0419507014
4.66153846154	7.0448320075
4.66538461538	7.0477075553
4.66923076923	7.0505774306
4.67307692308	7.0534417054
4.67692307692	7.0563004390
4.68076923077	7.0591536788
4.68461538462	7.0620014610
4.68846153846	7.0648438119
4.69230769231	7.0676807496
4.69615384615	7.0705122847
4.7	7.0733384223
4.70384615385	7.0761591627
4.70769230769	7.0789745028
4.71153846154	7.0817844375
4.71538461538	7.0845889600
4.71923076923	7.0873880632
4.72307692308	7.0901817401
4.72692307692	7.0929699847
4.73076923077	7.0957527919
4.73461538462	7.0985301582
4.73846153846	7.1013020818
4.74230769231	7.1040685626
4.74615384615	7.1068296025
4.75	7.1095852048
4.75384615385	7.1123353750
4.75769230769	7.1150801196
4.76153846154	7.1178194468
4.76538461538	7.1205533659
4.76923076923	7.1232818871
4.77307692308	7.1260050215
4.77692307692	7.1287227808
4.78076923077	7.1314351770
4.78461538462	7.1341422225
4.78846153846	7.1368439299
4.79230769231	7.1395403118
4.79615384615	7.1422313806
4.8	7.1449171486
4.80384615385	7.1475976281
4.80769230769	7.1502728309
4.81153846154	7.1529427686
4.81538461538	7.1556074525
4.81923076923	7.1582668936
4.82307692308	7.1609211026
4.82692307692	7.1635700900
4.83076923077	7.1662138660
4.83461538462	7.1688524404
4.83846153846	7.1714858230
4.84230769231	7.1741140234
4.84615384615	7.1767370509
4.85	7.1793549148
4.85384615385	7.1819676242
4.85769230769	7.1845751883
4.86153846154	7.1871776159
4.86538461538	7.1897749161
4.86923076923	7.1923670976
4.87307692308	7.1949541695
4.87692307692	7.1975361406
4.88076923077	7.2001130196
4.88461538462	7.2026848154
4.88846153846	7.2052515370
4.89230769231	7.2078131931
4.89615384615	7.2103697925
4.9	7.2129213442
4.90384615385	7.2154678569
4.90769230769	7.2180093395
4.91153846154	7.2205458008
4.91538461538	7.2230772498
4.91923076923	7.2256036951
4.92307692308	7.2281251457
4.92692307692	7.2306416104
4.93076923077	7.2331530979
4.93461538462	7.2356596171
4.93846153846	7.2381611767
4.94230769231	7.2406577855
4.94615384615	7.2431494523
4.95	7.2456361859
4.95384615385	7.2481179949
4.95769230769	7.2505948881
4.96153846154	7.2530668743
4.96538461538	7.2555339620
4.96923076923	7.2579961601
4.97307692308	7.2604534772
4.97692307692	7.2629059219
4.98076923077	7.2653535031
4.98461538462	7.2677962292
4.98846153846	7.2702341091
4.99230769231	7.2726671512
4.99615384615	7.2750953644
5.0	7.2775187572
5.00384615385	7.2799373383
5.00769230769	7.2823511164
5.01153846154	7.2847601000
5.01538461538	7.2871642977
5.01923076923	7.2895637183
5.02307692308	7.2919583704
5.02692307692	7.2943482625
5.03076923077	7.2967334032
5.03461538462	7.2991138013
5.03846153846	7.3014894653
5.04230769231	7.3038604038
5.04615384615	7.3062266254
5.05	7.3085881387
5.05384615385	7.3109449523
5.05769230769	7.3132970749
5.06153846154	7.3156445149
5.06538461538	7.3179872809
5.06923076923	7.3203253816
5.07307692308	7.3226588255
5.07692307692	7.3249876212
5.08076923077	7.3273117772
5.08461538462	7.3296313021
5.08846153846	7.3319462044
5.09230769231	7.3342564927
5.09615384615	7.3365621755
5.1	7.3388632614
5.10384615385	7.3411597588
5.10769230769	7.3434516762
5.11153846154	7.3457390223
5.11538461538	7.3480218055
5.11923076923	7.3503000342
5.12307692308	7.3525737170
5.12692307692	7.3548428624
5.13076923077	7.3571074789
5.13461538462	7.3593675749
5.13846153846	7.3616231588
5.14230769231	7.3638742392
5.14615384615	7.3661208245
5.15	7.3683629231
5.15384615385	7.3706005434
5.15769230769	7.3728336940
5.16153846154	7.3750623832
5.16538461538	7.3772866193
5.16923076923	7.3795064110
5.17307692308	7.3817217664
5.17692307692	7.3839326941
5.18076923077	7.3861392023
5.18461538462	7.3883412995
5.18846153846	7.3905389940
5.19230769231	7.3927322943
5.19615384615	7.3949212085
5.2	7.3971057451
5.20384615385	7.3992859124
5.20769230769	7.4014617188
5.21153846154	7.4036331725
5.21538461538	7.4058002818
5.21923076923	7.4079630550
5.22307692308	7.4101215005
5.22692307692	7.4122756264
5.23076923077	7.4144254412
5.23461538462	7.4165709529
5.23846153846	7.4187121699
5.24230769231	7.4208491004
5.24615384615	7.4229817527
5.25	7.4251101349
5.25384615385	7.4272342553
5.25769230769	7.4293541221
5.26153846154	7.4314697434
5.26538461538	7.4335811275
5.26923076923	7.4356882825
5.27307692308	7.4377912166
5.27692307692	7.4398899379
5.28076923077	7.4419844546
5.28461538462	7.4440747748
5.28846153846	7.4461609067
5.29230769231	7.4482428583
5.29615384615	7.4503206377
5.3	7.4523942531
5.30384615385	7.4544637125
5.30769230769	7.4565290239
5.31153846154	7.4585901955
5.31538461538	7.4606472354
5.31923076923	7.4627001514
5.32307692308	7.4647489517
5.32692307692	7.4667936443
5.33076923077	7.4688342372
5.33461538462	7.4708707383
5.33846153846	7.4729031557
5.34230769231	7.4749314974
5.34615384615	7.4769557712
5.35	7.4789759852
5.35384615385	7.4809921473
5.35769230769	7.4830042655
5.36153846154	7.4850123475
5.36538461538	7.4870164014
5.36923076923	7.4890164351
5.37307692308	7.4910124564
5.37692307692	7.4930044732
5.38076923077	7.4949924933
5.38461538462	7.4969765247
5.38846153846	7.4989565751
5.39230769231	7.5009326524
5.39615384615	7.5029047644
5.4	7.5048729189
5.40384615385	7.5068371237
5.40769230769	7.5087973866
5.41153846154	7.5107537153
5.41538461538	7.5127061176
5.41923076923	7.5146546013
5.42307692308	7.5165991741
5.42692307692	7.5185398437
5.43076923077	7.5204766177
5.43461538462	7.5224095041
5.43846153846	7.5243385103
5.44230769231	7.5262636441
5.44615384615	7.5281849131
5.45	7.5301023251
5.45384615385	7.5320158875
5.45769230769	7.5339256082
5.46153846154	7.5358314946
5.46538461538	7.5377335544
5.46923076923	7.5396317952
5.47307692308	7.5415262246
5.47692307692	7.5434168500
5.48076923077	7.5453036792
5.48461538462	7.5471867195
5.48846153846	7.5490659787
5.49230769231	7.5509414641
5.49615384615	7.5528131832
5.5	7.5546811121
5.50384615385	7.5565445124
5.50769230769	7.5584034986
5.51153846154	7.5602581726
5.51538461538	7.5621086238
5.51923076923	7.5639549307
5.52307692308	7.5657971610
5.52692307692	7.5676353733
5.53076923077	7.5694696176
5.53461538462	7.5712999364
5.53846153846	7.5731263659
5.54230769231	7.5749489366
5.54615384615	7.5767676743
5.55	7.5785826012
5.55384615385	7.5803937361
5.55769230769	7.5822010952
5.56153846154	7.5840046931
5.56538461538	7.5858045424
5.56923076923	7.5876006551
5.57307692308	7.5893930422
5.57692307692	7.5911817141
5.58076923077	7.5929666811
5.58461538462	7.5947479531
5.58846153846	7.5965255401
5.59230769231	7.5982994521
5.59615384615	7.6000696989
5.6	7.6018362907
5.60384615385	7.6035992373
5.60769230769	7.6053585488
5.61153846154	7.6071142353
5.61538461538	7.6088663067
5.61923076923	7.6106147728
5.62307692308	7.6123596434
5.62692307692	7.6141009282
5.63076923077	7.6158386367
5.63461538462	7.6175727781
5.63846153846	7.6193033616
5.64230769231	7.6210303961
5.64615384615	7.6227538904
5.65	7.6244738532
5.65384615385	7.6261902927
5.65769230769	7.6279032174
5.66153846154	7.6296126352
5.66538461538	7.6313185543
5.66923076923	7.6330209824
5.67307692308	7.6347199275
5.67692307692	7.6364153971
5.68076923077	7.6381073989
5.68461538462	7.6397959407
5.68846153846	7.6414810298
5.69230769231	7.6431626739
5.69615384615	7.6448408805
5.7	7.6465156571
5.70384615385	7.6481870113
5.70769230769	7.6498549505
5.71153846154	7.6515194824
5.71538461538	7.6531806144
5.71923076923	7.6548383542
5.72307692308	7.6564927092
5.72692307692	7.6581436870
5.73076923077	7.6597912953
5.73461538462	7.6614355415
5.73846153846	7.6630764332
5.74230769231	7.6647139780
5.74615384615	7.6663481834
5.75	7.6679790571
5.75384615385	7.6696066064
5.75769230769	7.6712308389
5.76153846154	7.6728517621
5.76538461538	7.6744693834
5.76923076923	7.6760837103
5.77307692308	7.6776947503
5.77692307692	7.6793025107
5.78076923077	7.6809069988
5.78461538462	7.6825082221
5.78846153846	7.6841061878
5.79230769231	7.6857009032
5.79615384615	7.6872923757
5.8	7.6888806124
5.80384615385	7.6904656206
5.80769230769	7.6920474074
5.81153846154	7.6936259800
5.81538461538	7.6952013457
5.81923076923	7.6967735114
5.82307692308	7.6983424844
5.82692307692	7.6999082717
5.83076923077	7.7014708803
5.83461538462	7.7030303173
5.83846153846	7.7045865898
5.84230769231	7.7061397046
5.84615384615	7.7076896689
5.85	7.7092364896
5.85384615385	7.7107801736
5.85769230769	7.7123207278
5.86153846154	7.7138581593
5.86538461538	7.7153924747
5.86923076923	7.7169236812
5.87307692308	7.7184517854
5.87692307692	7.7199767942
5.88076923077	7.7214987144
5.88461538462	7.7230175529
5.88846153846	7.7245333164
5.89230769231	7.7260460118
5.89615384615	7.7275556456
5.9	7.7290622247
5.90384615385	7.7305657558
5.90769230769	7.7320662455
5.91153846154	7.7335637006
5.91538461538	7.7350581276
5.91923076923	7.7365495333
5.92307692308	7.7380379243
5.92692307692	7.7395233071
5.93076923077	7.7410056883
5.93461538462	7.7424850745
5.93846153846	7.7439614723
5.94230769231	7.7454348882
5.94615384615	7.7469053287
5.95	7.7483728003
5.95384615385	7.7498373095
5.95769230769	7.7512988627
5.96153846154	7.7527574664
5.96538461538	7.7542131271
5.96923076923	7.7556658511
5.97307692308	7.7571156448
5.97692307692	7.7585625147
5.98076923077	7.7600064670
5.98461538462	7.7614475082
5.98846153846	7.7628856446
5.99230769231	7.7643208825
5.99615384615	7.7657532281
6.0	7.7671826878
6.00384615385	7.7686092679
6.00769230769	7.7700329745
6.01153846154	7.7714538139
6.01538461538	7.7728717924
6.01923076923	7.7742869162
6.02307692308	7.7756991914
6.02692307692	7.7771086241
6.03076923077	7.7785152207
6.03461538462	7.7799189871
6.03846153846	7.7813199296
6.04230769231	7.7827180542
6.04615384615	7.7841133671
6.05	7.7855058742
6.05384615385	7.7868955818
6.05769230769	7.7882824957
6.06153846154	7.7896666221
6.06538461538	7.7910479670
6.06923076923	7.7924265363
6.07307692308	7.7938023361
6.07692307692	7.7951753723
6.08076923077	7.7965456509
6.08461538462	7.7979131779
6.08846153846	7.7992779591
6.09230769231	7.8006400004
6.09615384615	7.8019993079
6.1	7.8033558872
6.10384615385	7.8047097444
6.10769230769	7.8060608853
6.11153846154	7.8074093156
6.11538461538	7.8087550413
6.11923076923	7.8100980681
6.12307692308	7.8114384018
6.12692307692	7.8127760483
6.13076923077	7.8141110132
6.13461538462	7.8154433023
6.13846153846	7.8167729215
6.14230769231	7.8180998763
6.14615384615	7.8194241725
6.15	7.8207458158
6.15384615385	7.8220648118
6.15769230769	7.8233811663
6.16153846154	7.8246948849
6.16538461538	7.8260059732
6.16923076923	7.8273144369
6.17307692308	7.8286202815
6.17692307692	7.8299235127
6.18076923077	7.8312241360
6.18461538462	7.8325221570
6.18846153846	7.8338175813
6.19230769231	7.8351104144
6.19615384615	7.8364006619
6.2	7.8376883292
6.20384615385	7.8389734218
6.20769230769	7.8402559453
6.21153846154	7.8415359051
6.21538461538	7.8428133067
6.21923076923	7.8440881555
6.22307692308	7.8453604569
6.22692307692	7.8466302165
6.23076923077	7.8478974395
6.23461538462	7.8491621314
6.23846153846	7.8504242975
6.24230769231	7.8516839433
6.24615384615	7.8529410741
6.25	7.8541956952
6.25384615385	7.8554478119
6.25769230769	7.8566974297
6.26153846154	7.8579445537
6.26538461538	7.8591891892
6.26923076923	7.8604313416
6.27307692308	7.8616710162
6.27692307692	7.8629082180
6.28076923077	7.8641429525
6.28461538462	7.8653752248
6.28846153846	7.8666050402
6.29230769231	7.8678324038
6.29615384615	7.8690573208
6.3	7.8702797964
6.30384615385	7.8714998359
6.30769230769	7.8727174442
6.31153846154	7.8739326266
6.31538461538	7.8751453882
6.31923076923	7.8763557341
6.32307692308	7.8775636694
6.32692307692	7.8787691993
6.33076923077	7.8799723287
6.33461538462	7.8811730627
6.33846153846	7.8823714064
6.34230769231	7.8835673649
6.34615384615	7.8847609432
6.35	7.8859521462
6.35384615385	7.8871409790
6.35769230769	7.8883274467
6.36153846154	7.8895115541
6.36538461538	7.8906933062
6.36923076923	7.8918727080
6.37307692308	7.8930497645
6.37692307692	7.8942244806
6.38076923077	7.8953968611
6.38461538462	7.8965669111
6.38846153846	7.8977346354
6.39230769231	7.8989000389
6.39615384615	7.9000631264
6.4	7.9012239029
6.40384615385	7.9023823732
6.40769230769	7.9035385422
6.41153846154	7.9046924146
6.41538461538	7.9058439953
6.41923076923	7.9069932891
6.42307692308	7.9081403008
6.42692307692	7.9092850351
6.43076923077	7.9104274969
6.43461538462	7.9115676910
6.43846153846	7.9127056220
6.44230769231	7.9138412946
6.44615384615	7.9149747138
6.45	7.9161058841
6.45384615385	7.9172348102
6.45769230769	7.9183614969
6.46153846154	7.9194859488
6.46538461538	7.9206081707
6.46923076923	7.9217281671
6.47307692308	7.9228459427
6.47692307692	7.9239615022
6.48076923077	7.9250748503
6.48461538462	7.9261859914
6.48846153846	7.9272949302
6.49230769231	7.9284016714
6.49615384615	7.9295062195
6.5	7.9306085791
6.50384615385	7.9317087547
6.50769230769	7.9328067510
6.51153846154	7.9339025723
6.51538461538	7.9349962234
6.51923076923	7.9360877087
6.52307692308	7.9371770327
6.52692307692	7.9382641999
6.53076923077	7.9393492149
6.53461538462	7.9404320820
6.53846153846	7.9415128059
6.54230769231	7.9425913908
6.54615384615	7.9436678413
6.55	7.9447421619
6.55384615385	7.9458143569
6.55769230769	7.9468844307
6.56153846154	7.9479523879
6.56538461538	7.9490182327
6.56923076923	7.9500819695
6.57307692308	7.9511436029
6.57692307692	7.9522031370
6.58076923077	7.9532605763
6.58461538462	7.9543159251
6.58846153846	7.9553691878
6.59230769231	7.9564203687
6.59615384615	7.9574694721
6.6	7.9585165023
6.60384615385	7.9595614636
6.60769230769	7.9606043603
6.61153846154	7.9616451967
6.61538461538	7.9626839770
6.61923076923	7.9637207056
6.62307692308	7.9647553866
6.62692307692	7.9657880243
6.63076923077	7.9668186229
6.63461538462	7.9678471867
6.63846153846	7.9688737198
6.64230769231	7.9698982265
6.64615384615	7.9709207110
6.65	7.9719411774
6.65384615385	7.9729596299
6.65769230769	7.9739760726
6.66153846154	7.9749905098
6.66538461538	7.9760029456
6.66923076923	7.9770133840
6.67307692308	7.9780218293
6.67692307692	7.9790282855
6.68076923077	7.9800327568
6.68461538462	7.9810352472
6.68846153846	7.9820357608
6.69230769231	7.9830343018
6.69615384615	7.9840308741
6.7	7.9850254819
6.70384615385	7.9860181291
6.70769230769	7.9870088199
6.71153846154	7.9879975582
6.71538461538	7.9889843482
6.71923076923	7.9899691937
6.72307692308	7.9909520988
6.72692307692	7.9919330676
6.73076923077	7.9929121039
6.73461538462	7.9938892118
6.73846153846	7.9948643952
6.74230769231	7.9958376581
6.74615384615	7.9968090044
6.75	7.9977784381
6.75384615385	7.9987459632
6.75769230769	7.9997115835
6.76153846154	8.0006753029
6.76538461538	8.0016371254
6.76923076923	8.0025970549
6.77307692308	8.0035550952
6.77692307692	8.0045112502
6.78076923077	8.0054655239
6.78461538462	8.0064179200
6.78846153846	8.0073684424
6.79230769231	8.0083170949
6.79615384615	8.0092638815
6.8	8.0102088059
6.80384615385	8.0111518720
6.80769230769	8.0120930835
6.81153846154	8.0130324442
6.81538461538	8.0139699580
6.81923076923	8.0149056287
6.82307692308	8.0158394599
6.82692307692	8.0167714555
6.83076923077	8.0177016193
6.83461538462	8.0186299550
6.83846153846	8.0195564663
6.84230769231	8.0204811570
6.84615384615	8.0214040307
6.85	8.0223250913
6.85384615385	8.0232443424
6.85769230769	8.0241617877
6.86153846154	8.0250774310
6.86538461538	8.0259912758
6.86923076923	8.0269033259
6.87307692308	8.0278135850
6.87692307692	8.0287220567
6.88076923077	8.0296287446
6.88461538462	8.0305336525
6.88846153846	8.0314367839
6.89230769231	8.0323381424
6.89615384615	8.0332377317
6.9	8.0341355555
6.90384615385	8.0350316172
6.90769230769	8.0359259206
6.91153846154	8.0368184691
6.91538461538	8.0377092664
6.91923076923	8.0385983160
6.92307692308	8.0394856215
6.92692307692	8.0403711865
6.93076923077	8.0412550145
6.93461538462	8.0421371090
6.93846153846	8.0430174736
6.94230769231	8.0438961118
6.94615384615	8.0447730271
6.95	8.0456482231
6.95384615385	8.0465217032
6.95769230769	8.0473934709
6.96153846154	8.0482635297
6.96538461538	8.0491318831
6.96923076923	8.0499985346
6.97307692308	8.0508634875
6.97692307692	8.0517267455
6.98076923077	8.0525883119
6.98461538462	8.0534481901
6.98846153846	8.0543063836
6.99230769231	8.0551628959
6.99615384615	8.0560177303
7.0	8.0568708902
7.00384615385	8.0577223791
7.00769230769	8.0585722003
7.01153846154	8.0594203572
7.01538461538	8.0602668533
7.01923076923	8.0611116918
7.02307692308	8.0619548762
7.02692307692	8.0627964098
7.03076923077	8.0636362960
7.03461538462	8.0644745380
7.03846153846	8.0653111393
7.04230769231	8.0661461031
7.04615384615	8.0669794328
7.05	8.0678111317
7.05384615385	8.0686412032
7.05769230769	8.0694696504
7.06153846154	8.0702964767
7.06538461538	8.0711216854
7.06923076923	8.0719452797
7.07307692308	8.0727672630
7.07692307692	8.0735876385
7.08076923077	8.0744064094
7.08461538462	8.0752235790
7.08846153846	8.0760391505
7.09230769231	8.0768531272
7.09615384615	8.0776655124
7.1	8.0784763091
7.10384615385	8.0792855207
7.10769230769	8.0800931503
7.11153846154	8.0808992011
7.11538461538	8.0817036764
7.11923076923	8.0825065793
7.12307692308	8.0833079130
7.12692307692	8.0841076807
7.13076923077	8.0849058855
7.13461538462	8.0857025306
7.13846153846	8.0864976191
7.14230769231	8.0872911542
7.14615384615	8.0880831391
7.15	8.0888735768
7.15384615385	8.0896624705
7.15769230769	8.0904498233
7.16153846154	8.0912356383
7.16538461538	8.0920199186
7.16923076923	8.0928026674
7.17307692308	8.0935838876
7.17692307692	8.0943635824
7.18076923077	8.0951417549
7.18461538462	8.0959184081
7.18846153846	8.0966935451
7.19230769231	8.0974671690
7.19615384615	8.0982392828
7.2	8.0990098895
7.20384615385	8.0997789922
7.20769230769	8.1005465939
7.21153846154	8.1013126976
7.21538461538	8.1020773064
7.21923076923	8.1028404233
7.22307692308	8.1036020513
7.22692307692	8.1043621933
7.23076923077	8.1051208524
7.23461538462	8.1058780315
7.23846153846	8.1066337337
7.24230769231	8.1073879619
7.24615384615	8.1081407190
7.25	8.1088920080
7.25384615385	8.1096418320
7.25769230769	8.1103901937
7.26153846154	8.1111370962
7.26538461538	8.1118825425
7.26923076923	8.1126265353
7.27307692308	8.1133690777
7.27692307692	8.1141101726
7.28076923077	8.1148498228
7.28461538462	8.1155880314
7.28846153846	8.1163248011
7.29230769231	8.1170601348
7.29615384615	8.1177940355
7.3	8.1185265061
7.30384615385	8.1192575493
7.30769230769	8.1199871681
7.31153846154	8.1207153653
7.31538461538	8.1214421438
7.31923076923	8.1221675064
7.32307692308	8.1228914560
7.32692307692	8.1236139954
7.33076923077	8.1243351274
7.33461538462	8.1250548549
7.33846153846	8.1257731807
7.34230769231	8.1264901075
7.34615384615	8.1272056382
7.35	8.1279197756
7.35384615385	8.1286325225
7.35769230769	8.1293438816
7.36153846154	8.1300538558
7.36538461538	8.1307624478
7.36923076923	8.1314696604
7.37307692308	8.1321754964
7.37692307692	8.1328799584
7.38076923077	8.1335830494
7.38461538462	8.1342847719
7.38846153846	8.1349851288
7.39230769231	8.1356841228
7.39615384615	8.1363817566
7.4	8.1370780329
7.40384615385	8.1377729545
7.40769230769	8.1384665240
7.41153846154	8.1391587442
7.41538461538	8.1398496178
7.41923076923	8.1405391474
7.42307692308	8.1412273358
7.42692307692	8.1419141856
7.43076923077	8.1425996995
7.43461538462	8.1432838802
7.43846153846	8.1439667303
7.44230769231	8.1446482525
7.44615384615	8.1453284495
7.45	8.1460073239
7.45384615385	8.1466848783
7.45769230769	8.1473611154
7.46153846154	8.1480360379
7.46538461538	8.1487096482
7.46923076923	8.1493819492
7.47307692308	8.1500529433
7.47692307692	8.1507226332
7.48076923077	8.1513910215
7.48461538462	8.1520581107
7.48846153846	8.1527239036
7.49230769231	8.1533884026
7.49615384615	8.1540516104
7.5	8.1547135294
7.50384615385	8.1553741624
7.50769230769	8.1560335119
7.51153846154	8.1566915803
7.51538461538	8.1573483704
7.51923076923	8.1580038845
7.52307692308	8.1586581254
7.52692307692	8.1593110954
7.53076923077	8.1599627972
7.53461538462	8.1606132332
7.53846153846	8.1612624061
7.54230769231	8.1619103182
7.54615384615	8.1625569722
7.55	8.1632023705
7.55384615385	8.1638465156
7.55769230769	8.1644894100
7.56153846154	8.1651310563
7.56538461538	8.1657714568
7.56923076923	8.1664106142
7.57307692308	8.1670485307
7.57692307692	8.1676852091
7.58076923077	8.1683206515
7.58461538462	8.1689548607
7.58846153846	8.1695878389
7.59230769231	8.1702195887
7.59615384615	8.1708501125
7.6	8.1714794128
7.60384615385	8.1721074919
7.60769230769	8.1727343522
7.61153846154	8.1733599964
7.61538461538	8.1739844266
7.61923076923	8.1746076454
7.62307692308	8.1752296552
7.62692307692	8.1758504583
7.63076923077	8.1764700572
7.63461538462	8.1770884542
7.63846153846	8.1777056518
7.64230769231	8.1783216523
7.64615384615	8.1789364582
7.65	8.1795500717
7.65384615385	8.1801624952
7.65769230769	8.1807737312
7.66153846154	8.1813837819
7.66538461538	8.1819926497
7.66923076923	8.1826003371
7.67307692308	8.1832068462
7.67692307692	8.1838121795
7.68076923077	8.1844163392
7.68461538462	8.1850193278
7.68846153846	8.1856211475
7.69230769231	8.1862218007
7.69615384615	8.1868212897
7.7	8.1874196167
7.70384615385	8.1880167841
7.70769230769	8.1886127943
7.71153846154	8.1892076494
7.71538461538	8.1898013517
7.71923076923	8.1903939037
7.72307692308	8.1909853074
7.72692307692	8.1915755653
7.73076923077	8.1921646796
7.73461538462	8.1927526525
7.73846153846	8.1933394863
7.74230769231	8.1939251834
7.74615384615	8.1945097458
7.75	8.1950931759
7.75384615385	8.1956754759
7.75769230769	8.1962566481
7.76153846154	8.1968366947
7.76538461538	8.1974156179
7.76923076923	8.1979934199
7.77307692308	8.1985701030
7.77692307692	8.1991456694
7.78076923077	8.1997201213
7.78461538462	8.2002934608
7.78846153846	8.2008656903
7.79230769231	8.2014368118
7.79615384615	8.2020068276
7.8	8.2025757400
7.80384615385	8.2031435509
7.80769230769	8.2037102627
7.81153846154	8.2042758775
7.81538461538	8.2048403975
7.81923076923	8.2054038248
7.82307692308	8.2059661617
7.82692307692	8.2065274102
7.83076923077	8.2070875725
7.83461538462	8.2076466508
7.83846153846	8.2082046472
7.84230769231	8.2087615638
7.84615384615	8.2093174028
7.85	8.2098721663
7.85384615385	8.2104258564
7.85769230769	8.2109784753
7.86153846154	8.2115300251
7.86538461538	8.2120805079
7.86923076923	8.2126299257
7.87307692308	8.2131782807
7.87692307692	8.2137255750
7.88076923077	8.2142718108
7.88461538462	8.2148169899
7.88846153846	8.2153611147
7.89230769231	8.2159041871
7.89615384615	8.2164462092
7.9	8.2169871831
7.90384615385	8.2175271109
7.90769230769	8.2180659946
7.91153846154	8.2186038363
7.91538461538	8.2191406380
7.91923076923	8.2196764019
7.92307692308	8.2202111299
7.92692307692	8.2207448241
7.93076923077	8.2212774865
7.93461538462	8.2218091191
7.93846153846	8.2223397241
7.94230769231	8.2228693034
7.94615384615	8.2233978590
7.95	8.2239253930
7.95384615385	8.2244519074
7.95769230769	8.2249774041
7.96153846154	8.2255018853
7.96538461538	8.2260253528
7.96923076923	8.2265478088
7.97307692308	8.2270692551
7.97692307692	8.2275896938
7.98076923077	8.2281091268
7.98461538462	8.2286275562
7.98846153846	8.2291449839
7.99230769231	8.2296614120
7.99615384615	8.2301768422
8.0	8.2306912767
8.00384615385	8.2312047174
8.00769230769	8.2317171662
8.01153846154	8.2322286252
8.01538461538	8.2327390961
8.01923076923	8.2332485811
8.02307692308	8.2337570820
8.02692307692	8.2342646008
8.03076923077	8.2347711393
8.03461538462	8.2352766996
8.03846153846	8.2357812836
8.04230769231	8.2362848931
8.04615384615	8.2367875302
8.05	8.2372891966
8.05384615385	8.2377898944
8.05769230769	8.2382896254
8.06153846154	8.2387883915
8.06538461538	8.2392861946
8.06923076923	8.2397830367
8.07307692308	8.2402789195
8.07692307692	8.2407738451
8.08076923077	8.2412678152
8.08461538462	8.2417608318
8.08846153846	8.2422528967
8.09230769231	8.2427440118
8.09615384615	8.2432341790
8.1	8.2437234001
8.10384615385	8.2442116770
8.10769230769	8.2446990116
8.11153846154	8.2451854056
8.11538461538	8.2456708610
8.11923076923	8.2461553796
8.12307692308	8.2466389632
8.12692307692	8.2471216137
8.13076923077	8.2476033329
8.13461538462	8.2480841226
8.13846153846	8.2485639846
8.14230769231	8.2490429208
8.14615384615	8.2495209331
8.15	8.2499980231
8.15384615385	8.2504741927
8.15769230769	8.2509494438
8.16153846154	8.2514237781
8.16538461538	8.2518971974
8.16923076923	8.2523697036
8.17307692308	8.2528412984
8.17692307692	8.2533119835
8.18076923077	8.2537817609
8.18461538462	8.2542506322
8.18846153846	8.2547185993
8.19230769231	8.2551856639
8.19615384615	8.2556518278
8.2	8.2561170928
8.20384615385	8.2565814605
8.20769230769	8.2570449329
8.21153846154	8.2575075116
8.21538461538	8.2579691984
8.21923076923	8.2584299950
8.22307692308	8.2588899033
8.22692307692	8.2593489248
8.23076923077	8.2598070614
8.23461538462	8.2602643149
8.23846153846	8.2607206868
8.24230769231	8.2611761790
8.24615384615	8.2616307932
8.25	8.2620845311
8.25384615385	8.2625373944
8.25769230769	8.2629893849
8.26153846154	8.2634405042
8.26538461538	8.2638907541
8.26923076923	8.2643401362
8.27307692308	8.2647886523
8.27692307692	8.2652363040
8.28076923077	8.2656830931
8.28461538462	8.2661290212
8.28846153846	8.2665740900
8.29230769231	8.2670183012
8.29615384615	8.2674616566
8.3	8.2679041576
8.30384615385	8.2683458062
8.30769230769	8.2687866038
8.31153846154	8.2692265522
8.31538461538	8.2696656530
8.31923076923	8.2701039079
8.32307692308	8.2705413186
8.32692307692	8.2709778866
8.33076923077	8.2714136137
8.33461538462	8.2718485015
8.33846153846	8.2722825516
8.34230769231	8.2727157657
8.34615384615	8.2731481454
8.35	8.2735796924
8.35384615385	8.2740104082
8.35769230769	8.2744402945
8.36153846154	8.2748693530
8.36538461538	8.2752975851
8.36923076923	8.2757249927
8.37307692308	8.2761515772
8.37692307692	8.2765773403
8.38076923077	8.2770022835
8.38461538462	8.2774264086
8.38846153846	8.2778497170
8.39230769231	8.2782722104
8.39615384615	8.2786938904
8.4	8.2791147586
8.40384615385	8.2795348165
8.40769230769	8.2799540658
8.41153846154	8.2803725079
8.41538461538	8.2807901446
8.41923076923	8.2812069773
8.42307692308	8.2816230077
8.42692307692	8.2820382373
8.43076923077	8.2824526676
8.43461538462	8.2828663003
8.43846153846	8.2832791369
8.44230769231	8.2836911789
8.44615384615	8.2841024279
8.45	8.2845128855
8.45384615385	8.2849225531
8.45769230769	8.2853314324
8.46153846154	8.2857395249
8.46538461538	8.2861468321
8.46923076923	8.2865533555
8.47307692308	8.2869590968
8.47692307692	8.2873640573
8.48076923077	8.2877682386
8.48461538462	8.2881716423
8.48846153846	8.2885742699
8.49230769231	8.2889761228
8.49615384615	8.2893772026
8.5	8.2897775109
8.50384615385	8.2901770490
8.50769230769	8.2905758186
8.51153846154	8.2909738211
8.51538461538	8.2913710579
8.51923076923	8.2917675307
8.52307692308	8.2921632409
8.52692307692	8.2925581899
8.53076923077	8.2929523794
8.53461538462	8.2933458106
8.53846153846	8.2937384852
8.54230769231	8.2941304046
8.54615384615	8.2945215703
8.55	8.2949119837
8.55384615385	8.2953016463
8.55769230769	8.2956905596
8.56153846154	8.2960787251
8.56538461538	8.2964661441
8.56923076923	8.2968528182
8.57307692308	8.2972387488
8.57692307692	8.2976239373
8.58076923077	8.2980083853
8.58461538462	8.2983920941
8.58846153846	8.2987750652
8.59230769231	8.2991572999
8.59615384615	8.2995387999
8.6	8.2999195664
8.60384615385	8.3002996010
8.60769230769	8.3006789050
8.61153846154	8.3010574799
8.61538461538	8.3014353270
8.61923076923	8.3018124479
8.62307692308	8.3021888439
8.62692307692	8.3025645164
8.63076923077	8.3029394669
8.63461538462	8.3033136967
8.63846153846	8.3036872073
8.64230769231	8.3040600000
8.64615384615	8.3044320763
8.65	8.3048034375
8.65384615385	8.3051740850
8.65769230769	8.3055440203
8.66153846154	8.3059132448
8.66538461538	8.3062817597
8.66923076923	8.3066495665
8.67307692308	8.3070166665
8.67692307692	8.3073830612
8.68076923077	8.3077487519
8.68461538462	8.3081137400
8.68846153846	8.3084780269
8.69230769231	8.3088416138
8.69615384615	8.3092045022
8.7	8.3095666935
8.70384615385	8.3099281890
8.70769230769	8.3102889900
8.71153846154	8.3106490979
8.71538461538	8.3110085140
8.71923076923	8.3113672397
8.72307692308	8.3117252764
8.72692307692	8.3120826254
8.73076923077	8.3124392879
8.73461538462	8.3127952654
8.73846153846	8.3131505592
8.74230769231	8.3135051707
8.74615384615	8.3138591010
8.75	8.3142123516
8.75384615385	8.3145649238
8.75769230769	8.3149168189
8.76153846154	8.3152680382
8.76538461538	8.3156185831
8.76923076923	8.3159684548
8.77307692308	8.3163176547
8.77692307692	8.3166661840
8.78076923077	8.3170140441
8.78461538462	8.3173612363
8.78846153846	8.3177077618
8.79230769231	8.3180536220
8.79615384615	8.3183988182
8.8	8.3187433516
8.80384615385	8.3190872235
8.80769230769	8.3194304353
8.81153846154	8.3197729881
8.81538461538	8.3201148834
8.81923076923	8.3204561223
8.82307692308	8.3207967061
8.82692307692	8.3211366362
8.83076923077	8.3214759137
8.83461538462	8.3218145400
8.83846153846	8.3221525163
8.84230769231	8.3224898439
8.84615384615	8.3228265240
8.85	8.3231625579
8.85384615385	8.3234979469
8.85769230769	8.3238326921
8.86153846154	8.3241667949
8.86538461538	8.3245002566
8.86923076923	8.3248330782
8.87307692308	8.3251652612
8.87692307692	8.3254968067
8.88076923077	8.3258277159
8.88461538462	8.3261579902
8.88846153846	8.3264876306
8.89230769231	8.3268166386
8.89615384615	8.3271450153
8.9	8.3274727618
8.90384615385	8.3277998795
8.90769230769	8.3281263696
8.91153846154	8.3284522333
8.91538461538	8.3287774718
8.91923076923	8.3291020862
8.92307692308	8.3294260779
8.92692307692	8.3297494481
8.93076923077	8.3300721978
8.93461538462	8.3303943284
8.93846153846	8.3307158411
8.94230769231	8.3310367370
8.94615384615	8.3313570174
8.95	8.3316766833
8.95384615385	8.3319957361
8.95769230769	8.3323141770
8.96153846154	8.3326320070
8.96538461538	8.3329492274
8.96923076923	8.3332658394
8.97307692308	8.3335818441
8.97692307692	8.3338972428
8.98076923077	8.3342120366
8.98461538462	8.3345262266
8.98846153846	8.3348398142
8.99230769231	8.3351528003
8.99615384615	8.3354651862
9.0	8.3357769731
9.00384615385	8.3360881620
9.00769230769	8.3363987543
9.01153846154	8.3367087509
9.01538461538	8.3370181532
9.01923076923	8.3373269622
9.02307692308	8.3376351791
9.02692307692	8.3379428050
9.03076923077	8.3382498411
9.03461538462	8.3385562885
9.03846153846	8.3388621484
9.04230769231	8.3391674218
9.04615384615	8.3394721101
9.05	8.3397762142
9.05384615385	8.3400797353
9.05769230769	8.3403826745
9.06153846154	8.3406850330
9.06538461538	8.3409868119
9.06923076923	8.3412880123
9.07307692308	8.3415886353
9.07692307692	8.3418886821
9.08076923077	8.3421881538
9.08461538462	8.3424870514
9.08846153846	8.3427853762
9.09230769231	8.3430831291
9.09615384615	8.3433803114
9.1	8.3436769241
9.10384615385	8.3439729683
9.10769230769	8.3442684451
9.11153846154	8.3445633557
9.11538461538	8.3448577011
9.11923076923	8.3451514823
9.12307692308	8.3454447006
9.12692307692	8.3457373571
9.13076923077	8.3460294526
9.13461538462	8.3463209885
9.13846153846	8.3466119657
9.14230769231	8.3469023854
9.14615384615	8.3471922486
9.15	8.3474815563
9.15384615385	8.3477703098
9.15769230769	8.3480585100
9.16153846154	8.3483461580
9.16538461538	8.3486332549
9.16923076923	8.3489198017
9.17307692308	8.3492057996
9.17692307692	8.3494912495
9.18076923077	8.3497761526
9.18461538462	8.3500605099
9.18846153846	8.3503443225
9.19230769231	8.3506275913
9.19615384615	8.3509103176
9.2	8.3511925022
9.20384615385	8.3514741463
9.20769230769	8.3517552509
9.21153846154	8.3520358171
9.21538461538	8.3523158458
9.21923076923	8.3525953382
9.22307692308	8.3528742953
9.22692307692	8.3531527181
9.23076923077	8.3534306076
9.23461538462	8.3537079649
9.23846153846	8.3539847910
9.24230769231	8.3542610869
9.24615384615	8.3545368537
9.25	8.3548120923
9.25384615385	8.3550868039
9.25769230769	8.3553609894
9.26153846154	8.3556346498
9.26538461538	8.3559077862
9.26923076923	8.3561803996
9.27307692308	8.3564524910
9.27692307692	8.3567240613
9.28076923077	8.3569951116
9.28461538462	8.3572656430
9.28846153846	8.3575356563
9.29230769231	8.3578051527
9.29615384615	8.3580741331
9.3	8.3583425984
9.30384615385	8.3586105498
9.30769230769	8.3588779882
9.31153846154	8.3591449146
9.31538461538	8.3594113300
9.31923076923	8.3596772353
9.32307692308	8.3599426316
9.32692307692	8.3602075198
9.33076923077	8.3604719009
9.33461538462	8.3607357760
9.33846153846	8.3609991459
9.34230769231	8.3612620117
9.34615384615	8.3615243743
9.35	8.3617862347
9.35384615385	8.3620475939
9.35769230769	8.3623084529
9.36153846154	8.3625688125
9.36538461538	8.3628286739
9.36923076923	8.3630880378
9.37307692308	8.3633469054
9.37692307692	8.3636052775
9.38076923077	8.3638631552
9.38461538462	8.3641205393
9.38846153846	8.3643774308
9.39230769231	8.3646338308
9.39615384615	8.3648897400
9.4	8.3651451595
9.40384615385	8.3654000903
9.40769230769	8.3656545332
9.41153846154	8.3659084892
9.41538461538	8.3661619593
9.41923076923	8.3664149444
9.42307692308	8.3666674454
9.42692307692	8.3669194633
9.43076923077	8.3671709989
9.43461538462	8.3674220533
9.43846153846	8.3676726274
9.44230769231	8.3679227220
9.44615384615	8.3681723381
9.45	8.3684214767
9.45384615385	8.3686701386
9.45769230769	8.3689183248
9.46153846154	8.3691660362
9.46538461538	8.3694132738
9.46923076923	8.3696600383
9.47307692308	8.3699063308
9.47692307692	8.3701521521
9.48076923077	8.3703975032
9.48461538462	8.3706423850
9.48846153846	8.3708867984
9.49230769231	8.3711307442
9.49615384615	8.3713742235
9.5	8.3716172370
9.50384615385	8.3718597857
9.50769230769	8.3721018705
9.51153846154	8.3723434922
9.51538461538	8.3725846519
9.51923076923	8.3728253503
9.52307692308	8.3730655884
9.52692307692	8.3733053670
9.53076923077	8.3735446870
9.53461538462	8.3737835494
9.53846153846	8.3740219549
9.54230769231	8.3742599045
9.54615384615	8.3744973991
9.55	8.3747344396
9.55384615385	8.3749710267
9.55769230769	8.3752071615
9.56153846154	8.3754428447
9.56538461538	8.3756780773
9.56923076923	8.3759128600
9.57307692308	8.3761471939
9.57692307692	8.3763810796
9.58076923077	8.3766145182
9.58461538462	8.3768475105
9.58846153846	8.3770800572
9.59230769231	8.3773121594
9.59615384615	8.3775438178
9.6	8.3777750333
9.60384615385	8.3780058068
9.60769230769	8.3782361391
9.61153846154	8.3784660311
9.61538461538	8.3786954835
9.61923076923	8.3789244973
9.62307692308	8.3791530734
9.62692307692	8.3793812125
9.63076923077	8.3796089154
9.63461538462	8.3798361831
9.63846153846	8.3800630164
9.64230769231	8.3802894161
9.64615384615	8.3805153831
9.65	8.3807409181
9.65384615385	8.3809660220
9.65769230769	8.3811906957
9.66153846154	8.3814149400
9.66538461538	8.3816387557
9.66923076923	8.3818621436
9.67307692308	8.3820851046
9.67692307692	8.3823076394
9.68076923077	8.3825297490
9.68461538462	8.3827514340
9.68846153846	8.3829726955
9.69230769231	8.3831935340
9.69615384615	8.3834139506
9.7	8.3836339459
9.70384615385	8.3838535209
9.70769230769	8.3840726762
9.71153846154	8.3842914128
9.71538461538	8.3845097314
9.71923076923	8.3847276328
9.72307692308	8.3849451179
9.72692307692	8.3851621874
9.73076923077	8.3853788422
9.73461538462	8.3855950830
9.73846153846	8.3858109106
9.74230769231	8.3860263259
9.74615384615	8.3862413296
9.75	8.3864559225
9.75384615385	8.3866701055
9.75769230769	8.3868838792
9.76153846154	8.3870972446
9.76538461538	8.3873102023
9.76923076923	8.3875227532
9.77307692308	8.3877348980
9.77692307692	8.3879466376
9.78076923077	8.3881579727
9.78461538462	8.3883689041
9.78846153846	8.3885794326
9.79230769231	8.3887895589
9.79615384615	8.3889992838
9.8	8.3892086082
9.80384615385	8.3894175327
9.80769230769	8.3896260581
9.81153846154	8.3898341853
9.81538461538	8.3900419149
9.81923076923	8.3902492478
9.82307692308	8.3904561847
9.82692307692	8.3906627264
9.83076923077	8.3908688736
9.83461538462	8.3910746271
9.83846153846	8.3912799876
9.84230769231	8.3914849559
9.84615384615	8.3916895329
9.85	8.3918937191
9.85384615385	8.3920975154
9.85769230769	8.3923009225
9.86153846154	8.3925039412
9.86538461538	8.3927065722
9.86923076923	8.3929088163
9.87307692308	8.3931106742
9.87692307692	8.3933121466
9.88076923077	8.3935132344
9.88461538462	8.3937139382
9.88846153846	8.3939142588
9.89230769231	8.3941141968
9.89615384615	8.3943137532
9.9	8.3945129285
9.90384615385	8.3947117236
9.90769230769	8.3949101391
9.91153846154	8.3951081758
9.91538461538	8.3953058344
9.91923076923	8.3955031156
9.92307692308	8.3957000203
9.92692307692	8.3958965490
9.93076923077	8.3960927025
9.93461538462	8.3962884816
9.93846153846	8.3964838870
9.94230769231	8.3966789193
9.94615384615	8.3968735793
9.95	8.3970678678
9.95384615385	8.3972617854
9.95769230769	8.3974553328
9.96153846154	8.3976485108
9.96538461538	8.3978413201
9.96923076923	8.3980337613
9.97307692308	8.3982258353
9.97692307692	8.3984175426
9.98076923077	8.3986088840
9.98461538462	8.3987998603
9.98846153846	8.3989904721
9.99230769231	8.3991807200
9.99615384615	8.3993706049
