0.0	2.9091196405
0.00434782608696	2.9096011896
0.00869565217391	2.9101049532
0.0130434782609	2.9106299196
0.0173913043478	2.9111751793
0.0217391304348	2.9117398814
0.0260869565217	2.9123232288
0.0304347826087	2.9129244747
0.0347826086957	2.9135429199
0.0391304347826	2.9141779092
0.0434782608696	2.9148288289
0.0478260869565	2.9154951042
0.0521739130435	2.9161761965
0.0565217391304	2.9168716014
0.0608695652174	2.9175808463
0.0652173913043	2.9183034886
0.0695652173913	2.9190391136
0.0739130434783	2.9197873329
0.0782608695652	2.9205477828
0.0826086956522	2.9213201225
0.0869565217391	2.9221040330
0.0913043478261	2.9228992156
0.095652173913	2.9237053904
0.1	2.9245222957
0.104347826087	2.9253496863
0.108695652174	2.9261873329
0.113043478261	2.9270350208
0.117391304348	2.9278925493
0.121739130435	2.9287597306
0.126086956522	2.9296363893
0.130434782609	2.9305223613
0.134782608696	2.9314174934
0.139130434783	2.9323216424
0.14347826087	2.9332346750
0.147826086957	2.9341564664
0.152173913043	2.9350869006
0.15652173913	2.9360258693
0.160869565217	2.9369732717
0.165217391304	2.9379290142
0.169565217391	2.9388930097
0.173913043478	2.9398651772
0.178260869565	2.9408454417
0.182608695652	2.9418337338
0.186956521739	2.9428299892
0.191304347826	2.9438341485
0.195652173913	2.9448461568
0.2	2.9458659640
0.204347826087	2.9468935236
0.208695652174	2.9479287933
0.213043478261	2.9489717343
0.217391304348	2.9500223115
0.221739130435	2.9510804927
0.226086956522	2.9521462490
0.230434782609	2.9532195545
0.234782608696	2.9543003859
0.239130434783	2.9553887225
0.24347826087	2.9564845461
0.247826086957	2.9575878409
0.252173913043	2.9586985931
0.25652173913	2.9598167912
0.260869565217	2.9609424255
0.265217391304	2.9620754883
0.269565217391	2.9632159735
0.273913043478	2.9643638768
0.278260869565	2.9655191954
0.282608695652	2.9666819281
0.286956521739	2.9678520749
0.291304347826	2.9690296374
0.295652173913	2.9702146184
0.3	2.9714070217
0.304347826087	2.9726068524
0.308695652174	2.9738141168
0.313043478261	2.9750288220
0.317391304348	2.9762509761
0.321739130435	2.9774805883
0.326086956522	2.9787176685
0.330434782609	2.9799622274
0.334782608696	2.9812142766
0.339130434783	2.9824738284
0.34347826087	2.9837408958
0.347826086957	2.9850154924
0.352173913043	2.9862976325
0.35652173913	2.9875873310
0.360869565217	2.9888846033
0.365217391304	2.9901894653
0.369565217391	2.9915019336
0.373913043478	2.9928220250
0.378260869565	2.9941497570
0.382608695652	2.9954851474
0.386956521739	2.9968282144
0.391304347826	2.9981789765
0.395652173913	2.9995374527
0.4	3.0009036622
0.404347826087	3.0022776248
0.408695652174	3.0036593601
0.413043478261	3.0050488885
0.417391304348	3.0064462303
0.421739130435	3.0078514061
0.426086956522	3.0092644369
0.430434782609	3.0106853437
0.434782608696	3.0121141478
0.439130434783	3.0135508707
0.44347826087	3.0149955340
0.447826086957	3.0164481594
0.452173913043	3.0179087690
0.45652173913	3.0193773848
0.460869565217	3.0208540289
0.465217391304	3.0223387235
0.469565217391	3.0238314912
0.473913043478	3.0253323542
0.478260869565	3.0268413352
0.482608695652	3.0283584567
0.486956521739	3.0298837413
0.491304347826	3.0314172117
0.495652173913	3.0329588907
0.5	3.0345088009
0.504347826087	3.0360669651
0.508695652174	3.0376334062
0.513043478261	3.0392081467
0.517391304348	3.0407912096
0.521739130435	3.0423826175
0.526086956522	3.0439823931
0.530434782609	3.0455905592
0.534782608696	3.0472071384
0.539130434783	3.0488321532
0.54347826087	3.0504656263
0.547826086957	3.0521075802
0.552173913043	3.0537580373
0.55652173913	3.0554170199
0.560869565217	3.0570845503
0.565217391304	3.0587606509
0.569565217391	3.0604453436
0.573913043478	3.0621386505
0.578260869565	3.0638405936
0.582608695652	3.0655511947
0.586956521739	3.0672704755
0.591304347826	3.0689984576
0.595652173913	3.0707351625
0.6	3.0724806116
0.604347826087	3.0742348261
0.608695652174	3.0759978271
0.613043478261	3.0777696356
0.617391304348	3.0795502724
0.621739130435	3.0813397581
0.626086956522	3.0831381134
0.630434782609	3.0849453586
0.634782608696	3.0867615138
0.639130434783	3.0885865991
0.64347826087	3.0904206345
0.647826086957	3.0922636396
0.652173913043	3.0941156339
0.65652173913	3.0959766368
0.660869565217	3.0978466675
0.665217391304	3.0997257449
0.669565217391	3.1016138878
0.673913043478	3.1035111149
0.678260869565	3.1054174444
0.682608695652	3.1073328947
0.686956521739	3.1092574837
0.691304347826	3.1111912291
0.695652173913	3.1131341487
0.7	3.1150862596
0.704347826087	3.1170475791
0.708695652174	3.1190181241
0.713043478261	3.1209979113
0.717391304348	3.1229869571
0.721739130435	3.1249852778
0.726086956522	3.1269928895
0.730434782609	3.1290098078
0.734782608696	3.1310360484
0.739130434783	3.1330716266
0.74347826087	3.1351165573
0.747826086957	3.1371708555
0.752173913043	3.1392345357
0.75652173913	3.1413076122
0.760869565217	3.1433900991
0.765217391304	3.1454820103
0.769565217391	3.1475833592
0.773913043478	3.1496941593
0.778260869565	3.1518144235
0.782608695652	3.1539441647
0.786956521739	3.1560833954
0.791304347826	3.1582321278
0.795652173913	3.1603903740
0.8	3.1625581456
0.804347826087	3.1647354542
0.808695652174	3.1669223109
0.813043478261	3.1691187266
0.817391304348	3.1713247121
0.821739130435	3.1735402776
0.826086956522	3.1757654333
0.830434782609	3.1780001890
0.834782608696	3.1802445542
0.839130434783	3.1824985381
0.84347826087	3.1847621498
0.847826086957	3.1870353980
0.852173913043	3.1893182910
0.85652173913	3.1916108370
0.860869565217	3.1939130439
0.865217391304	3.1962249192
0.869565217391	3.1985464701
0.873913043478	3.2008777037
0.878260869565	3.2032186267
0.882608695652	3.2055692455
0.886956521739	3.2079295662
0.891304347826	3.2102995947
0.895652173913	3.2126793364
0.9	3.2150687968
0.904347826087	3.2174679807
0.908695652174	3.2198768928
0.913043478261	3.2222955376
0.917391304348	3.2247239191
0.921739130435	3.2271620412
0.926086956522	3.2296099074
0.930434782609	3.2320675210
0.934782608696	3.2345348848
0.939130434783	3.2370120016
0.94347826087	3.2394988737
0.947826086957	3.2419955033
0.952173913043	3.2445018921
0.95652173913	3.2470180417
0.960869565217	3.2495439532
0.965217391304	3.2520796277
0.969565217391	3.2546250658
0.973913043478	3.2571802678
0.978260869565	3.2597452340
0.982608695652	3.2623199640
0.986956521739	3.2649044574
0.991304347826	3.2674987135
0.995652173913	3.2701027312
1.0	3.2727165093
1.00434782609	3.2753400460
1.00869565217	3.2779733397
1.01304347826	3.2806163881
1.01739130435	3.2832691887
1.02173913043	3.2859317390
1.02608695652	3.2886040360
1.03043478261	3.2912860763
1.0347826087	3.2939778566
1.03913043478	3.2966793731
1.04347826087	3.2993906216
1.04782608696	3.3021115979
1.05217391304	3.3048422975
1.05652173913	3.3075827154
1.06086956522	3.3103328466
1.0652173913	3.3130926857
1.06956521739	3.3158622272
1.07391304348	3.3186414650
1.07826086957	3.3214303932
1.08260869565	3.3242290053
1.08695652174	3.3270372946
1.09130434783	3.3298552544
1.09565217391	3.3326828773
1.1	3.3355201561
1.10434782609	3.3383670831
1.10869565217	3.3412236504
1.11304347826	3.3440898500
1.11739130435	3.3469656733
1.12173913043	3.3498511119
1.12608695652	3.3527461568
1.13043478261	3.3556507990
1.1347826087	3.3585650292
1.13913043478	3.3614888378
1.14347826087	3.3644222151
1.14782608696	3.3673651509
1.15217391304	3.3703176351
1.15652173913	3.3732796572
1.16086956522	3.3762512066
1.1652173913	3.3792322722
1.16956521739	3.3822228430
1.17391304348	3.3852229075
1.17826086957	3.3882324543
1.18260869565	3.3912514715
1.18695652174	3.3942799471
1.19130434783	3.3973178689
1.19565217391	3.4003652244
1.2	3.4034220011
1.20434782609	3.4064881860
1.20869565217	3.4095637661
1.21304347826	3.4126487281
1.21739130435	3.4157430586
1.22173913043	3.4188467439
1.22608695652	3.4219597702
1.23043478261	3.4250821233
1.2347826087	3.4282137890
1.23913043478	3.4313547528
1.24347826087	3.4345050001
1.24782608696	3.4376645161
1.25217391304	3.4408332857
1.25652173913	3.4440112936
1.26086956522	3.4471985245
1.2652173913	3.4503949628
1.26956521739	3.4536005926
1.27391304348	3.4568153980
1.27826086957	3.4600393629
1.28260869565	3.4632724709
1.28695652174	3.4665147055
1.29130434783	3.4697660501
1.29565217391	3.4730264876
1.3	3.4762960012
1.30434782609	3.4795745735
1.30869565217	3.4828621872
1.31304347826	3.4861588247
1.31739130435	3.4894644683
1.32173913043	3.4927791001
1.32608695652	3.4961027020
1.33043478261	3.4994352557
1.3347826087	3.5027767429
1.33913043478	3.5061271450
1.34347826087	3.5094864432
1.34782608696	3.5128546186
1.35217391304	3.5162316522
1.35652173913	3.5196175248
1.36086956522	3.5230122170
1.3652173913	3.5264157091
1.36956521739	3.5298279816
1.37391304348	3.5332490146
1.37826086957	3.5366787880
1.38260869565	3.5401172817
1.38695652174	3.5435644753
1.39130434783	3.5470203484
1.39565217391	3.5504848804
1.4	3.5539580504
1.40434782609	3.5574398375
1.40869565217	3.5609302207
1.41304347826	3.5644291787
1.41739130435	3.5679366901
1.42173913043	3.5714527334
1.42608695652	3.5749772870
1.43043478261	3.5785103289
1.4347826087	3.5820518373
1.43913043478	3.5856017899
1.44347826087	3.5891601646
1.44782608696	3.5927269390
1.45217391304	3.5963020904
1.45652173913	3.5998855963
1.46086956522	3.6034774338
1.4652173913	3.6070775799
1.46956521739	3.6106860115
1.47391304348	3.6143027053
1.47826086957	3.6179276380
1.48260869565	3.6215607861
1.48695652174	3.6252021258
1.49130434783	3.6288516335
1.49565217391	3.6325092851
1.5	3.6361750565
1.50434782609	3.6398489236
1.50869565217	3.6435308621
1.51304347826	3.6472208474
1.51739130435	3.6509188550
1.52173913043	3.6546248600
1.52608695652	3.6583388377
1.53043478261	3.6620607631
1.5347826087	3.6657906109
1.53913043478	3.6695283560
1.54347826087	3.6732739730
1.54782608696	3.6770274363
1.55217391304	3.6807887203
1.55652173913	3.6845577992
1.56086956522	3.6883346472
1.5652173913	3.6921192381
1.56956521739	3.6959115459
1.57391304348	3.6997115443
1.57826086957	3.7035192068
1.58260869565	3.7073345070
1.58695652174	3.7111574183
1.59130434783	3.7149879138
1.59565217391	3.7188259666
1.6	3.7226715499
1.60434782609	3.7265246364
1.60869565217	3.7303851989
1.61304347826	3.7342532101
1.61739130435	3.7381286425
1.62173913043	3.7420114685
1.62608695652	3.7459016604
1.63043478261	3.7497991903
1.6347826087	3.7537040304
1.63913043478	3.7576161526
1.64347826087	3.7615355288
1.64782608696	3.7654621307
1.65217391304	3.7693959298
1.65652173913	3.7733368978
1.66086956522	3.7772850061
1.6652173913	3.7812402258
1.66956521739	3.7852025284
1.67391304348	3.7891718847
1.67826086957	3.7931482658
1.68260869565	3.7971316427
1.68695652174	3.8011219860
1.69130434783	3.8051192665
1.69565217391	3.8091234547
1.7	3.8131345211
1.70434782609	3.8171524361
1.70869565217	3.8211771700
1.71304347826	3.8252086930
1.71739130435	3.8292469751
1.72173913043	3.8332919864
1.72608695652	3.8373436968
1.73043478261	3.8414020760
1.7347826087	3.8454670938
1.73913043478	3.8495387199
1.74347826087	3.8536169238
1.74782608696	3.8577016749
1.75217391304	3.8617929426
1.75652173913	3.8658906962
1.76086956522	3.8699949049
1.7652173913	3.8741055378
1.76956521739	3.8782225640
1.77391304348	3.8823459524
1.77826086957	3.8864756720
1.78260869565	3.8906116914
1.78695652174	3.8947539794
1.79130434783	3.8989025047
1.79565217391	3.9030572358
1.8	3.9072181413
1.80434782609	3.9113851896
1.80869565217	3.9155583489
1.81304347826	3.9197375877
1.81739130435	3.9239228742
1.82173913043	3.9281141764
1.82608695652	3.9323114625
1.83043478261	3.9365147005
1.8347826087	3.9407238583
1.83913043478	3.9449389039
1.84347826087	3.9491598051
1.84782608696	3.9533865297
1.85217391304	3.9576190454
1.85652173913	3.9618573198
1.86086956522	3.9661013206
1.8652173913	3.9703510152
1.86956521739	3.9746063714
1.87391304348	3.9788673563
1.87826086957	3.9831339376
1.88260869565	3.9874060824
1.88695652174	3.9916837582
1.89130434783	3.9959669321
1.89565217391	4.0002555714
1.9	4.0045496433
1.90434782609	4.0088491148
1.90869565217	4.0131539531
1.91304347826	4.0174641252
1.91739130435	4.0217795980
1.92173913043	4.0261003387
1.92608695652	4.0304263140
1.93043478261	4.0347574910
1.9347826087	4.0390938364
1.93913043478	4.0434353171
1.94347826087	4.0477818999
1.94782608696	4.0521335516
1.95217391304	4.0564902389
1.95652173913	4.0608519285
1.96086956522	4.0652185871
1.9652173913	4.0695901814
1.96956521739	4.0739666780
1.97391304348	4.0783480435
1.97826086957	4.0827342447
1.98260869565	4.0871252479
1.98695652174	4.0915210198
1.99130434783	4.0959215270
1.99565217391	4.1003267359
2.0	4.1047366131
2.00434782609	4.1091511251
2.00869565217	4.1135702384
2.01304347826	4.1179939195
2.01739130435	4.1224221347
2.02173913043	4.1268548507
2.02608695652	4.1312920338
2.03043478261	4.1357336505
2.0347826087	4.1401796673
2.03913043478	4.1446300506
2.04347826087	4.1490847668
2.04782608696	4.1535437823
2.05217391304	4.1580070637
2.05652173913	4.1624745773
2.06086956522	4.1669462896
2.0652173913	4.1714221671
2.06956521739	4.1759021761
2.07391304348	4.1803862832
2.07826086957	4.1848744547
2.08260869565	4.1893666573
2.08695652174	4.1938628573
2.09130434783	4.1983630213
2.09565217391	4.2028671157
2.1	4.2073751071
2.10434782609	4.2118869620
2.10869565217	4.2164026470
2.11304347826	4.2209221285
2.11739130435	4.2254453732
2.12173913043	4.2299723476
2.12608695652	4.2345030185
2.13043478261	4.2390373523
2.1347826087	4.2435753158
2.13913043478	4.2481168756
2.14347826087	4.2526619984
2.14782608696	4.2572106510
2.15217391304	4.2617628000
2.15652173913	4.2663184123
2.16086956522	4.2708774547
2.1652173913	4.2754398939
2.16956521739	4.2800056968
2.17391304348	4.2845748304
2.17826086957	4.2891472614
2.18260869565	4.2937229569
2.18695652174	4.2983018839
2.19130434783	4.3028840093
2.19565217391	4.3074693001
2.2	4.3120577235
2.20434782609	4.3166492466
2.20869565217	4.3212438364
2.21304347826	4.3258414603
2.21739130435	4.3304420854
2.22173913043	4.3350456789
2.22608695652	4.3396522083
2.23043478261	4.3442616407
2.2347826087	4.3488739437
2.23913043478	4.3534890846
2.24347826087	4.3581070308
2.24782608696	4.3627277500
2.25217391304	4.3673512097
2.25652173913	4.3719773774
2.26086956522	4.3766062208
2.2652173913	4.3812377076
2.26956521739	4.3858718056
2.27391304348	4.3905084825
2.27826086957	4.3951477062
2.28260869565	4.3997894446
2.28695652174	4.4044336655
2.29130434783	4.4090803371
2.29565217391	4.4137294273
2.3	4.4183809042
2.30434782609	4.4230347359
2.30869565217	4.4276908907
2.31304347826	4.4323493369
2.31739130435	4.4370100426
2.32173913043	4.4416729764
2.32608695652	4.4463381066
2.33043478261	4.4510054016
2.3347826087	4.4556748301
2.33913043478	4.4603463606
2.34347826087	4.4650199617
2.34782608696	4.4696956022
2.35217391304	4.4743732509
2.35652173913	4.4790528765
2.36086956522	4.4837344480
2.3652173913	4.4884179342
2.36956521739	4.4931033043
2.37391304348	4.4977905273
2.37826086957	4.5024795723
2.38260869565	4.5071704085
2.38695652174	4.5118630052
2.39130434783	4.5165573318
2.39565217391	4.5212533576
2.4	4.5259510520
2.40434782609	4.5306503846
2.40869565217	4.5353513251
2.41304347826	4.5400538429
2.41739130435	4.5447579080
2.42173913043	4.5494634900
2.42608695652	4.5541705588
2.43043478261	4.5588790844
2.4347826087	4.5635890368
2.43913043478	4.5683003860
2.44347826087	4.5730131021
2.44782608696	4.5777271554
2.45217391304	4.5824425162
2.45652173913	4.5871591547
2.46086956522	4.5918770415
2.4652173913	4.5965961469
2.46956521739	4.6013164417
2.47391304348	4.6060378964
2.47826086957	4.6107604817
2.48260869565	4.6154841684
2.48695652174	4.6202089273
2.49130434783	4.6249347295
2.49565217391	4.6296615458
2.5	4.6343893475
2.50434782609	4.6391181056
2.50869565217	4.6438477913
2.51304347826	4.6485783761
2.51739130435	4.6533098312
2.52173913043	4.6580421281
2.52608695652	4.6627752383
2.53043478261	4.6675091336
2.5347826087	4.6722437855
2.53913043478	4.6769791658
2.54347826087	4.6817152464
2.54782608696	4.6864519991
2.55217391304	4.6911893961
2.55652173913	4.6959274093
2.56086956522	4.7006660110
2.5652173913	4.7054051734
2.56956521739	4.7101448687
2.57391304348	4.7148850694
2.57826086957	4.7196257480
2.58260869565	4.7243668770
2.58695652174	4.7291084291
2.59130434783	4.7338503770
2.59565217391	4.7385926934
2.6	4.7433353513
2.60434782609	4.7480783236
2.60869565217	4.7528215833
2.61304347826	4.7575651036
2.61739130435	4.7623088578
2.62173913043	4.7670528190
2.62608695652	4.7717969607
2.63043478261	4.7765412562
2.6347826087	4.7812856792
2.63913043478	4.7860302033
2.64347826087	4.7907748021
2.64782608696	4.7955194495
2.65217391304	4.8002641193
2.65652173913	4.8050087854
2.66086956522	4.8097534220
2.6652173913	4.8144980031
2.66956521739	4.8192425029
2.67391304348	4.8239868957
2.67826086957	4.8287311559
2.68260869565	4.8334752579
2.68695652174	4.8382191764
2.69130434783	4.8429628858
2.69565217391	4.8477063610
2.7	4.8524495767
2.70434782609	4.8571925078
2.70869565217	4.8619351292
2.71304347826	4.8666774161
2.71739130435	4.8714193435
2.72173913043	4.8761608867
2.72608695652	4.8809020210
2.73043478261	4.8856427218
2.7347826087	4.8903829645
2.73913043478	4.8951227248
2.74347826087	4.8998619782
2.74782608696	4.9046007006
2.75217391304	4.9093388677
2.75652173913	4.9140764555
2.76086956522	4.9188134400
2.7652173913	4.9235497971
2.76956521739	4.9282855032
2.77391304348	4.9330205345
2.77826086957	4.9377548673
2.78260869565	4.9424884780
2.78695652174	4.9472213433
2.79130434783	4.9519534395
2.79565217391	4.9566847436
2.8	4.9614152322
2.80434782609	4.9661448822
2.80869565217	4.9708736706
2.81304347826	4.9756015744
2.81739130435	4.9803285708
2.82173913043	4.9850546369
2.82608695652	4.9897797501
2.83043478261	4.9945038877
2.8347826087	4.9992270273
2.83913043478	5.0039491464
2.84347826087	5.0086702226
2.84782608696	5.0133902337
2.85217391304	5.0181091576
2.85652173913	5.0228269721
2.86086956522	5.0275436552
2.8652173913	5.0322591851
2.86956521739	5.0369735399
2.87391304348	5.0416866979
2.87826086957	5.0463986375
2.88260869565	5.0511093370
2.88695652174	5.0558187751
2.89130434783	5.0605269303
2.89565217391	5.0652337813
2.9	5.0699393070
2.90434782609	5.0746434862
2.90869565217	5.0793462979
2.91304347826	5.0840477212
2.91739130435	5.0887477351
2.92173913043	5.0934463190
2.92608695652	5.0981434521
2.93043478261	5.1028391139
2.9347826087	5.1075332838
2.93913043478	5.1122259415
2.94347826087	5.1169170665
2.94782608696	5.1216066388
2.95217391304	5.1262946380
2.95652173913	5.1309810442
2.96086956522	5.1356658374
2.9652173913	5.1403489976
2.96956521739	5.1450305051
2.97391304348	5.1497103402
2.97826086957	5.1543884832
2.98260869565	5.1590649146
2.98695652174	5.1637396149
2.99130434783	5.1684125648
2.99565217391	5.1730837449
3.0	5.1777531362
3.00434782609	5.1824207194
3.00869565217	5.1870864756
3.01304347826	5.1917503859
3.01739130435	5.1964124313
3.02173913043	5.2010725932
3.02608695652	5.2057308529
3.03043478261	5.2103871917
3.0347826087	5.2150415912
3.03913043478	5.2196940329
3.04347826087	5.2243444987
3.04782608696	5.2289929701
3.05217391304	5.2336394291
3.05652173913	5.2382838576
3.06086956522	5.2429262376
3.0652173913	5.2475665512
3.06956521739	5.2522047807
3.07391304348	5.2568409082
3.07826086957	5.2614749163
3.08260869565	5.2661067872
3.08695652174	5.2707365036
3.09130434783	5.2753640481
3.09565217391	5.2799894033
3.1	5.2846125522
3.10434782609	5.2892334775
3.10869565217	5.2938521623
3.11304347826	5.2984685896
3.11739130435	5.3030827424
3.12173913043	5.3076946042
3.12608695652	5.3123041581
3.13043478261	5.3169113875
3.1347826087	5.3215162760
3.13913043478	5.3261188070
3.14347826087	5.3307189643
3.14782608696	5.3353167316
3.15217391304	5.3399120927
3.15652173913	5.3445050314
3.16086956522	5.3490955319
3.1652173913	5.3536835781
3.16956521739	5.3582691542
3.17391304348	5.3628522444
3.17826086957	5.3674328331
3.18260869565	5.3720109047
3.18695652174	5.3765864436
3.19130434783	5.3811594345
3.19565217391	5.3857298620
3.2	5.3902977108
3.20434782609	5.3948629658
3.20869565217	5.3994256118
3.21304347826	5.4039856339
3.21739130435	5.4085430172
3.22173913043	5.4130977468
3.22608695652	5.4176498079
3.23043478261	5.4221991859
3.2347826087	5.4267458661
3.23913043478	5.4312898341
3.24347826087	5.4358310755
3.24782608696	5.4403695758
3.25217391304	5.4449053209
3.25652173913	5.4494382965
3.26086956522	5.4539684886
3.2652173913	5.4584958831
3.26956521739	5.4630204661
3.27391304348	5.4675422237
3.27826086957	5.4720611422
3.28260869565	5.4765772079
3.28695652174	5.4810904072
3.29130434783	5.4856007265
3.29565217391	5.4901081525
3.3	5.4946126716
3.30434782609	5.4991142708
3.30869565217	5.5036129366
3.31304347826	5.5081086561
3.31739130435	5.5126014162
3.32173913043	5.5170912040
3.32608695652	5.5215780065
3.33043478261	5.5260618109
3.3347826087	5.5305426046
3.33913043478	5.5350203748
3.34347826087	5.5394951091
3.34782608696	5.5439667950
3.35217391304	5.5484354200
3.35652173913	5.5529009718
3.36086956522	5.5573634383
3.3652173913	5.5618228071
3.36956521739	5.5662790664
3.37391304348	5.5707322040
3.37826086957	5.5751822080
3.38260869565	5.5796290666
3.38695652174	5.5840727681
3.39130434783	5.5885133007
3.39565217391	5.5929506528
3.4	5.5973848129
3.40434782609	5.6018157696
3.40869565217	5.6062435115
3.41304347826	5.6106680273
3.41739130435	5.6150893057
3.42173913043	5.6195073357
3.42608695652	5.6239221062
3.43043478261	5.6283336063
3.4347826087	5.6327418249
3.43913043478	5.6371467513
3.44347826087	5.6415483747
3.44782608696	5.6459466845
3.45217391304	5.6503416701
3.45652173913	5.6547333210
3.46086956522	5.6591216267
3.4652173913	5.6635065769
3.46956521739	5.6678881612
3.47391304348	5.6722663696
3.47826086957	5.6766411918
3.48260869565	5.6810126178
3.48695652174	5.6853806377
3.49130434783	5.6897452415
3.49565217391	5.6941064194
3.5	5.6984641617
3.50434782609	5.7028184587
3.50869565217	5.7071693009
3.51304347826	5.7115166786
3.51739130435	5.7158605826
3.52173913043	5.7202010033
3.52608695652	5.7245379316
3.53043478261	5.7288713581
3.5347826087	5.7332012739
3.53913043478	5.7375276698
3.54347826087	5.7418505369
3.54782608696	5.7461698662
3.55217391304	5.7504856489
3.55652173913	5.7547978763
3.56086956522	5.7591065397
3.5652173913	5.7634116304
3.56956521739	5.7677131401
3.57391304348	5.7720110601
3.57826086957	5.7763053822
3.58260869565	5.7805960981
3.58695652174	5.7848831995
3.59130434783	5.7891666782
3.59565217391	5.7934465263
3.6	5.7977227357
3.60434782609	5.8019952984
3.60869565217	5.8062642068
3.61304347826	5.8105294529
3.61739130435	5.8147910291
3.62173913043	5.8190489277
3.62608695652	5.8233031414
3.63043478261	5.8275536624
3.6347826087	5.8318004836
3.63913043478	5.8360435975
3.64347826087	5.8402829969
3.64782608696	5.8445186747
3.65217391304	5.8487506238
3.65652173913	5.8529788371
3.66086956522	5.8572033078
3.6652173913	5.8614240289
3.66956521739	5.8656409937
3.67391304348	5.8698541954
3.67826086957	5.8740636276
3.68260869565	5.8782692835
3.68695652174	5.8824711567
3.69130434783	5.8866692408
3.69565217391	5.8908635295
3.7	5.8950540165
3.70434782609	5.8992406957
3.70869565217	5.9034235609
3.71304347826	5.9076026062
3.71739130435	5.9117778255
3.72173913043	5.9159492131
3.72608695652	5.9201167632
3.73043478261	5.9242804699
3.7347826087	5.9284403278
3.73913043478	5.9325963311
3.74347826087	5.9367484746
3.74782608696	5.9408967527
3.75217391304	5.9450411601
3.75652173913	5.9491816916
3.76086956522	5.9533183421
3.7652173913	5.9574511064
3.76956521739	5.9615799795
3.77391304348	5.9657049566
3.77826086957	5.9698260327
3.78260869565	5.9739432031
3.78695652174	5.9780564631
3.79130434783	5.9821658081
3.79565217391	5.9862712335
3.8	5.9903727350
3.80434782609	5.9944703082
3.80869565217	5.9985639487
3.81304347826	6.0026536525
3.81739130435	6.0067394152
3.82173913043	6.0108212331
3.82608695652	6.0148991020
3.83043478261	6.0189730181
3.8347826087	6.0230429776
3.83913043478	6.0271089769
3.84347826087	6.0311710123
3.84782608696	6.0352290803
3.85217391304	6.0392831775
3.85652173913	6.0433333004
3.86086956522	6.0473794459
3.8652173913	6.0514216107
3.86956521739	6.0554597918
3.87391304348	6.0594939862
3.87826086957	6.0635241909
3.88260869565	6.0675504031
3.88695652174	6.0715726202
3.89130434783	6.0755908394
3.89565217391	6.0796050582
3.9	6.0836152742
3.90434782609	6.0876214849
3.90869565217	6.0916236883
3.91304347826	6.0956218820
3.91739130435	6.0996160640
3.92173913043	6.1036062324
3.92608695652	6.1075923852
3.93043478261	6.1115745207
3.9347826087	6.1155526373
3.93913043478	6.1195267333
3.94347826087	6.1234968072
3.94782608696	6.1274628578
3.95217391304	6.1314248838
3.95652173913	6.1353828840
3.96086956522	6.1393368573
3.9652173913	6.1432868029
3.96956521739	6.1472327200
3.97391304348	6.1511746077
3.97826086957	6.1551124656
3.98260869565	6.1590462931
3.98695652174	6.1629760899
3.99130434783	6.1669018558
3.99565217391	6.1708235906
4.0	6.1747412943
4.00434782609	6.1786549671
4.00869565217	6.1825646092
4.01304347826	6.1864702210
4.01739130435	6.1903718031
4.02173913043	6.1942693560
4.02608695652	6.1981628805
4.03043478261	6.2020523777
4.0347826087	6.2059378485
4.03913043478	6.2098192942
4.04347826087	6.2136967161
4.04782608696	6.2175701157
4.05217391304	6.2214394947
4.05652173913	6.2253048549
4.06086956522	6.2291661983
4.0652173913	6.2330235271
4.06956521739	6.2368768435
4.07391304348	6.2407261500
4.07826086957	6.2445714493
4.08260869565	6.2484127441
4.08695652174	6.2522500377
4.09130434783	6.2560833330
4.09565217391	6.2599126336
4.1	6.2637379430
4.10434782609	6.2675592650
4.10869565217	6.2713766036
4.11304347826	6.2751899631
4.11739130435	6.2789993480
4.12173913043	6.2828047627
4.12608695652	6.2866062124
4.13043478261	6.2904037021
4.1347826087	6.2941972372
4.13913043478	6.2979868234
4.14347826087	6.3017724666
4.14782608696	6.3055541730
4.15217391304	6.3093319491
4.15652173913	6.3131058016
4.16086956522	6.3168757375
4.1652173913	6.3206417644
4.16956521739	6.3244038898
4.17391304348	6.3281621218
4.17826086957	6.3319164689
4.18260869565	6.3356669397
4.18695652174	6.3394135434
4.19130434783	6.3431562895
4.19565217391	6.3468951880
4.2	6.3506302491
4.20434782609	6.3543614837
4.20869565217	6.3580889031
4.21304347826	6.3618125189
4.21739130435	6.3655323434
4.22173913043	6.3692483893
4.22608695652	6.3729606701
4.23043478261	6.3766691994
4.2347826087	6.3803739919
4.23913043478	6.3840750627
4.24347826087	6.3877724275
4.24782608696	6.3914661028
4.25217391304	6.3951561058
4.25652173913	6.3988424546
4.26086956522	6.4025251679
4.2652173913	6.4062042654
4.26956521739	6.4098797677
4.27391304348	6.4135516964
4.27826086957	6.4172200739
4.28260869565	6.4208849239
4.28695652174	6.4245462713
4.29130434783	6.4282041421
4.29565217391	6.4318585635
4.3	6.4355095642
4.30434782609	6.4391571746
4.30869565217	6.4428014262
4.31304347826	6.4464423527
4.31739130435	6.4500799892
4.32173913043	6.4537143731
4.32608695652	6.4573455436
4.33043478261	6.4609735424
4.3347826087	6.4645984136
4.33913043478	6.4682202039
4.34347826087	6.4718389629
4.34782608696	6.4754547433
4.35217391304	6.4790676014
4.35652173913	6.4826775971
4.36086956522	6.4862847943
4.3652173913	6.4898892616
4.36956521739	6.4934910724
4.37391304348	6.4970903057
4.37826086957	6.5006870465
4.38260869565	6.5042813866
4.38695652174	6.5078734255
4.39130434783	6.5114632708
4.39565217391	6.5150510402
4.4	6.5186368617
4.40434782609	6.5222208760
4.40869565217	6.5258032377
4.41304347826	6.5293841178
4.41739130435	6.5329637057
4.42173913043	6.5365422133
4.42608695652	6.5401198777
4.43043478261	6.5436969670
4.4347826087	6.5472737859
4.43913043478	6.5508506832
4.44347826087	6.5544280626
4.44782608696	6.5580063951
4.45217391304	6.5615862376
4.45652173913	6.5651682571
4.46086956522	6.5687532662
4.4652173913	6.5723422740
4.46956521739	6.5759365647
4.47391304348	6.5795378236
4.47826086957	6.5831483521
4.48260869565	6.5867714695
4.48695652174	6.5904123592
4.49130434783	6.5940802240
4.49565217391	6.5977961054
4.5	6.6017945776
4.50434782609	6.6060208347
4.50869565217	6.6101952970
4.51304347826	6.6142988460
4.51739130435	6.6183302059
4.52173913043	6.6222941786
4.52608695652	6.6261978659
4.53043478261	6.6300490134
4.5347826087	6.6338551874
4.53913043478	6.6376233544
4.54347826087	6.6413596814
4.54782608696	6.6450694647
4.55217391304	6.6487571364
4.55652173913	6.6524263183
4.56086956522	6.6560799011
4.5652173913	6.6597201366
4.56956521739	6.6633487342
4.57391304348	6.6669669539
4.57826086957	6.6705756936
4.58260869565	6.6741755673
4.58695652174	6.6777669741
4.59130434783	6.6813501554
4.59565217391	6.6849252436
4.6	6.6884923006
4.60434782609	6.6920513474
4.60869565217	6.6956023867
4.61304347826	6.6991454193
4.61739130435	6.7026804540
4.62173913043	6.7062075145
4.62608695652	6.7097266422
4.63043478261	6.7132378965
4.6347826087	6.7167413536
4.63913043478	6.7202371038
4.64347826087	6.7237252483
4.64782608696	6.7272058958
4.65217391304	6.7306791591
4.65652173913	6.7341451515
4.66086956522	6.7376039841
4.6652173913	6.7410557637
4.66956521739	6.7445005904
4.67391304348	6.7479385564
4.67826086957	6.7513697453
4.68260869565	6.7547942312
4.68695652174	6.7582120791
4.69130434783	6.7616233446
4.69565217391	6.7650280746
4.7	6.7684263081
4.70434782609	6.7718180766
4.70869565217	6.7752034051
4.71304347826	6.7785823133
4.71739130435	6.7819548160
4.72173913043	6.7853209242
4.72608695652	6.7886806457
4.73043478261	6.7920339863
4.7347826087	6.7953809497
4.73913043478	6.7987215388
4.74347826087	6.8020557555
4.74782608696	6.8053836017
4.75217391304	6.8087050792
4.75652173913	6.8120201900
4.76086956522	6.8153289366
4.7652173913	6.8186313221
4.76956521739	6.8219273502
4.77391304348	6.8252170251
4.77826086957	6.8285003518
4.78260869565	6.8317773361
4.78695652174	6.8350479840
4.79130434783	6.8383123023
4.79565217391	6.8415702984
4.8	6.8448219798
4.80434782609	6.8480673546
4.80869565217	6.8513064311
4.81304347826	6.8545392179
4.81739130435	6.8577657239
4.82173913043	6.8609859579
4.82608695652	6.8641999290
4.83043478261	6.8674076464
4.8347826087	6.8706091193
4.83913043478	6.8738043569
4.84347826087	6.8769933685
4.84782608696	6.8801761632
4.85217391304	6.8833527505
4.85652173913	6.8865231396
4.86086956522	6.8896873396
4.8652173913	6.8928453599
4.86956521739	6.8959972097
4.87391304348	6.8991428982
4.87826086957	6.9022824346
4.88260869565	6.9054158282
4.88695652174	6.9085430883
4.89130434783	6.9116642239
4.89565217391	6.9147792445
4.9	6.9178881592
4.90434782609	6.9209909773
4.90869565217	6.9240877082
4.91304347826	6.9271783611
4.91739130435	6.9302629454
4.92173913043	6.9333414704
4.92608695652	6.9364139455
4.93043478261	6.9394803802
4.9347826087	6.9425407838
4.93913043478	6.9455951658
4.94347826087	6.9486435357
4.94782608696	6.9516859030
4.95217391304	6.9547222771
4.95652173913	6.9577526677
4.96086956522	6.9607770843
4.9652173913	6.9637955365
4.96956521739	6.9668080338
4.97391304348	6.9698145860
4.97826086957	6.9728152026
4.98260869565	6.9758098934
4.98695652174	6.9787986679
4.99130434783	6.9817815359
4.99565217391	6.9847585072
5.0	6.9877295914
5.00434782609	6.9906947982
5.00869565217	6.9936541375
5.01304347826	6.9966076190
5.01739130435	6.9995552525
5.02173913043	7.0024970478
5.02608695652	7.0054330148
5.03043478261	7.0083631632
5.0347826087	7.0112875029
5.03913043478	7.0142060437
5.04347826087	7.0171187956
5.04782608696	7.0200257684
5.05217391304	7.0229269719
5.05652173913	7.0258224162
5.06086956522	7.0287121111
5.0652173913	7.0315960665
5.06956521739	7.0344742923
5.07391304348	7.0373467985
5.07826086957	7.0402135951
5.08260869565	7.0430746920
5.08695652174	7.0459300992
5.09130434783	7.0487798266
5.09565217391	7.0516238842
5.1	7.0544622821
5.10434782609	7.0572950301
5.10869565217	7.0601221383
5.11304347826	7.0629436168
5.11739130435	7.0657594755
5.12173913043	7.0685697244
5.12608695652	7.0713743735
5.13043478261	7.0741734330
5.1347826087	7.0769669127
5.13913043478	7.0797548228
5.14347826087	7.0825371733
5.14782608696	7.0853139742
5.15217391304	7.0880852355
5.15652173913	7.0908509673
5.16086956522	7.0936111796
5.1652173913	7.0963658826
5.16956521739	7.0991150861
5.17391304348	7.1018588003
5.17826086957	7.1045970352
5.18260869565	7.1073298009
5.18695652174	7.1100571074
5.19130434783	7.1127789648
5.19565217391	7.1154953830
5.2	7.1182063722
5.20434782609	7.1209119424
5.20869565217	7.1236121036
5.21304347826	7.1263068658
5.21739130435	7.1289962392
5.22173913043	7.1316802337
5.22608695652	7.1343588593
5.23043478261	7.1370321262
5.2347826087	7.1397000442
5.23913043478	7.1423626235
5.24347826087	7.1450198740
5.24782608696	7.1476718058
5.25217391304	7.1503184289
5.25652173913	7.1529597532
5.26086956522	7.1555957888
5.2652173913	7.1582265457
5.26956521739	7.1608520338
5.27391304348	7.1634722632
5.27826086957	7.1660872437
5.28260869565	7.1686969855
5.28695652174	7.1713014984
5.29130434783	7.1739007924
5.29565217391	7.1764948774
5.3	7.1790837635
5.30434782609	7.1816674605
5.30869565217	7.1842459784
5.31304347826	7.1868193271
5.31739130435	7.1893875164
5.32173913043	7.1919505565
5.32608695652	7.1945084570
5.33043478261	7.1970612279
5.3347826087	7.1996088791
5.33913043478	7.2021514205
5.34347826087	7.2046888620
5.34782608696	7.2072212133
5.35217391304	7.2097484844
5.35652173913	7.2122706850
5.36086956522	7.2147878251
5.3652173913	7.2172999144
5.36956521739	7.2198069628
5.37391304348	7.2223089800
5.37826086957	7.2248059759
5.38260869565	7.2272979602
5.38695652174	7.2297849427
5.39130434783	7.2322669332
5.39565217391	7.2347439413
5.4	7.2372159770
5.40434782609	7.2396830498
5.40869565217	7.2421451695
5.41304347826	7.2446023458
5.41739130435	7.2470545885
5.42173913043	7.2495019072
5.42608695652	7.2519443115
5.43043478261	7.2543818112
5.4347826087	7.2568144158
5.43913043478	7.2592421351
5.44347826087	7.2616649787
5.44782608696	7.2640829562
5.45217391304	7.2664960771
5.45652173913	7.2689043512
5.46086956522	7.2713077879
5.4652173913	7.2737063968
5.46956521739	7.2761001875
5.47391304348	7.2784891696
5.47826086957	7.2808733526
5.48260869565	7.2832527459
5.48695652174	7.2856273592
5.49130434783	7.2879972018
5.49565217391	7.2903622833
5.5	7.2927225737
5.50434782609	7.2950770227
5.50869565217	7.2974258114
5.51304347826	7.2997690951
5.51739130435	7.3021070062
5.52173913043	7.3044396564
5.52608695652	7.3067671390
5.53043478261	7.3090895315
5.5347826087	7.3114068979
5.53913043478	7.3137192905
5.54347826087	7.3160267522
5.54782608696	7.3183293181
5.55217391304	7.3206270169
5.55652173913	7.3229198727
5.56086956522	7.3252079054
5.5652173913	7.3274911325
5.56956521739	7.3297695693
5.57391304348	7.3320432296
5.57826086957	7.3343121264
5.58260869565	7.3365762723
5.58695652174	7.3388356795
5.59130434783	7.3410903600
5.59565217391	7.3433403262
5.6	7.3455855904
5.60434782609	7.3478261650
5.60869565217	7.3500620627
5.61304347826	7.3522932962
5.61739130435	7.3545198784
5.62173913043	7.3567418222
5.62608695652	7.3589591405
5.63043478261	7.3611718461
5.6347826087	7.3633799517
5.63913043478	7.3655834700
5.64347826087	7.3677824135
5.64782608696	7.3699767945
5.65217391304	7.3721666253
5.65652173913	7.3743519177
5.66086956522	7.3765326835
5.6652173913	7.3787089345
5.66956521739	7.3808806819
5.67391304348	7.3830479372
5.67826086957	7.3852107114
5.68260869565	7.3873690155
5.68695652174	7.3895228605
5.69130434783	7.3916722571
5.69565217391	7.3938172160
5.7	7.3959577477
5.70434782609	7.3980938629
5.70869565217	7.4002255720
5.71304347826	7.4023528854
5.71739130435	7.4044758135
5.72173913043	7.4065943667
5.72608695652	7.4087085553
5.73043478261	7.4108183896
5.7347826087	7.4129238799
5.73913043478	7.4150250364
5.74347826087	7.4171218693
5.74782608696	7.4192143889
5.75217391304	7.4213026054
5.75652173913	7.4233865288
5.76086956522	7.4254661695
5.7652173913	7.4275415374
5.76956521739	7.4296126428
5.77391304348	7.4316794956
5.77826086957	7.4337421059
5.78260869565	7.4358004838
5.78695652174	7.4378546392
5.79130434783	7.4399045820
5.79565217391	7.4419503223
5.8	7.4439918699
5.80434782609	7.4460292347
5.80869565217	7.4480624265
5.81304347826	7.4500914551
5.81739130435	7.4521163303
5.82173913043	7.4541370618
5.82608695652	7.4561536594
5.83043478261	7.4581661327
5.8347826087	7.4601744913
5.83913043478	7.4621787449
5.84347826087	7.4641789030
5.84782608696	7.4661749752
5.85217391304	7.4681669711
5.85652173913	7.4701549000
5.86086956522	7.4721387715
5.8652173913	7.4741185950
5.86956521739	7.4760943798
5.87391304348	7.4780661354
5.87826086957	7.4800338712
5.88260869565	7.4819975963
5.88695652174	7.4839573201
5.89130434783	7.4859130519
5.89565217391	7.4878648008
5.9	7.4898125761
5.90434782609	7.4917563870
5.90869565217	7.4936962425
5.91304347826	7.4956321519
5.91739130435	7.4975641241
5.92173913043	7.4994921683
5.92608695652	7.5014162935
5.93043478261	7.5033365086
5.9347826087	7.5052528227
5.93913043478	7.5071652448
5.94347826087	7.5090737837
5.94782608696	7.5109784483
5.95217391304	7.5128792476
5.95652173913	7.5147761903
5.96086956522	7.5166692853
5.9652173913	7.5185585413
5.96956521739	7.5204439673
5.97391304348	7.5223255718
5.97826086957	7.5242033636
5.98260869565	7.5260773514
5.98695652174	7.5279475439
5.99130434783	7.5298139496
5.99565217391	7.5316765773
6.0	7.5335354355
6.00434782609	7.5353905327
6.00869565217	7.5372418776
6.01304347826	7.5390894786
6.01739130435	7.5409333442
6.02173913043	7.5427734829
6.02608695652	7.5446099031
6.03043478261	7.5464426133
6.0347826087	7.5482716217
6.03913043478	7.5500969369
6.04347826087	7.5519185672
6.04782608696	7.5537365208
6.05217391304	7.5555508061
6.05652173913	7.5573614313
6.06086956522	7.5591684047
6.0652173913	7.5609717345
6.06956521739	7.5627714290
6.07391304348	7.5645674962
6.07826086957	7.5663599445
6.08260869565	7.5681487818
6.08695652174	7.5699340163
6.09130434783	7.5717156562
6.09565217391	7.5734937094
6.1	7.5752681840
6.10434782609	7.5770390880
6.10869565217	7.5788064294
6.11304347826	7.5805702163
6.11739130435	7.5823304565
6.12173913043	7.5840871580
6.12608695652	7.5858403287
6.13043478261	7.5875899765
6.1347826087	7.5893361093
6.13913043478	7.5910787348
6.14347826087	7.5928178610
6.14782608696	7.5945534955
6.15217391304	7.5962856463
6.15652173913	7.5980143210
6.16086956522	7.5997395275
6.1652173913	7.6014612733
6.16956521739	7.6031795662
6.17391304348	7.6048944139
6.17826086957	7.6066058241
6.18260869565	7.6083138042
6.18695652174	7.6100183621
6.19130434783	7.6117195052
6.19565217391	7.6134172411
6.2	7.6151115774
6.20434782609	7.6168025216
6.20869565217	7.6184900812
6.21304347826	7.6201742637
6.21739130435	7.6218550766
6.22173913043	7.6235325272
6.22608695652	7.6252066231
6.23043478261	7.6268773716
6.2347826087	7.6285447802
6.23913043478	7.6302088561
6.24347826087	7.6318696068
6.24782608696	7.6335270395
6.25217391304	7.6351811616
6.25652173913	7.6368319803
6.26086956522	7.6384795030
6.2652173913	7.6401237368
6.26956521739	7.6417646890
6.27391304348	7.6434023668
6.27826086957	7.6450367774
6.28260869565	7.6466679280
6.28695652174	7.6482958257
6.29130434783	7.6499204777
6.29565217391	7.6515418910
6.3	7.6531600728
6.30434782609	7.6547750301
6.30869565217	7.6563867700
6.31304347826	7.6579952995
6.31739130435	7.6596006257
6.32173913043	7.6612027555
6.32608695652	7.6628016960
6.33043478261	7.6643974540
6.3347826087	7.6659900366
6.33913043478	7.6675794507
6.34347826087	7.6691657032
6.34782608696	7.6707488009
6.35217391304	7.6723287508
6.35652173913	7.6739055596
6.36086956522	7.6754792343
6.3652173913	7.6770497817
6.36956521739	7.6786172086
6.37391304348	7.6801815216
6.37826086957	7.6817427277
6.38260869565	7.6833008336
6.38695652174	7.6848558459
6.39130434783	7.6864077714
6.39565217391	7.6879566169
6.4	7.6895023889
6.40434782609	7.6910450941
6.40869565217	7.6925847393
6.41304347826	7.6941213309
6.41739130435	7.6956548757
6.42173913043	7.6971853802
6.42608695652	7.6987128509
6.43043478261	7.7002372945
6.4347826087	7.7017587175
6.43913043478	7.7032771265
6.44347826087	7.7047925278
6.44782608696	7.7063049280
6.45217391304	7.7078143337
6.45652173913	7.7093207511
6.46086956522	7.7108241869
6.4652173913	7.7123246474
6.46956521739	7.7138221389
6.47391304348	7.7153166680
6.47826086957	7.7168082410
6.48260869565	7.7182968643
6.48695652174	7.7197825441
6.49130434783	7.7212652868
6.49565217391	7.7227450988
6.5	7.7242219863
6.50434782609	7.7256959556
6.50869565217	7.7271670129
6.51304347826	7.7286351646
6.51739130435	7.7301004168
6.52173913043	7.7315627758
6.52608695652	7.7330222477
6.53043478261	7.7344788388
6.5347826087	7.7359325552
6.53913043478	7.7373834030
6.54347826087	7.7388313885
6.54782608696	7.7402765176
6.55217391304	7.7417187966
6.55652173913	7.7431582315
6.56086956522	7.7445948285
6.5652173913	7.7460285934
6.56956521739	7.7474595325
6.57391304348	7.7488876517
6.57826086957	7.7503129570
6.58260869565	7.7517354545
6.58695652174	7.7531551501
6.59130434783	7.7545720499
6.59565217391	7.7559861596
6.6	7.7573974854
6.60434782609	7.7588060331
6.60869565217	7.7602118086
6.61304347826	7.7616148179
6.61739130435	7.7630150667
6.62173913043	7.7644125611
6.62608695652	7.7658073067
6.63043478261	7.7671993096
6.6347826087	7.7685885754
6.63913043478	7.7699751100
6.64347826087	7.7713589192
6.64782608696	7.7727400087
6.65217391304	7.7741183844
6.65652173913	7.7754940520
6.66086956522	7.7768670172
6.6652173913	7.7782372857
6.66956521739	7.7796048633
6.67391304348	7.7809697557
6.67826086957	7.7823319684
6.68260869565	7.7836915073
6.68695652174	7.7850483779
6.69130434783	7.7864025859
6.69565217391	7.7877541369
6.7	7.7891030365
6.70434782609	7.7904492903
6.70869565217	7.7917929040
6.71304347826	7.7931338830
6.71739130435	7.7944722329
6.72173913043	7.7958079593
6.72608695652	7.7971410678
6.73043478261	7.7984715637
6.7347826087	7.7997994526
6.73913043478	7.8011247400
6.74347826087	7.8024474315
6.74782608696	7.8037675323
6.75217391304	7.8050850481
6.75652173913	7.8063999842
6.76086956522	7.8077123460
6.7652173913	7.8090221390
6.76956521739	7.8103293685
6.77391304348	7.8116340400
6.77826086957	7.8129361588
6.78260869565	7.8142357302
6.78695652174	7.8155327596
6.79130434783	7.8168272524
6.79565217391	7.8181192139
6.8	7.8194086493
6.80434782609	7.8206955639
6.80869565217	7.8219799631
6.81304347826	7.8232618521
6.81739130435	7.8245412361
6.82173913043	7.8258181204
6.82608695652	7.8270925102
6.83043478261	7.8283644108
6.8347826087	7.8296338273
6.83913043478	7.8309007650
6.84347826087	7.8321652290
6.84782608696	7.8334272244
6.85217391304	7.8346867565
6.85652173913	7.8359438303
6.86086956522	7.8371984511
6.8652173913	7.8384506238
6.86956521739	7.8397003537
6.87391304348	7.8409476458
6.87826086957	7.8421925052
6.88260869565	7.8434349370
6.88695652174	7.8446749462
6.89130434783	7.8459125379
6.89565217391	7.8471477170
6.9	7.8483804887
6.90434782609	7.8496108579
6.90869565217	7.8508388296
6.91304347826	7.8520644089
6.91739130435	7.8532876006
6.92173913043	7.8545084097
6.92608695652	7.8557268413
6.93043478261	7.8569429001
6.9347826087	7.8581565912
6.93913043478	7.8593679195
6.94347826087	7.8605768899
6.94782608696	7.8617835072
6.95217391304	7.8629877763
6.95652173913	7.8641897022
6.96086956522	7.8653892896
6.9652173913	7.8665865434
6.96956521739	7.8677814685
6.97391304348	7.8689740696
6.97826086957	7.8701643516
6.98260869565	7.8713523192
6.98695652174	7.8725379774
6.99130434783	7.8737213307
6.99565217391	7.8749023841
7.0	7.8760811422
7.00434782609	7.8772576098
7.00869565217	7.8784317916
7.01304347826	7.8796036924
7.01739130435	7.8807733169
7.02173913043	7.8819406697
7.02608695652	7.8831057556
7.03043478261	7.8842685792
7.0347826087	7.8854291451
7.03913043478	7.8865874582
7.04347826087	7.8877435229
7.04782608696	7.8888973439
7.05217391304	7.8900489259
7.05652173913	7.8911982734
7.06086956522	7.8923453911
7.0652173913	7.8934902835
7.06956521739	7.8946329553
7.07391304348	7.8957734110
7.07826086957	7.8969116551
7.08260869565	7.8980476922
7.08695652174	7.8991815269
7.09130434783	7.9003131636
7.09565217391	7.9014426069
7.1	7.9025698613
7.10434782609	7.9036949313
7.10869565217	7.9048178214
7.11304347826	7.9059385360
7.11739130435	7.9070570796
7.12173913043	7.9081734566
7.12608695652	7.9092876716
7.13043478261	7.9103997289
7.1347826087	7.9115096330
7.13913043478	7.9126173882
7.14347826087	7.9137229991
7.14782608696	7.9148264698
7.15217391304	7.9159278050
7.15652173913	7.9170270089
7.16086956522	7.9181240858
7.1652173913	7.9192190402
7.16956521739	7.9203118764
7.17391304348	7.9214025987
7.17826086957	7.9224912114
7.18260869565	7.9235777188
7.18695652174	7.9246621254
7.19130434783	7.9257444352
7.19565217391	7.9268246527
7.2	7.9279027821
7.20434782609	7.9289788276
7.20869565217	7.9300527936
7.21304347826	7.9311246842
7.21739130435	7.9321945038
7.22173913043	7.9332622564
7.22608695652	7.9343279464
7.23043478261	7.9353915779
7.2347826087	7.9364531551
7.23913043478	7.9375126823
7.24347826087	7.9385701635
7.24782608696	7.9396256030
7.25217391304	7.9406790050
7.25652173913	7.9417303735
7.26086956522	7.9427797127
7.2652173913	7.9438270268
7.26956521739	7.9448723198
7.27391304348	7.9459155959
7.27826086957	7.9469568591
7.28260869565	7.9479961136
7.28695652174	7.9490333635
7.29130434783	7.9500686127
7.29565217391	7.9511018655
7.3	7.9521331258
7.30434782609	7.9531623976
7.30869565217	7.9541896851
7.31304347826	7.9552149923
7.31739130435	7.9562383230
7.32173913043	7.9572596815
7.32608695652	7.9582790716
7.33043478261	7.9592964975
7.3347826087	7.9603119629
7.33913043478	7.9613254720
7.34347826087	7.9623370286
7.34782608696	7.9633466368
7.35217391304	7.9643543005
7.35652173913	7.9653600236
7.36086956522	7.9663638101
7.3652173913	7.9673656638
7.36956521739	7.9683655887
7.37391304348	7.9693635887
7.37826086957	7.9703596677
7.38260869565	7.9713538295
7.38695652174	7.9723460781
7.39130434783	7.9733364173
7.39565217391	7.9743248510
7.4	7.9753113830
7.40434782609	7.9762960171
7.40869565217	7.9772787572
7.41304347826	7.9782596072
7.41739130435	7.9792385708
7.42173913043	7.9802156518
7.42608695652	7.9811908540
7.43043478261	7.9821641813
7.4347826087	7.9831356374
7.43913043478	7.9841052261
7.44347826087	7.9850729512
7.44782608696	7.9860388163
7.45217391304	7.9870028253
7.45652173913	7.9879649819
7.46086956522	7.9889252898
7.4652173913	7.9898837528
7.46956521739	7.9908403745
7.47391304348	7.9917951587
7.47826086957	7.9927481091
7.48260869565	7.9936992293
7.48695652174	7.9946485231
7.49130434783	7.9955959941
7.49565217391	7.9965416460
7.5	7.9974854824
7.50434782609	7.9984275070
7.50869565217	7.9993677235
7.51304347826	8.0003061354
7.51739130435	8.0012427464
7.52173913043	8.0021775601
7.52608695652	8.0031105801
7.53043478261	8.0040418100
7.5347826087	8.0049712535
7.53913043478	8.0058989141
7.54347826087	8.0068247953
7.54782608696	8.0077489008
7.55217391304	8.0086712341
7.55652173913	8.0095917987
7.56086956522	8.0105105983
7.5652173913	8.0114276363
7.56956521739	8.0123429163
7.57391304348	8.0132564418
7.57826086957	8.0141682163
7.58260869565	8.0150782433
7.58695652174	8.0159865263
7.59130434783	8.0168930689
7.59565217391	8.0177978745
7.6	8.0187009465
7.60434782609	8.0196022885
7.60869565217	8.0205019039
7.61304347826	8.0213997961
7.61739130435	8.0222959687
7.62173913043	8.0231904250
7.62608695652	8.0240831685
7.63043478261	8.0249742026
7.6347826087	8.0258635307
7.63913043478	8.0267511562
7.64347826087	8.0276370826
7.64782608696	8.0285213131
7.65217391304	8.0294038513
7.65652173913	8.0302847005
7.66086956522	8.0311638640
7.6652173913	8.0320413453
7.66956521739	8.0329171476
7.67391304348	8.0337912744
7.67826086957	8.0346637289
7.68260869565	8.0355345146
7.68695652174	8.0364036346
7.69130434783	8.0372710925
7.69565217391	8.0381368914
7.7	8.0390010347
7.70434782609	8.0398635256
7.70869565217	8.0407243675
7.71304347826	8.0415835637
7.71739130435	8.0424411174
7.72173913043	8.0432970319
7.72608695652	8.0441513105
7.73043478261	8.0450039564
7.7347826087	8.0458549728
7.73913043478	8.0467043631
7.74347826087	8.0475521304
7.74782608696	8.0483982780
7.75217391304	8.0492428091
7.75652173913	8.0500857268
7.76086956522	8.0509270346
7.7652173913	8.0517667354
7.76956521739	8.0526048325
7.77391304348	8.0534413291
7.77826086957	8.0542762284
7.78260869565	8.0551095336
7.78695652174	8.0559412477
7.79130434783	8.0567713741
7.79565217391	8.0575999158
7.8	8.0584268759
7.80434782609	8.0592522576
7.80869565217	8.0600760641
7.81304347826	8.0608982985
7.81739130435	8.0617189638
7.82173913043	8.0625380633
7.82608695652	8.0633555999
7.83043478261	8.0641715769
7.8347826087	8.0649859972
7.83913043478	8.0657988640
7.84347826087	8.0666101804
7.84782608696	8.0674199494
7.85217391304	8.0682281741
7.85652173913	8.0690348575
7.86086956522	8.0698400028
7.8652173913	8.0706436129
7.86956521739	8.0714456909
7.87391304348	8.0722462398
7.87826086957	8.0730452626
7.88260869565	8.0738427624
7.88695652174	8.0746387422
7.89130434783	8.0754332050
7.89565217391	8.0762261538
7.9	8.0770175915
7.90434782609	8.0778075212
7.90869565217	8.0785959459
7.91304347826	8.0793828685
7.91739130435	8.0801682920
7.92173913043	8.0809522193
7.92608695652	8.0817346534
7.93043478261	8.0825155973
7.9347826087	8.0832950539
7.93913043478	8.0840730262
7.94347826087	8.0848495170
7.94782608696	8.0856245293
7.95217391304	8.0863980660
7.95652173913	8.0871701300
7.96086956522	8.0879407243
7.9652173913	8.0887098516
7.96956521739	8.0894775150
7.97391304348	8.0902437174
7.97826086957	8.0910084614
7.98260869565	8.0917717502
7.98695652174	8.0925335865
7.99130434783	8.0932939732
7.99565217391	8.0940529131
8.0	8.0948104091
8.00434782609	8.0955664641
8.00869565217	8.0963210809
8.01304347826	8.0970742623
8.01739130435	8.0978260111
8.02173913043	8.0985763302
8.02608695652	8.0993252223
8.03043478261	8.1000726904
8.0347826087	8.1008187371
8.03913043478	8.1015633654
8.04347826087	8.1023065779
8.04782608696	8.1030483774
8.05217391304	8.1037887668
8.05652173913	8.1045277488
8.06086956522	8.1052653262
8.0652173913	8.1060015017
8.06956521739	8.1067362782
8.07391304348	8.1074696582
8.07826086957	8.1082016447
8.08260869565	8.1089322403
8.08695652174	8.1096614477
8.09130434783	8.1103892698
8.09565217391	8.1111157091
8.1	8.1118407685
8.10434782609	8.1125644505
8.10869565217	8.1132867581
8.11304347826	8.1140076937
8.11739130435	8.1147272602
8.12173913043	8.1154454602
8.12608695652	8.1161622964
8.13043478261	8.1168777715
8.1347826087	8.1175918881
8.13913043478	8.1183046489
8.14347826087	8.1190160565
8.14782608696	8.1197261137
8.15217391304	8.1204348230
8.15652173913	8.1211421872
8.16086956522	8.1218482087
8.1652173913	8.1225528904
8.16956521739	8.1232562347
8.17391304348	8.1239582444
8.17826086957	8.1246589219
8.18260869565	8.1253582700
8.18695652174	8.1260562913
8.19130434783	8.1267529883
8.19565217391	8.1274483636
8.2	8.1281424198
8.20434782609	8.1288351596
8.20869565217	8.1295265854
8.21304347826	8.1302166998
8.21739130435	8.1309055055
8.22173913043	8.1315930049
8.22608695652	8.1322792007
8.23043478261	8.1329640953
8.2347826087	8.1336476914
8.23913043478	8.1343299914
8.24347826087	8.1350109979
8.24782608696	8.1356907134
8.25217391304	8.1363691405
8.25652173913	8.1370462816
8.26086956522	8.1377221393
8.2652173913	8.1383967161
8.26956521739	8.1390700145
8.27391304348	8.1397420369
8.27826086957	8.1404127859
8.28260869565	8.1410822640
8.28695652174	8.1417504735
8.29130434783	8.1424174171
8.29565217391	8.1430830972
8.3	8.1437475163
8.30434782609	8.1444106767
8.30869565217	8.1450725810
8.31304347826	8.1457332316
8.31739130435	8.1463926310
8.32173913043	8.1470507816
8.32608695652	8.1477076858
8.33043478261	8.1483633461
8.3347826087	8.1490177649
8.33913043478	8.1496709446
8.34347826087	8.1503228876
8.34782608696	8.1509735963
8.35217391304	8.1516230732
8.35652173913	8.1522713206
8.36086956522	8.1529183410
8.3652173913	8.1535641367
8.36956521739	8.1542087101
8.37391304348	8.1548520636
8.37826086957	8.1554941995
8.38260869565	8.1561351203
8.38695652174	8.1567748283
8.39130434783	8.1574133258
8.39565217391	8.1580506153
8.4	8.1586866991
8.40434782609	8.1593215794
8.40869565217	8.1599552587
8.41304347826	8.1605877393
8.41739130435	8.1612190235
8.42173913043	8.1618491137
8.42608695652	8.1624780122
8.43043478261	8.1631057212
8.4347826087	8.1637322431
8.43913043478	8.1643575803
8.44347826087	8.1649817349
8.44782608696	8.1656047094
8.45217391304	8.1662265059
8.45652173913	8.1668471269
8.46086956522	8.1674665745
8.4652173913	8.1680848511
8.46956521739	8.1687019589
8.47391304348	8.1693179002
8.47826086957	8.1699326773
8.48260869565	8.1705462924
8.48695652174	8.1711587478
8.49130434783	8.1717700457
8.49565217391	8.1723801884
8.5	8.1729891781
8.50434782609	8.1735970170
8.50869565217	8.1742037075
8.51304347826	8.1748092517
8.51739130435	8.1754136518
8.52173913043	8.1760169100
8.52608695652	8.1766190287
8.53043478261	8.1772200099
8.5347826087	8.1778198559
8.53913043478	8.1784185689
8.54347826087	8.1790161511
8.54782608696	8.1796126047
8.55217391304	8.1802079318
8.55652173913	8.1808021347
8.56086956522	8.1813952155
8.5652173913	8.1819871765
8.56956521739	8.1825780196
8.57391304348	8.1831677473
8.57826086957	8.1837563615
8.58260869565	8.1843438645
8.58695652174	8.1849302583
8.59130434783	8.1855155453
8.59565217391	8.1860997274
8.6	8.1866828069
8.60434782609	8.1872647858
8.60869565217	8.1878456663
8.61304347826	8.1884254506
8.61739130435	8.1890041407
8.62173913043	8.1895817387
8.62608695652	8.1901582468
8.63043478261	8.1907336672
8.6347826087	8.1913080018
8.63913043478	8.1918812527
8.64347826087	8.1924534222
8.64782608696	8.1930245123
8.65217391304	8.1935945250
8.65652173913	8.1941634624
8.66086956522	8.1947313267
8.6652173913	8.1952981198
8.66956521739	8.1958638440
8.67391304348	8.1964285011
8.67826086957	8.1969920934
8.68260869565	8.1975546228
8.68695652174	8.1981160914
8.69130434783	8.1986765012
8.69565217391	8.1992358544
8.7	8.1997941529
8.70434782609	8.2003513987
8.70869565217	8.2009075940
8.71304347826	8.2014627407
8.71739130435	8.2020168409
8.72173913043	8.2025698965
8.72608695652	8.2031219096
8.73043478261	8.2036728823
8.7347826087	8.2042228165
8.73913043478	8.2047717141
8.74347826087	8.2053195773
8.74782608696	8.2058664080
8.75217391304	8.2064122083
8.75652173913	8.2069569800
8.76086956522	8.2075007251
8.7652173913	8.2080434458
8.76956521739	8.2085851439
8.77391304348	8.2091258213
8.77826086957	8.2096654802
8.78260869565	8.2102041224
8.78695652174	8.2107417498
8.79130434783	8.2112783645
8.79565217391	8.2118139685
8.8	8.2123485635
8.80434782609	8.2128821517
8.80869565217	8.2134147349
8.81304347826	8.2139463150
8.81739130435	8.2144768941
8.82173913043	8.2150064740
8.82608695652	8.2155350566
8.83043478261	8.2160626439
8.8347826087	8.2165892378
8.83913043478	8.2171148402
8.84347826087	8.2176394530
8.84782608696	8.2181630782
8.85217391304	8.2186857175
8.85652173913	8.2192073729
8.86086956522	8.2197280464
8.8652173913	8.2202477398
8.86956521739	8.2207664549
8.87391304348	8.2212841937
8.87826086957	8.2218009580
8.88260869565	8.2223167498
8.88695652174	8.2228315708
8.89130434783	8.2233454230
8.89565217391	8.2238583082
8.9	8.2243702283
8.90434782609	8.2248811851
8.90869565217	8.2253911805
8.91304347826	8.2259002163
8.91739130435	8.2264082944
8.92173913043	8.2269154166
8.92608695652	8.2274215848
8.93043478261	8.2279268008
8.9347826087	8.2284310663
8.93913043478	8.2289343833
8.94347826087	8.2294367536
8.94782608696	8.2299381790
8.95217391304	8.2304386612
8.95652173913	8.2309382022
8.96086956522	8.2314368037
8.9652173913	8.2319344675
8.96956521739	8.2324311954
8.97391304348	8.2329269892
8.97826086957	8.2334218508
8.98260869565	8.2339157818
8.98695652174	8.2344087842
8.99130434783	8.2349008596
8.99565217391	8.2353920098
9.0	8.2358822367
9.00434782609	8.2363715420
9.00869565217	8.2368599274
9.01304347826	8.2373473948
9.01739130435	8.2378339459
9.02173913043	8.2383195824
9.02608695652	8.2388043061
9.03043478261	8.2392881187
9.0347826087	8.2397710221
9.03913043478	8.2402530178
9.04347826087	8.2407341078
9.04782608696	8.2412142937
9.05217391304	8.2416935773
9.05652173913	8.2421719602
9.06086956522	8.2426494442
9.0652173913	8.2431260311
9.06956521739	8.2436017225
9.07391304348	8.2440765202
9.07826086957	8.2445504258
9.08260869565	8.2450234412
9.08695652174	8.2454955679
9.09130434783	8.2459668078
9.09565217391	8.2464371624
9.1	8.2469066335
9.10434782609	8.2473752228
9.10869565217	8.2478429320
9.11304347826	8.2483097627
9.11739130435	8.2487757167
9.12173913043	8.2492407956
9.12608695652	8.2497050010
9.13043478261	8.2501683348
9.1347826087	8.2506307985
9.13913043478	8.2510923937
9.14347826087	8.2515531223
9.14782608696	8.2520129857
9.15217391304	8.2524719857
9.15652173913	8.2529301240
9.16086956522	8.2533874021
9.1652173913	8.2538438217
9.16956521739	8.2542993845
9.17391304348	8.2547540921
9.17826086957	8.2552079462
9.18260869565	8.2556609483
9.18695652174	8.2561131001
9.19130434783	8.2565644033
9.19565217391	8.2570148593
9.2	8.2574644700
9.20434782609	8.2579132368
9.20869565217	8.2583611615
9.21304347826	8.2588082455
9.21739130435	8.2592544905
9.22173913043	8.2596998982
9.22608695652	8.2601444701
9.23043478261	8.2605882078
9.2347826087	8.2610311129
9.23913043478	8.2614731870
9.24347826087	8.2619144317
9.24782608696	8.2623548486
9.25217391304	8.2627944392
9.25652173913	8.2632332052
9.26086956522	8.2636711480
9.2652173913	8.2641082693
9.26956521739	8.2645445707
9.27391304348	8.2649800537
9.27826086957	8.2654147199
9.28260869565	8.2658485708
9.28695652174	8.2662816080
9.29130434783	8.2667138330
9.29565217391	8.2671452475
9.3	8.2675758528
9.30434782609	8.2680056507
9.30869565217	8.2684346426
9.31304347826	8.2688628301
9.31739130435	8.2692902146
9.32173913043	8.2697167978
9.32608695652	8.2701425812
9.33043478261	8.2705675662
9.3347826087	8.2709917545
9.33913043478	8.2714151474
9.34347826087	8.2718377467
9.34782608696	8.2722595537
9.35217391304	8.2726805699
9.35652173913	8.2731007970
9.36086956522	8.2735202363
9.3652173913	8.2739388894
9.36956521739	8.2743567579
9.37391304348	8.2747738430
9.37826086957	8.2751901465
9.38260869565	8.2756056697
9.38695652174	8.2760204142
9.39130434783	8.2764343815
9.39565217391	8.2768475729
9.4	8.2772599900
9.40434782609	8.2776716344
9.40869565217	8.2780825073
9.41304347826	8.2784926104
9.41739130435	8.2789019450
9.42173913043	8.2793105128
9.42608695652	8.2797183150
9.43043478261	8.2801253531
9.4347826087	8.2805316287
9.43913043478	8.2809371432
9.44347826087	8.2813418980
9.44782608696	8.2817458946
9.45217391304	8.2821491344
9.45652173913	8.2825516188
9.46086956522	8.2829533493
9.4652173913	8.2833543274
9.46956521739	8.2837545544
9.47391304348	8.2841540318
9.47826086957	8.2845527610
9.48260869565	8.2849507435
9.48695652174	8.2853479806
9.49130434783	8.2857444738
9.49565217391	8.2861402245
9.5	8.2865352342
9.50434782609	8.2869295041
9.50869565217	8.2873230358
9.51304347826	8.2877158306
9.51739130435	8.2881078899
9.52173913043	8.2884992152
9.52608695652	8.2888898078
9.53043478261	8.2892796691
9.5347826087	8.2896688005
9.53913043478	8.2900572035
9.54347826087	8.2904448793
9.54782608696	8.2908318294
9.55217391304	8.2912180552
9.55652173913	8.2916035579
9.56086956522	8.2919883391
9.5652173913	8.2923724001
9.56956521739	8.2927557422
9.57391304348	8.2931383668
9.57826086957	8.2935202753
9.58260869565	8.2939014690
9.58695652174	8.2942819493
9.59130434783	8.2946617176
9.59565217391	8.2950407752
9.6	8.2954191234
9.60434782609	8.2957967636
9.60869565217	8.2961736972
9.61304347826	8.2965499255
9.61739130435	8.2969254498
9.62173913043	8.2973002714
9.62608695652	8.2976743918
9.63043478261	8.2980478122
9.6347826087	8.2984205339
9.63913043478	8.2987925584
9.64347826087	8.2991638869
9.64782608696	8.2995345207
9.65217391304	8.2999044611
9.65652173913	8.3002737096
9.66086956522	8.3006422673
9.6652173913	8.3010101356
9.66956521739	8.3013773158
9.67391304348	8.3017438093
9.67826086957	8.3021096172
9.68260869565	8.3024747410
9.68695652174	8.3028391819
9.69130434783	8.3032029412
9.69565217391	8.3035660202
9.7	8.3039284202
9.70434782609	8.3042901425
9.70869565217	8.3046511884
9.71304347826	8.3050115591
9.71739130435	8.3053712559
9.72173913043	8.3057302802
9.72608695652	8.3060886332
9.73043478261	8.3064463161
9.7347826087	8.3068033303
9.73913043478	8.3071596770
9.74347826087	8.3075153574
9.74782608696	8.3078703729
9.75217391304	8.3082247247
9.75652173913	8.3085784140
9.76086956522	8.3089314421
9.7652173913	8.3092838104
9.76956521739	8.3096355199
9.77391304348	8.3099865720
9.77826086957	8.3103369679
9.78260869565	8.3106867088
9.78695652174	8.3110357961
9.79130434783	8.3113842309
9.79565217391	8.3117320144
9.8	8.3120791480
9.80434782609	8.3124256328
9.80869565217	8.3127714701
9.81304347826	8.3131166611
9.81739130435	8.3134612070
9.82173913043	8.3138051090
9.82608695652	8.3141483684
9.83043478261	8.3144909864
9.8347826087	8.3148329642
9.83913043478	8.3151743030
9.84347826087	8.3155150040
9.84782608696	8.3158550685
9.85217391304	8.3161944975
9.85652173913	8.3165332924
9.86086956522	8.3168714544
9.8652173913	8.3172089846
9.86956521739	8.3175458842
9.87391304348	8.3178821545
9.87826086957	8.3182177966
9.88260869565	8.3185528117
9.88695652174	8.3188872010
9.89130434783	8.3192209656
9.89565217391	8.3195541069
9.9	8.3198866259
9.90434782609	8.3202185238
9.90869565217	8.3205498018
9.91304347826	8.3208804611
9.91739130435	8.3212105028
9.92173913043	8.3215399281
9.92608695652	8.3218687382
9.93043478261	8.3221969343
9.9347826087	8.3225245175
9.93913043478	8.3228514889
9.94347826087	8.3231778498
9.94782608696	8.3235036012
9.95217391304	8.3238287444
9.95652173913	8.3241532805
9.96086956522	8.3244772106
9.9652173913	8.3248005358
9.96956521739	8.3251232574
9.97391304348	8.3254453765
9.97826086957	8.3257668942
9.98260869565	8.3260878116
9.98695652174	8.3264081299
9.99130434783	8.3267278502
9.99565217391	8.3270469736
