0.0	2.9091196405
0.0111111111111	2.9103954600
0.0222222222222	2.9118062933
0.0333333333333	2.9133362946
0.0444444444444	2.9149721910
0.0555555555556	2.9167026471
0.0666666666667	2.9185179618
0.0777777777778	2.9204098230
0.0888888888889	2.9223710999
0.1	2.9243956661
0.111111111111	2.9264782507
0.122222222222	2.9286143123
0.133333333333	2.9307999311
0.144444444444	2.9330317187
0.155555555556	2.9353067411
0.166666666667	2.9376224530
0.177777777778	2.9399766426
0.188888888889	2.9423673843
0.2	2.9447929984
0.211111111111	2.9472520173
0.222222222222	2.9497431557
0.233333333333	2.9522652865
0.244444444444	2.9548174186
0.255555555556	2.9573986793
0.266666666667	2.9600082986
0.277777777778	2.9626455954
0.288888888889	2.9653099665
0.3	2.9680008762
0.311111111111	2.9707178479
0.322222222222	2.9734604568
0.333333333333	2.9762283231
0.344444444444	2.9790211072
0.355555555556	2.9818385038
0.366666666667	2.9846802388
0.377777777778	2.9875460647
0.388888888889	2.9904357582
0.4	2.9933491167
0.411111111111	2.9962859563
0.422222222222	2.9992461096
0.433333333333	3.0022294236
0.444444444444	3.0052357582
0.455555555556	3.0082649848
0.466666666667	3.0113169847
0.477777777778	3.0143916483
0.488888888889	3.0174888740
0.5	3.0206085669
0.511111111111	3.0237506387
0.522222222222	3.0269150064
0.533333333333	3.0301015919
0.544444444444	3.0333103214
0.555555555556	3.0365411250
0.566666666667	3.0397939360
0.577777777778	3.0430686906
0.588888888889	3.0463653278
0.6	3.0496837885
0.611111111111	3.0530240158
0.622222222222	3.0563859544
0.633333333333	3.0597695504
0.644444444444	3.0631747510
0.655555555556	3.0666015047
0.666666666667	3.0700497605
0.677777777778	3.0735194685
0.688888888889	3.0770105789
0.7	3.0805230426
0.711111111111	3.0840568107
0.722222222222	3.0876118345
0.733333333333	3.0911880653
0.744444444444	3.0947854545
0.755555555556	3.0984039535
0.766666666667	3.1020435133
0.777777777778	3.1057040850
0.788888888889	3.1093856190
0.8	3.1130880659
0.811111111111	3.1168113754
0.822222222222	3.1205554972
0.833333333333	3.1243203804
0.844444444444	3.1281059734
0.855555555556	3.1319122244
0.866666666667	3.1357390810
0.877777777778	3.1395864899
0.888888888889	3.1434543975
0.9	3.1473427496
0.911111111111	3.1512514913
0.922222222222	3.1551805669
0.933333333333	3.1591299202
0.944444444444	3.1630994942
0.955555555556	3.1670892315
0.966666666667	3.1710990737
0.977777777778	3.1751289617
0.988888888889	3.1791788359
1.0	3.1832486359
1.01111111111	3.1873383005
1.02222222222	3.1914477679
1.03333333333	3.1955769754
1.04444444444	3.1997258599
1.05555555556	3.2038943572
1.06666666667	3.2080824027
1.07777777778	3.2122899310
1.08888888889	3.2165168759
1.1	3.2207631705
1.11111111111	3.2250287473
1.12222222222	3.2293135381
1.13333333333	3.2336174738
1.14444444444	3.2379404848
1.15555555556	3.2422825009
1.16666666667	3.2466434511
1.17777777778	3.2510232635
1.18888888889	3.2554218661
1.2	3.2598391856
1.21111111111	3.2642751487
1.22222222222	3.2687296809
1.23333333333	3.2732027073
1.24444444444	3.2776941525
1.25555555556	3.2822039404
1.26666666667	3.2867319942
1.27777777778	3.2912782365
1.28888888889	3.2958425895
1.3	3.3004249747
1.31111111111	3.3050253130
1.32222222222	3.3096435249
1.33333333333	3.3142795301
1.34444444444	3.3189332480
1.35555555556	3.3236045973
1.36666666667	3.3282934965
1.37777777778	3.3329998631
1.38888888889	3.3377236145
1.4	3.3424646675
1.41111111111	3.3472229383
1.42222222222	3.3519983429
1.43333333333	3.3567907967
1.44444444444	3.3616002145
1.45555555556	3.3664265110
1.46666666667	3.3712696003
1.47777777778	3.3761293959
1.48888888889	3.3810058114
1.5	3.3858987594
1.51111111111	3.3908081527
1.52222222222	3.3957339034
1.53333333333	3.4006759233
1.54444444444	3.4056341238
1.55555555556	3.4106084161
1.56666666667	3.4155987111
1.57777777778	3.4206049192
1.58888888889	3.4256269507
1.6	3.4306647153
1.61111111111	3.4357181229
1.62222222222	3.4407870828
1.63333333333	3.4458715040
1.64444444444	3.4509712954
1.65555555556	3.4560863656
1.66666666667	3.4612166231
1.67777777778	3.4663619759
1.68888888889	3.4715223321
1.7	3.4766975995
1.71111111111	3.4818876856
1.72222222222	3.4870924978
1.73333333333	3.4923119433
1.74444444444	3.4975459293
1.75555555556	3.5027943627
1.76666666667	3.5080571503
1.77777777778	3.5133341987
1.78888888889	3.5186254145
1.8	3.5239307042
1.81111111111	3.5292499741
1.82222222222	3.5345831305
1.83333333333	3.5399300795
1.84444444444	3.5452907273
1.85555555556	3.5506649799
1.86666666667	3.5560527433
1.87777777778	3.5614539234
1.88888888889	3.5668684263
1.9	3.5722961577
1.91111111111	3.5777370236
1.92222222222	3.5831909299
1.93333333333	3.5886577823
1.94444444444	3.5941374869
1.95555555556	3.5996299495
1.96666666667	3.6051350761
1.97777777778	3.6106527726
1.98888888889	3.6161829450
2.0	3.6217254994
2.01111111111	3.6272803420
2.02222222222	3.6328473789
2.03333333333	3.6384265164
2.04444444444	3.6440176609
2.05555555556	3.6496207188
2.06666666667	3.6552355967
2.07777777778	3.6608622011
2.08888888889	3.6665004390
2.1	3.6721502172
2.11111111111	3.6778114427
2.12222222222	3.6834840226
2.13333333333	3.6891678644
2.14444444444	3.6948628754
2.15555555556	3.7005689633
2.16666666667	3.7062860359
2.17777777778	3.7120140011
2.18888888889	3.7177527670
2.2	3.7235022420
2.21111111111	3.7292623347
2.22222222222	3.7350329537
2.23333333333	3.7408140079
2.24444444444	3.7466054065
2.25555555556	3.7524070589
2.26666666667	3.7582188747
2.27777777778	3.7640407636
2.28888888889	3.7698726357
2.3	3.7757144014
2.31111111111	3.7815659712
2.32222222222	3.7874272560
2.33333333333	3.7932981667
2.34444444444	3.7991786147
2.35555555556	3.8050685118
2.36666666667	3.8109677697
2.37777777778	3.8168763007
2.38888888889	3.8227940172
2.4	3.8287208321
2.41111111111	3.8346566584
2.42222222222	3.8406014095
2.43333333333	3.8465549992
2.44444444444	3.8525173415
2.45555555556	3.8584883508
2.46666666667	3.8644679417
2.47777777778	3.8704560293
2.48888888889	3.8764525289
2.5	3.8824573564
2.51111111111	3.8884704277
2.52222222222	3.8944916593
2.53333333333	3.9005209680
2.54444444444	3.9065582710
2.55555555556	3.9126034858
2.56666666667	3.9186565304
2.57777777778	3.9247173231
2.58888888889	3.9307857825
2.6	3.9368618277
2.61111111111	3.9429453784
2.62222222222	3.9490363542
2.63333333333	3.9551346757
2.64444444444	3.9612402634
2.65555555556	3.9673530386
2.66666666667	3.9734729228
2.67777777778	3.9795998380
2.68888888889	3.9857337066
2.7	3.9918744516
2.71111111111	3.9980219962
2.72222222222	4.0041762642
2.73333333333	4.0103371799
2.74444444444	4.0165046679
2.75555555556	4.0226786534
2.76666666667	4.0288590620
2.77777777778	4.0350458198
2.78888888889	4.0412388534
2.8	4.0474380899
2.81111111111	4.0536434568
2.82222222222	4.0598548821
2.83333333333	4.0660722944
2.84444444444	4.0722956229
2.85555555556	4.0785247970
2.86666666667	4.0847597469
2.87777777778	4.0910004031
2.88888888889	4.0972466968
2.9	4.1034985598
2.91111111111	4.1097559241
2.92222222222	4.1160187227
2.93333333333	4.1222868887
2.94444444444	4.1285603561
2.95555555556	4.1348390593
2.96666666667	4.1411229333
2.97777777778	4.1474119138
2.98888888889	4.1537059368
3.0	4.1600049392
3.01111111111	4.1663088582
3.02222222222	4.1726176319
3.03333333333	4.1789311987
3.04444444444	4.1852494980
3.05555555556	4.1915724694
3.06666666667	4.1979000535
3.07777777778	4.2042321912
3.08888888889	4.2105688244
3.1	4.2169098953
3.11111111111	4.2232553470
3.12222222222	4.2296051232
3.13333333333	4.2359591683
3.14444444444	4.2423174273
3.15555555556	4.2486798461
3.16666666667	4.2550463710
3.17777777778	4.2614169493
3.18888888889	4.2677915288
3.2	4.2741700583
3.21111111111	4.2805524869
3.22222222222	4.2869387650
3.23333333333	4.2933288434
3.24444444444	4.2997226738
3.25555555556	4.3061202087
3.26666666667	4.3125214012
3.27777777778	4.3189262056
3.28888888889	4.3253345766
3.3	4.3317464701
3.31111111111	4.3381618426
3.32222222222	4.3445806516
3.33333333333	4.3510028554
3.34444444444	4.3574284134
3.35555555556	4.3638572855
3.36666666667	4.3702894330
3.37777777778	4.3767248178
3.38888888889	4.3831634029
3.4	4.3896051524
3.41111111111	4.3960500311
3.42222222222	4.4024980051
3.43333333333	4.4089490414
3.44444444444	4.4154031081
3.45555555556	4.4218601745
3.46666666667	4.4283202107
3.47777777778	4.4347831883
3.48888888889	4.4412490798
3.5	4.4477178590
3.51111111111	4.4541895010
3.52222222222	4.4606639818
3.53333333333	4.4671412791
3.54444444444	4.4736213717
3.55555555556	4.4801042396
3.56666666667	4.4865898645
3.57777777778	4.4930782293
3.58888888889	4.4995693183
3.6	4.5060631174
3.61111111111	4.5125596140
3.62222222222	4.5190587972
3.63333333333	4.5255606574
3.64444444444	4.5320651870
3.65555555556	4.5385723799
3.66666666667	4.5450822320
3.67777777778	4.5515947407
3.68888888889	4.5581099056
3.7	4.5646277281
3.71111111111	4.5711482118
3.72222222222	4.5776713620
3.73333333333	4.5841971866
3.74444444444	4.5907256956
3.75555555556	4.5972569011
3.76666666667	4.6037908181
3.77777777778	4.6103274635
3.78888888889	4.6168668575
3.8	4.6234090223
3.81111111111	4.6299539836
3.82222222222	4.6365017695
3.83333333333	4.6430524116
3.84444444444	4.6496059444
3.85555555556	4.6561624060
3.86666666667	4.6627218379
3.87777777778	4.6692842852
3.88888888889	4.6758497970
3.9	4.6824184263
3.91111111111	4.6889902307
3.92222222222	4.6955652718
3.93333333333	4.7021436161
3.94444444444	4.7087253353
3.95555555556	4.7153105061
3.96666666667	4.7218992107
3.97777777778	4.7284915372
3.98888888889	4.7350875801
4.0	4.7416874402
4.01111111111	4.7482912255
4.02222222222	4.7548990515
4.03333333333	4.7615110413
4.04444444444	4.7681273270
4.05555555556	4.7747480492
4.06666666667	4.7813733587
4.07777777778	4.7880034164
4.08888888889	4.7946383946
4.1	4.8012784775
4.11111111111	4.8079238626
4.12222222222	4.8145747612
4.13333333333	4.8212314002
4.14444444444	4.8278940230
4.15555555556	4.8345628912
4.16666666667	4.8412382863
4.17777777778	4.8479205113
4.18888888889	4.8546098936
4.2	4.8613067867
4.21111111111	4.8680115734
4.22222222222	4.8747246693
4.23333333333	4.8814465260
4.24444444444	4.8881776362
4.25555555556	4.8949185384
4.26666666667	4.9016698232
4.27777777778	4.9084321404
4.28888888889	4.9152062078
4.3	4.9219928217
4.31111111111	4.9287928698
4.32222222222	4.9356073465
4.33333333333	4.9424373731
4.34444444444	4.9492842225
4.35555555556	4.9561493509
4.36666666667	4.9630344399
4.37777777778	4.9699414519
4.38888888889	4.9768727059
4.4	4.9838309840
4.41111111111	4.9908196857
4.42222222222	4.9978430599
4.43333333333	5.0049065737
4.44444444444	5.0120175359
4.45555555556	5.0191862458
4.46666666667	5.0264283880
4.47777777778	5.0337710736
4.48888888889	5.0412745824
4.5	5.0495905309
4.51111111111	5.0585470244
4.52222222222	5.0674136137
4.53333333333	5.0762101426
4.54444444444	5.0849627696
4.55555555556	5.0936878331
4.56666666667	5.1023939310
4.57777777778	5.1110849974
4.58888888889	5.1197624047
4.6	5.1284262010
4.61111111111	5.1370757950
4.62222222222	5.1457103220
4.63333333333	5.1543288330
4.64444444444	5.1629303887
4.65555555556	5.1715141025
4.66666666667	5.1800791576
4.67777777778	5.1886248114
4.68888888889	5.1971503928
4.7	5.2056552972
4.71111111111	5.2141389806
4.72222222222	5.2226009537
4.73333333333	5.2310407763
4.74444444444	5.2394580519
4.75555555556	5.2478524237
4.76666666667	5.2562235705
4.77777777778	5.2645712028
4.78888888889	5.2728950602
4.8	5.2811949084
4.81111111111	5.2894705371
4.82222222222	5.2977217577
4.83333333333	5.3059484014
4.84444444444	5.3141503175
4.85555555556	5.3223273722
4.86666666667	5.3304794470
4.87777777778	5.3386064375
4.88888888889	5.3467082525
4.9	5.3547848128
4.91111111111	5.3628360505
4.92222222222	5.3708619081
4.93333333333	5.3788623378
4.94444444444	5.3868373006
4.95555555556	5.3947867662
4.96666666667	5.4027107119
4.97777777778	5.4106091222
4.98888888889	5.4184819888
5.0	5.4263293093
5.01111111111	5.4341510875
5.02222222222	5.4419473328
5.03333333333	5.4497180597
5.04444444444	5.4574632877
5.05555555556	5.4651830409
5.06666666667	5.4728773474
5.07777777778	5.4805462398
5.08888888889	5.4881897541
5.1	5.4958079302
5.11111111111	5.5034008110
5.12222222222	5.5109684427
5.13333333333	5.5185108746
5.14444444444	5.5260281584
5.15555555556	5.5335203488
5.16666666667	5.5409875026
5.17777777778	5.5484296791
5.18888888889	5.5558469398
5.2	5.5632393480
5.21111111111	5.5706069691
5.22222222222	5.5779498701
5.23333333333	5.5852681199
5.24444444444	5.5925617888
5.25555555556	5.5998309485
5.26666666667	5.6070756724
5.27777777778	5.6142960348
5.28888888889	5.6214921114
5.3	5.6286639791
5.31111111111	5.6358117156
5.32222222222	5.6429353998
5.33333333333	5.6500351115
5.34444444444	5.6571109312
5.35555555556	5.6641629402
5.36666666667	5.6711912207
5.37777777778	5.6781958554
5.38888888889	5.6851769277
5.4	5.6921345217
5.41111111111	5.6990687217
5.42222222222	5.7059796127
5.43333333333	5.7128672802
5.44444444444	5.7197318099
5.45555555556	5.7265732880
5.46666666667	5.7333918010
5.47777777778	5.7401874357
5.48888888889	5.7469602792
5.5	5.7537103083
5.51111111111	5.7604299048
5.52222222222	5.7671205626
5.53333333333	5.7737831385
5.54444444444	5.7804181788
5.55555555556	5.7870260735
5.56666666667	5.7936071307
5.57777777778	5.8001616142
5.58888888889	5.8066897620
5.6	5.8131917963
5.61111111111	5.8196679292
5.62222222222	5.8261183651
5.63333333333	5.8325433028
5.64444444444	5.8389429364
5.65555555556	5.8453174559
5.66666666667	5.8516670479
5.67777777778	5.8579918954
5.68888888889	5.8642921785
5.7	5.8705680743
5.71111111111	5.8768197575
5.72222222222	5.8830473997
5.73333333333	5.8892511705
5.74444444444	5.8954312367
5.75555555556	5.9015877632
5.76666666667	5.9077209122
5.77777777778	5.9138308442
5.78888888889	5.9199177173
5.8	5.9259816879
5.81111111111	5.9320229100
5.82222222222	5.9380415362
5.83333333333	5.9440377167
5.84444444444	5.9500116004
5.85555555556	5.9559633341
5.86666666667	5.9618930629
5.87777777778	5.9678009304
5.88888888889	5.9736870784
5.9	5.9795516470
5.91111111111	5.9853947750
5.92222222222	5.9912165993
5.93333333333	5.9970172556
5.94444444444	6.0027968780
5.95555555556	6.0085555990
5.96666666667	6.0142935499
5.97777777778	6.0200108604
5.98888888889	6.0257076590
6.0	6.0313840727
6.01111111111	6.0370402272
6.02222222222	6.0426762470
6.03333333333	6.0482922553
6.04444444444	6.0538883737
6.05555555556	6.0594647232
6.06666666667	6.0650214229
6.07777777778	6.0705585912
6.08888888889	6.0760763451
6.1	6.0815748004
6.11111111111	6.0870540719
6.12222222222	6.0925142733
6.13333333333	6.0979555169
6.14444444444	6.1033779142
6.15555555556	6.1087815756
6.16666666667	6.1141666103
6.17777777778	6.1195331265
6.18888888889	6.1248812315
6.2	6.1302110314
6.21111111111	6.1355226314
6.22222222222	6.1408161358
6.23333333333	6.1460916477
6.24444444444	6.1513492695
6.25555555556	6.1565891026
6.26666666667	6.1618112473
6.27777777778	6.1670158031
6.28888888889	6.1722028686
6.3	6.1773725416
6.31111111111	6.1825249189
6.32222222222	6.1876600963
6.33333333333	6.1927781692
6.34444444444	6.1978792316
6.35555555556	6.2029633770
6.36666666667	6.2080306981
6.37777777778	6.2130812866
6.38888888889	6.2181152335
6.4	6.2231326291
6.41111111111	6.2281335627
6.42222222222	6.2331181231
6.43333333333	6.2380863981
6.44444444444	6.2430384748
6.45555555556	6.2479744397
6.46666666667	6.2528943784
6.47777777778	6.2577983759
6.48888888889	6.2626865165
6.5	6.2675588836
6.51111111111	6.2724155601
6.52222222222	6.2772566281
6.53333333333	6.2820821691
6.54444444444	6.2868922640
6.55555555556	6.2916869928
6.56666666667	6.2964664349
6.57777777778	6.3012306694
6.58888888889	6.3059797743
6.6	6.3107138271
6.61111111111	6.3154329049
6.62222222222	6.3201370839
6.63333333333	6.3248264399
6.64444444444	6.3295010479
6.65555555556	6.3341609825
6.66666666667	6.3388063176
6.67777777778	6.3434371264
6.68888888889	6.3480534818
6.7	6.3526554560
6.71111111111	6.3572431205
6.72222222222	6.3618165465
6.73333333333	6.3663758044
6.74444444444	6.3709209643
6.75555555556	6.3754520955
6.76666666667	6.3799692669
6.77777777778	6.3844725470
6.78888888889	6.3889620036
6.8	6.3934377040
6.81111111111	6.3978997151
6.82222222222	6.4023481032
6.83333333333	6.4067829340
6.84444444444	6.4112042730
6.85555555556	6.4156121850
6.86666666667	6.4200067343
6.87777777778	6.4243879849
6.88888888889	6.4287560001
6.9	6.4331108429
6.91111111111	6.4374525758
6.92222222222	6.4417812607
6.93333333333	6.4460969593
6.94444444444	6.4503997328
6.95555555556	6.4546896416
6.96666666667	6.4589667462
6.97777777778	6.4632311063
6.98888888889	6.4674827813
7.0	6.4717218301
7.01111111111	6.4759483113
7.02222222222	6.4801622830
7.03333333333	6.4843638029
7.04444444444	6.4885529282
7.05555555556	6.4927297159
7.06666666667	6.4968942224
7.07777777778	6.5010465039
7.08888888889	6.5051866160
7.1	6.5093146140
7.11111111111	6.5134305529
7.12222222222	6.5175344871
7.13333333333	6.5216264710
7.14444444444	6.5257065582
7.15555555556	6.5297748022
7.16666666667	6.5338312560
7.17777777778	6.5378759723
7.18888888889	6.5419090035
7.2	6.5459304015
7.21111111111	6.5499402180
7.22222222222	6.5539385042
7.23333333333	6.5579253111
7.24444444444	6.5619006893
7.25555555556	6.5658646889
7.26666666667	6.5698173600
7.27777777778	6.5737587520
7.28888888889	6.5776889143
7.3	6.5816078958
7.31111111111	6.5855157451
7.32222222222	6.5894125104
7.33333333333	6.5932982397
7.34444444444	6.5971729807
7.35555555556	6.6010367807
7.36666666667	6.6048896867
7.37777777778	6.6087317455
7.38888888889	6.6125630035
7.4	6.6163835067
7.41111111111	6.6201933010
7.42222222222	6.6239924320
7.43333333333	6.6277809449
7.44444444444	6.6315588846
7.45555555556	6.6353262957
7.46666666667	6.6390832227
7.47777777778	6.6428297096
7.48888888889	6.6465658003
7.5	6.6502915383
7.51111111111	6.6540069668
7.52222222222	6.6577121288
7.53333333333	6.6614070671
7.54444444444	6.6650918241
7.55555555556	6.6687664420
7.56666666667	6.6724309627
7.57777777778	6.6760854278
7.58888888889	6.6797298789
7.6	6.6833643570
7.61111111111	6.6869889030
7.62222222222	6.6906035576
7.63333333333	6.6942083612
7.64444444444	6.6978033539
7.65555555556	6.7013885756
7.66666666667	6.7049640661
7.67777777778	6.7085298646
7.68888888889	6.7120860104
7.7	6.7156325425
7.71111111111	6.7191694995
7.72222222222	6.7226969199
7.73333333333	6.7262148420
7.74444444444	6.7297233038
7.75555555556	6.7332223430
7.76666666667	6.7367119974
7.77777777778	6.7401923041
7.78888888889	6.7436633003
7.8	6.7471250229
7.81111111111	6.7505775087
7.82222222222	6.7540207940
7.83333333333	6.7574549151
7.84444444444	6.7608799081
7.85555555556	6.7642958088
7.86666666667	6.7677026528
7.87777777778	6.7711004756
7.88888888889	6.7744893123
7.9	6.7778691980
7.91111111111	6.7812401674
7.92222222222	6.7846022551
7.93333333333	6.7879554957
7.94444444444	6.7912999232
7.95555555556	6.7946355717
7.96666666667	6.7979624750
7.97777777778	6.8012806668
7.98888888889	6.8045901804
8.0	6.8078910491
8.01111111111	6.8111833059
8.02222222222	6.8144669838
8.03333333333	6.8177421154
8.04444444444	6.8210087332
8.05555555556	6.8242668696
8.06666666667	6.8275165566
8.07777777778	6.8307578263
8.08888888889	6.8339907103
8.1	6.8372152404
8.11111111111	6.8404314479
8.12222222222	6.8436393641
8.13333333333	6.8468390200
8.14444444444	6.8500304466
8.15555555556	6.8532136747
8.16666666667	6.8563887347
8.17777777778	6.8595556572
8.18888888889	6.8627144723
8.2	6.8658652100
8.21111111111	6.8690079004
8.22222222222	6.8721425732
8.23333333333	6.8752692578
8.24444444444	6.8783879839
8.25555555556	6.8814987806
8.26666666667	6.8846016770
8.27777777778	6.8876967021
8.28888888889	6.8907838848
8.3	6.8938632535
8.31111111111	6.8969348369
8.32222222222	6.8999986632
8.33333333333	6.9030547607
8.34444444444	6.9061031574
8.35555555556	6.9091438812
8.36666666667	6.9121769597
8.37777777778	6.9152024207
8.38888888889	6.9182202916
8.4	6.9212305996
8.41111111111	6.9242333720
8.42222222222	6.9272286358
8.43333333333	6.9302164177
8.44444444444	6.9331967447
8.45555555556	6.9361696432
8.46666666667	6.9391351398
8.47777777778	6.9420932607
8.48888888889	6.9450440322
8.5	6.9479874803
8.51111111111	6.9509236310
8.52222222222	6.9538525099
8.53333333333	6.9567741428
8.54444444444	6.9596885553
8.55555555556	6.9625957726
8.56666666667	6.9654958201
8.57777777778	6.9683887229
8.58888888889	6.9712745059
8.6	6.9741531942
8.61111111111	6.9770248124
8.62222222222	6.9798893851
8.63333333333	6.9827469369
8.64444444444	6.9855974922
8.65555555556	6.9884410752
8.66666666667	6.9912777101
8.67777777778	6.9941074208
8.68888888889	6.9969302313
8.7	6.9997461653
8.71111111111	7.0025552466
8.72222222222	7.0053574986
8.73333333333	7.0081529448
8.74444444444	7.0109416085
8.75555555556	7.0137235128
8.76666666667	7.0164986810
8.77777777778	7.0192671359
8.78888888889	7.0220289003
8.8	7.0247839972
8.81111111111	7.0275324489
8.82222222222	7.0302742782
8.83333333333	7.0330095074
8.84444444444	7.0357381588
8.85555555556	7.0384602546
8.86666666667	7.0411758169
8.87777777778	7.0438848677
8.88888888889	7.0465874288
8.9	7.0492835220
8.91111111111	7.0519731690
8.92222222222	7.0546563914
8.93333333333	7.0573332105
8.94444444444	7.0600036479
8.95555555556	7.0626677246
8.96666666667	7.0653254619
8.97777777778	7.0679768808
8.98888888889	7.0706220022
9.0	7.0732608471
9.01111111111	7.0758934361
9.02222222222	7.0785197900
9.03333333333	7.0811399292
9.04444444444	7.0837538743
9.05555555556	7.0863616456
9.06666666667	7.0889632633
9.07777777778	7.0915587477
9.08888888889	7.0941481188
9.1	7.0967313967
9.11111111111	7.0993086011
9.12222222222	7.1018797520
9.13333333333	7.1044448690
9.14444444444	7.1070039717
9.15555555556	7.1095570797
9.16666666667	7.1121042123
9.17777777778	7.1146453890
9.18888888889	7.1171806290
9.2	7.1197099515
9.21111111111	7.1222333756
9.22222222222	7.1247509202
9.23333333333	7.1272626042
9.24444444444	7.1297684465
9.25555555556	7.1322684658
9.26666666667	7.1347626808
9.27777777778	7.1372511100
9.28888888889	7.1397337720
9.3	7.1422106850
9.31111111111	7.1446818674
9.32222222222	7.1471473375
9.33333333333	7.1496071134
9.34444444444	7.1520612132
9.35555555556	7.1545096548
9.36666666667	7.1569524562
9.37777777778	7.1593896352
9.38888888889	7.1618212096
9.4	7.1642471969
9.41111111111	7.1666676148
9.42222222222	7.1690824808
9.43333333333	7.1714918124
9.44444444444	7.1738956269
9.45555555556	7.1762939415
9.46666666667	7.1786867736
9.47777777778	7.1810741401
9.48888888889	7.1834560582
9.5	7.1858325448
9.51111111111	7.1882036169
9.52222222222	7.1905692912
9.53333333333	7.1929295845
9.54444444444	7.1952845136
9.55555555556	7.1976340950
9.56666666667	7.1999783452
9.57777777778	7.2023172807
9.58888888889	7.2046509179
9.6	7.2069792732
9.61111111111	7.2093023628
9.62222222222	7.2116202028
9.63333333333	7.2139328094
9.64444444444	7.2162401986
9.65555555556	7.2185423864
9.66666666667	7.2208393887
9.67777777778	7.2231312214
9.68888888889	7.2254179001
9.7	7.2276994407
9.71111111111	7.2299758587
9.72222222222	7.2322471697
9.73333333333	7.2345133892
9.74444444444	7.2367745327
9.75555555556	7.2390306155
9.76666666667	7.2412816530
9.77777777778	7.2435276603
9.78888888889	7.2457686527
9.8	7.2480046452
9.81111111111	7.2502356529
9.82222222222	7.2524616908
9.83333333333	7.2546827739
9.84444444444	7.2568989169
9.85555555556	7.2591101348
9.86666666667	7.2613164421
9.87777777778	7.2635178536
9.88888888889	7.2657143840
9.9	7.2679060477
9.91111111111	7.2700928593
9.92222222222	7.2722748332
9.93333333333	7.2744519837
9.94444444444	7.2766243252
9.95555555556	7.2787918720
9.96666666667	7.2809546382
9.97777777778	7.2831126379
9.98888888889	7.2852658854
