0.0	2.9091196405
0.00833333333333	2.9100628544
0.0166666666667	2.9110842507
0.025	2.9121768897
0.0333333333333	2.9133347589
0.0416666666667	2.9145525265
0.05	2.9158254577
0.0583333333333	2.9171493457
0.0666666666667	2.9185204505
0.075	2.9199354450
0.0833333333333	2.9213913677
0.0916666666667	2.9228855808
0.1	2.9244157331
0.108333333333	2.9259797271
0.116666666667	2.9275756911
0.125	2.9292019528
0.133333333333	2.9308570174
0.141666666667	2.9325395479
0.15	2.9342483472
0.158333333333	2.9359823429
0.166666666667	2.9377405736
0.175	2.9395221765
0.183333333333	2.9413263771
0.191666666667	2.9431524796
0.2	2.9449998583
0.208333333333	2.9468679501
0.216666666667	2.9487562483
0.225	2.9506642963
0.233333333333	2.9525916826
0.241666666667	2.9545380358
0.25	2.9565030211
0.258333333333	2.9584863360
0.266666666667	2.9604877073
0.275	2.9625068882
0.283333333333	2.9645436555
0.291666666667	2.9665978073
0.3	2.9686691612
0.308333333333	2.9707575519
0.316666666667	2.9728628300
0.325	2.9749848601
0.333333333333	2.9771235199
0.341666666667	2.9792786984
0.35	2.9814502953
0.358333333333	2.9836382198
0.366666666667	2.9858423896
0.375	2.9880627303
0.383333333333	2.9902991746
0.391666666667	2.9925516617
0.4	2.9948201364
0.408333333333	2.9971045490
0.416666666667	2.9994048546
0.425	3.0017210125
0.433333333333	3.0040529861
0.441666666667	3.0064007422
0.45	3.0087642510
0.458333333333	3.0111434856
0.466666666667	3.0135384217
0.475	3.0159490374
0.483333333333	3.0183753130
0.491666666667	3.0208172307
0.5	3.0232747745
0.508333333333	3.0257479300
0.516666666667	3.0282366841
0.525	3.0307410250
0.533333333333	3.0332609420
0.541666666667	3.0357964256
0.55	3.0383474667
0.558333333333	3.0409140574
0.566666666667	3.0434961903
0.575	3.0460938585
0.583333333333	3.0487070557
0.591666666667	3.0513357759
0.6	3.0539800134
0.608333333333	3.0566397629
0.616666666667	3.0593150192
0.625	3.0620057773
0.633333333333	3.0647120323
0.641666666667	3.0674337791
0.65	3.0701710130
0.658333333333	3.0729237288
0.666666666667	3.0756919216
0.675	3.0784755861
0.683333333333	3.0812747170
0.691666666667	3.0840893087
0.7	3.0869193553
0.708333333333	3.0897648510
0.716666666667	3.0926257894
0.725	3.0955021637
0.733333333333	3.0983939672
0.741666666667	3.1013011924
0.75	3.1042238318
0.758333333333	3.1071618773
0.766666666667	3.1101153205
0.775	3.1130841524
0.783333333333	3.1160683640
0.791666666667	3.1190679453
0.8	3.1220828863
0.808333333333	3.1251131764
0.816666666667	3.1281588043
0.825	3.1312197587
0.833333333333	3.1342960272
0.841666666667	3.1373875975
0.85	3.1404944563
0.858333333333	3.1436165902
0.866666666667	3.1467539849
0.875	3.1499066259
0.883333333333	3.1530744979
0.891666666667	3.1562575853
0.9	3.1594558718
0.908333333333	3.1626693406
0.916666666667	3.1658979744
0.925	3.1691417553
0.933333333333	3.1724006649
0.941666666667	3.1756746842
0.95	3.1789637936
0.958333333333	3.1822679731
0.966666666667	3.1855872019
0.975	3.1889214590
0.983333333333	3.1922707226
0.991666666667	3.1956349703
1.0	3.1990141792
1.00833333333	3.2024083260
1.01666666667	3.2058173866
1.025	3.2092413366
1.03333333333	3.2126801507
1.04166666667	3.2161338035
1.05	3.2196022686
1.05833333333	3.2230855193
1.06666666667	3.2265835284
1.075	3.2300962680
1.08333333333	3.2336237097
1.09166666667	3.2371658247
1.1	3.2407225834
1.10833333333	3.2442939560
1.11666666667	3.2478799117
1.125	3.2514804197
1.13333333333	3.2550954484
1.14166666667	3.2587249656
1.15	3.2623689387
1.15833333333	3.2660273346
1.16666666667	3.2697001197
1.175	3.2733872599
1.18333333333	3.2770887203
1.19166666667	3.2808044660
1.2	3.2845344613
1.20833333333	3.2882786699
1.21666666667	3.2920370554
1.225	3.2958095805
1.23333333333	3.2995962077
1.24166666667	3.3033968989
1.25	3.3072116156
1.25833333333	3.3110403187
1.26666666667	3.3148829689
1.275	3.3187395261
1.28333333333	3.3226099500
1.29166666667	3.3264941999
1.3	3.3303922343
1.30833333333	3.3343040116
1.31666666667	3.3382294897
1.325	3.3421686260
1.33333333333	3.3461213775
1.34166666667	3.3500877009
1.35	3.3540675522
1.35833333333	3.3580608873
1.36666666667	3.3620676615
1.375	3.3660878299
1.38333333333	3.3701213470
1.39166666667	3.3741681669
1.4	3.3782282436
1.40833333333	3.3823015304
1.41666666667	3.3863879804
1.425	3.3904875463
1.43333333333	3.3946001804
1.44166666667	3.3987258348
1.45	3.4028644610
1.45833333333	3.4070160103
1.46666666667	3.4111804337
1.475	3.4153576818
1.48333333333	3.4195477049
1.49166666667	3.4237504530
1.5	3.4279658755
1.50833333333	3.4321939220
1.51666666667	3.4364345415
1.525	3.4406876825
1.53333333333	3.4449532936
1.54166666667	3.4492313229
1.55	3.4535217182
1.55833333333	3.4578244271
1.56666666667	3.4621393968
1.575	3.4664665744
1.58333333333	3.4708059066
1.59166666667	3.4751573400
1.6	3.4795208206
1.60833333333	3.4838962946
1.61666666667	3.4882837076
1.625	3.4926830052
1.63333333333	3.4970941326
1.64166666667	3.5015170347
1.65	3.5059516566
1.65833333333	3.5103979427
1.66666666667	3.5148558373
1.675	3.5193252847
1.68333333333	3.5238062289
1.69166666667	3.5282986135
1.7	3.5328023822
1.70833333333	3.5373174783
1.71666666667	3.5418438450
1.725	3.5463814254
1.73333333333	3.5509301622
1.74166666667	3.5554899982
1.75	3.5600608758
1.75833333333	3.5646427374
1.76666666667	3.5692355251
1.775	3.5738391811
1.78333333333	3.5784536471
1.79166666667	3.5830788650
1.8	3.5877147764
1.80833333333	3.5923613226
1.81666666667	3.5970184452
1.825	3.6016860853
1.83333333333	3.6063641840
1.84166666667	3.6110526823
1.85	3.6157515211
1.85833333333	3.6204606411
1.86666666667	3.6251799832
1.875	3.6299094877
1.88333333333	3.6346490953
1.89166666667	3.6393987463
1.9	3.6441583811
1.90833333333	3.6489279398
1.91666666667	3.6537073626
1.925	3.6584965897
1.93333333333	3.6632955610
1.94166666667	3.6681042166
1.95	3.6729224962
1.95833333333	3.6777503398
1.96666666667	3.6825876871
1.975	3.6874344778
1.98333333333	3.6922906518
1.99166666667	3.6971561486
2.0	3.7020309079
2.00833333333	3.7069148692
2.01666666667	3.7118079721
2.025	3.7167101562
2.03333333333	3.7216213609
2.04166666667	3.7265415259
2.05	3.7314705905
2.05833333333	3.7364084942
2.06666666667	3.7413551765
2.075	3.7463105769
2.08333333333	3.7512746349
2.09166666667	3.7562472898
2.1	3.7612284813
2.10833333333	3.7662181487
2.11666666667	3.7712162316
2.125	3.7762226695
2.13333333333	3.7812374019
2.14166666667	3.7862603685
2.15	3.7912915087
2.15833333333	3.7963307622
2.16666666667	3.8013780688
2.175	3.8064333680
2.18333333333	3.8114965995
2.19166666667	3.8165677033
2.2	3.8216466190
2.20833333333	3.8267332866
2.21666666667	3.8318276460
2.225	3.8369296372
2.23333333333	3.8420392001
2.24166666667	3.8471562750
2.25	3.8522808018
2.25833333333	3.8574127210
2.26666666667	3.8625519727
2.275	3.8676984973
2.28333333333	3.8728522353
2.29166666667	3.8780131272
2.3	3.8831811136
2.30833333333	3.8883561352
2.31666666667	3.8935381327
2.325	3.8987270470
2.33333333333	3.9039228190
2.34166666667	3.9091253898
2.35	3.9143347006
2.35833333333	3.9195506924
2.36666666667	3.9247733068
2.375	3.9300024851
2.38333333333	3.9352381688
2.39166666667	3.9404802997
2.4	3.9457288194
2.40833333333	3.9509836699
2.41666666667	3.9562447931
2.425	3.9615121312
2.43333333333	3.9667856264
2.44166666667	3.9720652211
2.45	3.9773508576
2.45833333333	3.9826424787
2.46666666667	3.9879400270
2.475	3.9932434454
2.48333333333	3.9985526770
2.49166666667	4.0038676648
2.5	4.0091883521
2.50833333333	4.0145146823
2.51666666667	4.0198465990
2.525	4.0251840459
2.53333333333	4.0305269668
2.54166666667	4.0358753058
2.55	4.0412290068
2.55833333333	4.0465880144
2.56666666667	4.0519522728
2.575	4.0573217267
2.58333333333	4.0626963209
2.59166666667	4.0680760002
2.6	4.0734607098
2.60833333333	4.0788503949
2.61666666667	4.0842450010
2.625	4.0896444735
2.63333333333	4.0950487583
2.64166666667	4.1004578013
2.65	4.1058715486
2.65833333333	4.1112899464
2.66666666667	4.1167129411
2.675	4.1221404795
2.68333333333	4.1275725083
2.69166666667	4.1330089745
2.7	4.1384498253
2.70833333333	4.1438950080
2.71666666667	4.1493444702
2.725	4.1547981596
2.73333333333	4.1602560241
2.74166666667	4.1657180118
2.75	4.1711840712
2.75833333333	4.1766541505
2.76666666667	4.1821281987
2.775	4.1876061645
2.78333333333	4.1930879970
2.79166666667	4.1985736456
2.8	4.2040630599
2.80833333333	4.2095561894
2.81666666667	4.2150529841
2.825	4.2205533941
2.83333333333	4.2260573699
2.84166666667	4.2315648619
2.85	4.2370758208
2.85833333333	4.2425901978
2.86666666667	4.2481079440
2.875	4.2536290107
2.88333333333	4.2591533497
2.89166666667	4.2646809128
2.9	4.2702116520
2.90833333333	4.2757455198
2.91666666667	4.2812824685
2.925	4.2868224511
2.93333333333	4.2923654204
2.94166666667	4.2979113297
2.95	4.3034601324
2.95833333333	4.3090117823
2.96666666667	4.3145662332
2.975	4.3201234393
2.98333333333	4.3256833551
2.99166666667	4.3312459351
3.0	4.3368111343
3.00833333333	4.3423789078
3.01666666667	4.3479492109
3.025	4.3535219993
3.03333333333	4.3590972289
3.04166666667	4.3646748557
3.05	4.3702548362
3.05833333333	4.3758371269
3.06666666667	4.3814216849
3.075	4.3870084671
3.08333333333	4.3925974311
3.09166666667	4.3981885344
3.1	4.4037817351
3.10833333333	4.4093769912
3.11666666667	4.4149742614
3.125	4.4205735042
3.13333333333	4.4261746787
3.14166666667	4.4317777442
3.15	4.4373826603
3.15833333333	4.4429893866
3.16666666667	4.4485978835
3.175	4.4542081111
3.18333333333	4.4598200303
3.19166666667	4.4654336019
3.2	4.4710487872
3.20833333333	4.4766655477
3.21666666667	4.4822838452
3.225	4.4879036420
3.23333333333	4.4935249002
3.24166666667	4.4991475828
3.25	4.5047716526
3.25833333333	4.5103970731
3.26666666667	4.5160238077
3.275	4.5216518205
3.28333333333	4.5272810757
3.29166666667	4.5329115378
3.3	4.5385431718
3.30833333333	4.5441759427
3.31666666667	4.5498098161
3.325	4.5554447579
3.33333333333	4.5610807341
3.34166666667	4.5667177114
3.35	4.5723556565
3.35833333333	4.5779945366
3.36666666667	4.5836343192
3.375	4.5892749722
3.38333333333	4.5949164638
3.39166666667	4.6005587625
3.4	4.6062018372
3.40833333333	4.6118456572
3.41666666667	4.6174901922
3.425	4.6231354121
3.43333333333	4.6287812873
3.44166666667	4.6344277886
3.45	4.6400748871
3.45833333333	4.6457225543
3.46666666667	4.6513707622
3.475	4.6570194829
3.48333333333	4.6626686893
3.49166666667	4.6683183544
3.5	4.6739684517
3.50833333333	4.6796189552
3.51666666667	4.6852698393
3.525	4.6909210787
3.53333333333	4.6965726486
3.54166666667	4.7022245247
3.55	4.7078766831
3.55833333333	4.7135291003
3.56666666667	4.7191817535
3.575	4.7248346200
3.58333333333	4.7304876778
3.59166666667	4.7361409054
3.6	4.7417942817
3.60833333333	4.7474477862
3.61666666667	4.7531013988
3.625	4.7587551000
3.63333333333	4.7644088708
3.64166666667	4.7700626926
3.65	4.7757165477
3.65833333333	4.7813704187
3.66666666667	4.7870242887
3.675	4.7926781415
3.68333333333	4.7983319616
3.69166666667	4.8039857339
3.7	4.8096394441
3.70833333333	4.8152930784
3.71666666667	4.8209466237
3.725	4.8266000675
3.73333333333	4.8322533982
3.74166666667	4.8379066045
3.75	4.8435596762
3.75833333333	4.8492126037
3.76666666667	4.8548653780
3.775	4.8605179910
3.78333333333	4.8661704353
3.79166666667	4.8718227046
3.8	4.8774747930
3.80833333333	4.8831266958
3.81666666667	4.8887784089
3.825	4.8944299293
3.83333333333	4.9000812549
3.84166666667	4.9057323845
3.85	4.9113833179
3.85833333333	4.9170340559
3.86666666667	4.9226846005
3.875	4.9283349545
3.88333333333	4.9339851222
3.89166666667	4.9396351087
3.9	4.9452849206
3.90833333333	4.9509345655
3.91666666667	4.9565840523
3.925	4.9622333916
3.93333333333	4.9678825949
3.94166666667	4.9735316755
3.95	4.9791806479
3.95833333333	4.9848295286
3.96666666667	4.9904783352
3.975	4.9961270873
3.98333333333	5.0017758063
3.99166666667	5.0074245153
4.0	5.0130732394
4.00833333333	5.0187220057
4.01666666667	5.0243708433
4.025	5.0300197837
4.03333333333	5.0356688607
4.04166666667	5.0413181102
4.05	5.0469675711
4.05833333333	5.0526172848
4.06666666667	5.0582672953
4.075	5.0639176501
4.08333333333	5.0695683993
4.09166666667	5.0752195966
4.1	5.0808712993
4.10833333333	5.0865235683
4.11666666667	5.0921764683
4.125	5.0978300686
4.13333333333	5.1034844425
4.14166666667	5.1091396685
4.15	5.1147958298
4.15833333333	5.1204530154
4.16666666667	5.1261113198
4.175	5.1317708440
4.18333333333	5.1374316954
4.19166666667	5.1430939890
4.2	5.1487578472
4.20833333333	5.1544234012
4.21666666667	5.1600907910
4.225	5.1657601667
4.23333333333	5.1714316893
4.24166666667	5.1771055313
4.25	5.1827818783
4.25833333333	5.1884609302
4.26666666667	5.1941429023
4.275	5.1998280273
4.28333333333	5.2055165571
4.29166666667	5.2112087649
4.3	5.2169049477
4.30833333333	5.2226054297
4.31666666667	5.2283105651
4.325	5.2340207427
4.33333333333	5.2397363904
4.34166666667	5.2454579815
4.35	5.2511860414
4.35833333333	5.2569211567
4.36666666667	5.2626639853
4.375	5.2684152706
4.38333333333	5.2741758578
4.39166666667	5.2799467165
4.4	5.2857289689
4.40833333333	5.2915239288
4.41666666667	5.2973331540
4.425	5.3031585207
4.43333333333	5.3090023317
4.44166666667	5.3148674800
4.45	5.3207577101
4.45833333333	5.3266780624
4.46666666667	5.3326356966
4.475	5.3386416199
4.48333333333	5.3447150752
4.49166666667	5.3508994504
4.5	5.3576744419
4.50833333333	5.3649030880
4.51666666667	5.3720262781
4.525	5.3790505949
4.53333333333	5.3860008717
4.54166666667	5.3928989530
4.55	5.3997607450
4.55833333333	5.4065969183
4.56666666667	5.4134142418
4.575	5.4202167858
4.58333333333	5.4270068394
4.59166666667	5.4337855586
4.6	5.4405534030
4.60833333333	5.4473104229
4.61666666667	5.4540564404
4.625	5.4607911619
4.63333333333	5.4675142460
4.64166666667	5.4742253419
4.65	5.4809241105
4.65833333333	5.4876102351
4.66666666667	5.4942834250
4.675	5.5009434166
4.68333333333	5.5075899719
4.69166666667	5.5142228764
4.7	5.5208419370
4.70833333333	5.5274469792
4.71666666667	5.5340378456
4.725	5.5406143935
4.73333333333	5.5471764935
4.74166666667	5.5537240277
4.75	5.5602568890
4.75833333333	5.5667749796
4.76666666667	5.5732782103
4.775	5.5797664997
4.78333333333	5.5862397736
4.79166666667	5.5926979641
4.8	5.5991410096
4.80833333333	5.6055688538
4.81666666667	5.6119814458
4.825	5.6183787395
4.83333333333	5.6247606930
4.84166666667	5.6311272691
4.85	5.6374784342
4.85833333333	5.6438141585
4.86666666667	5.6501344157
4.875	5.6564391829
4.88333333333	5.6627284401
4.89166666667	5.6690021704
4.9	5.6752603596
4.90833333333	5.6815029963
4.91666666667	5.6877300713
4.925	5.6939415781
4.93333333333	5.7001375121
4.94166666667	5.7063178712
4.95	5.7124826550
4.95833333333	5.7186318652
4.96666666667	5.7247655054
4.975	5.7308835808
4.98333333333	5.7369860983
4.99166666667	5.7430730665
5.0	5.7491444953
5.00833333333	5.7552003963
5.01666666667	5.7612407821
5.025	5.7672656671
5.03333333333	5.7732750666
5.04166666667	5.7792689972
5.05	5.7852474766
5.05833333333	5.7912105236
5.06666666667	5.7971581581
5.075	5.8030904009
5.08333333333	5.8090072738
5.09166666667	5.8149087995
5.1	5.8207950016
5.10833333333	5.8266659044
5.11666666667	5.8325215332
5.125	5.8383619138
5.13333333333	5.8441870729
5.14166666667	5.8499970379
5.15	5.8557918366
5.15833333333	5.8615714977
5.16666666667	5.8673360505
5.175	5.8730855246
5.18333333333	5.8788199505
5.19166666667	5.8845393589
5.2	5.8902437813
5.20833333333	5.8959332493
5.21666666667	5.9016077953
5.225	5.9072674519
5.23333333333	5.9129122523
5.24166666667	5.9185422300
5.25	5.9241574187
5.25833333333	5.9297578527
5.26666666667	5.9353435666
5.275	5.9409145952
5.28333333333	5.9464709737
5.29166666667	5.9520127375
5.3	5.9575399224
5.30833333333	5.9630525643
5.31666666667	5.9685506995
5.325	5.9740343645
5.33333333333	5.9795035959
5.34166666667	5.9849584306
5.35	5.9903989058
5.35833333333	5.9958250586
5.36666666667	6.0012369265
5.375	6.0066345471
5.38333333333	6.0120179582
5.39166666667	6.0173871977
5.4	6.0227423035
5.40833333333	6.0280833139
5.41666666667	6.0334102672
5.425	6.0387232016
5.43333333333	6.0440221557
5.44166666667	6.0493071681
5.45	6.0545782773
5.45833333333	6.0598355221
5.46666666667	6.0650789414
5.475	6.0703085739
5.48333333333	6.0755244585
5.49166666667	6.0807266343
5.5	6.0859150557
5.50833333333	6.0910853454
5.51666666667	6.0962384103
5.525	6.1013748482
5.53333333333	6.1064950628
5.54166666667	6.1115993350
5.55	6.1166878694
5.55833333333	6.1217608228
5.56666666667	6.1268183220
5.575	6.1318604755
5.58333333333	6.1368873802
5.59166666667	6.1418991257
5.6	6.1468957974
5.60833333333	6.1518774773
5.61666666667	6.1568442457
5.625	6.1617961813
5.63333333333	6.1667333616
5.64166666667	6.1716558632
5.65	6.1765637617
5.65833333333	6.1814571320
5.66666666667	6.1863360482
5.675	6.1912005834
5.68333333333	6.1960508103
5.69166666667	6.2008868004
5.7	6.2057086249
5.70833333333	6.2105163539
5.71666666667	6.2153100570
5.725	6.2200898031
5.73333333333	6.2248556603
5.74166666667	6.2296076962
5.75	6.2343459774
5.75833333333	6.2390705703
5.76666666667	6.2437815404
5.775	6.2484789526
5.78333333333	6.2531628712
5.79166666667	6.2578333602
5.8	6.2624904826
5.80833333333	6.2671343010
5.81666666667	6.2717648775
5.825	6.2763822738
5.83333333333	6.2809865507
5.84166666667	6.2855777688
5.85	6.2901559880
5.85833333333	6.2947212678
5.86666666667	6.2992736672
5.875	6.3038132447
5.88333333333	6.3083400583
5.89166666667	6.3128541656
5.9	6.3173556237
5.90833333333	6.3218444892
5.91666666667	6.3263208183
5.925	6.3307846668
5.93333333333	6.3352360900
5.94166666667	6.3396751428
5.95	6.3441018798
5.95833333333	6.3485163549
5.96666666667	6.3529186218
5.975	6.3573087338
5.98333333333	6.3616867438
5.99166666667	6.3660527043
6.0	6.3704066672
6.00833333333	6.3747486844
6.01666666667	6.3790788071
6.025	6.3833970863
6.03333333333	6.3877035727
6.04166666667	6.3919983164
6.05	6.3962813673
6.05833333333	6.4005527749
6.06666666667	6.4048125884
6.075	6.4090608566
6.08333333333	6.4132976281
6.09166666667	6.4175229509
6.1	6.4217368729
6.10833333333	6.4259394415
6.11666666667	6.4301307039
6.125	6.4343107070
6.13333333333	6.4384794973
6.14166666667	6.4426371210
6.15	6.4467836239
6.15833333333	6.4509190517
6.16666666667	6.4550434496
6.175	6.4591568627
6.18333333333	6.4632593356
6.19166666667	6.4673509126
6.2	6.4714316380
6.20833333333	6.4755015555
6.21666666667	6.4795607087
6.225	6.4836091407
6.23333333333	6.4876468945
6.24166666667	6.4916740129
6.25	6.4956905382
6.25833333333	6.4996965125
6.26666666667	6.5036919778
6.275	6.5076769757
6.28333333333	6.5116515475
6.29166666667	6.5156157342
6.3	6.5195695767
6.30833333333	6.5235131156
6.31666666667	6.5274463912
6.325	6.5313694436
6.33333333333	6.5352823125
6.34166666667	6.5391850375
6.35	6.5430776580
6.35833333333	6.5469602130
6.36666666667	6.5508327414
6.375	6.5546952819
6.38333333333	6.5585478727
6.39166666667	6.5623905520
6.4	6.5662233578
6.40833333333	6.5700463276
6.41666666667	6.5738594991
6.425	6.5776629094
6.43333333333	6.5814565954
6.44166666667	6.5852405942
6.45	6.5890149421
6.45833333333	6.5927796755
6.46666666667	6.5965348307
6.475	6.6002804434
6.48333333333	6.6040165496
6.49166666667	6.6077431846
6.5	6.6114603838
6.50833333333	6.6151681822
6.51666666667	6.6188666148
6.525	6.6225557163
6.53333333333	6.6262355212
6.54166666667	6.6299060637
6.55	6.6335673781
6.55833333333	6.6372194981
6.56666666667	6.6408624575
6.575	6.6444962898
6.58333333333	6.6481210285
6.59166666667	6.6517367065
6.6	6.6553433569
6.60833333333	6.6589410125
6.61666666667	6.6625297058
6.625	6.6661094693
6.63333333333	6.6696803352
6.64166666667	6.6732423356
6.65	6.6767955022
6.65833333333	6.6803398669
6.66666666667	6.6838754612
6.675	6.6874023164
6.68333333333	6.6909204636
6.69166666667	6.6944299339
6.7	6.6979307582
6.70833333333	6.7014229671
6.71666666667	6.7049065911
6.725	6.7083816606
6.73333333333	6.7118482058
6.74166666667	6.7153062566
6.75	6.7187558429
6.75833333333	6.7221969944
6.76666666667	6.7256297407
6.775	6.7290541111
6.78333333333	6.7324701349
6.79166666667	6.7358778411
6.8	6.7392772587
6.80833333333	6.7426684164
6.81666666667	6.7460513428
6.825	6.7494260664
6.83333333333	6.7527926155
6.84166666667	6.7561510183
6.85	6.7595013028
6.85833333333	6.7628434969
6.86666666667	6.7661776282
6.875	6.7695037244
6.88333333333	6.7728218130
6.89166666667	6.7761319212
6.9	6.7794340762
6.90833333333	6.7827283050
6.91666666667	6.7860146345
6.925	6.7892930915
6.93333333333	6.7925637025
6.94166666667	6.7958264941
6.95	6.7990814925
6.95833333333	6.8023287241
6.96666666667	6.8055682148
6.975	6.8087999907
6.98333333333	6.8120240775
6.99166666667	6.8152405009
7.0	6.8184492866
7.00833333333	6.8216504598
7.01666666667	6.8248440460
7.025	6.8280300703
7.03333333333	6.8312085578
7.04166666667	6.8343795334
7.05	6.8375430219
7.05833333333	6.8406990480
7.06666666667	6.8438476362
7.075	6.8469888111
7.08333333333	6.8501225969
7.09166666667	6.8532490178
7.1	6.8563680980
7.10833333333	6.8594798614
7.11666666667	6.8625843318
7.125	6.8656815331
7.13333333333	6.8687714888
7.14166666667	6.8718542225
7.15	6.8749297575
7.15833333333	6.8779981171
7.16666666667	6.8810593246
7.175	6.8841134030
7.18333333333	6.8871603752
7.19166666667	6.8902002641
7.2	6.8932330925
7.20833333333	6.8962588829
7.21666666667	6.8992776579
7.225	6.9022894399
7.23333333333	6.9052942513
7.24166666667	6.9082921142
7.25	6.9112830507
7.25833333333	6.9142670829
7.26666666667	6.9172442326
7.275	6.9202145217
7.28333333333	6.9231779718
7.29166666667	6.9261346045
7.3	6.9290844414
7.30833333333	6.9320275038
7.31666666667	6.9349638130
7.325	6.9378933903
7.33333333333	6.9408162567
7.34166666667	6.9437324332
7.35	6.9466419407
7.35833333333	6.9495448001
7.36666666667	6.9524410321
7.375	6.9553306573
7.38333333333	6.9582136962
7.39166666667	6.9610901694
7.4	6.9639600970
7.40833333333	6.9668234994
7.41666666667	6.9696803968
7.425	6.9725308091
7.43333333333	6.9753747565
7.44166666667	6.9782122588
7.45	6.9810433357
7.45833333333	6.9838680071
7.46666666667	6.9866862925
7.475	6.9894982115
7.48333333333	6.9923037835
7.49166666667	6.9951030280
7.5	6.9978959641
7.50833333333	7.0006826112
7.51666666667	7.0034629882
7.525	7.0062371143
7.53333333333	7.0090050084
7.54166666667	7.0117666893
7.55	7.0145221758
7.55833333333	7.0172714867
7.56666666667	7.0200146405
7.575	7.0227516558
7.58333333333	7.0254825510
7.59166666667	7.0282073446
7.6	7.0309260548
7.60833333333	7.0336386998
7.61666666667	7.0363452977
7.625	7.0390458668
7.63333333333	7.0417404248
7.64166666667	7.0444289897
7.65	7.0471115795
7.65833333333	7.0497882117
7.66666666667	7.0524589041
7.675	7.0551236744
7.68333333333	7.0577825399
7.69166666667	7.0604355183
7.7	7.0630826268
7.70833333333	7.0657238828
7.71666666667	7.0683593035
7.725	7.0709889060
7.73333333333	7.0736127076
7.74166666667	7.0762307251
7.75	7.0788429755
7.75833333333	7.0814494758
7.76666666667	7.0840502426
7.775	7.0866452929
7.78333333333	7.0892346431
7.79166666667	7.0918183099
7.8	7.0943963099
7.80833333333	7.0969686595
7.81666666667	7.0995353751
7.825	7.1020964731
7.83333333333	7.1046519696
7.84166666667	7.1072018808
7.85	7.1097462230
7.85833333333	7.1122850121
7.86666666667	7.1148182642
7.875	7.1173459952
7.88333333333	7.1198682209
7.89166666667	7.1223849571
7.9	7.1248962197
7.90833333333	7.1274020241
7.91666666667	7.1299023861
7.925	7.1323973213
7.93333333333	7.1348868449
7.94166666667	7.1373709726
7.95	7.1398497197
7.95833333333	7.1423231014
7.96666666667	7.1447911330
7.975	7.1472538296
7.98333333333	7.1497112064
7.99166666667	7.1521632784
8.0	7.1546100607
8.00833333333	7.1570515681
8.01666666667	7.1594878155
8.025	7.1619188178
8.03333333333	7.1643445896
8.04166666667	7.1667651458
8.05	7.1691805008
8.05833333333	7.1715906694
8.06666666667	7.1739956660
8.075	7.1763955052
8.08333333333	7.1787902012
8.09166666667	7.1811797685
8.1	7.1835642214
8.10833333333	7.1859435741
8.11666666667	7.1883178408
8.125	7.1906870356
8.13333333333	7.1930511727
8.14166666667	7.1954102659
8.15	7.1977643294
8.15833333333	7.2001133770
8.16666666667	7.2024574226
8.175	7.2047964799
8.18333333333	7.2071305628
8.19166666667	7.2094596849
8.2	7.2117838599
8.20833333333	7.2141031014
8.21666666667	7.2164174229
8.225	7.2187268380
8.23333333333	7.2210313600
8.24166666667	7.2233310024
8.25	7.2256257784
8.25833333333	7.2279157014
8.26666666667	7.2302007847
8.275	7.2324810414
8.28333333333	7.2347564846
8.29166666667	7.2370271274
8.3	7.2392929829
8.30833333333	7.2415540641
8.31666666667	7.2438103839
8.325	7.2460619552
8.33333333333	7.2483087908
8.34166666667	7.2505509036
8.35	7.2527883062
8.35833333333	7.2550210115
8.36666666667	7.2572490320
8.375	7.2594723803
8.38333333333	7.2616910691
8.39166666667	7.2639051108
8.4	7.2661145179
8.40833333333	7.2683193028
8.41666666667	7.2705194779
8.425	7.2727150555
8.43333333333	7.2749060479
8.44166666667	7.2770924673
8.45	7.2792743260
8.45833333333	7.2814516361
8.46666666667	7.2836244096
8.475	7.2857926588
8.48333333333	7.2879563955
8.49166666667	7.2901156317
8.5	7.2922703794
8.50833333333	7.2944206504
8.51666666667	7.2965664567
8.525	7.2987078100
8.53333333333	7.3008447220
8.54166666667	7.3029772045
8.55	7.3051052691
8.55833333333	7.3072289275
8.56666666667	7.3093481913
8.575	7.3114630720
8.58333333333	7.3135735810
8.59166666667	7.3156797300
8.6	7.3177815303
8.60833333333	7.3198789932
8.61666666667	7.3219721302
8.625	7.3240609525
8.63333333333	7.3261454714
8.64166666667	7.3282256981
8.65	7.3303016438
8.65833333333	7.3323733197
8.66666666667	7.3344407367
8.675	7.3365039061
8.68333333333	7.3385628387
8.69166666667	7.3406175457
8.7	7.3426680379
8.70833333333	7.3447143263
8.71666666667	7.3467564217
8.725	7.3487943349
8.73333333333	7.3508280768
8.74166666667	7.3528576581
8.75	7.3548830895
8.75833333333	7.3569043817
8.76666666667	7.3589215454
8.775	7.3609345911
8.78333333333	7.3629435294
8.79166666667	7.3649483709
8.8	7.3669491260
8.80833333333	7.3689458052
8.81666666667	7.3709384190
8.825	7.3729269777
8.83333333333	7.3749114916
8.84166666667	7.3768919711
8.85	7.3788684265
8.85833333333	7.3808408679
8.86666666667	7.3828093057
8.875	7.3847737500
8.88333333333	7.3867342109
8.89166666667	7.3886906985
8.9	7.3906432230
8.90833333333	7.3925917942
8.91666666667	7.3945364223
8.925	7.3964771173
8.93333333333	7.3984138889
8.94166666667	7.4003467473
8.95	7.4022757021
8.95833333333	7.4042007632
8.96666666667	7.4061219405
8.975	7.4080392438
8.98333333333	7.4099526826
8.99166666667	7.4118622668
9.0	7.4137680060
9.00833333333	7.4156699099
9.01666666667	7.4175679880
9.025	7.4194622500
9.03333333333	7.4213527053
9.04166666667	7.4232393634
9.05	7.4251222340
9.05833333333	7.4270013263
9.06666666667	7.4288766498
9.075	7.4307482139
9.08333333333	7.4326160279
9.09166666667	7.4344801012
9.1	7.4363404430
9.10833333333	7.4381970626
9.11666666667	7.4400499692
9.125	7.4418991721
9.13333333333	7.4437446803
9.14166666667	7.4455865031
9.15	7.4474246495
9.15833333333	7.4492591286
9.16666666667	7.4510899494
9.175	7.4529171210
9.18333333333	7.4547406524
9.19166666667	7.4565605525
9.2	7.4583768302
9.20833333333	7.4601894944
9.21666666667	7.4619985540
9.225	7.4638040179
9.23333333333	7.4656058948
9.24166666667	7.4674041936
9.25	7.4691989230
9.25833333333	7.4709900917
9.26666666667	7.4727777084
9.275	7.4745617818
9.28333333333	7.4763423205
9.29166666667	7.4781193331
9.3	7.4798928283
9.30833333333	7.4816628146
9.31666666667	7.4834293005
9.325	7.4851922945
9.33333333333	7.4869518051
9.34166666667	7.4887078408
9.35	7.4904604099
9.35833333333	7.4922095209
9.36666666667	7.4939551822
9.375	7.4956974020
9.38333333333	7.4974361887
9.39166666667	7.4991715505
9.4	7.5009034958
9.40833333333	7.5026320328
9.41666666667	7.5043571697
9.425	7.5060789146
9.43333333333	7.5077972758
9.44166666667	7.5095122613
9.45	7.5112238793
9.45833333333	7.5129321378
9.46666666667	7.5146370449
9.475	7.5163386087
9.48333333333	7.5180368370
9.49166666667	7.5197317380
9.5	7.5214233196
9.50833333333	7.5231115896
9.51666666667	7.5247965561
9.525	7.5264782268
9.53333333333	7.5281566097
9.54166666667	7.5298317125
9.55	7.5315035431
9.55833333333	7.5331721093
9.56666666667	7.5348374187
9.575	7.5364994793
9.58333333333	7.5381582985
9.59166666667	7.5398138842
9.6	7.5414662440
9.60833333333	7.5431153856
9.61666666667	7.5447613164
9.625	7.5464040443
9.63333333333	7.5480435766
9.64166666667	7.5496799210
9.65	7.5513130850
9.65833333333	7.5529430760
9.66666666667	7.5545699016
9.675	7.5561935692
9.68333333333	7.5578140862
9.69166666667	7.5594314600
9.7	7.5610456981
9.70833333333	7.5626568077
9.71666666667	7.5642647963
9.725	7.5658696711
9.73333333333	7.5674714394
9.74166666667	7.5690701085
9.75	7.5706656856
9.75833333333	7.5722581780
9.76666666667	7.5738475929
9.775	7.5754339375
9.78333333333	7.5770172189
9.79166666667	7.5785974442
9.8	7.5801746206
9.80833333333	7.5817487552
9.81666666667	7.5833198551
9.825	7.5848879272
9.83333333333	7.5864529787
9.84166666667	7.5880150166
9.85	7.5895740478
9.85833333333	7.5911300793
9.86666666667	7.5926831180
9.875	7.5942331710
9.88333333333	7.5957802450
9.89166666667	7.5973243471
9.9	7.5988654840
9.90833333333	7.6004036625
9.91666666667	7.6019388896
9.925	7.6034711720
9.93333333333	7.6050005166
9.94166666667	7.6065269300
9.95	7.6080504190
9.95833333333	7.6095709904
9.96666666667	7.6110886508
9.975	7.6126034069
9.98333333333	7.6141152654
9.99166666667	7.6156242330
