0.0	2.9091196405
0.00666666666667	2.9098675166
0.0133333333333	2.9106663256
0.02	2.9115124506
0.0266666666667	2.9124027001
0.0333333333333	2.9133341795
0.04	2.9143042603
0.0466666666667	2.9153105550
0.0533333333333	2.9163508944
0.06	2.9174233071
0.0666666666667	2.9185260008
0.0733333333333	2.9196573455
0.08	2.9208158584
0.0866666666667	2.9220001900
0.0933333333333	2.9232091121
0.1	2.9244415060
0.106666666667	2.9256963529
0.113333333333	2.9269727243
0.12	2.9282697740
0.126666666667	2.9295867306
0.133333333333	2.9309228903
0.14	2.9322776113
0.146666666667	2.9336503078
0.153333333333	2.9350404453
0.16	2.9364475357
0.166666666667	2.9378711335
0.173333333333	2.9393108317
0.18	2.9407662587
0.186666666667	2.9422370749
0.193333333333	2.9437229703
0.2	2.9452236616
0.206666666667	2.9467388901
0.213333333333	2.9482684195
0.22	2.9498120339
0.226666666667	2.9513695362
0.233333333333	2.9529407468
0.24	2.9545255014
0.246666666667	2.9561236504
0.253333333333	2.9577350574
0.26	2.9593595981
0.266666666667	2.9609971595
0.273333333333	2.9626476387
0.28	2.9643109422
0.286666666667	2.9659869852
0.293333333333	2.9676756910
0.3	2.9693769900
0.306666666667	2.9710908195
0.313333333333	2.9728171229
0.32	2.9745558494
0.326666666667	2.9763069534
0.333333333333	2.9780703941
0.34	2.9798461354
0.346666666667	2.9816341451
0.353333333333	2.9834343948
0.36	2.9852468597
0.366666666667	2.9870715183
0.373333333333	2.9889083519
0.38	2.9907573446
0.386666666667	2.9926184831
0.393333333333	2.9944917564
0.4	2.9963771556
0.406666666667	2.9982746739
0.413333333333	3.0001843060
0.42	3.0021060488
0.426666666667	3.0040399002
0.433333333333	3.0059858599
0.44	3.0079439287
0.446666666667	3.0099141087
0.453333333333	3.0118964029
0.46	3.0138908155
0.466666666667	3.0158973515
0.473333333333	3.0179160167
0.48	3.0199468177
0.486666666667	3.0219897618
0.493333333333	3.0240448568
0.5	3.0261121112
0.506666666667	3.0281915338
0.513333333333	3.0302831339
0.52	3.0323869213
0.526666666667	3.0345029060
0.533333333333	3.0366310984
0.54	3.0387715090
0.546666666667	3.0409241485
0.553333333333	3.0430890280
0.56	3.0452661585
0.566666666667	3.0474555512
0.573333333333	3.0496572174
0.58	3.0518711683
0.586666666667	3.0540974154
0.593333333333	3.0563359698
0.6	3.0585868428
0.606666666667	3.0608500457
0.613333333333	3.0631255895
0.62	3.0654134853
0.626666666667	3.0677137440
0.633333333333	3.0700263763
0.64	3.0723513928
0.646666666667	3.0746888040
0.653333333333	3.0770386200
0.66	3.0794008510
0.666666666667	3.0817755067
0.673333333333	3.0841625967
0.68	3.0865621304
0.686666666667	3.0889741168
0.693333333333	3.0913985647
0.7	3.0938354827
0.706666666667	3.0962848791
0.713333333333	3.0987467616
0.72	3.1012211382
0.726666666667	3.1037080159
0.733333333333	3.1062074019
0.74	3.1087193028
0.746666666667	3.1112437249
0.753333333333	3.1137806743
0.76	3.1163301565
0.766666666667	3.1188921769
0.773333333333	3.1214667403
0.78	3.1240538513
0.786666666667	3.1266535141
0.793333333333	3.1292657324
0.8	3.1318905096
0.806666666667	3.1345278488
0.813333333333	3.1371777526
0.82	3.1398402231
0.826666666667	3.1425152622
0.833333333333	3.1452028713
0.84	3.1479030515
0.846666666667	3.1506158032
0.853333333333	3.1533411267
0.86	3.1560790218
0.866666666667	3.1588294878
0.873333333333	3.1615925235
0.88	3.1643681276
0.886666666667	3.1671562980
0.893333333333	3.1699570325
0.9	3.1727703283
0.906666666667	3.1755961821
0.913333333333	3.1784345902
0.92	3.1812855487
0.926666666667	3.1841490531
0.933333333333	3.1870250983
0.94	3.1899136790
0.946666666667	3.1928147894
0.953333333333	3.1957284232
0.96	3.1986545738
0.966666666667	3.2015932341
0.973333333333	3.2045443965
0.98	3.2075080530
0.986666666667	3.2104841952
0.993333333333	3.2134728142
1.0	3.2164739008
1.00666666667	3.2194874452
1.01333333333	3.2225134372
1.02	3.2255518663
1.02666666667	3.2286027215
1.03333333333	3.2316659913
1.04	3.2347416637
1.04666666667	3.2378297266
1.05333333333	3.2409301670
1.06	3.2440429720
1.06666666667	3.2471681278
1.07333333333	3.2503056206
1.08	3.2534554357
1.08666666667	3.2566175584
1.09333333333	3.2597919733
1.1	3.2629786649
1.10666666667	3.2661776169
1.11333333333	3.2693888129
1.12	3.2726122359
1.12666666667	3.2758478686
1.13333333333	3.2790956931
1.14	3.2823556914
1.14666666667	3.2856278449
1.15333333333	3.2889121346
1.16	3.2922085412
1.16666666667	3.2955170448
1.17333333333	3.2988376254
1.18	3.3021702624
1.18666666667	3.3055149348
1.19333333333	3.3088716214
1.2	3.3122403003
1.20666666667	3.3156209497
1.21333333333	3.3190135469
1.22	3.3224180691
1.22666666667	3.3258344932
1.23333333333	3.3292627955
1.24	3.3327029520
1.24666666667	3.3361549386
1.25333333333	3.3396187304
1.26	3.3430943024
1.26666666667	3.3465816293
1.27333333333	3.3500806853
1.28	3.3535914443
1.28666666667	3.3571138799
1.29333333333	3.3606479652
1.3	3.3641936731
1.30666666667	3.3677509763
1.31333333333	3.3713198468
1.32	3.3749002565
1.32666666667	3.3784921770
1.33333333333	3.3820955795
1.34	3.3857104349
1.34666666667	3.3893367138
1.35333333333	3.3929743863
1.36	3.3966234225
1.36666666667	3.4002837920
1.37333333333	3.4039554641
1.38	3.4076384079
1.38666666667	3.4113325921
1.39333333333	3.4150379850
1.4	3.4187545549
1.40666666667	3.4224822696
1.41333333333	3.4262210967
1.42	3.4299710035
1.42666666667	3.4337319569
1.43333333333	3.4375039236
1.44	3.4412868702
1.44666666667	3.4450807629
1.45333333333	3.4488855674
1.46	3.4527012496
1.46666666667	3.4565277747
1.47333333333	3.4603651080
1.48	3.4642132142
1.48666666667	3.4680720582
1.49333333333	3.4719416041
1.5	3.4758218162
1.50666666667	3.4797126585
1.51333333333	3.4836140944
1.52	3.4875260876
1.52666666667	3.4914486012
1.53333333333	3.4953815981
1.54	3.4993250412
1.54666666667	3.5032788930
1.55333333333	3.5072431157
1.56	3.5112176715
1.56666666667	3.5152025223
1.57333333333	3.5191976297
1.58	3.5232029553
1.58666666667	3.5272184602
1.59333333333	3.5312441057
1.6	3.5352798525
1.60666666667	3.5393256614
1.61333333333	3.5433814929
1.62	3.5474473072
1.62666666667	3.5515230645
1.63333333333	3.5556087248
1.64	3.5597042478
1.64666666667	3.5638095931
1.65333333333	3.5679247202
1.66	3.5720495883
1.66666666667	3.5761841564
1.67333333333	3.5803283837
1.68	3.5844822287
1.68666666667	3.5886456501
1.69333333333	3.5928186064
1.7	3.5970010559
1.70666666667	3.6011929568
1.71333333333	3.6053942670
1.72	3.6096049444
1.72666666667	3.6138249469
1.73333333333	3.6180542319
1.74	3.6222927569
1.74666666667	3.6265404793
1.75333333333	3.6307973563
1.76	3.6350633449
1.76666666667	3.6393384021
1.77333333333	3.6436224847
1.78	3.6479155495
1.78666666667	3.6522175530
1.79333333333	3.6565284517
1.8	3.6608482021
1.80666666667	3.6651767603
1.81333333333	3.6695140825
1.82	3.6738601248
1.82666666667	3.6782148432
1.83333333333	3.6825781935
1.84	3.6869501315
1.84666666667	3.6913306128
1.85333333333	3.6957195931
1.86	3.7001170278
1.86666666667	3.7045228723
1.87333333333	3.7089370820
1.88	3.7133596121
1.88666666667	3.7177904179
1.89333333333	3.7222294543
1.9	3.7266766764
1.90666666667	3.7311320391
1.91333333333	3.7355954974
1.92	3.7400670060
1.92666666667	3.7445465197
1.93333333333	3.7490339932
1.94	3.7535293811
1.94666666667	3.7580326380
1.95333333333	3.7625437184
1.96	3.7670625767
1.96666666667	3.7715891674
1.97333333333	3.7761234447
1.98	3.7806653632
1.98666666667	3.7852148769
1.99333333333	3.7897719401
2.0	3.7943365071
2.00666666667	3.7989085319
2.01333333333	3.8034879687
2.02	3.8080747716
2.02666666667	3.8126688945
2.03333333333	3.8172702916
2.04	3.8218789168
2.04666666667	3.8264947240
2.05333333333	3.8311176673
2.06	3.8357477004
2.06666666667	3.8403847774
2.07333333333	3.8450288520
2.08	3.8496798782
2.08666666667	3.8543378098
2.09333333333	3.8590026006
2.1	3.8636742045
2.10666666667	3.8683525752
2.11333333333	3.8730376667
2.12	3.8777294326
2.12666666667	3.8824278267
2.13333333333	3.8871328030
2.14	3.8918443151
2.14666666667	3.8965623170
2.15333333333	3.9012867623
2.16	3.9060176049
2.16666666667	3.9107547986
2.17333333333	3.9154982973
2.18	3.9202480548
2.18666666667	3.9250040250
2.19333333333	3.9297661616
2.2	3.9345344187
2.20666666667	3.9393087500
2.21333333333	3.9440891096
2.22	3.9488754514
2.22666666667	3.9536677293
2.23333333333	3.9584658974
2.24	3.9632699096
2.24666666667	3.9680797200
2.25333333333	3.9728952827
2.26	3.9777165518
2.26666666667	3.9825434815
2.27333333333	3.9873760258
2.28	3.9922141391
2.28666666667	3.9970577755
2.29333333333	4.0019068894
2.3	4.0067614351
2.30666666667	4.0116213670
2.31333333333	4.0164866395
2.32	4.0213572070
2.32666666667	4.0262330241
2.33333333333	4.0311140452
2.34	4.0360002251
2.34666666667	4.0408915184
2.35333333333	4.0457878797
2.36	4.0506892639
2.36666666667	4.0555956258
2.37333333333	4.0605069202
2.38	4.0654231022
2.38666666667	4.0703441265
2.39333333333	4.0752699485
2.4	4.0802005230
2.40666666667	4.0851358054
2.41333333333	4.0900757509
2.42	4.0950203148
2.42666666667	4.0999694525
2.43333333333	4.1049231194
2.44	4.1098812710
2.44666666667	4.1148438630
2.45333333333	4.1198108510
2.46	4.1247821908
2.46666666667	4.1297578381
2.47333333333	4.1347377489
2.48	4.1397218791
2.48666666667	4.1447101847
2.49333333333	4.1497026220
2.5	4.1546991472
2.50666666667	4.1596997164
2.51333333333	4.1647042861
2.52	4.1697128128
2.52666666667	4.1747252531
2.53333333333	4.1797415634
2.54	4.1847617007
2.54666666667	4.1897856216
2.55333333333	4.1948132832
2.56	4.1998446423
2.56666666667	4.2048796562
2.57333333333	4.2099182819
2.58	4.2149604768
2.58666666667	4.2200061983
2.59333333333	4.2250554038
2.6	4.2301080509
2.60666666667	4.2351640972
2.61333333333	4.2402235006
2.62	4.2452862190
2.62666666667	4.2503522102
2.63333333333	4.2554214325
2.64	4.2604938439
2.64666666667	4.2655694028
2.65333333333	4.2706480676
2.66	4.2757297968
2.66666666667	4.2808145490
2.67333333333	4.2859022829
2.68	4.2909929574
2.68666666667	4.2960865314
2.69333333333	4.3011829640
2.7	4.3062822143
2.70666666667	4.3113842417
2.71333333333	4.3164890055
2.72	4.3215964652
2.72666666667	4.3267065806
2.73333333333	4.3318193113
2.74	4.3369346172
2.74666666667	4.3420524584
2.75333333333	4.3471727948
2.76	4.3522955869
2.76666666667	4.3574207948
2.77333333333	4.3625483791
2.78	4.3676783004
2.78666666667	4.3728105194
2.79333333333	4.3779449970
2.8	4.3830816941
2.80666666667	4.3882205718
2.81333333333	4.3933615914
2.82	4.3985047143
2.82666666667	4.4036499018
2.83333333333	4.4087971157
2.84	4.4139463176
2.84666666667	4.4190974695
2.85333333333	4.4242505333
2.86	4.4294054712
2.86666666667	4.4345622455
2.87333333333	4.4397208186
2.88	4.4448811530
2.88666666667	4.4500432114
2.89333333333	4.4552069567
2.9	4.4603723517
2.90666666667	4.4655393595
2.91333333333	4.4707079435
2.92	4.4758780669
2.92666666667	4.4810496932
2.93333333333	4.4862227862
2.94	4.4913973095
2.94666666667	4.4965732271
2.95333333333	4.5017505032
2.96	4.5069291018
2.96666666667	4.5121089874
2.97333333333	4.5172901244
2.98	4.5224724775
2.98666666667	4.5276560115
2.99333333333	4.5328406913
3.0	4.5380264821
3.00666666667	4.5432133489
3.01333333333	4.5484012572
3.02	4.5535901726
3.02666666667	4.5587800606
3.03333333333	4.5639708872
3.04	4.5691626182
3.04666666667	4.5743552199
3.05333333333	4.5795486584
3.06	4.5847429003
3.06666666667	4.5899379120
3.07333333333	4.5951336603
3.08	4.6003301122
3.08666666667	4.6055272345
3.09333333333	4.6107249946
3.1	4.6159233598
3.10666666667	4.6211222975
3.11333333333	4.6263217755
3.12	4.6315217615
3.12666666667	4.6367222236
3.13333333333	4.6419231298
3.14	4.6471244485
3.14666666667	4.6523261480
3.15333333333	4.6575281971
3.16	4.6627305644
3.16666666667	4.6679332190
3.17333333333	4.6731361299
3.18	4.6783392663
3.18666666667	4.6835425977
3.19333333333	4.6887460937
3.2	4.6939497240
3.20666666667	4.6991534585
3.21333333333	4.7043572673
3.22	4.7095611207
3.22666666667	4.7147649890
3.23333333333	4.7199688428
3.24	4.7251726529
3.24666666667	4.7303763902
3.25333333333	4.7355800257
3.26	4.7407835308
3.26666666667	4.7459868768
3.27333333333	4.7511900354
3.28	4.7563929782
3.28666666667	4.7615956773
3.29333333333	4.7667981048
3.3	4.7720002329
3.30666666667	4.7772020341
3.31333333333	4.7824034810
3.32	4.7876045465
3.32666666667	4.7928052036
3.33333333333	4.7980054253
3.34	4.8032051851
3.34666666667	4.8084044565
3.35333333333	4.8136032132
3.36	4.8188014291
3.36666666667	4.8239990782
3.37333333333	4.8291961348
3.38	4.8343925734
3.38666666667	4.8395883685
3.39333333333	4.8447834951
3.4	4.8499779279
3.40666666667	4.8551716424
3.41333333333	4.8603646137
3.42	4.8655568175
3.42666666667	4.8707482296
3.43333333333	4.8759388258
3.44	4.8811285824
3.44666666667	4.8863174756
3.45333333333	4.8915054819
3.46	4.8966925782
3.46666666667	4.9018787412
3.47333333333	4.9070639482
3.48	4.9122481764
3.48666666667	4.9174314034
3.49333333333	4.9226136069
3.5	4.9277947648
3.50666666667	4.9329748552
3.51333333333	4.9381538565
3.52	4.9433317473
3.52666666667	4.9485085062
3.53333333333	4.9536841123
3.54	4.9588585448
3.54666666667	4.9640317829
3.55333333333	4.9692038065
3.56	4.9743745952
3.56666666667	4.9795441292
3.57333333333	4.9847123887
3.58	4.9898793542
3.58666666667	4.9950450064
3.59333333333	5.0002093264
3.6	5.0053722952
3.60666666667	5.0105338944
3.61333333333	5.0156941055
3.62	5.0208529104
3.62666666667	5.0260102914
3.63333333333	5.0311662307
3.64	5.0363207110
3.64666666667	5.0414737151
3.65333333333	5.0466252261
3.66	5.0517752275
3.66666666667	5.0569237028
3.67333333333	5.0620706360
3.68	5.0672160111
3.68666666667	5.0723598126
3.69333333333	5.0775020252
3.7	5.0826426339
3.70666666667	5.0877816237
3.71333333333	5.0929189804
3.72	5.0980546896
3.72666666667	5.1031887375
3.73333333333	5.1083211104
3.74	5.1134517950
3.74666666667	5.1185807783
3.75333333333	5.1237080475
3.76	5.1288335903
3.76666666667	5.1339573945
3.77333333333	5.1390794484
3.78	5.1441997405
3.78666666667	5.1493182597
3.79333333333	5.1544349953
3.8	5.1595499368
3.80666666667	5.1646630741
3.81333333333	5.1697743976
3.82	5.1748838978
3.82666666667	5.1799915657
3.83333333333	5.1850973928
3.84	5.1902013708
3.84666666667	5.1953034920
3.85333333333	5.2004037488
3.86	5.2055021343
3.86666666667	5.2105986419
3.87333333333	5.2156932654
3.88	5.2207859991
3.88666666667	5.2258768378
3.89333333333	5.2309657766
3.9	5.2360528113
3.90666666667	5.2411379379
3.91333333333	5.2462211532
3.92	5.2513024542
3.92666666667	5.2563818388
3.93333333333	5.2614593052
3.94	5.2665348520
3.94666666667	5.2716084788
3.95333333333	5.2766801855
3.96	5.2817499726
3.96666666667	5.2868178412
3.97333333333	5.2918837934
3.98	5.2969478314
3.98666666667	5.3020099586
3.99333333333	5.3070701788
4.0	5.3121284966
4.00666666667	5.3171849174
4.01333333333	5.3222394473
4.02	5.3272920935
4.02666666667	5.3323428636
4.03333333333	5.3373917663
4.04	5.3424388113
4.04666666667	5.3474840091
4.05333333333	5.3525273713
4.06	5.3575689102
4.06666666667	5.3626086397
4.07333333333	5.3676465743
4.08	5.3726827300
4.08666666667	5.3777171238
4.09333333333	5.3827497739
4.1	5.3877807002
4.10666666667	5.3928099235
4.11333333333	5.3978374663
4.12	5.4028633526
4.12666666667	5.4078876079
4.13333333333	5.4129102596
4.14	5.4179313364
4.14666666667	5.4229508694
4.15333333333	5.4279688911
4.16	5.4329854366
4.16666666667	5.4380005427
4.17333333333	5.4430142488
4.18	5.4480265966
4.18666666667	5.4530376304
4.19333333333	5.4580473973
4.2	5.4630559472
4.20666666667	5.4680633333
4.21333333333	5.4730696119
4.22	5.4780748431
4.22666666667	5.4830790905
4.23333333333	5.4880824219
4.24	5.4930849095
4.24666666667	5.4980866303
4.25333333333	5.5030876661
4.26	5.5080881045
4.26666666667	5.5130880387
4.27333333333	5.5180875686
4.28	5.5230868010
4.28666666667	5.5280858504
4.29333333333	5.5330848396
4.3	5.5380839007
4.30666666667	5.5430831758
4.31333333333	5.5480828181
4.32	5.5530829933
4.32666666667	5.5580838808
4.33333333333	5.5630856752
4.34	5.5680885885
4.34666666667	5.5730928519
4.35333333333	5.5780987186
4.36	5.5831064668
4.36666666667	5.5881164032
4.37333333333	5.5931288674
4.38	5.5981442373
4.38666666667	5.6031629353
4.39333333333	5.6081854368
4.4	5.6132122796
4.40666666667	5.6182440776
4.41333333333	5.6232815365
4.42	5.6283254764
4.42666666667	5.6333768606
4.43333333333	5.6384368360
4.44	5.6435067903
4.44666666667	5.6485884350
4.45333333333	5.6536839321
4.46	5.6587960973
4.46666666667	5.6639287458
4.47333333333	5.6690873384
4.48	5.6742803405
4.48666666667	5.6795226900
4.49333333333	5.6848484190
4.5	5.6906389570
4.50666666667	5.6967847297
4.51333333333	5.7028307408
4.52	5.7087714710
4.52666666667	5.7146237872
4.53333333333	5.7204070393
4.54	5.7261381591
4.54666666667	5.7318305694
4.55333333333	5.7374943261
4.56	5.7431366522
4.56666666667	5.7487625417
4.57333333333	5.7543753104
4.58	5.7599770553
4.58666666667	5.7655690151
4.59333333333	5.7711518444
4.6	5.7767258140
4.60666666667	5.7822909554
4.61333333333	5.7878471591
4.62	5.7933942424
4.62666666667	5.7989319926
4.63333333333	5.8044601934
4.64	5.8099786405
4.64666666667	5.8154871495
4.65333333333	5.8209855586
4.66	5.8264737291
4.66666666667	5.8319515431
4.67333333333	5.8374189017
4.68	5.8428757221
4.68666666667	5.8483219348
4.69333333333	5.8537574817
4.7	5.8591823133
4.70666666667	5.8645963876
4.71333333333	5.8699996684
4.72	5.8753921240
4.72666666667	5.8807737266
4.73333333333	5.8861444514
4.74	5.8915042759
4.74666666667	5.8968531801
4.75333333333	5.9021911453
4.76	5.9075181549
4.76666666667	5.9128341932
4.77333333333	5.9181392463
4.78	5.9234333010
4.78666666667	5.9287163455
4.79333333333	5.9339883692
4.8	5.9392493624
4.80666666667	5.9444993163
4.81333333333	5.9497382234
4.82	5.9549660770
4.82666666667	5.9601828712
4.83333333333	5.9653886014
4.84	5.9705832636
4.84666666667	5.9757668548
4.85333333333	5.9809393729
4.86	5.9861008165
4.86666666667	5.9912511852
4.87333333333	5.9963904794
4.88	6.0015187000
4.88666666667	6.0066358491
4.89333333333	6.0117419291
4.9	6.0168369434
4.90666666667	6.0219208960
4.91333333333	6.0269937915
4.92	6.0320556353
4.92666666667	6.0371064334
4.93333333333	6.0421461923
4.94	6.0471749191
4.94666666667	6.0521926217
4.95333333333	6.0571993082
4.96	6.0621949875
4.96666666667	6.0671796690
4.97333333333	6.0721533624
4.98	6.0771160782
4.98666666667	6.0820678270
4.99333333333	6.0870086202
5.0	6.0919384694
5.00666666667	6.0968573868
5.01333333333	6.1017653848
5.02	6.1066624764
5.02666666667	6.1115486749
5.03333333333	6.1164239940
5.04	6.1212884476
5.04666666667	6.1261420501
5.05333333333	6.1309848163
5.06	6.1358167612
5.06666666667	6.1406379001
5.07333333333	6.1454482486
5.08	6.1502478227
5.08666666667	6.1550366386
5.09333333333	6.1598147127
5.1	6.1645820619
5.10666666667	6.1693387030
5.11333333333	6.1740846533
5.12	6.1788199303
5.12666666667	6.1835445517
5.13333333333	6.1882585353
5.14	6.1929618993
5.14666666667	6.1976546621
5.15333333333	6.2023368420
5.16	6.2070084579
5.16666666667	6.2116695286
5.17333333333	6.2163200732
5.18	6.2209601108
5.18666666667	6.2255896609
5.19333333333	6.2302087431
5.2	6.2348173769
5.20666666667	6.2394155823
5.21333333333	6.2440033792
5.22	6.2485807878
5.22666666667	6.2531478281
5.23333333333	6.2577045207
5.24	6.2622508859
5.24666666667	6.2667869443
5.25333333333	6.2713127167
5.26	6.2758282239
5.26666666667	6.2803334866
5.27333333333	6.2848285260
5.28	6.2893133630
5.28666666667	6.2937880188
5.29333333333	6.2982525148
5.3	6.3027068721
5.30666666667	6.3071511122
5.31333333333	6.3115852566
5.32	6.3160093268
5.32666666667	6.3204233444
5.33333333333	6.3248273311
5.34	6.3292213085
5.34666666667	6.3336052985
5.35333333333	6.3379793228
5.36	6.3423434034
5.36666666667	6.3466975622
5.37333333333	6.3510418210
5.38	6.3553762020
5.38666666667	6.3597007271
5.39333333333	6.3640154185
5.4	6.3683202982
5.40666666667	6.3726153884
5.41333333333	6.3769007112
5.42	6.3811762888
5.42666666667	6.3854421435
5.43333333333	6.3896982975
5.44	6.3939447729
5.44666666667	6.3981815922
5.45333333333	6.4024087775
5.46	6.4066263513
5.46666666667	6.4108343357
5.47333333333	6.4150327531
5.48	6.4192216258
5.48666666667	6.4234009762
5.49333333333	6.4275708266
5.5	6.4317311313
5.50666666667	6.4358790818
5.51333333333	6.4400152598
5.52	6.4441400917
5.52666666667	6.4482538891
5.53333333333	6.4523568804
5.54	6.4564492341
5.54666666667	6.4605310760
5.55333333333	6.4646025023
5.56	6.4686635885
5.56666666667	6.4727143964
5.57333333333	6.4767549784
5.58	6.4807853812
5.58666666667	6.4848056476
5.59333333333	6.4888158182
5.6	6.4928159322
5.60666666667	6.4968060284
5.61333333333	6.5007861449
5.62	6.5047563198
5.62666666667	6.5087165912
5.63333333333	6.5126669968
5.64	6.5166075747
5.64666666667	6.5205383625
5.65333333333	6.5244593978
5.66	6.5283707182
5.66666666667	6.5322723608
5.67333333333	6.5361643627
5.68	6.5400467605
5.68666666667	6.5439195908
5.69333333333	6.5477828898
5.7	6.5516366934
5.70666666667	6.5554810371
5.71333333333	6.5593159563
5.72	6.5631414861
5.72666666667	6.5669576612
5.73333333333	6.5707645160
5.74	6.5745620848
5.74666666667	6.5783504016
5.75333333333	6.5821295000
5.76	6.5858994134
5.76666666667	6.5896601750
5.77333333333	6.5934118177
5.78	6.5971543744
5.78666666667	6.6008878773
5.79333333333	6.6046123588
5.8	6.6083278509
5.80666666667	6.6120343854
5.81333333333	6.6157319940
5.82	6.6194207079
5.82666666667	6.6231005584
5.83333333333	6.6267715764
5.84	6.6304337929
5.84666666667	6.6340872382
5.85333333333	6.6377319430
5.86	6.6413679373
5.86666666667	6.6449952512
5.87333333333	6.6486139145
5.88	6.6522239570
5.88666666667	6.6558254081
5.89333333333	6.6594182972
5.9	6.6630026533
5.90666666667	6.6665785055
5.91333333333	6.6701458826
5.92	6.6737048132
5.92666666667	6.6772553258
5.93333333333	6.6807974487
5.94	6.6843312100
5.94666666667	6.6878566379
5.95333333333	6.6913737600
5.96	6.6948826042
5.96666666667	6.6983831978
5.97333333333	6.7018755684
5.98	6.7053597432
5.98666666667	6.7088357491
5.99333333333	6.7123036133
6.0	6.7157633624
6.00666666667	6.7192150232
6.01333333333	6.7226586220
6.02	6.7260941854
6.02666666667	6.7295217395
6.03333333333	6.7329413104
6.04	6.7363529241
6.04666666667	6.7397566063
6.05333333333	6.7431523828
6.06	6.7465402792
6.06666666667	6.7499203207
6.07333333333	6.7532925328
6.08	6.7566569406
6.08666666667	6.7600135690
6.09333333333	6.7633624431
6.1	6.7667035876
6.10666666667	6.7700370271
6.11333333333	6.7733627862
6.12	6.7766808892
6.12666666667	6.7799913605
6.13333333333	6.7832942242
6.14	6.7865895044
6.14666666667	6.7898772249
6.15333333333	6.7931574097
6.16	6.7964300823
6.16666666667	6.7996952663
6.17333333333	6.8029529853
6.18	6.8062032625
6.18666666667	6.8094461212
6.19333333333	6.8126815845
6.2	6.8159096754
6.20666666667	6.8191304168
6.21333333333	6.8223438315
6.22	6.8255499422
6.22666666667	6.8287487714
6.23333333333	6.8319403416
6.24	6.8351246752
6.24666666667	6.8383017944
6.25333333333	6.8414717213
6.26	6.8446344781
6.26666666667	6.8477900866
6.27333333333	6.8509385686
6.28	6.8540799460
6.28666666667	6.8572142404
6.29333333333	6.8603414732
6.3	6.8634616659
6.30666666667	6.8665748399
6.31333333333	6.8696810164
6.32	6.8727802166
6.32666666667	6.8758724614
6.33333333333	6.8789577719
6.34	6.8820361689
6.34666666667	6.8851076731
6.35333333333	6.8881723052
6.36	6.8912300858
6.36666666667	6.8942810354
6.37333333333	6.8973251744
6.38	6.9003625230
6.38666666667	6.9033931014
6.39333333333	6.9064169299
6.4	6.9094340283
6.40666666667	6.9124444167
6.41333333333	6.9154481150
6.42	6.9184451427
6.42666666667	6.9214355197
6.43333333333	6.9244192655
6.44	6.9273963997
6.44666666667	6.9303669416
6.45333333333	6.9333309106
6.46	6.9362883259
6.46666666667	6.9392392068
6.47333333333	6.9421835722
6.48	6.9451214412
6.48666666667	6.9480528327
6.49333333333	6.9509777655
6.5	6.9538962585
6.50666666667	6.9568083302
6.51333333333	6.9597139993
6.52	6.9626132843
6.52666666667	6.9655062036
6.53333333333	6.9683927756
6.54	6.9712730186
6.54666666667	6.9741469508
6.55333333333	6.9770145903
6.56	6.9798759551
6.56666666667	6.9827310633
6.57333333333	6.9855799328
6.58	6.9884225813
6.58666666667	6.9912590266
6.59333333333	6.9940892865
6.6	6.9969133784
6.60666666667	6.9997313200
6.61333333333	7.0025431287
6.62	7.0053488218
6.62666666667	7.0081484168
6.63333333333	7.0109419308
6.64	7.0137293811
6.64666666667	7.0165107846
6.65333333333	7.0192861586
6.66	7.0220555198
6.66666666667	7.0248188853
6.67333333333	7.0275762718
6.68	7.0303276961
6.68666666667	7.0330731750
6.69333333333	7.0358127249
6.7	7.0385463625
6.70666666667	7.0412741043
6.71333333333	7.0439959667
6.72	7.0467119660
6.72666666667	7.0494221186
6.73333333333	7.0521264406
6.74	7.0548249483
6.74666666667	7.0575176577
6.75333333333	7.0602045848
6.76	7.0628857457
6.76666666667	7.0655611562
6.77333333333	7.0682308322
6.78	7.0708947895
6.78666666667	7.0735530438
6.79333333333	7.0762056107
6.8	7.0788525058
6.80666666667	7.0814937448
6.81333333333	7.0841293430
6.82	7.0867593158
6.82666666667	7.0893836787
6.83333333333	7.0920024469
6.84	7.0946156357
6.84666666667	7.0972232602
6.85333333333	7.0998253356
6.86	7.1024218769
6.86666666667	7.1050128991
6.87333333333	7.1075984172
6.88	7.1101784460
6.88666666667	7.1127530004
6.89333333333	7.1153220951
6.9	7.1178857450
6.90666666667	7.1204439645
6.91333333333	7.1229967685
6.92	7.1255441713
6.92666666667	7.1280861875
6.93333333333	7.1306228315
6.94	7.1331541177
6.94666666667	7.1356800605
6.95333333333	7.1382006741
6.96	7.1407159728
6.96666666667	7.1432259707
6.97333333333	7.1457306819
6.98	7.1482301206
6.98666666667	7.1507243006
6.99333333333	7.1532132360
7.0	7.1556969407
7.00666666667	7.1581754286
7.01333333333	7.1606487134
7.02	7.1631168089
7.02666666667	7.1655797288
7.03333333333	7.1680374868
7.04	7.1704900964
7.04666666667	7.1729375713
7.05333333333	7.1753799249
7.06	7.1778171706
7.06666666667	7.1802493220
7.07333333333	7.1826763922
7.08	7.1850983947
7.08666666667	7.1875153428
7.09333333333	7.1899272495
7.1	7.1923341281
7.10666666667	7.1947359916
7.11333333333	7.1971328533
7.12	7.1995247260
7.12666666667	7.2019116227
7.13333333333	7.2042935565
7.14	7.2066705401
7.14666666667	7.2090425863
7.15333333333	7.2114097081
7.16	7.2137719180
7.16666666667	7.2161292289
7.17333333333	7.2184816534
7.18	7.2208292040
7.18666666667	7.2231718933
7.19333333333	7.2255097339
7.2	7.2278427383
7.20666666667	7.2301709187
7.21333333333	7.2324942877
7.22	7.2348128576
7.22666666667	7.2371266407
7.23333333333	7.2394356491
7.24	7.2417398953
7.24666666667	7.2440393912
7.25333333333	7.2463341490
7.26	7.2486241809
7.26666666667	7.2509094988
7.27333333333	7.2531901148
7.28	7.2554660407
7.28666666667	7.2577372886
7.29333333333	7.2600038703
7.3	7.2622657977
7.30666666667	7.2645230824
7.31333333333	7.2667757364
7.32	7.2690237712
7.32666666667	7.2712671985
7.33333333333	7.2735060301
7.34	7.2757402774
7.34666666667	7.2779699521
7.35333333333	7.2801950656
7.36	7.2824156294
7.36666666667	7.2846316549
7.37333333333	7.2868431536
7.38	7.2890501367
7.38666666667	7.2912526157
7.39333333333	7.2934506017
7.4	7.2956441061
7.40666666667	7.2978331399
7.41333333333	7.3000177145
7.42	7.3021978409
7.42666666667	7.3043735301
7.43333333333	7.3065447933
7.44	7.3087116415
7.44666666667	7.3108740856
7.45333333333	7.3130321365
7.46	7.3151858053
7.46666666667	7.3173351027
7.47333333333	7.3194800395
7.48	7.3216206267
7.48666666667	7.3237568748
7.49333333333	7.3258887947
7.5	7.3280163970
7.50666666667	7.3301396924
7.51333333333	7.3322586915
7.52	7.3343734049
7.52666666667	7.3364838431
7.53333333333	7.3385900167
7.54	7.3406919360
7.54666666667	7.3427896116
7.55333333333	7.3448830539
7.56	7.3469722732
7.56666666667	7.3490572798
7.57333333333	7.3511380842
7.58	7.3532146965
7.58666666667	7.3552871269
7.59333333333	7.3573553858
7.6	7.3594194832
7.60666666667	7.3614794293
7.61333333333	7.3635352342
7.62	7.3655869080
7.62666666667	7.3676344607
7.63333333333	7.3696779023
7.64	7.3717172428
7.64666666667	7.3737524922
7.65333333333	7.3757836603
7.66	7.3778107570
7.66666666667	7.3798337922
7.67333333333	7.3818527757
7.68	7.3838677172
7.68666666667	7.3858786266
7.69333333333	7.3878855135
7.7	7.3898883877
7.70666666667	7.3918872587
7.71333333333	7.3938821363
7.72	7.3958730300
7.72666666667	7.3978599494
7.73333333333	7.3998429040
7.74	7.4018219033
7.74666666667	7.4037969568
7.75333333333	7.4057680740
7.76	7.4077352642
7.76666666667	7.4096985369
7.77333333333	7.4116579014
7.78	7.4136133671
7.78666666667	7.4155649432
7.79333333333	7.4175126389
7.8	7.4194564637
7.80666666667	7.4213964266
7.81333333333	7.4233325368
7.82	7.4252648035
7.82666666667	7.4271932358
7.83333333333	7.4291178428
7.84	7.4310386336
7.84666666667	7.4329556173
7.85333333333	7.4348688027
7.86	7.4367781990
7.86666666667	7.4386838150
7.87333333333	7.4405856598
7.88	7.4424837421
7.88666666667	7.4443780709
7.89333333333	7.4462686550
7.9	7.4481555033
7.90666666667	7.4500386244
7.91333333333	7.4519180273
7.92	7.4537937206
7.92666666667	7.4556657130
7.93333333333	7.4575340132
7.94	7.4593986300
7.94666666667	7.4612595718
7.95333333333	7.4631168473
7.96	7.4649704651
7.96666666667	7.4668204338
7.97333333333	7.4686667618
7.98	7.4705094577
7.98666666667	7.4723485299
7.99333333333	7.4741839869
8.0	7.4760158371
8.00666666667	7.4778440889
8.01333333333	7.4796687507
8.02	7.4814898308
8.02666666667	7.4833073376
8.03333333333	7.4851212793
8.04	7.4869316642
8.04666666667	7.4887385006
8.05333333333	7.4905417966
8.06	7.4923415606
8.06666666667	7.4941378005
8.07333333333	7.4959305247
8.08	7.4977197412
8.08666666667	7.4995054581
8.09333333333	7.5012876835
8.1	7.5030664255
8.10666666667	7.5048416920
8.11333333333	7.5066134911
8.12	7.5083818307
8.12666666667	7.5101467188
8.13333333333	7.5119081634
8.14	7.5136661724
8.14666666667	7.5154207535
8.15333333333	7.5171719148
8.16	7.5189196640
8.16666666667	7.5206640089
8.17333333333	7.5224049574
8.18	7.5241425172
8.18666666667	7.5258766961
8.19333333333	7.5276075017
8.2	7.5293349418
8.20666666667	7.5310590241
8.21333333333	7.5327797562
8.22	7.5344971457
8.22666666667	7.5362112003
8.23333333333	7.5379219276
8.24	7.5396293351
8.24666666667	7.5413334303
8.25333333333	7.5430342208
8.26	7.5447317141
8.26666666667	7.5464259177
8.27333333333	7.5481168390
8.28	7.5498044855
8.28666666667	7.5514888645
8.29333333333	7.5531699835
8.3	7.5548478499
8.30666666667	7.5565224709
8.31333333333	7.5581938540
8.32	7.5598620064
8.32666666667	7.5615269354
8.33333333333	7.5631886482
8.34	7.5648471523
8.34666666667	7.5665024546
8.35333333333	7.5681545625
8.36	7.5698034832
8.36666666667	7.5714492237
8.37333333333	7.5730917913
8.38	7.5747311931
8.38666666667	7.5763674362
8.39333333333	7.5780005275
8.4	7.5796304743
8.40666666667	7.5812572836
8.41333333333	7.5828809623
8.42	7.5845015175
8.42666666667	7.5861189561
8.43333333333	7.5877332852
8.44	7.5893445116
8.44666666667	7.5909526423
8.45333333333	7.5925576842
8.46	7.5941596441
8.46666666667	7.5957585290
8.47333333333	7.5973543457
8.48	7.5989471009
8.48666666667	7.6005368016
8.49333333333	7.6021234545
8.5	7.6037070663
8.50666666667	7.6052876438
8.51333333333	7.6068651938
8.52	7.6084397229
8.52666666667	7.6100112379
8.53333333333	7.6115797453
8.54	7.6131452520
8.54666666667	7.6147077645
8.55333333333	7.6162672894
8.56	7.6178238333
8.56666666667	7.6193774028
8.57333333333	7.6209280045
8.58	7.6224756449
8.58666666667	7.6240203306
8.59333333333	7.6255620680
8.6	7.6271008637
8.60666666667	7.6286367241
8.61333333333	7.6301696556
8.62	7.6316996648
8.62666666667	7.6332267580
8.63333333333	7.6347509416
8.64	7.6362722221
8.64666666667	7.6377906057
8.65333333333	7.6393060989
8.66	7.6408187079
8.66666666667	7.6423284391
8.67333333333	7.6438352987
8.68	7.6453392932
8.68666666667	7.6468404286
8.69333333333	7.6483387113
8.7	7.6498341475
8.70666666667	7.6513267434
8.71333333333	7.6528165052
8.72	7.6543034391
8.72666666667	7.6557875512
8.73333333333	7.6572688477
8.74	7.6587473347
8.74666666667	7.6602230183
8.75333333333	7.6616959046
8.76	7.6631659997
8.76666666667	7.6646333097
8.77333333333	7.6660978406
8.78	7.6675595984
8.78666666667	7.6690185891
8.79333333333	7.6704748188
8.8	7.6719282934
8.80666666667	7.6733790189
8.81333333333	7.6748270012
8.82	7.6762722463
8.82666666667	7.6777147600
8.83333333333	7.6791545484
8.84	7.6805916171
8.84666666667	7.6820259723
8.85333333333	7.6834576196
8.86	7.6848865649
8.86666666667	7.6863128141
8.87333333333	7.6877363729
8.88	7.6891572472
8.88666666667	7.6905754427
8.89333333333	7.6919909651
8.9	7.6934038203
8.90666666667	7.6948140139
8.91333333333	7.6962215518
8.92	7.6976264394
8.92666666667	7.6990286826
8.93333333333	7.7004282871
8.94	7.7018252584
8.94666666667	7.7032196022
8.95333333333	7.7046113242
8.96	7.7060004299
8.96666666667	7.7073869249
8.97333333333	7.7087708149
8.98	7.7101521054
8.98666666667	7.7115308019
8.99333333333	7.7129069099
9.0	7.7142804351
9.00666666667	7.7156513829
9.01333333333	7.7170197587
9.02	7.7183855681
9.02666666667	7.7197488166
9.03333333333	7.7211095096
9.04	7.7224676524
9.04666666667	7.7238232507
9.05333333333	7.7251763096
9.06	7.7265268347
9.06666666667	7.7278748313
9.07333333333	7.7292203049
9.08	7.7305632606
9.08666666667	7.7319037039
9.09333333333	7.7332416402
9.1	7.7345770746
9.10666666667	7.7359100125
9.11333333333	7.7372404592
9.12	7.7385684200
9.12666666667	7.7398939001
9.13333333333	7.7412169047
9.14	7.7425374391
9.14666666667	7.7438555085
9.15333333333	7.7451711181
9.16	7.7464842730
9.16666666667	7.7477949786
9.17333333333	7.7491032398
9.18	7.7504090619
9.18666666667	7.7517124499
9.19333333333	7.7530134091
9.2	7.7543119445
9.20666666667	7.7556080613
9.21333333333	7.7569017644
9.22	7.7581930590
9.22666666667	7.7594819501
9.23333333333	7.7607684428
9.24	7.7620525421
9.24666666667	7.7633342530
9.25333333333	7.7646135805
9.26	7.7658905297
9.26666666667	7.7671651054
9.27333333333	7.7684373126
9.28	7.7697071564
9.28666666667	7.7709746416
9.29333333333	7.7722397732
9.3	7.7735025561
9.30666666667	7.7747629952
9.31333333333	7.7760210954
9.32	7.7772768616
9.32666666667	7.7785302986
9.33333333333	7.7797814112
9.34	7.7810302045
9.34666666667	7.7822766830
9.35333333333	7.7835208518
9.36	7.7847627155
9.36666666667	7.7860022790
9.37333333333	7.7872395471
9.38	7.7884745245
9.38666666667	7.7897072159
9.39333333333	7.7909376262
9.4	7.7921657601
9.40666666667	7.7933916223
9.41333333333	7.7946152174
9.42	7.7958365503
9.42666666667	7.7970556255
9.43333333333	7.7982724477
9.44	7.7994870217
9.44666666667	7.8006993521
9.45333333333	7.8019094435
9.46	7.8031173005
9.46666666667	7.8043229277
9.47333333333	7.8055263299
9.48	7.8067275114
9.48666666667	7.8079264770
9.49333333333	7.8091232312
9.5	7.8103177786
9.50666666667	7.8115101237
9.51333333333	7.8127002711
9.52	7.8138882252
9.52666666667	7.8150739906
9.53333333333	7.8162575718
9.54	7.8174389733
9.54666666667	7.8186181995
9.55333333333	7.8197952550
9.56	7.8209701442
9.56666666667	7.8221428716
9.57333333333	7.8233134415
9.58	7.8244818584
9.58666666667	7.8256481268
9.59333333333	7.8268122510
9.6	7.8279742354
9.60666666667	7.8291340844
9.61333333333	7.8302918024
9.62	7.8314473937
9.62666666667	7.8326008627
9.63333333333	7.8337522138
9.64	7.8349014512
9.64666666667	7.8360485793
9.65333333333	7.8371936024
9.66	7.8383365248
9.66666666667	7.8394773508
9.67333333333	7.8406160846
9.68	7.8417527305
9.68666666667	7.8428872928
9.69333333333	7.8440197758
9.7	7.8451501835
9.70666666667	7.8462785204
9.71333333333	7.8474047906
9.72	7.8485289982
9.72666666667	7.8496511476
9.73333333333	7.8507712429
9.74	7.8518892882
9.74666666667	7.8530052877
9.75333333333	7.8541192456
9.76	7.8552311660
9.76666666667	7.8563410531
9.77333333333	7.8574489110
9.78	7.8585547437
9.78666666667	7.8596585555
9.79333333333	7.8607603503
9.8	7.8618601323
9.80666666667	7.8629579056
9.81333333333	7.8640536742
9.82	7.8651474422
9.82666666667	7.8662392135
9.83333333333	7.8673289924
9.84	7.8684167827
9.84666666667	7.8695025885
9.85333333333	7.8705864138
9.86	7.8716682626
9.86666666667	7.8727481390
9.87333333333	7.8738260467
9.88	7.8749019900
9.88666666667	7.8759759726
9.89333333333	7.8770479985
9.9	7.8781180718
9.90666666667	7.8791861962
9.91333333333	7.8802523758
9.92	7.8813166145
9.92666666667	7.8823789161
9.93333333333	7.8834392846
9.94	7.8844977238
9.94666666667	7.8855542376
9.95333333333	7.8866088299
9.96	7.8876615045
9.96666666667	7.8887122653
9.97333333333	7.8897611161
9.98	7.8908080608
9.98666666667	7.8918531031
9.99333333333	7.8928962469
