0.0	2.9091196405
0.00555555555556	2.9097390998
0.0111111111111	2.9103943553
0.0166666666667	2.9110832977
0.0222222222222	2.9118040465
0.0277777777778	2.9125548700
0.0333333333333	2.9133341723
0.0388888888889	2.9141404825
0.0444444444444	2.9149724441
0.05	2.9158288067
0.0555555555556	2.9167084170
0.0611111111111	2.9176102111
0.0666666666667	2.9185332079
0.0722222222222	2.9194765019
0.0777777777778	2.9204392578
0.0833333333333	2.9214207044
0.0888888888889	2.9224201302
0.0944444444444	2.9234368783
0.1	2.9244703422
0.105555555556	2.9255199620
0.111111111111	2.9265852206
0.116666666667	2.9276656406
0.122222222222	2.9287607812
0.127777777778	2.9298702353
0.133333333333	2.9309936268
0.138888888889	2.9321306086
0.144444444444	2.9332808600
0.15	2.9344440851
0.155555555556	2.9356200106
0.161111111111	2.9368083843
0.166666666667	2.9380089733
0.172222222222	2.9392215629
0.177777777778	2.9404459550
0.183333333333	2.9416819670
0.188888888889	2.9429294304
0.194444444444	2.9441881903
0.2	2.9454581039
0.205555555556	2.9467390398
0.211111111111	2.9480308772
0.216666666667	2.9493335054
0.222222222222	2.9506468223
0.227777777778	2.9519707348
0.233333333333	2.9533051574
0.238888888889	2.9546500120
0.244444444444	2.9560052272
0.25	2.9573707382
0.255555555556	2.9587464859
0.261111111111	2.9601324167
0.266666666667	2.9615284821
0.272222222222	2.9629346384
0.277777777778	2.9643508464
0.283333333333	2.9657770710
0.288888888889	2.9672132809
0.294444444444	2.9686594483
0.3	2.9701155490
0.305555555556	2.9715815617
0.311111111111	2.9730574681
0.316666666667	2.9745432527
0.322222222222	2.9760389024
0.327777777778	2.9775444066
0.333333333333	2.9790597567
0.338888888889	2.9805849464
0.344444444444	2.9821199712
0.35	2.9836648283
0.355555555556	2.9852195169
0.361111111111	2.9867840375
0.366666666667	2.9883583920
0.372222222222	2.9899425839
0.377777777778	2.9915366178
0.383333333333	2.9931404995
0.388888888889	2.9947542359
0.394444444444	2.9963778351
0.4	2.9980113058
0.405555555556	2.9996546578
0.411111111111	3.0013079019
0.416666666667	3.0029710492
0.422222222222	3.0046441121
0.427777777778	3.0063271030
0.433333333333	3.0080200355
0.438888888889	3.0097229233
0.444444444444	3.0114357809
0.45	3.0131586232
0.455555555556	3.0148914655
0.461111111111	3.0166343235
0.466666666667	3.0183872132
0.472222222222	3.0201501512
0.477777777778	3.0219231540
0.483333333333	3.0237062386
0.488888888889	3.0254994223
0.494444444444	3.0273027224
0.5	3.0291161566
0.505555555556	3.0309397425
0.511111111111	3.0327734982
0.516666666667	3.0346174416
0.522222222222	3.0364715908
0.527777777778	3.0383359640
0.533333333333	3.0402105794
0.538888888889	3.0420954555
0.544444444444	3.0439906103
0.55	3.0458960623
0.555555555556	3.0478118297
0.561111111111	3.0497379309
0.566666666667	3.0516743840
0.572222222222	3.0536212072
0.577777777778	3.0555784186
0.583333333333	3.0575460364
0.588888888889	3.0595240783
0.594444444444	3.0615125623
0.6	3.0635115061
0.605555555556	3.0655209273
0.611111111111	3.0675408433
0.616666666667	3.0695712715
0.622222222222	3.0716122290
0.627777777778	3.0736637329
0.633333333333	3.0757257999
0.638888888889	3.0777984468
0.644444444444	3.0798816899
0.65	3.0819755456
0.655555555556	3.0840800299
0.661111111111	3.0861951587
0.666666666667	3.0883209477
0.672222222222	3.0904574121
0.677777777778	3.0926045673
0.683333333333	3.0947624281
0.688888888889	3.0969310093
0.694444444444	3.0991103253
0.7	3.1013003903
0.705555555556	3.1035012183
0.711111111111	3.1057128229
0.716666666667	3.1079352176
0.722222222222	3.1101684154
0.727777777778	3.1124124294
0.733333333333	3.1146672719
0.738888888889	3.1169329553
0.744444444444	3.1192094916
0.75	3.1214968926
0.755555555556	3.1237951695
0.761111111111	3.1261043335
0.766666666667	3.1284243954
0.772222222222	3.1307553657
0.777777777778	3.1330972546
0.783333333333	3.1354500718
0.788888888889	3.1378138269
0.794444444444	3.1401885292
0.8	3.1425741876
0.805555555556	3.1449708105
0.811111111111	3.1473784062
0.816666666667	3.1497969827
0.822222222222	3.1522265474
0.827777777778	3.1546671077
0.833333333333	3.1571186704
0.838888888889	3.1595812420
0.844444444444	3.1620548288
0.85	3.1645394366
0.855555555556	3.1670350709
0.861111111111	3.1695417370
0.866666666667	3.1720594396
0.872222222222	3.1745881832
0.877777777778	3.1771279720
0.883333333333	3.1796788096
0.888888888889	3.1822406995
0.894444444444	3.1848136448
0.9	3.1873976482
0.905555555556	3.1899927120
0.911111111111	3.1925988382
0.916666666667	3.1952160285
0.922222222222	3.1978442841
0.927777777778	3.2004836059
0.933333333333	3.2031339945
0.938888888889	3.2057954501
0.944444444444	3.2084679726
0.95	3.2111515613
0.955555555556	3.2138462155
0.961111111111	3.2165519339
0.966666666667	3.2192687148
0.972222222222	3.2219965564
0.977777777778	3.2247354563
0.983333333333	3.2274854118
0.988888888889	3.2302464199
0.994444444444	3.2330184771
1.0	3.2358015799
1.00555555556	3.2385957239
1.01111111111	3.2414009048
1.01666666667	3.2442171177
1.02222222222	3.2470443575
1.02777777778	3.2498826185
1.03333333333	3.2527318950
1.03888888889	3.2555921806
1.04444444444	3.2584634689
1.05	3.2613457527
1.05555555556	3.2642390249
1.06111111111	3.2671432778
1.06666666667	3.2700585033
1.07222222222	3.2729846933
1.07777777778	3.2759218388
1.08333333333	3.2788699311
1.08888888889	3.2818289606
1.09444444444	3.2847989176
1.1	3.2877797922
1.10555555556	3.2907715738
1.11111111111	3.2937742519
1.11666666667	3.2967878152
1.12222222222	3.2998122525
1.12777777778	3.3028475520
1.13333333333	3.3058937017
1.13888888889	3.3089506891
1.14444444444	3.3120185015
1.15	3.3150971260
1.15555555556	3.3181865491
1.16111111111	3.3212867572
1.16666666667	3.3243977363
1.17222222222	3.3275194720
1.17777777778	3.3306519497
1.18333333333	3.3337951545
1.18888888889	3.3369490712
1.19444444444	3.3401136841
1.2	3.3432889774
1.20555555556	3.3464749350
1.21111111111	3.3496715403
1.21666666667	3.3528787765
1.22222222222	3.3560966267
1.22777777778	3.3593250733
1.23333333333	3.3625640988
1.23888888889	3.3658136852
1.24444444444	3.3690738142
1.25	3.3723444674
1.25555555556	3.3756256258
1.26111111111	3.3789172705
1.26666666667	3.3822193819
1.27222222222	3.3855319405
1.27777777778	3.3888549263
1.28333333333	3.3921883191
1.28888888889	3.3955320984
1.29444444444	3.3988862435
1.3	3.4022507333
1.30555555556	3.4056255466
1.31111111111	3.4090106619
1.31666666667	3.4124060572
1.32222222222	3.4158117107
1.32777777778	3.4192275999
1.33333333333	3.4226537023
1.33888888889	3.4260899951
1.34444444444	3.4295364552
1.35	3.4329930593
1.35555555556	3.4364597839
1.36111111111	3.4399366051
1.36666666667	3.4434234990
1.37222222222	3.4469204412
1.37777777778	3.4504274073
1.38333333333	3.4539443726
1.38888888889	3.4574713120
1.39444444444	3.4610082004
1.4	3.4645550124
1.40555555556	3.4681117224
1.41111111111	3.4716783044
1.41666666667	3.4752547325
1.42222222222	3.4788409803
1.42777777778	3.4824370213
1.43333333333	3.4860428289
1.43888888889	3.4896583761
1.44444444444	3.4932836358
1.45	3.4969185806
1.45555555556	3.5005631830
1.46111111111	3.5042174154
1.46666666667	3.5078812497
1.47222222222	3.5115546579
1.47777777778	3.5152376116
1.48333333333	3.5189300823
1.48888888889	3.5226320414
1.49444444444	3.5263434599
1.5	3.5300643087
1.50555555556	3.5337945587
1.51111111111	3.5375341804
1.51666666667	3.5412831442
1.52222222222	3.5450414203
1.52777777778	3.5488089787
1.53333333333	3.5525857893
1.53888888889	3.5563718218
1.54444444444	3.5601670458
1.55	3.5639714305
1.55555555556	3.5677849453
1.56111111111	3.5716075590
1.56666666667	3.5754392407
1.57222222222	3.5792799590
1.57777777778	3.5831296825
1.58333333333	3.5869883795
1.58888888889	3.5908560184
1.59444444444	3.5947325672
1.6	3.5986179939
1.60555555556	3.6025122663
1.61111111111	3.6064153520
1.61666666667	3.6103272186
1.62222222222	3.6142478335
1.62777777778	3.6181771638
1.63333333333	3.6221151767
1.63888888889	3.6260618391
1.64444444444	3.6300171178
1.65	3.6339809796
1.65555555556	3.6379533910
1.66111111111	3.6419343184
1.66666666667	3.6459237281
1.67222222222	3.6499215863
1.67777777778	3.6539278591
1.68333333333	3.6579425124
1.68888888889	3.6619655120
1.69444444444	3.6659968236
1.7	3.6700364127
1.70555555556	3.6740842448
1.71111111111	3.6781402852
1.71666666667	3.6822044993
1.72222222222	3.6862768520
1.72777777778	3.6903573085
1.73333333333	3.6944458335
1.73888888889	3.6985423919
1.74444444444	3.7026469484
1.75	3.7067594676
1.75555555556	3.7108799139
1.76111111111	3.7150082518
1.76666666667	3.7191444455
1.77222222222	3.7232884592
1.77777777778	3.7274402570
1.78333333333	3.7315998029
1.78888888889	3.7357670608
1.79444444444	3.7399419945
1.8	3.7441245678
1.80555555556	3.7483147443
1.81111111111	3.7525124875
1.81666666667	3.7567177609
1.82222222222	3.7609305280
1.82777777778	3.7651507519
1.83333333333	3.7693783960
1.83888888889	3.7736134233
1.84444444444	3.7778557970
1.85	3.7821054801
1.85555555556	3.7863624354
1.86111111111	3.7906266258
1.86666666667	3.7948980141
1.87222222222	3.7991765630
1.87777777778	3.8034622351
1.88333333333	3.8077549930
1.88888888889	3.8120547993
1.89444444444	3.8163616162
1.9	3.8206754063
1.90555555556	3.8249961319
1.91111111111	3.8293237551
1.91666666667	3.8336582382
1.92222222222	3.8379995434
1.92777777778	3.8423476328
1.93333333333	3.8467024683
1.93888888889	3.8510640120
1.94444444444	3.8554322257
1.95	3.8598070715
1.95555555556	3.8641885111
1.96111111111	3.8685765062
1.96666666667	3.8729710187
1.97222222222	3.8773720103
1.97777777778	3.8817794426
1.98333333333	3.8861932771
1.98888888889	3.8906134756
1.99444444444	3.8950399995
2.0	3.8994728104
2.00555555556	3.9039118697
2.01111111111	3.9083571388
2.01666666667	3.9128085792
2.02222222222	3.9172661522
2.02777777778	3.9217298191
2.03333333333	3.9261995413
2.03888888889	3.9306752801
2.04444444444	3.9351569966
2.05	3.9396446523
2.05555555556	3.9441382082
2.06111111111	3.9486376255
2.06666666667	3.9531428655
2.07222222222	3.9576538893
2.07777777778	3.9621706579
2.08333333333	3.9666931326
2.08888888889	3.9712212745
2.09444444444	3.9757550446
2.1	3.9802944040
2.10555555556	3.9848393138
2.11111111111	3.9893897350
2.11666666667	3.9939456287
2.12222222222	3.9985069560
2.12777777778	4.0030736779
2.13333333333	4.0076457553
2.13888888889	4.0122231494
2.14444444444	4.0168058212
2.15	4.0213937318
2.15555555556	4.0259868420
2.16111111111	4.0305851131
2.16666666667	4.0351885060
2.17222222222	4.0397969818
2.17777777778	4.0444105015
2.18333333333	4.0490290262
2.18888888889	4.0536525169
2.19444444444	4.0582809348
2.2	4.0629142409
2.20555555556	4.0675523963
2.21111111111	4.0721953621
2.21666666667	4.0768430996
2.22222222222	4.0814955698
2.22777777778	4.0861527338
2.23333333333	4.0908145530
2.23888888889	4.0954809884
2.24444444444	4.1001520013
2.25	4.1048275530
2.25555555556	4.1095076048
2.26111111111	4.1141921178
2.26666666667	4.1188810536
2.27222222222	4.1235743733
2.27777777778	4.1282720384
2.28333333333	4.1329740103
2.28888888889	4.1376802505
2.29444444444	4.1423907204
2.3	4.1471053815
2.30555555556	4.1518241953
2.31111111111	4.1565471235
2.31666666667	4.1612741277
2.32222222222	4.1660051694
2.32777777778	4.1707402104
2.33333333333	4.1754792124
2.33888888889	4.1802221372
2.34444444444	4.1849689466
2.35	4.1897196024
2.35555555556	4.1944740666
2.36111111111	4.1992323010
2.36666666667	4.2039942677
2.37222222222	4.2087599287
2.37777777778	4.2135292461
2.38333333333	4.2183021821
2.38888888889	4.2230786987
2.39444444444	4.2278587583
2.4	4.2326423231
2.40555555556	4.2374293555
2.41111111111	4.2422198178
2.41666666667	4.2470136726
2.42222222222	4.2518108822
2.42777777778	4.2566114094
2.43333333333	4.2614152166
2.43888888889	4.2662222667
2.44444444444	4.2710325222
2.45	4.2758459461
2.45555555556	4.2806625012
2.46111111111	4.2854821504
2.46666666667	4.2903048567
2.47222222222	4.2951305831
2.47777777778	4.2999592928
2.48333333333	4.3047909490
2.48888888889	4.3096255149
2.49444444444	4.3144629538
2.5	4.3193032291
2.50555555556	4.3241463043
2.51111111111	4.3289921430
2.51666666667	4.3338407086
2.52222222222	4.3386919649
2.52777777778	4.3435458756
2.53333333333	4.3484024046
2.53888888889	4.3532615157
2.54444444444	4.3581231729
2.55	4.3629873403
2.55555555556	4.3678539819
2.56111111111	4.3727230620
2.56666666667	4.3775945448
2.57222222222	4.3824683947
2.57777777778	4.3873445762
2.58333333333	4.3922230537
2.58888888889	4.3971037918
2.59444444444	4.4019867553
2.6	4.4068719089
2.60555555556	4.4117592173
2.61111111111	4.4166486457
2.61666666667	4.4215401589
2.62222222222	4.4264337220
2.62777777778	4.4313293003
2.63333333333	4.4362268591
2.63888888889	4.4411263636
2.64444444444	4.4460277793
2.65	4.4509310717
2.65555555556	4.4558362065
2.66111111111	4.4607431494
2.66666666667	4.4656518662
2.67222222222	4.4705623227
2.67777777778	4.4754744850
2.68333333333	4.4803883191
2.68888888889	4.4853037912
2.69444444444	4.4902208675
2.7	4.4951395144
2.70555555556	4.5000596984
2.71111111111	4.5049813860
2.71666666667	4.5099045438
2.72222222222	4.5148291385
2.72777777778	4.5197551370
2.73333333333	4.5246825062
2.73888888889	4.5296112132
2.74444444444	4.5345412249
2.75	4.5394725088
2.75555555556	4.5444050319
2.76111111111	4.5493387619
2.76666666667	4.5542736662
2.77222222222	4.5592097123
2.77777777778	4.5641468681
2.78333333333	4.5690851013
2.78888888889	4.5740243798
2.79444444444	4.5789646717
2.8	4.5839059451
2.80555555556	4.5888481681
2.81111111111	4.5937913092
2.81666666667	4.5987353366
2.82222222222	4.6036802191
2.82777777778	4.6086259251
2.83333333333	4.6135724235
2.83888888889	4.6185196830
2.84444444444	4.6234676726
2.85	4.6284163614
2.85555555556	4.6333657185
2.86111111111	4.6383157131
2.86666666667	4.6432663147
2.87222222222	4.6482174927
2.87777777778	4.6531692167
2.88333333333	4.6581214564
2.88888888889	4.6630741816
2.89444444444	4.6680273621
2.9	4.6729809680
2.90555555556	4.6779349695
2.91111111111	4.6828893366
2.91666666667	4.6878440399
2.92222222222	4.6927990496
2.92777777778	4.6977543365
2.93333333333	4.7027098710
2.93888888889	4.7076656241
2.94444444444	4.7126215666
2.95	4.7175776695
2.95555555556	4.7225339039
2.96111111111	4.7274902409
2.96666666667	4.7324466521
2.97222222222	4.7374031087
2.97777777778	4.7423595824
2.98333333333	4.7473160448
2.98888888889	4.7522724676
2.99444444444	4.7572288229
3.0	4.7621850825
3.00555555556	4.7671412186
3.01111111111	4.7720972034
3.01666666667	4.7770530092
3.02222222222	4.7820086086
3.02777777778	4.7869639740
3.03333333333	4.7919190782
3.03888888889	4.7968738940
3.04444444444	4.8018283942
3.05	4.8067825519
3.05555555556	4.8117363402
3.06111111111	4.8166897324
3.06666666667	4.8216427018
3.07222222222	4.8265952220
3.07777777778	4.8315472665
3.08333333333	4.8364988090
3.08888888889	4.8414498234
3.09444444444	4.8464002837
3.1	4.8513501638
3.10555555556	4.8562994379
3.11111111111	4.8612480804
3.11666666667	4.8661960657
3.12222222222	4.8711433682
3.12777777778	4.8760899627
3.13333333333	4.8810358239
3.13888888889	4.8859809266
3.14444444444	4.8909252459
3.15	4.8958687569
3.15555555556	4.9008114347
3.16111111111	4.9057532548
3.16666666667	4.9106941926
3.17222222222	4.9156342238
3.17777777778	4.9205733238
3.18333333333	4.9255114688
3.18888888889	4.9304486344
3.19444444444	4.9353847969
3.2	4.9403199323
3.20555555556	4.9452540170
3.21111111111	4.9501870273
3.21666666667	4.9551189399
3.22222222222	4.9600497313
3.22777777778	4.9649793783
3.23333333333	4.9699078579
3.23888888889	4.9748351469
3.24444444444	4.9797612226
3.25	4.9846860621
3.25555555556	4.9896096429
3.26111111111	4.9945319425
3.26666666667	4.9994529383
3.27222222222	5.0043726083
3.27777777778	5.0092909301
3.28333333333	5.0142078818
3.28888888889	5.0191234415
3.29444444444	5.0240375873
3.3	5.0289502976
3.30555555556	5.0338615509
3.31111111111	5.0387713257
3.31666666667	5.0436796007
3.32222222222	5.0485863547
3.32777777778	5.0534915666
3.33333333333	5.0583952156
3.33888888889	5.0632972807
3.34444444444	5.0681977414
3.35	5.0730965769
3.35555555556	5.0779937669
3.36111111111	5.0828892911
3.36666666667	5.0877831292
3.37222222222	5.0926752610
3.37777777778	5.0975656668
3.38333333333	5.1024543266
3.38888888889	5.1073412207
3.39444444444	5.1122263296
3.4	5.1171096337
3.40555555556	5.1219911137
3.41111111111	5.1268707504
3.41666666667	5.1317485247
3.42222222222	5.1366244176
3.42777777778	5.1414984104
3.43333333333	5.1463704842
3.43888888889	5.1512406204
3.44444444444	5.1561088007
3.45	5.1609750066
3.45555555556	5.1658392200
3.46111111111	5.1707014227
3.46666666667	5.1755615969
3.47222222222	5.1804197246
3.47777777778	5.1852757881
3.48333333333	5.1901297700
3.48888888889	5.1949816527
3.49444444444	5.1998314188
3.5	5.2046790513
3.50555555556	5.2095245330
3.51111111111	5.2143678471
3.51666666667	5.2192089766
3.52222222222	5.2240479050
3.52777777778	5.2288846156
3.53333333333	5.2337190921
3.53888888889	5.2385513183
3.54444444444	5.2433812778
3.55	5.2482089548
3.55555555556	5.2530343333
3.56111111111	5.2578573976
3.56666666667	5.2626781321
3.57222222222	5.2674965212
3.57777777778	5.2723125497
3.58333333333	5.2771262023
3.58888888889	5.2819374640
3.59444444444	5.2867463197
3.6	5.2915527548
3.60555555556	5.2963567545
3.61111111111	5.3011583043
3.61666666667	5.3059573898
3.62222222222	5.3107539968
3.62777777778	5.3155481111
3.63333333333	5.3203397188
3.63888888889	5.3251288061
3.64444444444	5.3299153593
3.65	5.3346993648
3.65555555556	5.3394808092
3.66111111111	5.3442596793
3.66666666667	5.3490359620
3.67222222222	5.3538096444
3.67777777778	5.3585807135
3.68333333333	5.3633491568
3.68888888889	5.3681149617
3.69444444444	5.3728781159
3.7	5.3776386072
3.70555555556	5.3823964234
3.71111111111	5.3871515528
3.71666666667	5.3919039835
3.72222222222	5.3966537040
3.72777777778	5.4014007028
3.73333333333	5.4061449686
3.73888888889	5.4108864904
3.74444444444	5.4156252572
3.75	5.4203612581
3.75555555556	5.4250944826
3.76111111111	5.4298249202
3.76666666667	5.4345525606
3.77222222222	5.4392773937
3.77777777778	5.4439994096
3.78333333333	5.4487185983
3.78888888889	5.4534349505
3.79444444444	5.4581484565
3.8	5.4628591073
3.80555555556	5.4675668936
3.81111111111	5.4722718067
3.81666666667	5.4769738378
3.82222222222	5.4816729783
3.82777777778	5.4863692201
3.83333333333	5.4910625549
3.83888888889	5.4957529749
3.84444444444	5.5004404722
3.85	5.5051250394
3.85555555556	5.5098066690
3.86111111111	5.5144853541
3.86666666667	5.5191610876
3.87222222222	5.5238338628
3.87777777778	5.5285036733
3.88333333333	5.5331705128
3.88888888889	5.5378343752
3.89444444444	5.5424952547
3.9	5.5471531457
3.90555555556	5.5518080429
3.91111111111	5.5564599411
3.91666666667	5.5611088354
3.92222222222	5.5657547213
3.92777777778	5.5703975943
3.93333333333	5.5750374503
3.93888888889	5.5796742855
3.94444444444	5.5843080963
3.95	5.5889388793
3.95555555556	5.5935666315
3.96111111111	5.5981913502
3.96666666667	5.6028130329
3.97222222222	5.6074316775
3.97777777778	5.6120472820
3.98333333333	5.6166598450
3.98888888889	5.6212693652
3.99444444444	5.6258758417
4.0	5.6304792740
4.00555555556	5.6350796618
4.01111111111	5.6396770053
4.01666666667	5.6442713050
4.02222222222	5.6488625619
4.02777777778	5.6534507770
4.03333333333	5.6580359522
4.03888888889	5.6626180895
4.04444444444	5.6671971914
4.05	5.6717732607
4.05555555556	5.6763463010
4.06111111111	5.6809163159
4.06666666667	5.6854833099
4.07222222222	5.6900472877
4.07777777778	5.6946082545
4.08333333333	5.6991662164
4.08888888889	5.7037211796
4.09444444444	5.7082731510
4.1	5.7128221383
4.10555555556	5.7173681495
4.11111111111	5.7219111933
4.11666666667	5.7264512793
4.12222222222	5.7309884175
4.12777777778	5.7355226187
4.13333333333	5.7400538945
4.13888888889	5.7445822572
4.14444444444	5.7491077198
4.15	5.7536302964
4.15555555556	5.7581500017
4.16111111111	5.7626668515
4.16666666667	5.7671808626
4.17222222222	5.7716920525
4.17777777778	5.7762004402
4.18333333333	5.7807060453
4.18888888889	5.7852088890
4.19444444444	5.7897089935
4.2	5.7942063823
4.20555555556	5.7987010803
4.21111111111	5.8031931138
4.21666666667	5.8076825107
4.22222222222	5.8121693004
4.22777777778	5.8166535140
4.23333333333	5.8211351845
4.23888888889	5.8256143467
4.24444444444	5.8300910374
4.25	5.8345652958
4.25555555556	5.8390371632
4.26111111111	5.8435066834
4.26666666667	5.8479739028
4.27222222222	5.8524388709
4.27777777778	5.8569016398
4.28333333333	5.8613622652
4.28888888889	5.8658208064
4.29444444444	5.8702773261
4.3	5.8747318916
4.30555555556	5.8791845743
4.31111111111	5.8836354507
4.31666666667	5.8880846025
4.32222222222	5.8925321173
4.32777777778	5.8969780889
4.33333333333	5.9014226182
4.33888888889	5.9058658138
4.34444444444	5.9103077928
4.35	5.9147486818
4.35555555556	5.9191886178
4.36111111111	5.9236277498
4.36666666667	5.9280662399
4.37222222222	5.9325042652
4.37777777778	5.9369420198
4.38333333333	5.9413797173
4.38888888889	5.9458175932
4.39444444444	5.9502559091
4.4	5.9546949562
4.40555555556	5.9591350608
4.41111111111	5.9635765908
4.41666666667	5.9680199636
4.42222222222	5.9724656564
4.42777777778	5.9769142197
4.43333333333	5.9813662949
4.43888888889	5.9858226379
4.44444444444	5.9902841519
4.45	5.9947519337
4.45555555556	5.9992273417
4.46111111111	6.0037120992
4.46666666667	6.0082084613
4.47222222222	6.0127194986
4.47777777778	6.0172496294
4.48333333333	6.0218057405
4.48888888889	6.0264000517
4.49444444444	6.0310605476
4.5	6.0361021547
4.50555555556	6.0414386317
4.51111111111	6.0466911667
4.51666666667	6.0518460042
4.52222222222	6.0569115543
4.52777777778	6.0619015624
4.53333333333	6.0668301241
4.53888888889	6.0717098928
4.54444444444	6.0765514944
4.55	6.0813634684
4.55555555556	6.0861524418
4.56111111111	6.0909233961
4.56666666667	6.0956799576
4.57222222222	6.1004246734
4.57777777778	6.1051592570
4.58333333333	6.1098847964
4.58888888889	6.1146019260
4.59444444444	6.1193109612
4.6	6.1240120047
4.60555555556	6.1287050247
4.61111111111	6.1333899129
4.61666666667	6.1380665251
4.62222222222	6.1427347083
4.62777777778	6.1473943178
4.63333333333	6.1520452276
4.63888888889	6.1566873347
4.64444444444	6.1613205602
4.65	6.1659448483
4.65555555556	6.1705601638
4.66111111111	6.1751664889
4.66666666667	6.1797638196
4.67222222222	6.1843521631
4.67777777778	6.1889315340
4.68333333333	6.1935019526
4.68888888889	6.1980634423
4.69444444444	6.2026160279
4.7	6.2071597346
4.70555555556	6.2116945869
4.71111111111	6.2162206079
4.71666666667	6.2207378188
4.72222222222	6.2252462391
4.72777777778	6.2297458861
4.73333333333	6.2342367750
4.73888888889	6.2387189192
4.74444444444	6.2431923304
4.75	6.2476570188
4.75555555556	6.2521129930
4.76111111111	6.2565602609
4.76666666667	6.2609988290
4.77222222222	6.2654287034
4.77777777778	6.2698498893
4.78333333333	6.2742623919
4.78888888889	6.2786662155
4.79444444444	6.2830613647
4.8	6.2874478438
4.80555555556	6.2918256570
4.81111111111	6.2961948087
4.81666666667	6.3005553031
4.82222222222	6.3049071450
4.82777777778	6.3092503388
4.83333333333	6.3135848895
4.83888888889	6.3179108023
4.84444444444	6.3222280822
4.85	6.3265367350
4.85555555556	6.3308367664
4.86111111111	6.3351281824
4.86666666667	6.3394109892
4.87222222222	6.3436851933
4.87777777778	6.3479508015
4.88333333333	6.3522078208
4.88888888889	6.3564562584
4.89444444444	6.3606961218
4.9	6.3649274187
4.90555555556	6.3691501569
4.91111111111	6.3733643446
4.91666666667	6.3775699902
4.92222222222	6.3817671023
4.92777777778	6.3859556897
4.93333333333	6.3901357612
4.93888888889	6.3943073263
4.94444444444	6.3984703941
4.95	6.4026249743
4.95555555556	6.4067710767
4.96111111111	6.4109087113
4.96666666667	6.4150378880
4.97222222222	6.4191586173
4.97777777778	6.4232709096
4.98333333333	6.4273747755
4.98888888889	6.4314702258
4.99444444444	6.4355572715
5.0	6.4396359237
5.00555555556	6.4437061935
5.01111111111	6.4477680924
5.01666666667	6.4518216320
5.02222222222	6.4558668238
5.02777777778	6.4599036796
5.03333333333	6.4639322115
5.03888888889	6.4679524313
5.04444444444	6.4719643514
5.05	6.4759679839
5.05555555556	6.4799633412
5.06111111111	6.4839504360
5.06666666667	6.4879292807
5.07222222222	6.4918998881
5.07777777778	6.4958622710
5.08333333333	6.4998164423
5.08888888889	6.5037624150
5.09444444444	6.5077002023
5.1	6.5116298173
5.10555555556	6.5155512732
5.11111111111	6.5194645835
5.11666666667	6.5233697616
5.12222222222	6.5272668210
5.12777777778	6.5311557752
5.13333333333	6.5350366380
5.13888888889	6.5389094231
5.14444444444	6.5427741443
5.15	6.5466308154
5.15555555556	6.5504794504
5.16111111111	6.5543200632
5.16666666667	6.5581526680
5.17222222222	6.5619772788
5.17777777778	6.5657939098
5.18333333333	6.5696025753
5.18888888889	6.5734032894
5.19444444444	6.5771960665
5.2	6.5809809209
5.20555555556	6.5847578671
5.21111111111	6.5885269196
5.21666666667	6.5922880927
5.22222222222	6.5960414011
5.22777777778	6.5997868594
5.23333333333	6.6035244820
5.23888888889	6.6072542837
5.24444444444	6.6109762792
5.25	6.6146904832
5.25555555556	6.6183969104
5.26111111111	6.6220955755
5.26666666667	6.6257864935
5.27222222222	6.6294696790
5.27777777778	6.6331451471
5.28333333333	6.6368129124
5.28888888889	6.6404729900
5.29444444444	6.6441253947
5.3	6.6477701416
5.30555555556	6.6514072455
5.31111111111	6.6550367214
5.31666666667	6.6586585844
5.32222222222	6.6622728494
5.32777777778	6.6658795315
5.33333333333	6.6694786457
5.33888888889	6.6730702070
5.34444444444	6.6766542305
5.35	6.6802307314
5.35555555556	6.6837997246
5.36111111111	6.6873612252
5.36666666667	6.6909152484
5.37222222222	6.6944618093
5.37777777778	6.6980009230
5.38333333333	6.7015326045
5.38888888889	6.7050568691
5.39444444444	6.7085737318
5.4	6.7120832078
5.40555555556	6.7155853122
5.41111111111	6.7190800600
5.41666666667	6.7225674666
5.42222222222	6.7260475469
5.42777777778	6.7295203161
5.43333333333	6.7329857894
5.43888888889	6.7364439818
5.44444444444	6.7398949085
5.45	6.7433385847
5.45555555556	6.7467750253
5.46111111111	6.7502042456
5.46666666667	6.7536262605
5.47222222222	6.7570410853
5.47777777778	6.7604487351
5.48333333333	6.7638492248
5.48888888889	6.7672425695
5.49444444444	6.7706287845
5.5	6.7740078289
5.50555555556	6.7773777962
5.51111111111	6.7807390641
5.51666666667	6.7840919314
5.52222222222	6.7874366320
5.52777777778	6.7907733480
5.53333333333	6.7941022204
5.53888888889	6.7974233578
5.54444444444	6.8007368442
5.55	6.8040427446
5.55555555556	6.8073411101
5.56111111111	6.8106319820
5.56666666667	6.8139153940
5.57222222222	6.8171913751
5.57777777778	6.8204599510
5.58333333333	6.8237211454
5.58888888889	6.8269749809
5.59444444444	6.8302214793
5.6	6.8334606624
5.60555555556	6.8366925520
5.61111111111	6.8399171701
5.61666666667	6.8431345388
5.62222222222	6.8463446805
5.62777777778	6.8495476177
5.63333333333	6.8527433731
5.63888888889	6.8559319694
5.64444444444	6.8591134295
5.65	6.8622877759
5.65555555556	6.8654550314
5.66111111111	6.8686152185
5.66666666667	6.8717683596
5.67222222222	6.8749144769
5.67777777778	6.8780535925
5.68333333333	6.8811857282
5.68888888889	6.8843109057
5.69444444444	6.8874291465
5.7	6.8905404719
5.70555555556	6.8936449029
5.71111111111	6.8967424606
5.71666666667	6.8998331656
5.72222222222	6.9029170386
5.72777777778	6.9059941000
5.73333333333	6.9090643701
5.73888888889	6.9121278691
5.74444444444	6.9151846170
5.75	6.9182346335
5.75555555556	6.9212779387
5.76111111111	6.9243145519
5.76666666667	6.9273444929
5.77222222222	6.9303677810
5.77777777778	6.9333844355
5.78333333333	6.9363944756
5.78888888889	6.9393979205
5.79444444444	6.9423947891
5.8	6.9453851003
5.80555555556	6.9483688731
5.81111111111	6.9513461260
5.81666666667	6.9543168778
5.82222222222	6.9572811470
5.82777777778	6.9602389520
5.83333333333	6.9631903112
5.83888888889	6.9661352428
5.84444444444	6.9690737652
5.85	6.9720058963
5.85555555556	6.9749316542
5.86111111111	6.9778510569
5.86666666667	6.9807641222
5.87222222222	6.9836708679
5.87777777778	6.9865713117
5.88333333333	6.9894654712
5.88888888889	6.9923533641
5.89444444444	6.9952350076
5.9	6.9981104193
5.90555555556	7.0009796164
5.91111111111	7.0038426162
5.91666666667	7.0066994359
5.92222222222	7.0095500925
5.92777777778	7.0123946031
5.93333333333	7.0152329846
5.93888888889	7.0180652539
5.94444444444	7.0208914277
5.95	7.0237115229
5.95555555556	7.0265255560
5.96111111111	7.0293335438
5.96666666667	7.0321355026
5.97222222222	7.0349314489
5.97777777778	7.0377213992
5.98333333333	7.0405053697
5.98888888889	7.0432833767
5.99444444444	7.0460554364
6.0	7.0488215649
6.00555555556	7.0515817783
6.01111111111	7.0543360925
6.01666666667	7.0570845234
6.02222222222	7.0598270870
6.02777777778	7.0625637990
6.03333333333	7.0652946752
6.03888888889	7.0680197312
6.04444444444	7.0707389826
6.05	7.0734524450
6.05555555556	7.0761601339
6.06111111111	7.0788620646
6.06666666667	7.0815582527
6.07222222222	7.0842487132
6.07777777778	7.0869334616
6.08333333333	7.0896125129
6.08888888889	7.0922858824
6.09444444444	7.0949535850
6.1	7.0976156359
6.10555555556	7.1002720498
6.11111111111	7.1029228418
6.11666666667	7.1055680267
6.12222222222	7.1082076192
6.12777777778	7.1108416340
6.13333333333	7.1134700859
6.13888888889	7.1160929895
6.14444444444	7.1187103592
6.15	7.1213222097
6.15555555556	7.1239285553
6.16111111111	7.1265294104
6.16666666667	7.1291247895
6.17222222222	7.1317147066
6.17777777778	7.1342991762
6.18333333333	7.1368782124
6.18888888889	7.1394518293
6.19444444444	7.1420200409
6.2	7.1445828614
6.20555555556	7.1471403046
6.21111111111	7.1496923845
6.21666666667	7.1522391150
6.22222222222	7.1547805098
6.22777777778	7.1573165828
6.23333333333	7.1598473476
6.23888888889	7.1623728179
6.24444444444	7.1648930074
6.25	7.1674079295
6.25555555556	7.1699175979
6.26111111111	7.1724220260
6.26666666667	7.1749212272
6.27222222222	7.1774152148
6.27777777778	7.1799040023
6.28333333333	7.1823876028
6.28888888889	7.1848660297
6.29444444444	7.1873392960
6.3	7.1898074149
6.30555555556	7.1922703996
6.31111111111	7.1947282630
6.31666666667	7.1971810182
6.32222222222	7.1996286781
6.32777777778	7.2020712555
6.33333333333	7.2045087635
6.33888888889	7.2069412147
6.34444444444	7.2093686219
6.35	7.2117909979
6.35555555556	7.2142083553
6.36111111111	7.2166207068
6.36666666667	7.2190280650
6.37222222222	7.2214304424
6.37777777778	7.2238278515
6.38333333333	7.2262203048
6.38888888889	7.2286078147
6.39444444444	7.2309903935
6.4	7.2333680537
6.40555555556	7.2357408074
6.41111111111	7.2381086670
6.41666666667	7.2404716446
6.42222222222	7.2428297524
6.42777777778	7.2451830025
6.43333333333	7.2475314071
6.43888888889	7.2498749780
6.44444444444	7.2522137274
6.45	7.2545476673
6.45555555556	7.2568768094
6.46111111111	7.2592011657
6.46666666667	7.2615207481
6.47222222222	7.2638355682
6.47777777778	7.2661456380
6.48333333333	7.2684509690
6.48888888889	7.2707515731
6.49444444444	7.2730474617
6.5	7.2753386465
6.50555555556	7.2776251392
6.51111111111	7.2799069511
6.51666666667	7.2821840938
6.52222222222	7.2844565788
6.52777777778	7.2867244173
6.53333333333	7.2889876209
6.53888888889	7.2912462009
6.54444444444	7.2935001684
6.55	7.2957495349
6.55555555556	7.2979943115
6.56111111111	7.3002345094
6.56666666667	7.3024701397
6.57222222222	7.3047012136
6.57777777778	7.3069277421
6.58333333333	7.3091497363
6.58888888889	7.3113672072
6.59444444444	7.3135801657
6.6	7.3157886228
6.60555555556	7.3179925894
6.61111111111	7.3201920763
6.61666666667	7.3223870943
6.62222222222	7.3245776543
6.62777777778	7.3267637670
6.63333333333	7.3289454431
6.63888888889	7.3311226934
6.64444444444	7.3332955284
6.65	7.3354639587
6.65555555556	7.3376279950
6.66111111111	7.3397876479
6.66666666667	7.3419429278
6.67222222222	7.3440938451
6.67777777778	7.3462404105
6.68333333333	7.3483826342
6.68888888889	7.3505205267
6.69444444444	7.3526540982
6.7	7.3547833592
6.70555555556	7.3569083200
6.71111111111	7.3590289906
6.71666666667	7.3611453815
6.72222222222	7.3632575027
6.72777777778	7.3653653645
6.73333333333	7.3674689769
6.73888888889	7.3695683500
6.74444444444	7.3716634940
6.75	7.3737544187
6.75555555556	7.3758411343
6.76111111111	7.3779236507
6.76666666667	7.3800019778
6.77222222222	7.3820761256
6.77777777778	7.3841461039
6.78333333333	7.3862119225
6.78888888889	7.3882735912
6.79444444444	7.3903311199
6.8	7.3923845183
6.80555555556	7.3944337961
6.81111111111	7.3964789631
6.81666666667	7.3985200288
6.82222222222	7.4005570029
6.82777777778	7.4025898950
6.83333333333	7.4046187146
6.83888888889	7.4066434714
6.84444444444	7.4086641749
6.85	7.4106808344
6.85555555556	7.4126934595
6.86111111111	7.4147020597
6.86666666667	7.4167066442
6.87222222222	7.4187072225
6.87777777778	7.4207038039
6.88333333333	7.4226963977
6.88888888889	7.4246850133
6.89444444444	7.4266696598
6.9	7.4286503466
6.90555555556	7.4306270827
6.91111111111	7.4325998774
6.91666666667	7.4345687398
6.92222222222	7.4365336791
6.92777777778	7.4384947043
6.93333333333	7.4404518245
6.93888888889	7.4424050487
6.94444444444	7.4443543860
6.95	7.4462998453
6.95555555556	7.4482414355
6.96111111111	7.4501791657
6.96666666667	7.4521130447
6.97222222222	7.4540430814
6.97777777778	7.4559692846
6.98333333333	7.4578916632
6.98888888889	7.4598102259
6.99444444444	7.4617249816
7.0	7.4636359390
7.00555555556	7.4655431067
7.01111111111	7.4674464935
7.01666666667	7.4693461081
7.02222222222	7.4712419591
7.02777777778	7.4731340551
7.03333333333	7.4750224048
7.03888888889	7.4769070166
7.04444444444	7.4787878991
7.05	7.4806650608
7.05555555556	7.4825385103
7.06111111111	7.4844082560
7.06666666667	7.4862743063
7.07222222222	7.4881366697
7.07777777778	7.4899953545
7.08333333333	7.4918503692
7.08888888889	7.4937017220
7.09444444444	7.4955494212
7.1	7.4973934753
7.10555555556	7.4992338924
7.11111111111	7.5010706808
7.11666666667	7.5029038488
7.12222222222	7.5047334045
7.12777777778	7.5065593560
7.13333333333	7.5083817117
7.13888888889	7.5102004795
7.14444444444	7.5120156676
7.15	7.5138272841
7.15555555556	7.5156353370
7.16111111111	7.5174398344
7.16666666667	7.5192407843
7.17222222222	7.5210381947
7.17777777778	7.5228320736
7.18333333333	7.5246224288
7.18888888889	7.5264092683
7.19444444444	7.5281926001
7.2	7.5299724320
7.20555555556	7.5317487718
7.21111111111	7.5335216275
7.21666666667	7.5352910067
7.22222222222	7.5370569174
7.22777777778	7.5388193671
7.23333333333	7.5405783638
7.23888888889	7.5423339152
7.24444444444	7.5440860288
7.25	7.5458347125
7.25555555556	7.5475799739
7.26111111111	7.5493218205
7.26666666667	7.5510602601
7.27222222222	7.5527953002
7.27777777778	7.5545269484
7.28333333333	7.5562552123
7.28888888889	7.5579800993
7.29444444444	7.5597016170
7.3	7.5614197729
7.30555555556	7.5631345745
7.31111111111	7.5648460291
7.31666666667	7.5665541443
7.32222222222	7.5682589274
7.32777777778	7.5699603858
7.33333333333	7.5716585268
7.33888888889	7.5733533579
7.34444444444	7.5750448864
7.35	7.5767331195
7.35555555556	7.5784180645
7.36111111111	7.5800997287
7.36666666667	7.5817781194
7.37222222222	7.5834532438
7.37777777778	7.5851251090
7.38333333333	7.5867937223
7.38888888889	7.5884590908
7.39444444444	7.5901212216
7.4	7.5917801220
7.40555555556	7.5934357989
7.41111111111	7.5950882596
7.41666666667	7.5967375110
7.42222222222	7.5983835602
7.42777777778	7.6000264142
7.43333333333	7.6016660800
7.43888888889	7.6033025647
7.44444444444	7.6049358752
7.45	7.6065660185
7.45555555556	7.6081930014
7.46111111111	7.6098168309
7.46666666667	7.6114375140
7.47222222222	7.6130550574
7.47777777778	7.6146694681
7.48333333333	7.6162807528
7.48888888889	7.6178889184
7.49444444444	7.6194939717
7.5	7.6210959195
7.50555555556	7.6226947686
7.51111111111	7.6242905257
7.51666666667	7.6258831975
7.52222222222	7.6274727908
7.52777777778	7.6290593122
7.53333333333	7.6306427684
7.53888888889	7.6322231661
7.54444444444	7.6338005119
7.55	7.6353748124
7.55555555556	7.6369460743
7.56111111111	7.6385143042
7.56666666667	7.6400795085
7.57222222222	7.6416416939
7.57777777778	7.6432008670
7.58333333333	7.6447570341
7.58888888889	7.6463102018
7.59444444444	7.6478603767
7.6	7.6494075651
7.60555555556	7.6509517735
7.61111111111	7.6524930083
7.61666666667	7.6540312761
7.62222222222	7.6555665831
7.62777777778	7.6570989357
7.63333333333	7.6586283403
7.63888888889	7.6601548034
7.64444444444	7.6616783310
7.65	7.6631989297
7.65555555556	7.6647166057
7.66111111111	7.6662313653
7.66666666667	7.6677432147
7.67222222222	7.6692521603
7.67777777778	7.6707582081
7.68333333333	7.6722613645
7.68888888889	7.6737616357
7.69444444444	7.6752590277
7.7	7.6767535469
7.70555555556	7.6782451993
7.71111111111	7.6797339911
7.71666666667	7.6812199284
7.72222222222	7.6827030173
7.72777777778	7.6841832639
7.73333333333	7.6856606743
7.73888888889	7.6871352545
7.74444444444	7.6886070106
7.75	7.6900759485
7.75555555556	7.6915420744
7.76111111111	7.6930053941
7.76666666667	7.6944659137
7.77222222222	7.6959236391
7.77777777778	7.6973785763
7.78333333333	7.6988307313
7.78888888889	7.7002801098
7.79444444444	7.7017267179
7.8	7.7031705614
7.80555555556	7.7046116462
7.81111111111	7.7060499781
7.81666666667	7.7074855631
7.82222222222	7.7089184068
7.82777777778	7.7103485152
7.83333333333	7.7117758939
7.83888888889	7.7132005489
7.84444444444	7.7146224859
7.85	7.7160417105
7.85555555556	7.7174582287
7.86111111111	7.7188720460
7.86666666667	7.7202831682
7.87222222222	7.7216916010
7.87777777778	7.7230973500
7.88333333333	7.7245004210
7.88888888889	7.7259008196
7.89444444444	7.7272985513
7.9	7.7286936220
7.90555555556	7.7300860370
7.91111111111	7.7314758021
7.91666666667	7.7328629228
7.92222222222	7.7342474047
7.92777777778	7.7356292534
7.93333333333	7.7370084743
7.93888888889	7.7383850730
7.94444444444	7.7397590550
7.95	7.7411304258
7.95555555556	7.7424991909
7.96111111111	7.7438653558
7.96666666667	7.7452289258
7.97222222222	7.7465899065
7.97777777778	7.7479483033
7.98333333333	7.7493041216
7.98888888889	7.7506573667
7.99444444444	7.7520080441
8.0	7.7533561592
8.00555555556	7.7547017173
8.01111111111	7.7560447237
8.01666666667	7.7573851838
8.02222222222	7.7587231029
8.02777777778	7.7600584863
8.03333333333	7.7613913394
8.03888888889	7.7627216673
8.04444444444	7.7640494753
8.05	7.7653747688
8.05555555556	7.7666975529
8.06111111111	7.7680178329
8.06666666667	7.7693356139
8.07222222222	7.7706509013
8.07777777778	7.7719637001
8.08333333333	7.7732740156
8.08888888889	7.7745818529
8.09444444444	7.7758872172
8.1	7.7771901135
8.10555555556	7.7784905471
8.11111111111	7.7797885231
8.11666666667	7.7810840465
8.12222222222	7.7823771224
8.12777777778	7.7836677559
8.13333333333	7.7849559521
8.13888888889	7.7862417160
8.14444444444	7.7875250527
8.15	7.7888059671
8.15555555556	7.7900844644
8.16111111111	7.7913605494
8.16666666667	7.7926342272
8.17222222222	7.7939055028
8.17777777778	7.7951743811
8.18333333333	7.7964408671
8.18888888889	7.7977049657
8.19444444444	7.7989666818
8.2	7.8002260204
8.20555555556	7.8014829863
8.21111111111	7.8027375846
8.21666666667	7.8039898199
8.22222222222	7.8052396973
8.22777777778	7.8064872215
8.23333333333	7.8077323974
8.23888888889	7.8089752299
8.24444444444	7.8102157237
8.25	7.8114538837
8.25555555556	7.8126897146
8.26111111111	7.8139232213
8.26666666667	7.8151544086
8.27222222222	7.8163832811
8.27777777778	7.8176098437
8.28333333333	7.8188341010
8.28888888889	7.8200560579
8.29444444444	7.8212757190
8.3	7.8224930890
8.30555555556	7.8237081727
8.31111111111	7.8249209747
8.31666666667	7.8261314996
8.32222222222	7.8273397522
8.32777777778	7.8285457371
8.33333333333	7.8297494590
8.33888888889	7.8309509224
8.34444444444	7.8321501320
8.35	7.8333470924
8.35555555556	7.8345418081
8.36111111111	7.8357342839
8.36666666667	7.8369245241
8.37222222222	7.8381125335
8.37777777778	7.8392983165
8.38333333333	7.8404818777
8.38888888889	7.8416632216
8.39444444444	7.8428423528
8.4	7.8440192757
8.40555555556	7.8451939948
8.41111111111	7.8463665147
8.41666666667	7.8475368398
8.42222222222	7.8487049745
8.42777777778	7.8498709234
8.43333333333	7.8510346908
8.43888888889	7.8521962812
8.44444444444	7.8533556991
8.45	7.8545129488
8.45555555556	7.8556680347
8.46111111111	7.8568209613
8.46666666667	7.8579717328
8.47222222222	7.8591203538
8.47777777778	7.8602668285
8.48333333333	7.8614111613
8.48888888889	7.8625533565
8.49444444444	7.8636934184
8.5	7.8648313515
8.50555555556	7.8659671599
8.51111111111	7.8671008481
8.51666666667	7.8682324202
8.52222222222	7.8693618805
8.52777777778	7.8704892334
8.53333333333	7.8716144831
8.53888888889	7.8727376338
8.54444444444	7.8738586898
8.55	7.8749776553
8.55555555556	7.8760945345
8.56111111111	7.8772093317
8.56666666667	7.8783220509
8.57222222222	7.8794326966
8.57777777778	7.8805412727
8.58333333333	7.8816477834
8.58888888889	7.8827522330
8.59444444444	7.8838546256
8.6	7.8849549654
8.60555555556	7.8860532563
8.61111111111	7.8871495027
8.61666666667	7.8882437085
8.62222222222	7.8893358780
8.62777777778	7.8904260151
8.63333333333	7.8915141240
8.63888888889	7.8926002088
8.64444444444	7.8936842734
8.65	7.8947663221
8.65555555556	7.8958463587
8.66111111111	7.8969243874
8.66666666667	7.8980004122
8.67222222222	7.8990744371
8.67777777778	7.9001464660
8.68333333333	7.9012165031
8.68888888889	7.9022845523
8.69444444444	7.9033506175
8.7	7.9044147028
8.70555555556	7.9054768122
8.71111111111	7.9065369494
8.71666666667	7.9075951186
8.72222222222	7.9086513237
8.72777777778	7.9097055685
8.73333333333	7.9107578570
8.73888888889	7.9118081931
8.74444444444	7.9128565807
8.75	7.9139030237
8.75555555556	7.9149475259
8.76111111111	7.9159900914
8.76666666667	7.9170307238
8.77222222222	7.9180694271
8.77777777778	7.9191062051
8.78333333333	7.9201410616
8.78888888889	7.9211740005
8.79444444444	7.9222050257
8.8	7.9232341408
8.80555555556	7.9242613497
8.81111111111	7.9252866563
8.81666666667	7.9263100642
8.82222222222	7.9273315773
8.82777777778	7.9283511994
8.83333333333	7.9293689341
8.83888888889	7.9303847853
8.84444444444	7.9313987567
8.85	7.9324108520
8.85555555556	7.9334210750
8.86111111111	7.9344294293
8.86666666667	7.9354359187
8.87222222222	7.9364405469
8.87777777778	7.9374433176
8.88333333333	7.9384442344
8.88888888889	7.9394433010
8.89444444444	7.9404405212
8.9	7.9414358985
8.90555555556	7.9424294366
8.91111111111	7.9434211391
8.91666666667	7.9444110097
8.92222222222	7.9453990521
8.92777777778	7.9463852697
8.93333333333	7.9473696663
8.93888888889	7.9483522455
8.94444444444	7.9493330107
8.95	7.9503119657
8.95555555556	7.9512891140
8.96111111111	7.9522644591
8.96666666667	7.9532380047
8.97222222222	7.9542097542
8.97777777778	7.9551797113
8.98333333333	7.9561478794
8.98888888889	7.9571142621
8.99444444444	7.9580788630
9.0	7.9590416854
9.00555555556	7.9600027330
9.01111111111	7.9609620092
9.01666666667	7.9619195175
9.02222222222	7.9628752614
9.02777777778	7.9638292444
9.03333333333	7.9647814700
9.03888888889	7.9657319415
9.04444444444	7.9666806625
9.05	7.9676276364
9.05555555556	7.9685728666
9.06111111111	7.9695163566
9.06666666667	7.9704581097
9.07222222222	7.9713981295
9.07777777778	7.9723364192
9.08333333333	7.9732729824
9.08888888889	7.9742078223
9.09444444444	7.9751409424
9.1	7.9760723461
9.10555555556	7.9770020367
9.11111111111	7.9779300175
9.11666666667	7.9788562920
9.12222222222	7.9797808634
9.12777777778	7.9807037352
9.13333333333	7.9816249106
9.13888888889	7.9825443929
9.14444444444	7.9834621856
9.15	7.9843782918
9.15555555556	7.9852927149
9.16111111111	7.9862054583
9.16666666667	7.9871165250
9.17222222222	7.9880259186
9.17777777778	7.9889336422
9.18333333333	7.9898396990
9.18888888889	7.9907440924
9.19444444444	7.9916468256
9.2	7.9925479019
9.20555555556	7.9934473244
9.21111111111	7.9943450964
9.21666666667	7.9952412212
9.22222222222	7.9961357019
9.22777777778	7.9970285418
9.23333333333	7.9979197440
9.23888888889	7.9988093118
9.24444444444	7.9996972484
9.25	8.0005835568
9.25555555556	8.0014682403
9.26111111111	8.0023513021
9.26666666667	8.0032327453
9.27222222222	8.0041125731
9.27777777778	8.0049907886
9.28333333333	8.0058673950
9.28888888889	8.0067423953
9.29444444444	8.0076157927
9.3	8.0084875904
9.30555555556	8.0093577914
9.31111111111	8.0102263989
9.31666666667	8.0110934159
9.32222222222	8.0119588456
9.32777777778	8.0128226909
9.33333333333	8.0136849551
9.33888888889	8.0145456411
9.34444444444	8.0154047521
9.35	8.0162622911
9.35555555556	8.0171182611
9.36111111111	8.0179726652
9.36666666667	8.0188255064
9.37222222222	8.0196767877
9.37777777778	8.0205265123
9.38333333333	8.0213746830
9.38888888889	8.0222213030
9.39444444444	8.0230663752
9.4	8.0239099026
9.40555555556	8.0247518881
9.41111111111	8.0255923349
9.41666666667	8.0264312459
9.42222222222	8.0272686240
9.42777777778	8.0281044722
9.43333333333	8.0289387935
9.43888888889	8.0297715908
9.44444444444	8.0306028671
9.45	8.0314326253
9.45555555556	8.0322608683
9.46111111111	8.0330875991
9.46666666667	8.0339128206
9.47222222222	8.0347365357
9.47777777778	8.0355587474
9.48333333333	8.0363794584
9.48888888889	8.0371986718
9.49444444444	8.0380163904
9.5	8.0388326171
9.50555555556	8.0396473548
9.51111111111	8.0404606063
9.51666666667	8.0412723745
9.52222222222	8.0420826623
9.52777777778	8.0428914726
9.53333333333	8.0436988081
9.53888888889	8.0445046717
9.54444444444	8.0453090662
9.55	8.0461119946
9.55555555556	8.0469134595
9.56111111111	8.0477134639
9.56666666667	8.0485120105
9.57222222222	8.0493091021
9.57777777778	8.0501047416
9.58333333333	8.0508989317
9.58888888889	8.0516916752
9.59444444444	8.0524829750
9.6	8.0532728336
9.60555555556	8.0540612541
9.61111111111	8.0548482390
9.61666666667	8.0556337912
9.62222222222	8.0564179134
9.62777777778	8.0572006084
9.63333333333	8.0579818789
9.63888888889	8.0587617276
9.64444444444	8.0595401573
9.65	8.0603171706
9.65555555556	8.0610927704
9.66111111111	8.0618669593
9.66666666667	8.0626397400
9.67222222222	8.0634111152
9.67777777778	8.0641810877
9.68333333333	8.0649496600
9.68888888889	8.0657168349
9.69444444444	8.0664826151
9.7	8.0672470033
9.70555555556	8.0680100020
9.71111111111	8.0687716140
9.71666666667	8.0695318419
9.72222222222	8.0702906883
9.72777777778	8.0710481560
9.73333333333	8.0718042475
9.73888888889	8.0725589655
9.74444444444	8.0733123125
9.75	8.0740642913
9.75555555556	8.0748149045
9.76111111111	8.0755641546
9.76666666667	8.0763120442
9.77222222222	8.0770585760
9.77777777778	8.0778037525
9.78333333333	8.0785475764
9.78888888889	8.0792900501
9.79444444444	8.0800311764
9.8	8.0807709577
9.80555555556	8.0815093967
9.81111111111	8.0822464958
9.81666666667	8.0829822577
9.82222222222	8.0837166849
9.82777777778	8.0844497799
9.83333333333	8.0851815453
9.83888888889	8.0859119837
9.84444444444	8.0866410974
9.85	8.0873688892
9.85555555556	8.0880953614
9.86111111111	8.0888205166
9.86666666667	8.0895443573
9.87222222222	8.0902668860
9.87777777778	8.0909881052
9.88333333333	8.0917080175
9.88888888889	8.0924266252
9.89444444444	8.0931439308
9.9	8.0938599370
9.90555555556	8.0945746460
9.91111111111	8.0952880604
9.91666666667	8.0960001826
9.92222222222	8.0967110152
9.92777777778	8.0974205604
9.93333333333	8.0981288209
9.93888888889	8.0988357990
9.94444444444	8.0995414972
9.95	8.1002459179
9.95555555556	8.1009490635
9.96111111111	8.1016509364
9.96666666667	8.1023515391
9.97222222222	8.1030508740
9.97777777778	8.1037489434
9.98333333333	8.1044457499
9.98888888889	8.1051412957
9.99444444444	8.1058355832
