0.0	2.9091196405
0.00322580645161	2.9094746555
0.00645161290323	2.9098420507
0.00967741935484	2.9102214190
0.0129032258065	2.9106123943
0.0161290322581	2.9110146286
0.0193548387097	2.9114277914
0.0225806451613	2.9118515684
0.0258064516129	2.9122856607
0.0290322580645	2.9127297844
0.0322580645161	2.9131836697
0.0354838709677	2.9136470601
0.0387096774194	2.9141197119
0.041935483871	2.9146013936
0.0451612903226	2.9150918853
0.0483870967742	2.9155909780
0.0516129032258	2.9160984732
0.0548387096774	2.9166141826
0.058064516129	2.9171379271
0.0612903225806	2.9176695370
0.0645161290323	2.9182088510
0.0677419354839	2.9187557161
0.0709677419355	2.9193099872
0.0741935483871	2.9198715265
0.0774193548387	2.9204402035
0.0806451612903	2.9210158944
0.0838709677419	2.9215984819
0.0870967741935	2.9221878549
0.0903225806452	2.9227839081
0.0935483870968	2.9233865419
0.0967741935484	2.9239956619
0.1	2.9246111790
0.103225806452	2.9252330089
0.106451612903	2.9258610717
0.109677419355	2.9264952924
0.112903225806	2.9271355999
0.116129032258	2.9277819271
0.11935483871	2.9284342110
0.122580645161	2.9290923921
0.125806451613	2.9297564145
0.129032258065	2.9304262256
0.132258064516	2.9311017760
0.135483870968	2.9317830195
0.138709677419	2.9324699126
0.141935483871	2.9331624149
0.145161290323	2.9338604883
0.148387096774	2.9345640977
0.151612903226	2.9352732100
0.154838709677	2.9359877947
0.158064516129	2.9367078236
0.161290322581	2.9374332704
0.164516129032	2.9381641111
0.167741935484	2.9389003236
0.170967741935	2.9396418874
0.174193548387	2.9403887842
0.177419354839	2.9411409973
0.18064516129	2.9418985115
0.183870967742	2.9426613133
0.187096774194	2.9434293908
0.190322580645	2.9442027333
0.193548387097	2.9449813318
0.196774193548	2.9457651784
0.2	2.9465542667
0.203225806452	2.9473485913
0.206451612903	2.9481481481
0.209677419355	2.9489529341
0.212903225806	2.9497629475
0.216129032258	2.9505781874
0.21935483871	2.9513986539
0.222580645161	2.9522243482
0.225806451613	2.9530552723
0.229032258065	2.9538914292
0.232258064516	2.9547328226
0.235483870968	2.9555794572
0.238709677419	2.9564313383
0.241935483871	2.9572884722
0.245161290323	2.9581508657
0.248387096774	2.9590185265
0.251612903226	2.9598914628
0.254838709677	2.9607696836
0.258064516129	2.9616531983
0.261290322581	2.9625420173
0.264516129032	2.9634361512
0.267741935484	2.9643356113
0.270967741935	2.9652404095
0.274193548387	2.9661505583
0.277419354839	2.9670660703
0.28064516129	2.9679869591
0.283870967742	2.9689132384
0.287096774194	2.9698449225
0.290322580645	2.9707820261
0.293548387097	2.9717245644
0.296774193548	2.9726725528
0.3	2.9736260074
0.303225806452	2.9745849443
0.306451612903	2.9755493803
0.309677419355	2.9765193323
0.312903225806	2.9774948178
0.316129032258	2.9784758543
0.31935483871	2.9794624598
0.322580645161	2.9804546528
0.325806451613	2.9814524516
0.329032258065	2.9824558752
0.332258064516	2.9834649427
0.335483870968	2.9844796735
0.338709677419	2.9855000873
0.341935483871	2.9865262039
0.345161290323	2.9875580435
0.348387096774	2.9885956264
0.351612903226	2.9896389732
0.354838709677	2.9906881046
0.358064516129	2.9917430418
0.361290322581	2.9928038057
0.364516129032	2.9938704178
0.367741935484	2.9949428997
0.370967741935	2.9960212730
0.374193548387	2.9971055598
0.377419354839	2.9981957819
0.38064516129	2.9992919616
0.383870967742	3.0003941213
0.387096774194	3.0015022834
0.390322580645	3.0026164706
0.393548387097	3.0037367057
0.396774193548	3.0048630115
0.4	3.0059954110
0.403225806452	3.0071339274
0.406451612903	3.0082785838
0.409677419355	3.0094294037
0.412903225806	3.0105864104
0.416129032258	3.0117496275
0.41935483871	3.0129190785
0.422580645161	3.0140947872
0.425806451613	3.0152767773
0.429032258065	3.0164650727
0.432258064516	3.0176596973
0.435483870968	3.0188606751
0.438709677419	3.0200680301
0.441935483871	3.0212817863
0.445161290323	3.0225019681
0.448387096774	3.0237285995
0.451612903226	3.0249617047
0.454838709677	3.0262013082
0.458064516129	3.0274474341
0.461290322581	3.0287001068
0.464516129032	3.0299593507
0.467741935484	3.0312251902
0.470967741935	3.0324976497
0.474193548387	3.0337767537
0.477419354839	3.0350625264
0.48064516129	3.0363549925
0.483870967742	3.0376541763
0.487096774194	3.0389601024
0.490322580645	3.0402727950
0.493548387097	3.0415922788
0.496774193548	3.0429185780
0.5	3.0442517172
0.503225806452	3.0455917206
0.506451612903	3.0469386127
0.509677419355	3.0482924179
0.512903225806	3.0496531604
0.516129032258	3.0510208644
0.51935483871	3.0523955544
0.522580645161	3.0537772543
0.525806451613	3.0551659885
0.529032258065	3.0565617810
0.532258064516	3.0579646559
0.535483870968	3.0593746372
0.538709677419	3.0607917489
0.541935483871	3.0622160148
0.545161290323	3.0636474587
0.548387096774	3.0650861045
0.551612903226	3.0665319757
0.554838709677	3.0679850962
0.558064516129	3.0694454892
0.561290322581	3.0709131784
0.564516129032	3.0723881871
0.567741935484	3.0738705386
0.570967741935	3.0753602560
0.574193548387	3.0768573626
0.577419354839	3.0783618812
0.58064516129	3.0798738348
0.583870967742	3.0813932462
0.587096774194	3.0829201381
0.590322580645	3.0844545330
0.593548387097	3.0859964536
0.596774193548	3.0875459220
0.6	3.0891029606
0.603225806452	3.0906675914
0.606451612903	3.0922398366
0.609677419355	3.0938197178
0.612903225806	3.0954072570
0.616129032258	3.0970024756
0.61935483871	3.0986053952
0.622580645161	3.1002160371
0.625806451613	3.1018344224
0.629032258065	3.1034605722
0.632258064516	3.1050945074
0.635483870968	3.1067362488
0.638709677419	3.1083858169
0.641935483871	3.1100432322
0.645161290323	3.1117085150
0.648387096774	3.1133816853
0.651612903226	3.1150627632
0.654838709677	3.1167517683
0.658064516129	3.1184487204
0.661290322581	3.1201536388
0.664516129032	3.1218665429
0.667741935484	3.1235874517
0.670967741935	3.1253163842
0.674193548387	3.1270533590
0.677419354839	3.1287983948
0.68064516129	3.1305515100
0.683870967742	3.1323127225
0.687096774194	3.1340820506
0.690322580645	3.1358595120
0.693548387097	3.1376451242
0.696774193548	3.1394389047
0.7	3.1412408706
0.703225806452	3.1430510391
0.706451612903	3.1448694268
0.709677419355	3.1466960505
0.712903225806	3.1485309264
0.716129032258	3.1503740708
0.71935483871	3.1522254996
0.722580645161	3.1540852287
0.725806451613	3.1559532735
0.729032258065	3.1578296493
0.732258064516	3.1597143714
0.735483870968	3.1616074546
0.738709677419	3.1635089136
0.741935483871	3.1654187629
0.745161290323	3.1673370166
0.748387096774	3.1692636889
0.751612903226	3.1711987934
0.754838709677	3.1731423439
0.758064516129	3.1750943535
0.761290322581	3.1770548355
0.764516129032	3.1790238027
0.767741935484	3.1810012678
0.770967741935	3.1829872431
0.774193548387	3.1849817409
0.777419354839	3.1869847732
0.78064516129	3.1889963517
0.783870967742	3.1910164878
0.787096774194	3.1930451929
0.790322580645	3.1950824779
0.793548387097	3.1971283537
0.796774193548	3.1991828309
0.8	3.2012459197
0.803225806452	3.2033176302
0.806451612903	3.2053979723
0.809677419355	3.2074869556
0.812903225806	3.2095845895
0.816129032258	3.2116908832
0.81935483871	3.2138058455
0.822580645161	3.2159294851
0.825806451613	3.2180618105
0.829032258065	3.2202028299
0.832258064516	3.2223525512
0.835483870968	3.2245109822
0.838709677419	3.2266781303
0.841935483871	3.2288540030
0.845161290323	3.2310386071
0.848387096774	3.2332319495
0.851612903226	3.2354340367
0.854838709677	3.2376448752
0.858064516129	3.2398644710
0.861290322581	3.2420928300
0.864516129032	3.2443299578
0.867741935484	3.2465758599
0.870967741935	3.2488305415
0.874193548387	3.2510940075
0.877419354839	3.2533662628
0.88064516129	3.2556473117
0.883870967742	3.2579371587
0.887096774194	3.2602358077
0.890322580645	3.2625432628
0.893548387097	3.2648595274
0.896774193548	3.2671846051
0.9	3.2695184990
0.903225806452	3.2718612122
0.906451612903	3.2742127474
0.909677419355	3.2765731072
0.912903225806	3.2789422939
0.916129032258	3.2813203097
0.91935483871	3.2837071566
0.922580645161	3.2861028363
0.925806451613	3.2885073503
0.929032258065	3.2909207000
0.932258064516	3.2933428865
0.935483870968	3.2957739107
0.938709677419	3.2982137734
0.941935483871	3.3006624750
0.945161290323	3.3031200160
0.948387096774	3.3055863966
0.951612903226	3.3080616166
0.954838709677	3.3105456758
0.958064516129	3.3130385739
0.961290322581	3.3155403103
0.964516129032	3.3180508841
0.967741935484	3.3205702944
0.970967741935	3.3230985401
0.974193548387	3.3256356198
0.977419354839	3.3281815321
0.98064516129	3.3307362753
0.983870967742	3.3332998475
0.987096774194	3.3358722468
0.990322580645	3.3384534709
0.993548387097	3.3410435175
0.996774193548	3.3436423841
1.0	3.3462500680
1.00322580645	3.3488665664
1.0064516129	3.3514918762
1.00967741935	3.3541259944
1.01290322581	3.3567689175
1.01612903226	3.3594206422
1.01935483871	3.3620811647
1.02258064516	3.3647504813
1.02580645161	3.3674285880
1.02903225806	3.3701154809
1.03225806452	3.3728111555
1.03548387097	3.3755156076
1.03870967742	3.3782288327
1.04193548387	3.3809508259
1.04516129032	3.3836815826
1.04838709677	3.3864210978
1.05161290323	3.3891693663
1.05483870968	3.3919263830
1.05806451613	3.3946921423
1.06129032258	3.3974666389
1.06451612903	3.4002498671
1.06774193548	3.4030418210
1.07096774194	3.4058424948
1.07419354839	3.4086518823
1.07741935484	3.4114699774
1.08064516129	3.4142967737
1.08387096774	3.4171322648
1.08709677419	3.4199764440
1.09032258065	3.4228293048
1.0935483871	3.4256908401
1.09677419355	3.4285610430
1.1	3.4314399064
1.10322580645	3.4343274230
1.1064516129	3.4372235854
1.10967741935	3.4401283863
1.11290322581	3.4430418178
1.11612903226	3.4459638723
1.11935483871	3.4488945418
1.12258064516	3.4518338184
1.12580645161	3.4547816938
1.12903225806	3.4577381599
1.13225806452	3.4607032082
1.13548387097	3.4636768301
1.13870967742	3.4666590170
1.14193548387	3.4696497602
1.14516129032	3.4726490506
1.14838709677	3.4756568793
1.15161290323	3.4786732370
1.15483870968	3.4816981145
1.15806451613	3.4847315023
1.16129032258	3.4877733908
1.16451612903	3.4908237704
1.16774193548	3.4938826311
1.17096774194	3.4969499631
1.17419354839	3.5000257562
1.17741935484	3.5031100002
1.18064516129	3.5062026847
1.18387096774	3.5093037992
1.18709677419	3.5124133331
1.19032258065	3.5155312756
1.1935483871	3.5186576157
1.19677419355	3.5217923425
1.2	3.5249354447
1.20322580645	3.5280869110
1.2064516129	3.5312467300
1.20967741935	3.5344148899
1.21290322581	3.5375913791
1.21612903226	3.5407761857
1.21935483871	3.5439692976
1.22258064516	3.5471707026
1.22580645161	3.5503803884
1.22903225806	3.5535983425
1.23225806452	3.5568245523
1.23548387097	3.5600590050
1.23870967742	3.5633016877
1.24193548387	3.5665525873
1.24516129032	3.5698116906
1.24838709677	3.5730789841
1.25161290323	3.5763544545
1.25483870968	3.5796380879
1.25806451613	3.5829298706
1.26129032258	3.5862297885
1.26451612903	3.5895378275
1.26774193548	3.5928539733
1.27096774194	3.5961782115
1.27419354839	3.5995105273
1.27741935484	3.6028509061
1.28064516129	3.6061993328
1.28387096774	3.6095557924
1.28709677419	3.6129202696
1.29032258065	3.6162927491
1.2935483871	3.6196732151
1.29677419355	3.6230616520
1.3	3.6264580438
1.30322580645	3.6298623745
1.3064516129	3.6332746278
1.30967741935	3.6366947873
1.31290322581	3.6401228364
1.31612903226	3.6435587585
1.31935483871	3.6470025366
1.32258064516	3.6504541536
1.32580645161	3.6539135924
1.32903225806	3.6573808354
1.33225806452	3.6608558653
1.33548387097	3.6643386641
1.33870967742	3.6678292140
1.34193548387	3.6713274970
1.34516129032	3.6748334948
1.34838709677	3.6783471890
1.35161290323	3.6818685611
1.35483870968	3.6853975923
1.35806451613	3.6889342637
1.36129032258	3.6924785563
1.36451612903	3.6960304508
1.36774193548	3.6995899279
1.37096774194	3.7031569679
1.37419354839	3.7067315512
1.37741935484	3.7103136579
1.38064516129	3.7139032679
1.38387096774	3.7175003609
1.38709677419	3.7211049167
1.39032258065	3.7247169147
1.3935483871	3.7283363342
1.39677419355	3.7319631543
1.4	3.7355973540
1.40322580645	3.7392389121
1.4064516129	3.7428878073
1.40967741935	3.7465440181
1.41290322581	3.7502075228
1.41612903226	3.7538782996
1.41935483871	3.7575563266
1.42258064516	3.7612415816
1.42580645161	3.7649340424
1.42903225806	3.7686336866
1.43225806452	3.7723404915
1.43548387097	3.7760544344
1.43870967742	3.7797754925
1.44193548387	3.7835036428
1.44516129032	3.7872388621
1.44838709677	3.7909811270
1.45161290323	3.7947304141
1.45483870968	3.7984866999
1.45806451613	3.8022499606
1.46129032258	3.8060201722
1.46451612903	3.8097973109
1.46774193548	3.8135813524
1.47096774194	3.8173722724
1.47419354839	3.8211700465
1.47741935484	3.8249746502
1.48064516129	3.8287860587
1.48387096774	3.8326042473
1.48709677419	3.8364291909
1.49032258065	3.8402608646
1.4935483871	3.8440992431
1.49677419355	3.8479443010
1.5	3.8517960130
1.50322580645	3.8556543535
1.5064516129	3.8595192967
1.50967741935	3.8633908168
1.51290322581	3.8672688880
1.51612903226	3.8711534842
1.51935483871	3.8750445792
1.52258064516	3.8789421467
1.52580645161	3.8828461605
1.52903225806	3.8867565939
1.53225806452	3.8906734204
1.53548387097	3.8945966134
1.53870967742	3.8985261459
1.54193548387	3.9024619911
1.54516129032	3.9064041220
1.54838709677	3.9103525115
1.55161290323	3.9143071323
1.55483870968	3.9182679572
1.55806451613	3.9222349588
1.56129032258	3.9262081096
1.56451612903	3.9301873819
1.56774193548	3.9341727483
1.57096774194	3.9381641808
1.57419354839	3.9421616516
1.57741935484	3.9461651329
1.58064516129	3.9501745966
1.58387096774	3.9541900146
1.58709677419	3.9582113587
1.59032258065	3.9622386007
1.5935483871	3.9662717123
1.59677419355	3.9703106650
1.6	3.9743554305
1.60322580645	3.9784059801
1.6064516129	3.9824622852
1.60967741935	3.9865243171
1.61290322581	3.9905920471
1.61612903226	3.9946654464
1.61935483871	3.9987444860
1.62258064516	4.0028291371
1.62580645161	4.0069193705
1.62903225806	4.0110151574
1.63225806452	4.0151164684
1.63548387097	4.0192232745
1.63870967742	4.0233355463
1.64193548387	4.0274532547
1.64516129032	4.0315763702
1.64838709677	4.0357048635
1.65161290323	4.0398387050
1.65483870968	4.0439778654
1.65806451613	4.0481223150
1.66129032258	4.0522720243
1.66451612903	4.0564269636
1.66774193548	4.0605871033
1.67096774194	4.0647524136
1.67419354839	4.0689228648
1.67741935484	4.0730984271
1.68064516129	4.0772790707
1.68387096774	4.0814647656
1.68709677419	4.0856554821
1.69032258065	4.0898511900
1.6935483871	4.0940518596
1.69677419355	4.0982574607
1.7	4.1024679633
1.70322580645	4.1066833374
1.7064516129	4.1109035529
1.70967741935	4.1151285796
1.71290322581	4.1193583875
1.71612903226	4.1235929464
1.71935483871	4.1278322260
1.72258064516	4.1320761962
1.72580645161	4.1363248268
1.72903225806	4.1405780874
1.73225806452	4.1448359479
1.73548387097	4.1490983779
1.73870967742	4.1533653472
1.74193548387	4.1576368255
1.74516129032	4.1619127823
1.74838709677	4.1661931874
1.75161290323	4.1704780105
1.75483870968	4.1747672211
1.75806451613	4.1790607889
1.76129032258	4.1833586836
1.76451612903	4.1876608746
1.76774193548	4.1919673317
1.77096774194	4.1962780244
1.77419354839	4.2005929224
1.77741935484	4.2049119951
1.78064516129	4.2092352123
1.78387096774	4.2135625435
1.78709677419	4.2178939582
1.79032258065	4.2222294262
1.7935483871	4.2265689169
1.79677419355	4.2309123999
1.8	4.2352598449
1.80322580645	4.2396112214
1.8064516129	4.2439664990
1.80967741935	4.2483256474
1.81290322581	4.2526886362
1.81612903226	4.2570554349
1.81935483871	4.2614260131
1.82258064516	4.2658003406
1.82580645161	4.2701783870
1.82903225806	4.2745601219
1.83225806452	4.2789455149
1.83548387097	4.2833345358
1.83870967742	4.2877271543
1.84193548387	4.2921233400
1.84516129032	4.2965230626
1.84838709677	4.3009262919
1.85161290323	4.3053329976
1.85483870968	4.3097431495
1.85806451613	4.3141567173
1.86129032258	4.3185736709
1.86451612903	4.3229939800
1.86774193548	4.3274176145
1.87096774194	4.3318445442
1.87419354839	4.3362747390
1.87741935484	4.3407081688
1.88064516129	4.3451448034
1.88387096774	4.3495846129
1.88709677419	4.3540275671
1.89032258065	4.3584736361
1.8935483871	4.3629227898
1.89677419355	4.3673749982
1.9	4.3718302315
1.90322580645	4.3762884597
1.9064516129	4.3807496528
1.90967741935	4.3852137810
1.91290322581	4.3896808145
1.91612903226	4.3941507235
1.91935483871	4.3986234780
1.92258064516	4.4030990485
1.92580645161	4.4075774051
1.92903225806	4.4120585182
1.93225806452	4.4165423580
1.93548387097	4.4210288950
1.93870967742	4.4255180995
1.94193548387	4.4300099420
1.94516129032	4.4345043929
1.94838709677	4.4390014226
1.95161290323	4.4435010018
1.95483870968	4.4480031010
1.95806451613	4.4525076907
1.96129032258	4.4570147416
1.96451612903	4.4615242244
1.96774193548	4.4660361097
1.97096774194	4.4705503684
1.97419354839	4.4750669711
1.97741935484	4.4795858886
1.98064516129	4.4841070919
1.98387096774	4.4886305519
1.98709677419	4.4931562393
1.99032258065	4.4976841253
1.9935483871	4.5022141808
1.99677419355	4.5067463769
2.0	4.5112806847
2.00322580645	4.5158170752
2.0064516129	4.5203555197
2.00967741935	4.5248959894
2.01290322581	4.5294384555
2.01612903226	4.5339828894
2.01935483871	4.5385292624
2.02258064516	4.5430775459
2.02580645161	4.5476277113
2.02903225806	4.5521797301
2.03225806452	4.5567335738
2.03548387097	4.5612892141
2.03870967742	4.5658466225
2.04193548387	4.5704057706
2.04516129032	4.5749666304
2.04838709677	4.5795291733
2.05161290323	4.5840933714
2.05483870968	4.5886591964
2.05806451613	4.5932266203
2.06129032258	4.5977956151
2.06451612903	4.6023661526
2.06774193548	4.6069382051
2.07096774194	4.6115117445
2.07419354839	4.6160867431
2.07741935484	4.6206631732
2.08064516129	4.6252410068
2.08387096774	4.6298202165
2.08709677419	4.6344007744
2.09032258065	4.6389826532
2.0935483871	4.6435658252
2.09677419355	4.6481502630
2.1	4.6527359391
2.10322580645	4.6573228263
2.1064516129	4.6619108972
2.10967741935	4.6665001246
2.11290322581	4.6710904812
2.11612903226	4.6756819400
2.11935483871	4.6802744738
2.12258064516	4.6848680557
2.12580645161	4.6894626586
2.12903225806	4.6940582558
2.13225806452	4.6986548203
2.13548387097	4.7032523253
2.13870967742	4.7078507441
2.14193548387	4.7124500501
2.14516129032	4.7170502167
2.14838709677	4.7216512172
2.15161290323	4.7262530252
2.15483870968	4.7308556142
2.15806451613	4.7354589580
2.16129032258	4.7400630302
2.16451612903	4.7446678045
2.16774193548	4.7492732548
2.17096774194	4.7538793549
2.17419354839	4.7584860788
2.17741935484	4.7630934004
2.18064516129	4.7677012939
2.18387096774	4.7723097335
2.18709677419	4.7769186931
2.19032258065	4.7815281472
2.1935483871	4.7861380701
2.19677419355	4.7907484361
2.2	4.7953592197
2.20322580645	4.7999703954
2.2064516129	4.8045819378
2.20967741935	4.8091938215
2.21290322581	4.8138060213
2.21612903226	4.8184185119
2.21935483871	4.8230312682
2.22258064516	4.8276442651
2.22580645161	4.8322574775
2.22903225806	4.8368708806
2.23225806452	4.8414844494
2.23548387097	4.8460981591
2.23870967742	4.8507119849
2.24193548387	4.8553259023
2.24516129032	4.8599398865
2.24838709677	4.8645539130
2.25161290323	4.8691679574
2.25483870968	4.8737819953
2.25806451613	4.8783960022
2.26129032258	4.8830099540
2.26451612903	4.8876238264
2.26774193548	4.8922375953
2.27096774194	4.8968512367
2.27419354839	4.9014647265
2.27741935484	4.9060780409
2.28064516129	4.9106911560
2.28387096774	4.9153040480
2.28709677419	4.9199166932
2.29032258065	4.9245290680
2.2935483871	4.9291411489
2.29677419355	4.9337529123
2.3	4.9383643348
2.30322580645	4.9429753930
2.3064516129	4.9475860638
2.30967741935	4.9521963238
2.31290322581	4.9568061500
2.31612903226	4.9614155194
2.31935483871	4.9660244088
2.32258064516	4.9706327955
2.32580645161	4.9752406565
2.32903225806	4.9798479691
2.33225806452	4.9844547107
2.33548387097	4.9890608585
2.33870967742	4.9936663901
2.34193548387	4.9982712830
2.34516129032	5.0028755147
2.34838709677	5.0074790630
2.35161290323	5.0120819056
2.35483870968	5.0166840204
2.35806451613	5.0212853852
2.36129032258	5.0258859779
2.36451612903	5.0304857767
2.36774193548	5.0350847597
2.37096774194	5.0396829051
2.37419354839	5.0442801911
2.37741935484	5.0488765961
2.38064516129	5.0534720984
2.38387096774	5.0580666767
2.38709677419	5.0626603095
2.39032258065	5.0672529753
2.3935483871	5.0718446530
2.39677419355	5.0764353213
2.4	5.0810249592
2.40322580645	5.0856135454
2.4064516129	5.0902010592
2.40967741935	5.0947874795
2.41290322581	5.0993727856
2.41612903226	5.1039569566
2.41935483871	5.1085399720
2.42258064516	5.1131218110
2.42580645161	5.1177024533
2.42903225806	5.1222818783
2.43225806452	5.1268600657
2.43548387097	5.1314369952
2.43870967742	5.1360126465
2.44193548387	5.1405869995
2.44516129032	5.1451600342
2.44838709677	5.1497317305
2.45161290323	5.1543020685
2.45483870968	5.1588710284
2.45806451613	5.1634385905
2.46129032258	5.1680047350
2.46451612903	5.1725694423
2.46774193548	5.1771326929
2.47096774194	5.1816944673
2.47419354839	5.1862547461
2.47741935484	5.1908135101
2.48064516129	5.1953707400
2.48387096774	5.1999264166
2.48709677419	5.2044805209
2.49032258065	5.2090330339
2.4935483871	5.2135839366
2.49677419355	5.2181332102
2.5	5.2226808358
2.50322580645	5.2272267949
2.5064516129	5.2317710688
2.50967741935	5.2363136389
2.51290322581	5.2408544867
2.51612903226	5.2453935939
2.51935483871	5.2499309422
2.52258064516	5.2544665133
2.52580645161	5.2590002890
2.52903225806	5.2635322512
2.53225806452	5.2680623820
2.53548387097	5.2725906634
2.53870967742	5.2771170775
2.54193548387	5.2816416065
2.54516129032	5.2861642327
2.54838709677	5.2906849385
2.55161290323	5.2952037064
2.55483870968	5.2997205188
2.55806451613	5.3042353582
2.56129032258	5.3087482075
2.56451612903	5.3132590493
2.56774193548	5.3177678665
2.57096774194	5.3222746419
2.57419354839	5.3267793585
2.57741935484	5.3312819993
2.58064516129	5.3357825475
2.58387096774	5.3402809862
2.58709677419	5.3447772987
2.59032258065	5.3492714684
2.5935483871	5.3537634787
2.59677419355	5.3582533130
2.6	5.3627409550
2.60322580645	5.3672263882
2.6064516129	5.3717095964
2.60967741935	5.3761905634
2.61290322581	5.3806692731
2.61612903226	5.3851457093
2.61935483871	5.3896198560
2.62258064516	5.3940916975
2.62580645161	5.3985612178
2.62903225806	5.4030284012
2.63225806452	5.4074932319
2.63548387097	5.4119556945
2.63870967742	5.4164157732
2.64193548387	5.4208734527
2.64516129032	5.4253287175
2.64838709677	5.4297815524
2.65161290323	5.4342319421
2.65483870968	5.4386798714
2.65806451613	5.4431253251
2.66129032258	5.4475682884
2.66451612903	5.4520087462
2.66774193548	5.4564466836
2.67096774194	5.4608820859
2.67419354839	5.4653149383
2.67741935484	5.4697452261
2.68064516129	5.4741729347
2.68387096774	5.4785980497
2.68709677419	5.4830205565
2.69032258065	5.4874404408
2.6935483871	5.4918576883
2.69677419355	5.4962722848
2.7	5.5006842161
2.70322580645	5.5050934681
2.7064516129	5.5095000269
2.70967741935	5.5139038784
2.71290322581	5.5183050088
2.71612903226	5.5227034043
2.71935483871	5.5270990511
2.72258064516	5.5314919357
2.72580645161	5.5358820444
2.72903225806	5.5402693637
2.73225806452	5.5446538801
2.73548387097	5.5490355804
2.73870967742	5.5534144511
2.74193548387	5.5577904791
2.74516129032	5.5621636512
2.74838709677	5.5665339543
2.75161290323	5.5709013754
2.75483870968	5.5752659015
2.75806451613	5.5796275197
2.76129032258	5.5839862173
2.76451612903	5.5883419815
2.76774193548	5.5926947996
2.77096774194	5.5970446590
2.77419354839	5.6013915471
2.77741935484	5.6057354516
2.78064516129	5.6100763601
2.78387096774	5.6144142601
2.78709677419	5.6187491394
2.79032258065	5.6230809859
2.7935483871	5.6274097874
2.79677419355	5.6317355319
2.8	5.6360582074
2.80322580645	5.6403778019
2.8064516129	5.6446943036
2.80967741935	5.6490077008
2.81290322581	5.6533179817
2.81612903226	5.6576251347
2.81935483871	5.6619291482
2.82258064516	5.6662300107
2.82580645161	5.6705277107
2.82903225806	5.6748222369
2.83225806452	5.6791135779
2.83548387097	5.6834017226
2.83870967742	5.6876866596
2.84193548387	5.6919683780
2.84516129032	5.6962468667
2.84838709677	5.7005221147
2.85161290323	5.7047941111
2.85483870968	5.7090628450
2.85806451613	5.7133283057
2.86129032258	5.7175904824
2.86451612903	5.7218493645
2.86774193548	5.7261049414
2.87096774194	5.7303572026
2.87419354839	5.7346061376
2.87741935484	5.7388517361
2.88064516129	5.7430939877
2.88387096774	5.7473328821
2.88709677419	5.7515684092
2.89032258065	5.7558005588
2.8935483871	5.7600293209
2.89677419355	5.7642546854
2.9	5.7684766425
2.90322580645	5.7726951822
2.9064516129	5.7769102947
2.90967741935	5.7811219702
2.91290322581	5.7853301992
2.91612903226	5.7895349719
2.91935483871	5.7937362788
2.92258064516	5.7979341104
2.92580645161	5.8021284572
2.92903225806	5.8063193100
2.93225806452	5.8105066593
2.93548387097	5.8146904959
2.93870967742	5.8188708107
2.94193548387	5.8230475944
2.94516129032	5.8272208381
2.94838709677	5.8313905328
2.95161290323	5.8355566694
2.95483870968	5.8397192392
2.95806451613	5.8438782332
2.96129032258	5.8480336428
2.96451612903	5.8521854592
2.96774193548	5.8563336738
2.97096774194	5.8604782780
2.97419354839	5.8646192634
2.97741935484	5.8687566213
2.98064516129	5.8728903435
2.98387096774	5.8770204217
2.98709677419	5.8811468474
2.99032258065	5.8852696125
2.9935483871	5.8893887089
2.99677419355	5.8935041284
3.0	5.8976158631
3.00322580645	5.9017239048
3.0064516129	5.9058282457
3.00967741935	5.9099288780
3.01290322581	5.9140257937
3.01612903226	5.9181189853
3.01935483871	5.9222084449
3.02258064516	5.9262941649
3.02580645161	5.9303761378
3.02903225806	5.9344543560
3.03225806452	5.9385288121
3.03548387097	5.9425994986
3.03870967742	5.9466664083
3.04193548387	5.9507295338
3.04516129032	5.9547888679
3.04838709677	5.9588444033
3.05161290323	5.9628961331
3.05483870968	5.9669440501
3.05806451613	5.9709881473
3.06129032258	5.9750284177
3.06451612903	5.9790648545
3.06774193548	5.9830974508
3.07096774194	5.9871261998
3.07419354839	5.9911510948
3.07741935484	5.9951721291
3.08064516129	5.9991892961
3.08387096774	6.0032025892
3.08709677419	6.0072120019
3.09032258065	6.0112175277
3.0935483871	6.0152191602
3.09677419355	6.0192168931
3.1	6.0232107201
3.10322580645	6.0272006349
3.1064516129	6.0311866313
3.10967741935	6.0351687033
3.11290322581	6.0391468446
3.11612903226	6.0431210493
3.11935483871	6.0470913114
3.12258064516	6.0510576250
3.12580645161	6.0550199842
3.12903225806	6.0589783832
3.13225806452	6.0629328162
3.13548387097	6.0668832774
3.13870967742	6.0708297613
3.14193548387	6.0747722622
3.14516129032	6.0787107745
3.14838709677	6.0826452927
3.15161290323	6.0865758114
3.15483870968	6.0905023252
3.15806451613	6.0944248287
3.16129032258	6.0983433165
3.16451612903	6.1022577835
3.16774193548	6.1061682245
3.17096774194	6.1100746342
3.17419354839	6.1139770075
3.17741935484	6.1178753395
3.18064516129	6.1217696251
3.18387096774	6.1256598593
3.18709677419	6.1295460372
3.19032258065	6.1334281540
3.1935483871	6.1373062049
3.19677419355	6.1411801851
3.2	6.1450500899
3.20322580645	6.1489159146
3.2064516129	6.1527776546
3.20967741935	6.1566353053
3.21290322581	6.1604888623
3.21612903226	6.1643383211
3.21935483871	6.1681836771
3.22258064516	6.1720249262
3.22580645161	6.1758620638
3.22903225806	6.1796950858
3.23225806452	6.1835239879
3.23548387097	6.1873487660
3.23870967742	6.1911694158
3.24193548387	6.1949859333
3.24516129032	6.1987983145
3.24838709677	6.2026065553
3.25161290323	6.2064106518
3.25483870968	6.2102106001
3.25806451613	6.2140063963
3.26129032258	6.2177980367
3.26451612903	6.2215855173
3.26774193548	6.2253688346
3.27096774194	6.2291479848
3.27419354839	6.2329229643
3.27741935484	6.2366937695
3.28064516129	6.2404603969
3.28387096774	6.2442228429
3.28709677419	6.2479811042
3.29032258065	6.2517351772
3.2935483871	6.2554850587
3.29677419355	6.2592307452
3.3	6.2629722336
3.30322580645	6.2667095206
3.3064516129	6.2704426030
3.30967741935	6.2741714776
3.31290322581	6.2778961413
3.31612903226	6.2816165912
3.31935483871	6.2853328241
3.32258064516	6.2890448370
3.32580645161	6.2927526272
3.32903225806	6.2964561916
3.33225806452	6.3001555273
3.33548387097	6.3038506317
3.33870967742	6.3075415020
3.34193548387	6.3112281353
3.34516129032	6.3149105291
3.34838709677	6.3185886806
3.35161290323	6.3222625874
3.35483870968	6.3259322468
3.35806451613	6.3295976563
3.36129032258	6.3332588135
3.36451612903	6.3369157159
3.36774193548	6.3405683611
3.37096774194	6.3442167467
3.37419354839	6.3478608705
3.37741935484	6.3515007302
3.38064516129	6.3551363236
3.38387096774	6.3587676484
3.38709677419	6.3623947025
3.39032258065	6.3660174839
3.3935483871	6.3696359903
3.39677419355	6.3732502199
3.4	6.3768601705
3.40322580645	6.3804658403
3.4064516129	6.3840672273
3.40967741935	6.3876643296
3.41290322581	6.3912571455
3.41612903226	6.3948456731
3.41935483871	6.3984299106
3.42258064516	6.4020098564
3.42580645161	6.4055855087
3.42903225806	6.4091568659
3.43225806452	6.4127239264
3.43548387097	6.4162866886
3.43870967742	6.4198451510
3.44193548387	6.4233993121
3.44516129032	6.4269491704
3.44838709677	6.4304947245
3.45161290323	6.4340359731
3.45483870968	6.4375729147
3.45806451613	6.4411055481
3.46129032258	6.4446338720
3.46451612903	6.4481578851
3.46774193548	6.4516775863
3.47096774194	6.4551929744
3.47419354839	6.4587040482
3.47741935484	6.4622108067
3.48064516129	6.4657132488
3.48387096774	6.4692113736
3.48709677419	6.4727051799
3.49032258065	6.4761946668
3.4935483871	6.4796798336
3.49677419355	6.4831606791
3.5	6.4866372027
3.50322580645	6.4901094035
3.5064516129	6.4935772807
3.50967741935	6.4970408336
3.51290322581	6.5005000615
3.51612903226	6.5039549638
3.51935483871	6.5074055397
3.52258064516	6.5108517886
3.52580645161	6.5142937101
3.52903225806	6.5177313036
3.53225806452	6.5211645685
3.53548387097	6.5245935044
3.53870967742	6.5280181109
3.54193548387	6.5314383876
3.54516129032	6.5348543341
3.54838709677	6.5382659501
3.55161290323	6.5416732353
3.55483870968	6.5450761893
3.55806451613	6.5484748120
3.56129032258	6.5518691032
3.56451612903	6.5552590628
3.56774193548	6.5586446904
3.57096774194	6.5620259862
3.57419354839	6.5654029499
3.57741935484	6.5687755816
3.58064516129	6.5721438813
3.58387096774	6.5755078489
3.58709677419	6.5788674845
3.59032258065	6.5822227883
3.5935483871	6.5855737603
3.59677419355	6.5889204007
3.6	6.5922627097
3.60322580645	6.5956006874
3.6064516129	6.5989343342
3.60967741935	6.6022636504
3.61290322581	6.6055886361
3.61612903226	6.6089092918
3.61935483871	6.6122256178
3.62258064516	6.6155376146
3.62580645161	6.6188452825
3.62903225806	6.6221486220
3.63225806452	6.6254476337
3.63548387097	6.6287423179
3.63870967742	6.6320326754
3.64193548387	6.6353187067
3.64516129032	6.6386004123
3.64838709677	6.6418777930
3.65161290323	6.6451508493
3.65483870968	6.6484195821
3.65806451613	6.6516839920
3.66129032258	6.6549440798
3.66451612903	6.6581998463
3.66774193548	6.6614512922
3.67096774194	6.6646984186
3.67419354839	6.6679412262
3.67741935484	6.6711797159
3.68064516129	6.6744138887
3.68387096774	6.6776437455
3.68709677419	6.6808692874
3.69032258065	6.6840905154
3.6935483871	6.6873074304
3.69677419355	6.6905200337
3.7	6.6937283263
3.70322580645	6.6969323093
3.7064516129	6.7001319839
3.70967741935	6.7033273513
3.71290322581	6.7065184128
3.71612903226	6.7097051695
3.71935483871	6.7128876228
3.72258064516	6.7160657740
3.72580645161	6.7192396244
3.72903225806	6.7224091753
3.73225806452	6.7255744282
3.73548387097	6.7287353844
3.73870967742	6.7318920455
3.74193548387	6.7350444129
3.74516129032	6.7381924881
3.74838709677	6.7413362726
3.75161290323	6.7444757680
3.75483870968	6.7476109758
3.75806451613	6.7507418977
3.76129032258	6.7538685354
3.76451612903	6.7569908904
3.76774193548	6.7601089645
3.77096774194	6.7632227594
3.77419354839	6.7663322769
3.77741935484	6.7694375186
3.78064516129	6.7725384865
3.78387096774	6.7756351824
3.78709677419	6.7787276080
3.79032258065	6.7818157653
3.7935483871	6.7848996563
3.79677419355	6.7879792827
3.8	6.7910546467
3.80322580645	6.7941257502
3.8064516129	6.7971925951
3.80967741935	6.8002551836
3.81290322581	6.8033135178
3.81612903226	6.8063675996
3.81935483871	6.8094174313
3.82258064516	6.8124630150
3.82580645161	6.8155043528
3.82903225806	6.8185414470
3.83225806452	6.8215742999
3.83548387097	6.8246029135
3.83870967742	6.8276272904
3.84193548387	6.8306474326
3.84516129032	6.8336633427
3.84838709677	6.8366750229
3.85161290323	6.8396824757
3.85483870968	6.8426857034
3.85806451613	6.8456847086
3.86129032258	6.8486794936
3.86451612903	6.8516700610
3.86774193548	6.8546564133
3.87096774194	6.8576385530
3.87419354839	6.8606164828
3.87741935484	6.8635902052
3.88064516129	6.8665597229
3.88387096774	6.8695250384
3.88709677419	6.8724861546
3.89032258065	6.8754430741
3.8935483871	6.8783957997
3.89677419355	6.8813443341
3.9	6.8842886801
3.90322580645	6.8872288406
3.9064516129	6.8901648183
3.90967741935	6.8930966162
3.91290322581	6.8960242372
3.91612903226	6.8989476841
3.91935483871	6.9018669600
3.92258064516	6.9047820679
3.92580645161	6.9076930107
3.92903225806	6.9105997915
3.93225806452	6.9135024134
3.93548387097	6.9164008795
3.93870967742	6.9192951928
3.94193548387	6.9221853566
3.94516129032	6.9250713740
3.94838709677	6.9279532482
3.95161290323	6.9308309826
3.95483870968	6.9337045803
3.95806451613	6.9365740446
3.96129032258	6.9394393789
3.96451612903	6.9423005866
3.96774193548	6.9451576709
3.97096774194	6.9480106355
3.97419354839	6.9508594836
3.97741935484	6.9537042187
3.98064516129	6.9565448445
3.98387096774	6.9593813643
3.98709677419	6.9622137819
3.99032258065	6.9650421007
3.9935483871	6.9678663244
3.99677419355	6.9706864567
4.0	6.9735025013
4.00322580645	6.9763144619
4.0064516129	6.9791223422
4.00967741935	6.9819261461
4.01290322581	6.9847258774
4.01612903226	6.9875215399
4.01935483871	6.9903131376
4.02258064516	6.9931006743
4.02580645161	6.9958841540
4.02903225806	6.9986635807
4.03225806452	7.0014389585
4.03548387097	7.0042102914
4.03870967742	7.0069775835
4.04193548387	7.0097408390
4.04516129032	7.0125000620
4.04838709677	7.0152552568
4.05161290323	7.0180064275
4.05483870968	7.0207535786
4.05806451613	7.0234967142
4.06129032258	7.0262358389
4.06451612903	7.0289709570
4.06774193548	7.0317020729
4.07096774194	7.0344291911
4.07419354839	7.0371523162
4.07741935484	7.0398714528
4.08064516129	7.0425866054
4.08387096774	7.0452977787
4.08709677419	7.0480049775
4.09032258065	7.0507082065
4.0935483871	7.0534074704
4.09677419355	7.0561027742
4.1	7.0587941227
4.10322580645	7.0614815208
4.1064516129	7.0641649736
4.10967741935	7.0668444861
4.11290322581	7.0695200634
4.11612903226	7.0721917107
4.11935483871	7.0748594330
4.12258064516	7.0775232358
4.12580645161	7.0801831242
4.12903225806	7.0828391038
4.13225806452	7.0854911798
4.13548387097	7.0881393578
4.13870967742	7.0907836434
4.14193548387	7.0934240421
4.14516129032	7.0960605596
4.14838709677	7.0986932017
4.15161290323	7.1013219741
4.15483870968	7.1039468828
4.15806451613	7.1065679336
4.16129032258	7.1091851327
4.16451612903	7.1117984861
4.16774193548	7.1144079999
4.17096774194	7.1170136805
4.17419354839	7.1196155341
4.17741935484	7.1222135672
4.18064516129	7.1248077862
4.18387096774	7.1273981978
4.18709677419	7.1299848086
4.19032258065	7.1325676253
4.1935483871	7.1351466549
4.19677419355	7.1377219044
4.2	7.1402933807
4.20322580645	7.1428610910
4.2064516129	7.1454250426
4.20967741935	7.1479852430
4.21290322581	7.1505416996
4.21612903226	7.1530944200
4.21935483871	7.1556434119
4.22258064516	7.1581886834
4.22580645161	7.1607302423
4.22903225806	7.1632680968
4.23225806452	7.1658022552
4.23548387097	7.1683327259
4.23870967742	7.1708595176
4.24193548387	7.1733826389
4.24516129032	7.1759020988
4.24838709677	7.1784179064
4.25161290323	7.1809300709
4.25483870968	7.1834386017
4.25806451613	7.1859435086
4.26129032258	7.1884448013
4.26451612903	7.1909424900
4.26774193548	7.1934365848
4.27096774194	7.1959270963
4.27419354839	7.1984140352
4.27741935484	7.2008974126
4.28064516129	7.2033772396
4.28387096774	7.2058535278
4.28709677419	7.2083262890
4.29032258065	7.2107955353
4.2935483871	7.2132612791
4.29677419355	7.2157235333
4.3	7.2181823108
4.30322580645	7.2206376253
4.3064516129	7.2230894905
4.30967741935	7.2255379206
4.31290322581	7.2279829305
4.31612903226	7.2304245353
4.31935483871	7.2328627505
4.32258064516	7.2352975923
4.32580645161	7.2377290773
4.32903225806	7.2401572229
4.33225806452	7.2425820467
4.33548387097	7.2450035674
4.33870967742	7.2474218040
4.34193548387	7.2498367764
4.34516129032	7.2522485053
4.34838709677	7.2546570121
4.35161290323	7.2570623192
4.35483870968	7.2594644498
4.35806451613	7.2618634283
4.36129032258	7.2642592801
4.36451612903	7.2666520316
4.36774193548	7.2690417106
4.37096774194	7.2714283465
4.37419354839	7.2738119696
4.37741935484	7.2761926123
4.38064516129	7.2785703084
4.38387096774	7.2809450938
4.38709677419	7.2833170062
4.39032258065	7.2856860856
4.3935483871	7.2880523746
4.39677419355	7.2904159183
4.4	7.2927767647
4.40322580645	7.2951349651
4.4064516129	7.2974905745
4.40967741935	7.2998436517
4.41290322581	7.3021942600
4.41612903226	7.3045424676
4.41935483871	7.3068883485
4.42258064516	7.3092319827
4.42580645161	7.3115734575
4.42903225806	7.3139128683
4.43225806452	7.3162503196
4.43548387097	7.3185859267
4.43870967742	7.3209198173
4.44193548387	7.3232521334
4.44516129032	7.3255830342
4.44838709677	7.3279126987
4.45161290323	7.3302413302
4.45483870968	7.3325691611
4.45806451613	7.3348964594
4.46129032258	7.3372235374
4.46451612903	7.3395507636
4.46774193548	7.3418785780
4.47096774194	7.3442075152
4.47419354839	7.3465382371
4.47741935484	7.3488715831
4.48064516129	7.3512086494
4.48387096774	7.3535509258
4.48709677419	7.3559005463
4.49032258065	7.3582608158
4.4935483871	7.3606375370
4.49677419355	7.3630437739
4.5	7.3656206180
4.50322580645	7.3683447421
4.5064516129	7.3710542717
4.50967741935	7.3737337024
4.51290322581	7.3763776454
4.51612903226	7.3789845944
4.51935483871	7.3815549660
4.52258064516	7.3840902228
4.52580645161	7.3865923999
4.52903225806	7.3890638198
4.53225806452	7.3915069099
4.53548387097	7.3939240813
4.53870967742	7.3963176481
4.54193548387	7.3986897761
4.54516129032	7.4010424506
4.54838709677	7.4033774607
4.55161290323	7.4056963947
4.55483870968	7.4080006436
4.55806451613	7.4102914119
4.56129032258	7.4125697314
4.56451612903	7.4148364789
4.56774193548	7.4170923949
4.57096774194	7.4193381030
4.57419354839	7.4215741283
4.57741935484	7.4238009162
4.58064516129	7.4260188480
4.58387096774	7.4282282564
4.58709677419	7.4304294374
4.59032258065	7.4326226616
4.5935483871	7.4348081821
4.59677419355	7.4369862415
4.6	7.4391570766
4.60322580645	7.4413209207
4.6064516129	7.4434780063
4.60967741935	7.4456285643
4.61290322581	7.4477728242
4.61612903226	7.4499110127
4.61935483871	7.4520433513
4.62258064516	7.4541700551
4.62580645161	7.4562913299
4.62903225806	7.4584073702
4.63225806452	7.4605183575
4.63548387097	7.4626244585
4.63870967742	7.4647258237
4.64193548387	7.4668225868
4.64516129032	7.4689148637
4.64838709677	7.4710027531
4.65161290323	7.4730863362
4.65483870968	7.4751656781
4.65806451613	7.4772408283
4.66129032258	7.4793118222
4.66451612903	7.4813786827
4.66774193548	7.4834414217
4.67096774194	7.4855000419
4.67419354839	7.4875545387
4.67741935484	7.4896049018
4.68064516129	7.4916511169
4.68387096774	7.4936931672
4.68709677419	7.4957310350
4.69032258065	7.4977647027
4.6935483871	7.4997941541
4.69677419355	7.5018193752
4.7	7.5038403546
4.70322580645	7.5058570845
4.7064516129	7.5078695605
4.70967741935	7.5098777821
4.71290322581	7.5118817526
4.71612903226	7.5138814788
4.71935483871	7.5158769709
4.72258064516	7.5178682422
4.72580645161	7.5198553086
4.72903225806	7.5218381884
4.73225806452	7.5238169014
4.73548387097	7.5257914690
4.73870967742	7.5277619133
4.74193548387	7.5297282569
4.74516129032	7.5316905226
4.74838709677	7.5336487326
4.75161290323	7.5356029089
4.75483870968	7.5375530724
4.75806451613	7.5394992430
4.76129032258	7.5414414396
4.76451612903	7.5433796797
4.76774193548	7.5453139796
4.77096774194	7.5472443543
4.77419354839	7.5491708173
4.77741935484	7.5510933812
4.78064516129	7.5530120573
4.78387096774	7.5549268558
4.78709677419	7.5568377863
4.79032258065	7.5587448572
4.7935483871	7.5606480766
4.79677419355	7.5625474519
4.8	7.5644429902
4.80322580645	7.5663346980
4.8064516129	7.5682225821
4.80967741935	7.5701066487
4.81290322581	7.5719869043
4.81612903226	7.5738633553
4.81935483871	7.5757360082
4.82258064516	7.5776048696
4.82580645161	7.5794699462
4.82903225806	7.5813312450
4.83225806452	7.5831887731
4.83548387097	7.5850425376
4.83870967742	7.5868925459
4.84193548387	7.5887388055
4.84516129032	7.5905813240
4.84838709677	7.5924201091
4.85161290323	7.5942551684
4.85483870968	7.5960865098
4.85806451613	7.5979141410
4.86129032258	7.5997380699
4.86451612903	7.6015583041
4.86774193548	7.6033748514
4.87096774194	7.6051877194
4.87419354839	7.6069969157
4.87741935484	7.6088024480
4.88064516129	7.6106043235
4.88387096774	7.6124025497
4.88709677419	7.6141971340
4.89032258065	7.6159880835
4.8935483871	7.6177754055
4.89677419355	7.6195591070
4.9	7.6213391952
4.90322580645	7.6231156770
4.9064516129	7.6248885594
4.90967741935	7.6266578495
4.91290322581	7.6284235542
4.91612903226	7.6301856803
4.91935483871	7.6319442349
4.92258064516	7.6336992247
4.92580645161	7.6354506569
4.92903225806	7.6371985382
4.93225806452	7.6389428756
4.93548387097	7.6406836761
4.93870967742	7.6424209466
4.94193548387	7.6441546941
4.94516129032	7.6458849255
4.94838709677	7.6476116478
4.95161290323	7.6493348680
4.95483870968	7.6510545931
4.95806451613	7.6527708300
4.96129032258	7.6544835857
4.96451612903	7.6561928672
4.96774193548	7.6578986814
4.97096774194	7.6596010353
4.97419354839	7.6612999359
4.97741935484	7.6629953900
4.98064516129	7.6646874045
4.98387096774	7.6663759864
4.98709677419	7.6680611425
4.99032258065	7.6697428796
4.9935483871	7.6714212046
4.99677419355	7.6730961243
5.0	7.6747676454
5.00322580645	7.6764357748
5.0064516129	7.6781005191
5.00967741935	7.6797618851
5.01290322581	7.6814198795
5.01612903226	7.6830745090
5.01935483871	7.6847257801
5.02258064516	7.6863736997
5.02580645161	7.6880182743
5.02903225806	7.6896595105
5.03225806452	7.6912974149
5.03548387097	7.6929319941
5.03870967742	7.6945632547
5.04193548387	7.6961912033
5.04516129032	7.6978158463
5.04838709677	7.6994371904
5.05161290323	7.7010552420
5.05483870968	7.7026700077
5.05806451613	7.7042814939
5.06129032258	7.7058897072
5.06451612903	7.7074946540
5.06774193548	7.7090963408
5.07096774194	7.7106947741
5.07419354839	7.7122899602
5.07741935484	7.7138819057
5.08064516129	7.7154706169
5.08387096774	7.7170561002
5.08709677419	7.7186383621
5.09032258065	7.7202174089
5.0935483871	7.7217932470
5.09677419355	7.7233658828
5.1	7.7249353226
5.10322580645	7.7265015727
5.1064516129	7.7280646396
5.10967741935	7.7296245294
5.11290322581	7.7311812485
5.11612903226	7.7327348033
5.11935483871	7.7342851999
5.12258064516	7.7358324446
5.12580645161	7.7373765438
5.12903225806	7.7389175036
5.13225806452	7.7404553303
5.13548387097	7.7419900301
5.13870967742	7.7435216093
5.14193548387	7.7450500740
5.14516129032	7.7465754304
5.14838709677	7.7480976847
5.15161290323	7.7496168431
5.15483870968	7.7511329118
5.15806451613	7.7526458968
5.16129032258	7.7541558044
5.16451612903	7.7556626406
5.16774193548	7.7571664116
5.17096774194	7.7586671235
5.17419354839	7.7601647824
5.17741935484	7.7616593944
5.18064516129	7.7631509655
5.18387096774	7.7646395018
5.18709677419	7.7661250094
5.19032258065	7.7676074943
5.1935483871	7.7690869625
5.19677419355	7.7705634201
5.2	7.7720368731
5.20322580645	7.7735073275
5.2064516129	7.7749747893
5.20967741935	7.7764392644
5.21290322581	7.7779007589
5.21612903226	7.7793592787
5.21935483871	7.7808148297
5.22258064516	7.7822674179
5.22580645161	7.7837170492
5.22903225806	7.7851637296
5.23225806452	7.7866074649
5.23548387097	7.7880482610
5.23870967742	7.7894861238
5.24193548387	7.7909210593
5.24516129032	7.7923530732
5.24838709677	7.7937821715
5.25161290323	7.7952083599
5.25483870968	7.7966316444
5.25806451613	7.7980520306
5.26129032258	7.7994695245
5.26451612903	7.8008841319
5.26774193548	7.8022958585
5.27096774194	7.8037047102
5.27419354839	7.8051106926
5.27741935484	7.8065138116
5.28064516129	7.8079140729
5.28387096774	7.8093114823
5.28709677419	7.8107060454
5.29032258065	7.8120977681
5.2935483871	7.8134866560
5.29677419355	7.8148727148
5.3	7.8162559503
5.30322580645	7.8176363680
5.3064516129	7.8190139737
5.30967741935	7.8203887730
5.31290322581	7.8217607716
5.31612903226	7.8231299751
5.31935483871	7.8244963891
5.32258064516	7.8258600194
5.32580645161	7.8272208713
5.32903225806	7.8285789507
5.33225806452	7.8299342630
5.33548387097	7.8312868138
5.33870967742	7.8326366088
5.34193548387	7.8339836534
5.34516129032	7.8353279532
5.34838709677	7.8366695138
5.35161290323	7.8380083407
5.35483870968	7.8393444393
5.35806451613	7.8406778153
5.36129032258	7.8420084740
5.36451612903	7.8433364210
5.36774193548	7.8446616618
5.37096774194	7.8459842019
5.37419354839	7.8473040466
5.37741935484	7.8486212014
5.38064516129	7.8499356718
5.38387096774	7.8512474633
5.38709677419	7.8525565811
5.39032258065	7.8538630307
5.3935483871	7.8551668176
5.39677419355	7.8564679471
5.4	7.8577664246
5.40322580645	7.8590622554
5.4064516129	7.8603554449
5.40967741935	7.8616459985
5.41290322581	7.8629339215
5.41612903226	7.8642192191
5.41935483871	7.8655018969
5.42258064516	7.8667819599
5.42580645161	7.8680594136
5.42903225806	7.8693342633
5.43225806452	7.8706065141
5.43548387097	7.8718761714
5.43870967742	7.8731432405
5.44193548387	7.8744077265
5.44516129032	7.8756696347
5.44838709677	7.8769289704
5.45161290323	7.8781857388
5.45483870968	7.8794399450
5.45806451613	7.8806915943
5.46129032258	7.8819406919
5.46451612903	7.8831872429
5.46774193548	7.8844312525
5.47096774194	7.8856727259
5.47419354839	7.8869116682
5.47741935484	7.8881480846
5.48064516129	7.8893819802
5.48387096774	7.8906133601
5.48709677419	7.8918422294
5.49032258065	7.8930685932
5.4935483871	7.8942924567
5.49677419355	7.8955138248
5.5	7.8967326818
5.50322580645	7.8979486218
5.5064516129	7.8991616973
5.50967741935	7.9003719569
5.51290322581	7.9015794448
5.51612903226	7.9027842016
5.51935483871	7.9039862638
5.52258064516	7.9051856646
5.52580645161	7.9063824335
5.52903225806	7.9075765971
5.53225806452	7.9087681789
5.53548387097	7.9099571999
5.53870967742	7.9111436787
5.54193548387	7.9123276320
5.54516129032	7.9135090745
5.54838709677	7.9146880196
5.55161290323	7.9158644792
5.55483870968	7.9170384642
5.55806451613	7.9182099848
5.56129032258	7.9193790501
5.56451612903	7.9205456691
5.56774193548	7.9217098499
5.57096774194	7.9228716006
5.57419354839	7.9240309290
5.57741935484	7.9251878426
5.58064516129	7.9263423488
5.58387096774	7.9274944549
5.58709677419	7.9286441681
5.59032258065	7.9297914956
5.5935483871	7.9309364443
5.59677419355	7.9320790212
5.6	7.9332192331
5.60322580645	7.9343570868
5.6064516129	7.9354925888
5.60967741935	7.9366257456
5.61290322581	7.9377565635
5.61612903226	7.9388850486
5.61935483871	7.9400112070
5.62258064516	7.9411350444
5.62580645161	7.9422565665
5.62903225806	7.9433757788
5.63225806452	7.9444926867
5.63548387097	7.9456072955
5.63870967742	7.9467196102
5.64193548387	7.9478296358
5.64516129032	7.9489373772
5.64838709677	7.9500428393
5.65161290323	7.9511460268
5.65483870968	7.9522469445
5.65806451613	7.9533455969
5.66129032258	7.9544419887
5.66451612903	7.9555361247
5.66774193548	7.9566280093
5.67096774194	7.9577176474
5.67419354839	7.9588050435
5.67741935484	7.9598902023
5.68064516129	7.9609731286
5.68387096774	7.9620538271
5.68709677419	7.9631323025
5.69032258065	7.9642085598
5.6935483871	7.9652826036
5.69677419355	7.9663544388
5.7	7.9674240703
5.70322580645	7.9684915029
5.7064516129	7.9695567415
5.70967741935	7.9706197911
5.71290322581	7.9716806564
5.71612903226	7.9727393424
5.71935483871	7.9737958539
5.72258064516	7.9748501958
5.72580645161	7.9759023729
5.72903225806	7.9769523900
5.73225806452	7.9780002519
5.73548387097	7.9790459633
5.73870967742	7.9800895291
5.74193548387	7.9811309539
5.74516129032	7.9821702424
5.74838709677	7.9832073993
5.75161290323	7.9842424292
5.75483870968	7.9852753367
5.75806451613	7.9863061265
5.76129032258	7.9873348031
5.76451612903	7.9883613711
5.76774193548	7.9893858349
5.77096774194	7.9904081992
5.77419354839	7.9914284683
5.77741935484	7.9924466469
5.78064516129	7.9934627394
5.78387096774	7.9944767502
5.78709677419	7.9954886838
5.79032258065	7.9964985446
5.7935483871	7.9975063371
5.79677419355	7.9985120657
5.8	7.9995157348
5.80322580645	8.0005173489
5.8064516129	8.0015169122
5.80967741935	8.0025144293
5.81290322581	8.0035099045
5.81612903226	8.0045033422
5.81935483871	8.0054947467
5.82258064516	8.0064841225
5.82580645161	8.0074714738
5.82903225806	8.0084568050
5.83225806452	8.0094401204
5.83548387097	8.0104214243
5.83870967742	8.0114007212
5.84193548387	8.0123780151
5.84516129032	8.0133533106
5.84838709677	8.0143266117
5.85161290323	8.0152979229
5.85483870968	8.0162672483
5.85806451613	8.0172345922
5.86129032258	8.0181999588
5.86451612903	8.0191633524
5.86774193548	8.0201247772
5.87096774194	8.0210842373
5.87419354839	8.0220417370
5.87741935484	8.0229972805
5.88064516129	8.0239508719
5.88387096774	8.0249025154
5.88709677419	8.0258522151
5.89032258065	8.0267999752
5.8935483871	8.0277457999
5.89677419355	8.0286896932
5.9	8.0296316593
5.90322580645	8.0305717022
5.9064516129	8.0315098261
5.90967741935	8.0324460351
5.91290322581	8.0333803333
5.91612903226	8.0343127246
5.91935483871	8.0352432132
5.92258064516	8.0361718032
5.92580645161	8.0370984985
5.92903225806	8.0380233032
5.93225806452	8.0389462214
5.93548387097	8.0398672570
5.93870967742	8.0407864140
5.94193548387	8.0417036965
5.94516129032	8.0426191084
5.94838709677	8.0435326537
5.95161290323	8.0444443364
5.95483870968	8.0453541605
5.95806451613	8.0462621298
5.96129032258	8.0471682483
5.96451612903	8.0480725200
5.96774193548	8.0489749488
5.97096774194	8.0498755386
5.97419354839	8.0507742933
5.97741935484	8.0516712167
5.98064516129	8.0525663129
5.98387096774	8.0534595856
5.98709677419	8.0543510387
5.99032258065	8.0552406760
5.9935483871	8.0561285015
5.99677419355	8.0570145189
6.0	8.0578987322
6.00322580645	8.0587811450
6.0064516129	8.0596617613
6.00967741935	8.0605405848
6.01290322581	8.0614176193
6.01612903226	8.0622928686
6.01935483871	8.0631663365
6.02258064516	8.0640380267
6.02580645161	8.0649079431
6.02903225806	8.0657760893
6.03225806452	8.0666424691
6.03548387097	8.0675070863
6.03870967742	8.0683699445
6.04193548387	8.0692310475
6.04516129032	8.0700903990
6.04838709677	8.0709480026
6.05161290323	8.0718038622
6.05483870968	8.0726579813
6.05806451613	8.0735103636
6.06129032258	8.0743610129
6.06451612903	8.0752099326
6.06774193548	8.0760571266
6.07096774194	8.0769025985
6.07419354839	8.0777463518
6.07741935484	8.0785883902
6.08064516129	8.0794287174
6.08387096774	8.0802673369
6.08709677419	8.0811042523
6.09032258065	8.0819394672
6.0935483871	8.0827729852
6.09677419355	8.0836048098
6.1	8.0844349448
6.10322580645	8.0852633935
6.1064516129	8.0860901595
6.10967741935	8.0869152465
6.11290322581	8.0877386578
6.11612903226	8.0885603972
6.11935483871	8.0893804679
6.12258064516	8.0901988737
6.12580645161	8.0910156179
6.12903225806	8.0918307041
6.13225806452	8.0926441358
6.13548387097	8.0934559164
6.13870967742	8.0942660494
6.14193548387	8.0950745382
6.14516129032	8.0958813864
6.14838709677	8.0966865974
6.15161290323	8.0974901745
6.15483870968	8.0982921213
6.15806451613	8.0990924412
6.16129032258	8.0998911375
6.16451612903	8.1006882138
6.16774193548	8.1014836733
6.17096774194	8.1022775194
6.17419354839	8.1030697557
6.17741935484	8.1038603854
6.18064516129	8.1046494118
6.18387096774	8.1054368385
6.18709677419	8.1062226687
6.19032258065	8.1070069057
6.1935483871	8.1077895530
6.19677419355	8.1085706138
6.2	8.1093500914
6.20322580645	8.1101279893
6.2064516129	8.1109043106
6.20967741935	8.1116790587
6.21290322581	8.1124522370
6.21612903226	8.1132238485
6.21935483871	8.1139938968
6.22258064516	8.1147623850
6.22580645161	8.1155293163
6.22903225806	8.1162946941
6.23225806452	8.1170585216
6.23548387097	8.1178208020
6.23870967742	8.1185815387
6.24193548387	8.1193407347
6.24516129032	8.1200983933
6.24838709677	8.1208545178
6.25161290323	8.1216091113
6.25483870968	8.1223621771
6.25806451613	8.1231137183
6.26129032258	8.1238637381
6.26451612903	8.1246122397
6.26774193548	8.1253592263
6.27096774194	8.1261047011
6.27419354839	8.1268486671
6.27741935484	8.1275911275
6.28064516129	8.1283320856
6.28387096774	8.1290715443
6.28709677419	8.1298095069
6.29032258065	8.1305459765
6.2935483871	8.1312809562
6.29677419355	8.1320144490
6.3	8.1327464582
6.30322580645	8.1334769867
6.3064516129	8.1342060377
6.30967741935	8.1349336143
6.31290322581	8.1356597194
6.31612903226	8.1363843563
6.31935483871	8.1371075280
6.32258064516	8.1378292374
6.32580645161	8.1385494877
6.32903225806	8.1392682818
6.33225806452	8.1399856229
6.33548387097	8.1407015140
6.33870967742	8.1414159580
6.34193548387	8.1421289580
6.34516129032	8.1428405170
6.34838709677	8.1435506379
6.35161290323	8.1442593239
6.35483870968	8.1449665778
6.35806451613	8.1456724026
6.36129032258	8.1463768014
6.36451612903	8.1470797770
6.36774193548	8.1477813325
6.37096774194	8.1484814708
6.37419354839	8.1491801948
6.37741935484	8.1498775075
6.38064516129	8.1505734118
6.38387096774	8.1512679106
6.38709677419	8.1519610069
6.39032258065	8.1526527036
6.3935483871	8.1533430035
6.39677419355	8.1540319097
6.4	8.1547194249
6.40322580645	8.1554055521
6.4064516129	8.1560902941
6.40967741935	8.1567736538
6.41290322581	8.1574556342
6.41612903226	8.1581362379
6.41935483871	8.1588154680
6.42258064516	8.1594933273
6.42580645161	8.1601698186
6.42903225806	8.1608449447
6.43225806452	8.1615187084
6.43548387097	8.1621911127
6.43870967742	8.1628621603
6.44193548387	8.1635318540
6.44516129032	8.1642001967
6.44838709677	8.1648671911
6.45161290323	8.1655328400
6.45483870968	8.1661971463
6.45806451613	8.1668601126
6.46129032258	8.1675217418
6.46451612903	8.1681820367
6.46774193548	8.1688410000
6.47096774194	8.1694986345
6.47419354839	8.1701549429
6.47741935484	8.1708099279
6.48064516129	8.1714635924
6.48387096774	8.1721159389
6.48709677419	8.1727669704
6.49032258065	8.1734166895
6.4935483871	8.1740650988
6.49677419355	8.1747122012
6.5	8.1753579993
6.50322580645	8.1760024958
6.5064516129	8.1766456934
6.50967741935	8.1772875948
6.51290322581	8.1779282027
6.51612903226	8.1785675197
6.51935483871	8.1792055486
6.52258064516	8.1798422919
6.52580645161	8.1804777524
6.52903225806	8.1811119327
6.53225806452	8.1817448354
6.53548387097	8.1823764631
6.53870967742	8.1830068186
6.54193548387	8.1836359044
6.54516129032	8.1842637232
6.54838709677	8.1848902776
6.55161290323	8.1855155701
6.55483870968	8.1861396034
6.55806451613	8.1867623802
6.56129032258	8.1873839029
6.56451612903	8.1880041741
6.56774193548	8.1886231966
6.57096774194	8.1892409727
6.57419354839	8.1898575052
6.57741935484	8.1904727965
6.58064516129	8.1910868493
6.58387096774	8.1916996661
6.58709677419	8.1923112494
6.59032258065	8.1929216017
6.5935483871	8.1935307257
6.59677419355	8.1941386239
6.6	8.1947452987
6.60322580645	8.1953507527
6.6064516129	8.1959549884
6.60967741935	8.1965580083
6.61290322581	8.1971598150
6.61612903226	8.1977604109
6.61935483871	8.1983597986
6.62258064516	8.1989579804
6.62580645161	8.1995549589
6.62903225806	8.2001507367
6.63225806452	8.2007453160
6.63548387097	8.2013386995
6.63870967742	8.2019308896
6.64193548387	8.2025218886
6.64516129032	8.2031116992
6.64838709677	8.2037003237
6.65161290323	8.2042877646
6.65483870968	8.2048740243
6.65806451613	8.2054591052
6.66129032258	8.2060430098
6.66451612903	8.2066257405
6.66774193548	8.2072072997
6.67096774194	8.2077876897
6.67419354839	8.2083669131
6.67741935484	8.2089449722
6.68064516129	8.2095218694
6.68387096774	8.2100976072
6.68709677419	8.2106721877
6.69032258065	8.2112456136
6.6935483871	8.2118178870
6.69677419355	8.2123890105
6.7	8.2129589863
6.70322580645	8.2135278169
6.7064516129	8.2140955045
6.70967741935	8.2146620516
6.71290322581	8.2152274604
6.71612903226	8.2157917333
6.71935483871	8.2163548726
6.72258064516	8.2169168807
6.72580645161	8.2174777599
6.72903225806	8.2180375125
6.73225806452	8.2185961408
6.73548387097	8.2191536471
6.73870967742	8.2197100337
6.74193548387	8.2202653030
6.74516129032	8.2208194572
6.74838709677	8.2213724986
6.75161290323	8.2219244294
6.75483870968	8.2224752521
6.75806451613	8.2230249687
6.76129032258	8.2235735817
6.76451612903	8.2241210933
6.76774193548	8.2246675057
6.77096774194	8.2252128211
6.77419354839	8.2257570419
6.77741935484	8.2263001703
6.78064516129	8.2268422085
6.78387096774	8.2273831587
6.78709677419	8.2279230233
6.79032258065	8.2284618043
6.7935483871	8.2289995040
6.79677419355	8.2295361247
6.8	8.2300716686
6.80322580645	8.2306061378
6.8064516129	8.2311395345
6.80967741935	8.2316718611
6.81290322581	8.2322031195
6.81612903226	8.2327333121
6.81935483871	8.2332624411
6.82258064516	8.2337905085
6.82580645161	8.2343175166
6.82903225806	8.2348434675
6.83225806452	8.2353683634
6.83548387097	8.2358922065
6.83870967742	8.2364149989
6.84193548387	8.2369367428
6.84516129032	8.2374574402
6.84838709677	8.2379770935
6.85161290323	8.2384957046
6.85483870968	8.2390132757
6.85806451613	8.2395298090
6.86129032258	8.2400453066
6.86451612903	8.2405597705
6.86774193548	8.2410732030
6.87096774194	8.2415856060
6.87419354839	8.2420969818
6.87741935484	8.2426073324
6.88064516129	8.2431166599
6.88387096774	8.2436249665
6.88709677419	8.2441322541
6.89032258065	8.2446385248
6.8935483871	8.2451437809
6.89677419355	8.2456480242
6.9	8.2461512570
6.90322580645	8.2466534812
6.9064516129	8.2471546989
6.90967741935	8.2476549122
6.91290322581	8.2481541232
6.91612903226	8.2486523338
6.91935483871	8.2491495461
6.92258064516	8.2496457622
6.92580645161	8.2501409841
6.92903225806	8.2506352138
6.93225806452	8.2511284533
6.93548387097	8.2516207047
6.93870967742	8.2521119700
6.94193548387	8.2526022512
6.94516129032	8.2530915503
6.94838709677	8.2535798693
6.95161290323	8.2540672102
6.95483870968	8.2545535750
6.95806451613	8.2550389657
6.96129032258	8.2555233844
6.96451612903	8.2560068328
6.96774193548	8.2564893131
6.97096774194	8.2569708273
6.97419354839	8.2574513772
6.97741935484	8.2579309649
6.98064516129	8.2584095923
6.98387096774	8.2588872614
6.98709677419	8.2593639741
6.99032258065	8.2598397324
6.9935483871	8.2603145382
6.99677419355	8.2607883935
7.0	8.2612613002
7.00322580645	8.2617332602
7.0064516129	8.2622042756
7.00967741935	8.2626743481
7.01290322581	8.2631434797
7.01612903226	8.2636116723
7.01935483871	8.2640789279
7.02258064516	8.2645452484
7.02580645161	8.2650106356
7.02903225806	8.2654750914
7.03225806452	8.2659386178
7.03548387097	8.2664012167
7.03870967742	8.2668628899
7.04193548387	8.2673236393
7.04516129032	8.2677834669
7.04838709677	8.2682423744
7.05161290323	8.2687003638
7.05483870968	8.2691574368
7.05806451613	8.2696135955
7.06129032258	8.2700688416
7.06451612903	8.2705231771
7.06774193548	8.2709766037
7.07096774194	8.2714291232
7.07419354839	8.2718807377
7.07741935484	8.2723314488
7.08064516129	8.2727812585
7.08387096774	8.2732301686
7.08709677419	8.2736781808
7.09032258065	8.2741252971
7.0935483871	8.2745715192
7.09677419355	8.2750168489
7.1	8.2754612882
7.10322580645	8.2759048387
7.1064516129	8.2763475024
7.10967741935	8.2767892809
7.11290322581	8.2772301761
7.11612903226	8.2776701899
7.11935483871	8.2781093239
7.12258064516	8.2785475800
7.12580645161	8.2789849599
7.12903225806	8.2794214655
7.13225806452	8.2798570985
7.13548387097	8.2802918607
7.13870967742	8.2807257538
7.14193548387	8.2811587797
7.14516129032	8.2815909401
7.14838709677	8.2820222367
7.15161290323	8.2824526713
7.15483870968	8.2828822456
7.15806451613	8.2833109615
7.16129032258	8.2837388205
7.16451612903	8.2841658246
7.16774193548	8.2845919754
7.17096774194	8.2850172746
7.17419354839	8.2854417240
7.17741935484	8.2858653253
7.18064516129	8.2862880803
7.18387096774	8.2867099906
7.18709677419	8.2871310579
7.19032258065	8.2875512840
7.1935483871	8.2879706706
7.19677419355	8.2883892193
7.2	8.2888069320
7.20322580645	8.2892238102
7.2064516129	8.2896398557
7.20967741935	8.2900550701
7.21290322581	8.2904694552
7.21612903226	8.2908830126
7.21935483871	8.2912957440
7.22258064516	8.2917076511
7.22580645161	8.2921187356
7.22903225806	8.2925289991
7.23225806452	8.2929384432
7.23548387097	8.2933470697
7.23870967742	8.2937548803
7.24193548387	8.2941618764
7.24516129032	8.2945680599
7.24838709677	8.2949734324
7.25161290323	8.2953779954
7.25483870968	8.2957817507
7.25806451613	8.2961846999
7.26129032258	8.2965868446
7.26451612903	8.2969881865
7.26774193548	8.2973887271
7.27096774194	8.2977884681
7.27419354839	8.2981874111
7.27741935484	8.2985855578
7.28064516129	8.2989829097
7.28387096774	8.2993794684
7.28709677419	8.2997752357
7.29032258065	8.3001702130
7.2935483871	8.3005644019
7.29677419355	8.3009578042
7.3	8.3013504212
7.30322580645	8.3017422548
7.3064516129	8.3021333064
7.30967741935	8.3025235775
7.31290322581	8.3029130699
7.31612903226	8.3033017851
7.31935483871	8.3036897246
7.32258064516	8.3040768900
7.32580645161	8.3044632830
7.32903225806	8.3048489049
7.33225806452	8.3052337575
7.33548387097	8.3056178422
7.33870967742	8.3060011607
7.34193548387	8.3063837145
7.34516129032	8.3067655050
7.34838709677	8.3071465339
7.35161290323	8.3075268028
7.35483870968	8.3079063130
7.35806451613	8.3082850663
7.36129032258	8.3086630641
7.36451612903	8.3090403079
7.36774193548	8.3094167992
7.37096774194	8.3097925397
7.37419354839	8.3101675307
7.37741935484	8.3105417739
7.38064516129	8.3109152707
7.38387096774	8.3112880227
7.38709677419	8.3116600313
7.39032258065	8.3120312980
7.3935483871	8.3124018244
7.39677419355	8.3127716120
7.4	8.3131406622
7.40322580645	8.3135089765
7.4064516129	8.3138765565
7.40967741935	8.3142434035
7.41290322581	8.3146095191
7.41612903226	8.3149749048
7.41935483871	8.3153395621
7.42258064516	8.3157034923
7.42580645161	8.3160666971
7.42903225806	8.3164291778
7.43225806452	8.3167909359
7.43548387097	8.3171519728
7.43870967742	8.3175122901
7.44193548387	8.3178718892
7.44516129032	8.3182307715
7.44838709677	8.3185889385
7.45161290323	8.3189463916
7.45483870968	8.3193031323
7.45806451613	8.3196591620
7.46129032258	8.3200144821
7.46451612903	8.3203690941
7.46774193548	8.3207229994
7.47096774194	8.3210761995
7.47419354839	8.3214286957
7.47741935484	8.3217804895
7.48064516129	8.3221315823
7.48387096774	8.3224819754
7.48709677419	8.3228316705
7.49032258065	8.3231806687
7.4935483871	8.3235289716
7.49677419355	8.3238765805
7.5	8.3242234969
7.50322580645	8.3245697221
7.5064516129	8.3249152576
7.50967741935	8.3252601047
7.51290322581	8.3256042648
7.51612903226	8.3259477393
7.51935483871	8.3262905296
7.52258064516	8.3266326370
7.52580645161	8.3269740630
7.52903225806	8.3273148090
7.53225806452	8.3276548762
7.53548387097	8.3279942661
7.53870967742	8.3283329800
7.54193548387	8.3286710193
7.54516129032	8.3290083854
7.54838709677	8.3293450795
7.55161290323	8.3296811032
7.55483870968	8.3300164576
7.55806451613	8.3303511443
7.56129032258	8.3306851644
7.56451612903	8.3310185194
7.56774193548	8.3313512106
7.57096774194	8.3316832394
7.57419354839	8.3320146070
7.57741935484	8.3323453148
7.58064516129	8.3326753641
7.58387096774	8.3330047564
7.58709677419	8.3333334928
7.59032258065	8.3336615747
7.5935483871	8.3339890035
7.59677419355	8.3343157804
7.6	8.3346419067
7.60322580645	8.3349673839
7.6064516129	8.3352922131
7.60967741935	8.3356163957
7.61290322581	8.3359399329
7.61612903226	8.3362628262
7.61935483871	8.3365850768
7.62258064516	8.3369066859
7.62580645161	8.3372276549
7.62903225806	8.3375479851
7.63225806452	8.3378676778
7.63548387097	8.3381867341
7.63870967742	8.3385051555
7.64193548387	8.3388229432
7.64516129032	8.3391400984
7.64838709677	8.3394566225
7.65161290323	8.3397725167
7.65483870968	8.3400877823
7.65806451613	8.3404024206
7.66129032258	8.3407164327
7.66451612903	8.3410298201
7.66774193548	8.3413425838
7.67096774194	8.3416547253
7.67419354839	8.3419662457
7.67741935484	8.3422771463
7.68064516129	8.3425874283
7.68387096774	8.3428970930
7.68709677419	8.3432061417
7.69032258065	8.3435145755
7.6935483871	8.3438223957
7.69677419355	8.3441296036
7.7	8.3444362003
7.70322580645	8.3447421871
7.7064516129	8.3450475653
7.70967741935	8.3453523360
7.71290322581	8.3456565005
7.71612903226	8.3459600600
7.71935483871	8.3462630157
7.72258064516	8.3465653688
7.72580645161	8.3468671206
7.72903225806	8.3471682722
7.73225806452	8.3474688249
7.73548387097	8.3477687799
7.73870967742	8.3480681383
7.74193548387	8.3483669014
7.74516129032	8.3486650703
7.74838709677	8.3489626463
7.75161290323	8.3492596306
7.75483870968	8.3495560243
7.75806451613	8.3498518286
7.76129032258	8.3501470447
7.76451612903	8.3504416739
7.76774193548	8.3507357172
7.77096774194	8.3510291759
7.77419354839	8.3513220511
7.77741935484	8.3516143440
7.78064516129	8.3519060558
7.78387096774	8.3521971876
7.78709677419	8.3524877406
7.79032258065	8.3527777160
7.7935483871	8.3530671150
7.79677419355	8.3533559386
7.8	8.3536441881
7.80322580645	8.3539318646
7.8064516129	8.3542189692
7.80967741935	8.3545055032
7.81290322581	8.3547914676
7.81612903226	8.3550768636
7.81935483871	8.3553616923
7.82258064516	8.3556459549
7.82580645161	8.3559296526
7.82903225806	8.3562127863
7.83225806452	8.3564953574
7.83548387097	8.3567773669
7.83870967742	8.3570588159
7.84193548387	8.3573397056
7.84516129032	8.3576200371
7.84838709677	8.3578998115
7.85161290323	8.3581790299
7.85483870968	8.3584576935
7.85806451613	8.3587358034
7.86129032258	8.3590133606
7.86451612903	8.3592903663
7.86774193548	8.3595668216
7.87096774194	8.3598427276
7.87419354839	8.3601180854
7.87741935484	8.3603928961
7.88064516129	8.3606671609
7.88387096774	8.3609408807
7.88709677419	8.3612140567
7.89032258065	8.3614866900
7.8935483871	8.3617587817
7.89677419355	8.3620303328
7.9	8.3623013445
7.90322580645	8.3625718178
7.9064516129	8.3628417538
7.90967741935	8.3631111536
7.91290322581	8.3633800183
7.91612903226	8.3636483489
7.91935483871	8.3639161466
7.92258064516	8.3641834123
7.92580645161	8.3644501472
7.92903225806	8.3647163522
7.93225806452	8.3649820286
7.93548387097	8.3652471773
7.93870967742	8.3655117994
7.94193548387	8.3657758960
7.94516129032	8.3660394681
7.94838709677	8.3663025167
7.95161290323	8.3665650430
7.95483870968	8.3668270479
7.95806451613	8.3670885325
7.96129032258	8.3673494979
7.96451612903	8.3676099450
7.96774193548	8.3678698750
7.97096774194	8.3681292889
7.97419354839	8.3683881877
7.97741935484	8.3686465724
7.98064516129	8.3689044441
7.98387096774	8.3691618038
7.98709677419	8.3694186525
7.99032258065	8.3696749912
7.9935483871	8.3699308211
7.99677419355	8.3701861430
8.0	8.3704409581
8.00322580645	8.3706952673
8.0064516129	8.3709490716
8.00967741935	8.3712023721
8.01290322581	8.3714551697
8.01612903226	8.3717074656
8.01935483871	8.3719592606
8.02258064516	8.3722105558
8.02580645161	8.3724613522
8.02903225806	8.3727116507
8.03225806452	8.3729614525
8.03548387097	8.3732107584
8.03870967742	8.3734595696
8.04193548387	8.3737078869
8.04516129032	8.3739557113
8.04838709677	8.3742030439
8.05161290323	8.3744498856
8.05483870968	8.3746962375
8.05806451613	8.3749421004
8.06129032258	8.3751874755
8.06451612903	8.3754323635
8.06774193548	8.3756767657
8.07096774194	8.3759206828
8.07419354839	8.3761641159
8.07741935484	8.3764070659
8.08064516129	8.3766495339
8.08387096774	8.3768915208
8.08709677419	8.3771330275
8.09032258065	8.3773740550
8.0935483871	8.3776146042
8.09677419355	8.3778546762
8.1	8.3780942719
8.10322580645	8.3783333922
8.1064516129	8.3785720382
8.10967741935	8.3788102106
8.11290322581	8.3790479106
8.11612903226	8.3792851389
8.11935483871	8.3795218967
8.12258064516	8.3797581848
8.12580645161	8.3799940041
8.12903225806	8.3802293557
8.13225806452	8.3804642404
8.13548387097	8.3806986591
8.13870967742	8.3809326129
8.14193548387	8.3811661026
8.14516129032	8.3813991292
8.14838709677	8.3816316936
8.15161290323	8.3818637967
8.15483870968	8.3820954395
8.15806451613	8.3823266228
8.16129032258	8.3825573476
8.16451612903	8.3827876148
8.16774193548	8.3830174253
8.17096774194	8.3832467801
8.17419354839	8.3834756800
8.17741935484	8.3837041260
8.18064516129	8.3839321189
8.18387096774	8.3841596597
8.18709677419	8.3843867494
8.19032258065	8.3846133886
8.1935483871	8.3848395785
8.19677419355	8.3850653199
8.2	8.3852906136
8.20322580645	8.3855154606
8.2064516129	8.3857398618
8.20967741935	8.3859638181
8.21290322581	8.3861873303
8.21612903226	8.3864103994
8.21935483871	8.3866330262
8.22258064516	8.3868552116
8.22580645161	8.3870769565
8.22903225806	8.3872982618
8.23225806452	8.3875191283
8.23548387097	8.3877395570
8.23870967742	8.3879595487
8.24193548387	8.3881791043
8.24516129032	8.3883982247
8.24838709677	8.3886169107
8.25161290323	8.3888351632
8.25483870968	8.3890529831
8.25806451613	8.3892703712
8.26129032258	8.3894873284
8.26451612903	8.3897038556
8.26774193548	8.3899199536
8.27096774194	8.3901356232
8.27419354839	8.3903508654
8.27741935484	8.3905656811
8.28064516129	8.3907800709
8.28387096774	8.3909940359
8.28709677419	8.3912075768
8.29032258065	8.3914206944
8.2935483871	8.3916333898
8.29677419355	8.3918456636
8.3	8.3920575168
8.30322580645	8.3922689501
8.3064516129	8.3924799644
8.30967741935	8.3926905606
8.31290322581	8.3929007395
8.31612903226	8.3931105019
8.31935483871	8.3933198486
8.32258064516	8.3935287806
8.32580645161	8.3937372985
8.32903225806	8.3939454033
8.33225806452	8.3941530958
8.33548387097	8.3943603767
8.33870967742	8.3945672470
8.34193548387	8.3947737074
8.34516129032	8.3949797587
8.34838709677	8.3951854018
8.35161290323	8.3953906376
8.35483870968	8.3955954667
8.35806451613	8.3957998900
8.36129032258	8.3960039084
8.36451612903	8.3962075226
8.36774193548	8.3964107335
8.37096774194	8.3966135418
8.37419354839	8.3968159483
8.37741935484	8.3970179539
8.38064516129	8.3972195594
8.38387096774	8.3974207656
8.38709677419	8.3976215732
8.39032258065	8.3978219830
8.3935483871	8.3980219959
8.39677419355	8.3982216127
8.4	8.3984208341
8.40322580645	8.3986196609
8.4064516129	8.3988180939
8.40967741935	8.3990161340
8.41290322581	8.3992137818
8.41612903226	8.3994110382
8.41935483871	8.3996079039
8.42258064516	8.3998043798
8.42580645161	8.4000004666
8.42903225806	8.4001961651
8.43225806452	8.4003914760
8.43548387097	8.4005864002
8.43870967742	8.4007809384
8.44193548387	8.4009750914
8.44516129032	8.4011688599
8.44838709677	8.4013622448
8.45161290323	8.4015552467
8.45483870968	8.4017478665
8.45806451613	8.4019401049
8.46129032258	8.4021319627
8.46451612903	8.4023234407
8.46774193548	8.4025145395
8.47096774194	8.4027052600
8.47419354839	8.4028956029
8.47741935484	8.4030855689
8.48064516129	8.4032751589
8.48387096774	8.4034643735
8.48709677419	8.4036532136
8.49032258065	8.4038416798
8.4935483871	8.4040297730
8.49677419355	8.4042174938
8.5	8.4044048430
8.50322580645	8.4045918213
8.5064516129	8.4047784296
8.50967741935	8.4049646684
8.51290322581	8.4051505386
8.51612903226	8.4053360410
8.51935483871	8.4055211761
8.52258064516	8.4057059448
8.52580645161	8.4058903478
8.52903225806	8.4060743859
8.53225806452	8.4062580597
8.53548387097	8.4064413699
8.53870967742	8.4066243174
8.54193548387	8.4068069028
8.54516129032	8.4069891269
8.54838709677	8.4071709904
8.55161290323	8.4073524939
8.55483870968	8.4075336383
8.55806451613	8.4077144242
8.56129032258	8.4078948523
8.56451612903	8.4080749234
8.56774193548	8.4082546382
8.57096774194	8.4084339974
8.57419354839	8.4086130016
8.57741935484	8.4087916517
8.58064516129	8.4089699483
8.58387096774	8.4091478921
8.58709677419	8.4093254838
8.59032258065	8.4095027242
8.5935483871	8.4096796138
8.59677419355	8.4098561536
8.6	8.4100323440
8.60322580645	8.4102081858
8.6064516129	8.4103836798
8.60967741935	8.4105588266
8.61290322581	8.4107336268
8.61612903226	8.4109080813
8.61935483871	8.4110821907
8.62258064516	8.4112559556
8.62580645161	8.4114293768
8.62903225806	8.4116024549
8.63225806452	8.4117751907
8.63548387097	8.4119475848
8.63870967742	8.4121196379
8.64193548387	8.4122913507
8.64516129032	8.4124627238
8.64838709677	8.4126337579
8.65161290323	8.4128044538
8.65483870968	8.4129748120
8.65806451613	8.4131448334
8.66129032258	8.4133145184
8.66451612903	8.4134838678
8.66774193548	8.4136528823
8.67096774194	8.4138215626
8.67419354839	8.4139899093
8.67741935484	8.4141579230
8.68064516129	8.4143256044
8.68387096774	8.4144929543
8.68709677419	8.4146599732
8.69032258065	8.4148266619
8.6935483871	8.4149930209
8.69677419355	8.4151590510
8.7	8.4153247527
8.70322580645	8.4154901268
8.7064516129	8.4156551739
8.70967741935	8.4158198947
8.71290322581	8.4159842897
8.71612903226	8.4161483597
8.71935483871	8.4163121054
8.72258064516	8.4164755272
8.72580645161	8.4166386260
8.72903225806	8.4168014023
8.73225806452	8.4169638568
8.73548387097	8.4171259901
8.73870967742	8.4172878028
8.74193548387	8.4174492957
8.74516129032	8.4176104693
8.74838709677	8.4177713243
8.75161290323	8.4179318613
8.75483870968	8.4180920809
8.75806451613	8.4182519839
8.76129032258	8.4184115707
8.76451612903	8.4185708421
8.76774193548	8.4187297986
8.77096774194	8.4188884410
8.77419354839	8.4190467697
8.77741935484	8.4192047856
8.78064516129	8.4193624891
8.78387096774	8.4195198809
8.78709677419	8.4196769616
8.79032258065	8.4198337318
8.7935483871	8.4199901922
8.79677419355	8.4201463434
8.8	8.4203021860
8.80322580645	8.4204577206
8.8064516129	8.4206129478
8.80967741935	8.4207678682
8.81290322581	8.4209224825
8.81612903226	8.4210767912
8.81935483871	8.4212307950
8.82258064516	8.4213844944
8.82580645161	8.4215378902
8.82903225806	8.4216909828
8.83225806452	8.4218437729
8.83548387097	8.4219962611
8.83870967742	8.4221484480
8.84193548387	8.4223003342
8.84516129032	8.4224519203
8.84838709677	8.4226032068
8.85161290323	8.4227541945
8.85483870968	8.4229048838
8.85806451613	8.4230552755
8.86129032258	8.4232053699
8.86451612903	8.4233551679
8.86774193548	8.4235046699
8.87096774194	8.4236538765
8.87419354839	8.4238027884
8.87741935484	8.4239514061
8.88064516129	8.4240997302
8.88387096774	8.4242477613
8.88709677419	8.4243954999
8.89032258065	8.4245429468
8.8935483871	8.4246901023
8.89677419355	8.4248369672
8.9	8.4249835420
8.90322580645	8.4251298272
8.9064516129	8.4252758235
8.90967741935	8.4254215314
8.91290322581	8.4255669516
8.91612903226	8.4257120845
8.91935483871	8.4258569307
8.92258064516	8.4260014909
8.92580645161	8.4261457655
8.92903225806	8.4262897553
8.93225806452	8.4264334606
8.93548387097	8.4265768821
8.93870967742	8.4267200204
8.94193548387	8.4268628760
8.94516129032	8.4270054495
8.94838709677	8.4271477415
8.95161290323	8.4272897524
8.95483870968	8.4274314830
8.95806451613	8.4275729336
8.96129032258	8.4277141049
8.96451612903	8.4278549975
8.96774193548	8.4279956118
8.97096774194	8.4281359486
8.97419354839	8.4282760082
8.97741935484	8.4284157912
8.98064516129	8.4285552983
8.98387096774	8.4286945299
8.98709677419	8.4288334866
8.99032258065	8.4289721690
8.9935483871	8.4291105776
8.99677419355	8.4292487129
9.0	8.4293865755
9.00322580645	8.4295241659
9.0064516129	8.4296614847
9.00967741935	8.4297985324
9.01290322581	8.4299353095
9.01612903226	8.4300718167
9.01935483871	8.4302080543
9.02258064516	8.4303440231
9.02580645161	8.4304797234
9.02903225806	8.4306151559
9.03225806452	8.4307503210
9.03548387097	8.4308852194
9.03870967742	8.4310198514
9.04193548387	8.4311542177
9.04516129032	8.4312883189
9.04838709677	8.4314221553
9.05161290323	8.4315557276
9.05483870968	8.4316890362
9.05806451613	8.4318220818
9.06129032258	8.4319548647
9.06451612903	8.4320873856
9.06774193548	8.4322196450
9.07096774194	8.4323516434
9.07419354839	8.4324833812
9.07741935484	8.4326148591
9.08064516129	8.4327460775
9.08387096774	8.4328770370
9.08709677419	8.4330077381
9.09032258065	8.4331381812
9.0935483871	8.4332683669
9.09677419355	8.4333982958
9.1	8.4335279682
9.10322580645	8.4336573848
9.1064516129	8.4337865461
9.10967741935	8.4339154525
9.11290322581	8.4340441045
9.11612903226	8.4341725028
9.11935483871	8.4343006477
9.12258064516	8.4344285397
9.12580645161	8.4345561795
9.12903225806	8.4346835674
9.13225806452	8.4348107040
9.13548387097	8.4349375898
9.13870967742	8.4350642252
9.14193548387	8.4351906109
9.14516129032	8.4353167472
9.14838709677	8.4354426347
9.15161290323	8.4355682738
9.15483870968	8.4356936651
9.15806451613	8.4358188091
9.16129032258	8.4359437062
9.16451612903	8.4360683570
9.16774193548	8.4361927619
9.17096774194	8.4363169214
9.17419354839	8.4364408360
9.17741935484	8.4365645061
9.18064516129	8.4366879324
9.18387096774	8.4368111152
9.18709677419	8.4369340551
9.19032258065	8.4370567525
9.1935483871	8.4371792080
9.19677419355	8.4373014219
9.2	8.4374233948
9.20322580645	8.4375451271
9.2064516129	8.4376666194
9.20967741935	8.4377878721
9.21290322581	8.4379088857
9.21612903226	8.4380296607
9.21935483871	8.4381501975
9.22258064516	8.4382704966
9.22580645161	8.4383905584
9.22903225806	8.4385103836
9.23225806452	8.4386299725
9.23548387097	8.4387493255
9.23870967742	8.4388684433
9.24193548387	8.4389873261
9.24516129032	8.4391059746
9.24838709677	8.4392243892
9.25161290323	8.4393425702
9.25483870968	8.4394605183
9.25806451613	8.4395782338
9.26129032258	8.4396957173
9.26451612903	8.4398129692
9.26774193548	8.4399299898
9.27096774194	8.4400467798
9.27419354839	8.4401633396
9.27741935484	8.4402796696
9.28064516129	8.4403957703
9.28387096774	8.4405116421
9.28709677419	8.4406272855
9.29032258065	8.4407427009
9.2935483871	8.4408578888
9.29677419355	8.4409728497
9.3	8.4410875840
9.30322580645	8.4412020922
9.3064516129	8.4413163746
9.30967741935	8.4414304318
9.31290322581	8.4415442642
9.31612903226	8.4416578723
9.31935483871	8.4417712564
9.32258064516	8.4418844171
9.32580645161	8.4419973548
9.32903225806	8.4421100699
9.33225806452	8.4422225628
9.33548387097	8.4423348341
9.33870967742	8.4424468841
9.34193548387	8.4425587133
9.34516129032	8.4426703221
9.34838709677	8.4427817111
9.35161290323	8.4428928805
9.35483870968	8.4430038308
9.35806451613	8.4431145626
9.36129032258	8.4432250761
9.36451612903	8.4433353719
9.36774193548	8.4434454504
9.37096774194	8.4435553119
9.37419354839	8.4436649571
9.37741935484	8.4437743862
9.38064516129	8.4438835997
9.38387096774	8.4439925980
9.38709677419	8.4441013816
9.39032258065	8.4442099509
9.3935483871	8.4443183062
9.39677419355	8.4444264482
9.4	8.4445343770
9.40322580645	8.4446420933
9.4064516129	8.4447495974
9.40967741935	8.4448568897
9.41290322581	8.4449639706
9.41612903226	8.4450708406
9.41935483871	8.4451775001
9.42258064516	8.4452839496
9.42580645161	8.4453901893
9.42903225806	8.4454962198
9.43225806452	8.4456020414
9.43548387097	8.4457076546
9.43870967742	8.4458130598
9.44193548387	8.4459182574
9.44516129032	8.4460232479
9.44838709677	8.4461280315
9.45161290323	8.4462326088
9.45483870968	8.4463369801
9.45806451613	8.4464411459
9.46129032258	8.4465451065
9.46451612903	8.4466488624
9.46774193548	8.4467524140
9.47096774194	8.4468557617
9.47419354839	8.4469589059
9.47741935484	8.4470618469
9.48064516129	8.4471645853
9.48387096774	8.4472671213
9.48709677419	8.4473694555
9.49032258065	8.4474715882
9.4935483871	8.4475735197
9.49677419355	8.4476752506
9.5	8.4477767812
9.50322580645	8.4478781118
9.5064516129	8.4479792430
9.50967741935	8.4480801751
9.51290322581	8.4481809084
9.51612903226	8.4482814435
9.51935483871	8.4483817806
9.52258064516	8.4484819202
9.52580645161	8.4485818626
9.52903225806	8.4486816084
9.53225806452	8.4487811577
9.53548387097	8.4488805111
9.53870967742	8.4489796689
9.54193548387	8.4490786316
9.54516129032	8.4491773994
9.54838709677	8.4492759728
9.55161290323	8.4493743523
9.55483870968	8.4494725380
9.55806451613	8.4495705305
9.56129032258	8.4496683302
9.56451612903	8.4497659373
9.56774193548	8.4498633524
9.57096774194	8.4499605757
9.57419354839	8.4500576077
9.57741935484	8.4501544487
9.58064516129	8.4502510992
9.58387096774	8.4503475594
9.58709677419	8.4504438299
9.59032258065	8.4505399108
9.5935483871	8.4506358027
9.59677419355	8.4507315059
9.6	8.4508270208
9.60322580645	8.4509223477
9.6064516129	8.4510174871
9.60967741935	8.4511124392
9.61290322581	8.4512072045
9.61612903226	8.4513017834
9.61935483871	8.4513961762
9.62258064516	8.4514903832
9.62580645161	8.4515844049
9.62903225806	8.4516782416
9.63225806452	8.4517718938
9.63548387097	8.4518653616
9.63870967742	8.4519586456
9.64193548387	8.4520517460
9.64516129032	8.4521446633
9.64838709677	8.4522373979
9.65161290323	8.4523299499
9.65483870968	8.4524223200
9.65806451613	8.4525145083
9.66129032258	8.4526065153
9.66451612903	8.4526983413
9.66774193548	8.4527899867
9.67096774194	8.4528814518
9.67419354839	8.4529727370
9.67741935484	8.4530638427
9.68064516129	8.4531547691
9.68387096774	8.4532455168
9.68709677419	8.4533360859
9.69032258065	8.4534264770
9.6935483871	8.4535166902
9.69677419355	8.4536067261
9.7	8.4536965848
9.70322580645	8.4537862669
9.7064516129	8.4538757726
9.70967741935	8.4539651023
9.71290322581	8.4540542563
9.71612903226	8.4541432350
9.71935483871	8.4542320387
9.72258064516	8.4543206678
9.72580645161	8.4544091226
9.72903225806	8.4544974036
9.73225806452	8.4545855109
9.73548387097	8.4546734450
9.73870967742	8.4547612062
9.74193548387	8.4548487948
9.74516129032	8.4549362112
9.74838709677	8.4550234558
9.75161290323	8.4551105288
9.75483870968	8.4551974307
9.75806451613	8.4552841617
9.76129032258	8.4553707222
9.76451612903	8.4554571126
9.76774193548	8.4555433331
9.77096774194	8.4556293841
9.77419354839	8.4557152660
9.77741935484	8.4558009790
9.78064516129	8.4558865236
9.78387096774	8.4559719000
9.78709677419	8.4560571086
9.79032258065	8.4561421497
9.7935483871	8.4562270236
9.79677419355	8.4563117308
9.8	8.4563962714
9.80322580645	8.4564806459
9.8064516129	8.4565648546
9.80967741935	8.4566488977
9.81290322581	8.4567327757
9.81612903226	8.4568164889
9.81935483871	8.4569000375
9.82258064516	8.4569834220
9.82580645161	8.4570666425
9.82903225806	8.4571496996
9.83225806452	8.4572325934
9.83548387097	8.4573153244
9.83870967742	8.4573978927
9.84193548387	8.4574802989
9.84516129032	8.4575625431
9.84838709677	8.4576446257
9.85161290323	8.4577265470
9.85483870968	8.4578083074
9.85806451613	8.4578899071
9.86129032258	8.4579713466
9.86451612903	8.4580526260
9.86774193548	8.4581337457
9.87096774194	8.4582147061
9.87419354839	8.4582955074
9.87741935484	8.4583761499
9.88064516129	8.4584566341
9.88387096774	8.4585369601
9.88709677419	8.4586171284
9.89032258065	8.4586971391
9.8935483871	8.4587769927
9.89677419355	8.4588566895
9.9	8.4589362297
9.90322580645	8.4590156136
9.9064516129	8.4590948416
9.90967741935	8.4591739141
9.91290322581	8.4592528312
9.91612903226	8.4593315933
9.91935483871	8.4594102007
9.92258064516	8.4594886538
9.92580645161	8.4595669527
9.92903225806	8.4596450979
9.93225806452	8.4597230897
9.93548387097	8.4598009282
9.93870967742	8.4598786139
9.94193548387	8.4599561471
9.94516129032	8.4600335280
9.94838709677	8.4601107569
9.95161290323	8.4601878342
9.95483870968	8.4602647602
9.95806451613	8.4603415351
9.96129032258	8.4604181592
9.96451612903	8.4604946329
9.96774193548	8.4605709565
9.97096774194	8.4606471302
9.97419354839	8.4607231543
9.97741935484	8.4607990292
9.98064516129	8.4608747552
9.98387096774	8.4609503324
9.98709677419	8.4610257613
9.99032258065	8.4611010421
9.9935483871	8.4611761751
9.99677419355	8.4612511607
