0.0	2.9091196405
0.0030303030303	2.9094527664
0.00606060606061	2.9097968411
0.00909090909091	2.9101515288
0.0121212121212	2.9105165282
0.0151515151515	2.9108915519
0.0181818181818	2.9112763264
0.0212121212121	2.9116705909
0.0242424242424	2.9120740968
0.0272727272727	2.9124866073
0.030303030303	2.9129078969
0.0333333333333	2.9133377507
0.0363636363636	2.9137759639
0.0393939393939	2.9142223415
0.0424242424242	2.9146766979
0.0454545454545	2.9151388563
0.0484848484848	2.9156086483
0.0515151515152	2.9160859137
0.0545454545455	2.9165705000
0.0575757575758	2.9170622621
0.0606060606061	2.9175610619
0.0636363636364	2.9180667682
0.0666666666667	2.9185792560
0.069696969697	2.9190984067
0.0727272727273	2.9196241074
0.0757575757576	2.9201562510
0.0787878787879	2.9206947355
0.0818181818182	2.9212394643
0.0848484848485	2.9217903456
0.0878787878788	2.9223472924
0.0909090909091	2.9229102220
0.0939393939394	2.9234790563
0.0969696969697	2.9240537209
0.1	2.9246341457
0.10303030303	2.9252202642
0.106060606061	2.9258120135
0.109090909091	2.9264093342
0.112121212121	2.9270121702
0.115151515152	2.9276204685
0.118181818182	2.9282341791
0.121212121212	2.9288532551
0.124242424242	2.9294776522
0.127272727273	2.9301073287
0.130303030303	2.9307422456
0.133333333333	2.9313823663
0.136363636364	2.9320276566
0.139393939394	2.9326780843
0.142424242424	2.9333336196
0.145454545455	2.9339942347
0.148484848485	2.9346599038
0.151515151515	2.9353306029
0.154545454545	2.9360063098
0.157575757576	2.9366870043
0.160606060606	2.9373726676
0.163636363636	2.9380632826
0.166666666667	2.9387588338
0.169696969697	2.9394593072
0.172727272727	2.9401646901
0.175757575758	2.9408749713
0.178787878788	2.9415901408
0.181818181818	2.9423101899
0.184848484848	2.9430351113
0.187878787879	2.9437648986
0.190909090909	2.9444995467
0.193939393939	2.9452390514
0.19696969697	2.9459834098
0.2	2.9467326199
0.20303030303	2.9474866805
0.206060606061	2.9482455915
0.209090909091	2.9490093538
0.212121212121	2.9497779688
0.215151515152	2.9505514392
0.218181818182	2.9513297681
0.221212121212	2.9521129595
0.224242424242	2.9529010183
0.227272727273	2.9536939499
0.230303030303	2.9544917605
0.233333333333	2.9552944569
0.236363636364	2.9561020467
0.239393939394	2.9569145380
0.242424242424	2.9577319394
0.245454545455	2.9585542603
0.248484848485	2.9593815105
0.251515151515	2.9602137005
0.254545454545	2.9610508411
0.257575757576	2.9618929437
0.260606060606	2.9627400203
0.263636363636	2.9635920832
0.266666666667	2.9644491454
0.269696969697	2.9653112199
0.272727272727	2.9661783207
0.275757575758	2.9670504617
0.278787878788	2.9679276575
0.281818181818	2.9688099230
0.284848484848	2.9696972735
0.287878787879	2.9705897246
0.290909090909	2.9714872923
0.293939393939	2.9723899928
0.29696969697	2.9732978430
0.3	2.9742108597
0.30303030303	2.9751290601
0.306060606061	2.9760524620
0.309090909091	2.9769810832
0.312121212121	2.9779149417
0.315151515152	2.9788540560
0.318181818182	2.9797984448
0.321212121212	2.9807481270
0.324242424242	2.9817031219
0.327272727273	2.9826634487
0.330303030303	2.9836291271
0.333333333333	2.9846001771
0.336363636364	2.9855766187
0.339393939394	2.9865584722
0.342424242424	2.9875457580
0.345454545455	2.9885384970
0.348484848485	2.9895367099
0.351515151515	2.9905404178
0.354545454545	2.9915496420
0.357575757576	2.9925644039
0.360606060606	2.9935847250
0.363636363636	2.9946106272
0.366666666667	2.9956421323
0.369696969697	2.9966792624
0.372727272727	2.9977220396
0.375757575758	2.9987704863
0.378787878788	2.9998246249
0.381818181818	3.0008844781
0.384848484848	3.0019500685
0.387878787879	3.0030214191
0.390909090909	3.0040985528
0.393939393939	3.0051814925
0.39696969697	3.0062702616
0.4	3.0073648833
0.40303030303	3.0084653810
0.406060606061	3.0095717780
0.409090909091	3.0106840981
0.412121212121	3.0118023649
0.415151515152	3.0129266019
0.418181818182	3.0140568332
0.421212121212	3.0151930825
0.424242424242	3.0163353738
0.427272727273	3.0174837311
0.430303030303	3.0186381785
0.433333333333	3.0197987402
0.436363636364	3.0209654402
0.439393939394	3.0221383028
0.442424242424	3.0233173524
0.445454545455	3.0245026133
0.448484848485	3.0256941097
0.451515151515	3.0268918662
0.454545454545	3.0280959071
0.457575757576	3.0293062570
0.460606060606	3.0305229403
0.463636363636	3.0317459815
0.466666666667	3.0329754052
0.469696969697	3.0342112360
0.472727272727	3.0354534983
0.475757575758	3.0367022167
0.478787878788	3.0379574159
0.481818181818	3.0392191203
0.484848484848	3.0404873546
0.487878787879	3.0417621434
0.490909090909	3.0430435111
0.493939393939	3.0443314824
0.49696969697	3.0456260818
0.5	3.0469273337
0.50303030303	3.0482352628
0.506060606061	3.0495498934
0.509090909091	3.0508712500
0.512121212121	3.0521993570
0.515151515152	3.0535342388
0.518181818182	3.0548759197
0.521212121212	3.0562244241
0.524242424242	3.0575797761
0.527272727273	3.0589419999
0.530303030303	3.0603111199
0.533333333333	3.0616871599
0.536363636364	3.0630701441
0.539393939394	3.0644600965
0.542424242424	3.0658570409
0.545454545455	3.0672610013
0.548484848485	3.0686720014
0.551515151515	3.0700900650
0.554545454545	3.0715152155
0.557575757576	3.0729474768
0.560606060606	3.0743868721
0.563636363636	3.0758334249
0.566666666667	3.0772871585
0.569696969697	3.0787480961
0.572727272727	3.0802162608
0.575757575758	3.0816916756
0.578787878788	3.0831743635
0.581818181818	3.0846643473
0.584848484848	3.0861616497
0.587878787879	3.0876662932
0.590909090909	3.0891783004
0.593939393939	3.0906976936
0.59696969697	3.0922244951
0.6	3.0937587271
0.60303030303	3.0953004115
0.606060606061	3.0968495702
0.609090909091	3.0984062249
0.612121212121	3.0999703974
0.615151515152	3.1015421090
0.618181818182	3.1031213812
0.621212121212	3.1047082351
0.624242424242	3.1063026917
0.627272727273	3.1079047721
0.630303030303	3.1095144969
0.633333333333	3.1111318869
0.636363636364	3.1127569623
0.639393939394	3.1143897436
0.642424242424	3.1160302510
0.645454545455	3.1176785042
0.648484848485	3.1193345233
0.651515151515	3.1209983279
0.654545454545	3.1226699373
0.657575757576	3.1243493710
0.660606060606	3.1260366481
0.663636363636	3.1277317875
0.666666666667	3.1294348080
0.669696969697	3.1311457282
0.672727272727	3.1328645666
0.675757575758	3.1345913413
0.678787878788	3.1363260704
0.681818181818	3.1380687718
0.684848484848	3.1398194631
0.687878787879	3.1415781617
0.690909090909	3.1433448851
0.693939393939	3.1451196501
0.69696969697	3.1469024738
0.7	3.1486933728
0.70303030303	3.1504923635
0.706060606061	3.1522994623
0.709090909091	3.1541146851
0.712121212121	3.1559380479
0.715151515152	3.1577695663
0.718181818182	3.1596092557
0.721212121212	3.1614571313
0.724242424242	3.1633132082
0.727272727273	3.1651775012
0.730303030303	3.1670500247
0.733333333333	3.1689307933
0.736363636364	3.1708198210
0.739393939394	3.1727171217
0.742424242424	3.1746227092
0.745454545455	3.1765365969
0.748484848485	3.1784587981
0.751515151515	3.1803893258
0.754545454545	3.1823281929
0.757575757576	3.1842754119
0.760606060606	3.1862309951
0.763636363636	3.1881949548
0.766666666667	3.1901673028
0.769696969697	3.1921480508
0.772727272727	3.1941372103
0.775757575758	3.1961347924
0.778787878788	3.1981408083
0.781818181818	3.2001552686
0.784848484848	3.2021781839
0.787878787879	3.2042095645
0.790909090909	3.2062494205
0.793939393939	3.2082977618
0.79696969697	3.2103545980
0.8	3.2124199385
0.80303030303	3.2144937924
0.806060606061	3.2165761688
0.809090909091	3.2186670763
0.812121212121	3.2207665234
0.815151515152	3.2228745184
0.818181818182	3.2249910694
0.821212121212	3.2271161842
0.824242424242	3.2292498703
0.827272727273	3.2313921351
0.830303030303	3.2335429858
0.833333333333	3.2357024293
0.836363636364	3.2378704724
0.839393939394	3.2400471214
0.842424242424	3.2422323827
0.845454545455	3.2444262623
0.848484848485	3.2466287661
0.851515151515	3.2488398997
0.854545454545	3.2510596684
0.857575757576	3.2532880775
0.860606060606	3.2555251319
0.863636363636	3.2577708365
0.866666666667	3.2600251957
0.869696969697	3.2622882140
0.872727272727	3.2645598954
0.875757575758	3.2668402440
0.878787878788	3.2691292634
0.881818181818	3.2714269573
0.884848484848	3.2737333289
0.887878787879	3.2760483814
0.890909090909	3.2783721177
0.893939393939	3.2807045406
0.89696969697	3.2830456527
0.9	3.2853954562
0.90303030303	3.2877539535
0.906060606061	3.2901211465
0.909090909091	3.2924970370
0.912121212121	3.2948816265
0.915151515152	3.2972749167
0.918181818182	3.2996769087
0.921212121212	3.3020876036
0.924242424242	3.3045070023
0.927272727273	3.3069351055
0.930303030303	3.3093719139
0.933333333333	3.3118174278
0.936363636364	3.3142716474
0.939393939394	3.3167345728
0.942424242424	3.3192062038
0.945454545455	3.3216865403
0.948484848485	3.3241755817
0.951515151515	3.3266733276
0.954545454545	3.3291797770
0.957575757576	3.3316949292
0.960606060606	3.3342187830
0.963636363636	3.3367513373
0.966666666667	3.3392925907
0.969696969697	3.3418425417
0.972727272727	3.3444011886
0.975757575758	3.3469685296
0.978787878788	3.3495445628
0.981818181818	3.3521292862
0.984848484848	3.3547226974
0.987878787879	3.3573247941
0.990909090909	3.3599355738
0.993939393939	3.3625550339
0.99696969697	3.3651831716
1.0	3.3678199839
1.00303030303	3.3704654680
1.00606060606	3.3731196205
1.00909090909	3.3757824382
1.01212121212	3.3784539176
1.01515151515	3.3811340553
1.01818181818	3.3838228475
1.02121212121	3.3865202904
1.02424242424	3.3892263802
1.02727272727	3.3919411126
1.0303030303	3.3946644837
1.03333333333	3.3973964890
1.03636363636	3.4001371242
1.03939393939	3.4028863848
1.04242424242	3.4056442660
1.04545454545	3.4084107631
1.04848484848	3.4111858712
1.05151515152	3.4139695854
1.05454545455	3.4167619004
1.05757575758	3.4195628110
1.06060606061	3.4223723119
1.06363636364	3.4251903976
1.06666666667	3.4280170625
1.0696969697	3.4308523009
1.07272727273	3.4336961069
1.07575757576	3.4365484746
1.07878787879	3.4394093979
1.08181818182	3.4422788707
1.08484848485	3.4451568867
1.08787878788	3.4480434394
1.09090909091	3.4509385223
1.09393939394	3.4538421288
1.09696969697	3.4567542521
1.1	3.4596748852
1.10303030303	3.4626040212
1.10606060606	3.4655416530
1.10909090909	3.4684877733
1.11212121212	3.4714423746
1.11515151515	3.4744054496
1.11818181818	3.4773769906
1.12121212121	3.4803569899
1.12424242424	3.4833454395
1.12727272727	3.4863423315
1.1303030303	3.4893476577
1.13333333333	3.4923614100
1.13636363636	3.4953835798
1.13939393939	3.4984141588
1.14242424242	3.5014531381
1.14545454545	3.5045005092
1.14848484848	3.5075562630
1.15151515152	3.5106203905
1.15454545455	3.5136928825
1.15757575758	3.5167737298
1.16060606061	3.5198629227
1.16363636364	3.5229604518
1.16666666667	3.5260663073
1.1696969697	3.5291804792
1.17272727273	3.5323029577
1.17575757576	3.5354337324
1.17878787879	3.5385727931
1.18181818182	3.5417201293
1.18484848485	3.5448757303
1.18787878788	3.5480395855
1.19090909091	3.5512116839
1.19393939394	3.5543920143
1.19696969697	3.5575805656
1.2	3.5607773265
1.20303030303	3.5639822852
1.20606060606	3.5671954302
1.20909090909	3.5704167496
1.21212121212	3.5736462314
1.21515151515	3.5768838633
1.21818181818	3.5801296330
1.22121212121	3.5833835281
1.22424242424	3.5866455358
1.22727272727	3.5899156433
1.2303030303	3.5931938375
1.23333333333	3.5964801054
1.23636363636	3.5997744336
1.23939393939	3.6030768084
1.24242424242	3.6063872164
1.24545454545	3.6097056435
1.24848484848	3.6130320757
1.25151515152	3.6163664989
1.25454545455	3.6197088987
1.25757575758	3.6230592605
1.26060606061	3.6264175695
1.26363636364	3.6297838110
1.26666666667	3.6331579696
1.2696969697	3.6365400303
1.27272727273	3.6399299776
1.27575757576	3.6433277958
1.27878787879	3.6467334692
1.28181818182	3.6501469817
1.28484848485	3.6535683173
1.28787878788	3.6569974595
1.29090909091	3.6604343920
1.29393939394	3.6638790979
1.29696969697	3.6673315604
1.3	3.6707917624
1.30303030303	3.6742596868
1.30606060606	3.6777353161
1.30909090909	3.6812186327
1.31212121212	3.6847096188
1.31515151515	3.6882082566
1.31818181818	3.6917145278
1.32121212121	3.6952284142
1.32424242424	3.6987498973
1.32727272727	3.7022789585
1.3303030303	3.7058155788
1.33333333333	3.7093597394
1.33636363636	3.7129114209
1.33939393939	3.7164706041
1.34242424242	3.7200372695
1.34545454545	3.7236113972
1.34848484848	3.7271929675
1.35151515152	3.7307819603
1.35454545455	3.7343783554
1.35757575758	3.7379821323
1.36060606061	3.7415932706
1.36363636364	3.7452117495
1.36666666667	3.7488375481
1.3696969697	3.7524706453
1.37272727273	3.7561110200
1.37575757576	3.7597586508
1.37878787879	3.7634135161
1.38181818182	3.7670755942
1.38484848485	3.7707448633
1.38787878788	3.7744213013
1.39090909091	3.7781048861
1.39393939394	3.7817955953
1.39696969697	3.7854934065
1.4	3.7891982970
1.40303030303	3.7929102440
1.40606060606	3.7966292245
1.40909090909	3.8003552156
1.41212121212	3.8040881940
1.41515151515	3.8078281363
1.41818181818	3.8115750190
1.42121212121	3.8153288183
1.42424242424	3.8190895107
1.42727272727	3.8228570720
1.4303030303	3.8266314782
1.43333333333	3.8304127051
1.43636363636	3.8342007284
1.43939393939	3.8379955236
1.44242424242	3.8417970660
1.44545454545	3.8456053310
1.44848484848	3.8494202938
1.45151515152	3.8532419292
1.45454545455	3.8570702122
1.45757575758	3.8609051176
1.46060606061	3.8647466200
1.46363636364	3.8685946940
1.46666666667	3.8724493139
1.4696969697	3.8763104541
1.47272727273	3.8801780888
1.47575757576	3.8840521920
1.47878787879	3.8879327378
1.48181818182	3.8918196999
1.48484848485	3.8957130521
1.48787878788	3.8996127681
1.49090909091	3.9035188214
1.49393939394	3.9074311854
1.49696969697	3.9113498336
1.5	3.9152747392
1.50303030303	3.9192058752
1.50606060606	3.9231432148
1.50909090909	3.9270867310
1.51212121212	3.9310363966
1.51515151515	3.9349921843
1.51818181818	3.9389540670
1.52121212121	3.9429220172
1.52424242424	3.9468960074
1.52727272727	3.9508760101
1.5303030303	3.9548619976
1.53333333333	3.9588539423
1.53636363636	3.9628518164
1.53939393939	3.9668555919
1.54242424242	3.9708652410
1.54545454545	3.9748807355
1.54848484848	3.9789020476
1.55151515152	3.9829291489
1.55454545455	3.9869620112
1.55757575758	3.9910006063
1.56060606061	3.9950449059
1.56363636364	3.9990948814
1.56666666667	4.0031505044
1.5696969697	4.0072117465
1.57272727273	4.0112785788
1.57575757576	4.0153509729
1.57878787879	4.0194289000
1.58181818182	4.0235123313
1.58484848485	4.0276012380
1.58787878788	4.0316955913
1.59090909091	4.0357953621
1.59393939394	4.0399005216
1.59696969697	4.0440110407
1.6	4.0481268903
1.60303030303	4.0522480413
1.60606060606	4.0563744647
1.60909090909	4.0605061310
1.61212121212	4.0646430112
1.61515151515	4.0687850760
1.61818181818	4.0729322960
1.62121212121	4.0770846418
1.62424242424	4.0812420842
1.62727272727	4.0854045936
1.6303030303	4.0895721406
1.63333333333	4.0937446956
1.63636363636	4.0979222293
1.63939393939	4.1021047120
1.64242424242	4.1062921141
1.64545454545	4.1104844061
1.64848484848	4.1146815582
1.65151515152	4.1188835409
1.65454545455	4.1230903245
1.65757575758	4.1273018791
1.66060606061	4.1315181752
1.66363636364	4.1357391829
1.66666666667	4.1399648726
1.6696969697	4.1441952143
1.67272727273	4.1484301783
1.67575757576	4.1526697347
1.67878787879	4.1569138537
1.68181818182	4.1611625056
1.68484848485	4.1654156603
1.68787878788	4.1696732879
1.69090909091	4.1739353588
1.69393939394	4.1782018428
1.69696969697	4.1824727100
1.7	4.1867479307
1.70303030303	4.1910274747
1.70606060606	4.1953113123
1.70909090909	4.1995994133
1.71212121212	4.2038917480
1.71515151515	4.2081882862
1.71818181818	4.2124889981
1.72121212121	4.2167938537
1.72424242424	4.2211028230
1.72727272727	4.2254158761
1.7303030303	4.2297329829
1.73333333333	4.2340541135
1.73636363636	4.2383792380
1.73939393939	4.2427083263
1.74242424242	4.2470413485
1.74545454545	4.2513782746
1.74848484848	4.2557190747
1.75151515152	4.2600637188
1.75454545455	4.2644121770
1.75757575758	4.2687644193
1.76060606061	4.2731204157
1.76363636364	4.2774801364
1.76666666667	4.2818435514
1.7696969697	4.2862106308
1.77272727273	4.2905813448
1.77575757576	4.2949556633
1.77878787879	4.2993335565
1.78181818182	4.3037149946
1.78484848485	4.3080999477
1.78787878788	4.3124883859
1.79090909091	4.3168802794
1.79393939394	4.3212755984
1.79696969697	4.3256743130
1.8	4.3300763935
1.80303030303	4.3344818101
1.80606060606	4.3388905330
1.80909090909	4.3433025326
1.81212121212	4.3477177789
1.81515151515	4.3521362425
1.81818181818	4.3565578935
1.82121212121	4.3609827022
1.82424242424	4.3654106392
1.82727272727	4.3698416746
1.8303030303	4.3742757789
1.83333333333	4.3787129226
1.83636363636	4.3831530759
1.83939393939	4.3875962095
1.84242424242	4.3920422937
1.84545454545	4.3964912991
1.84848484848	4.4009431962
1.85151515152	4.4053979556
1.85454545455	4.4098555478
1.85757575758	4.4143159434
1.86060606061	4.4187791131
1.86363636364	4.4232450275
1.86666666667	4.4277136573
1.8696969697	4.4321849732
1.87272727273	4.4366589459
1.87575757576	4.4411355463
1.87878787879	4.4456147450
1.88181818182	4.4500965130
1.88484848485	4.4545808211
1.88787878788	4.4590676402
1.89090909091	4.4635569412
1.89393939394	4.4680486951
1.89696969697	4.4725428728
1.9	4.4770394453
1.90303030303	4.4815383838
1.90606060606	4.4860396593
1.90909090909	4.4905432429
1.91212121212	4.4950491058
1.91515151515	4.4995572192
1.91818181818	4.5040675542
1.92121212121	4.5085800822
1.92424242424	4.5130947745
1.92727272727	4.5176116024
1.9303030303	4.5221305373
1.93333333333	4.5266515506
1.93636363636	4.5311746137
1.93939393939	4.5356996981
1.94242424242	4.5402267755
1.94545454545	4.5447558173
1.94848484848	4.5492867952
1.95151515152	4.5538196808
1.95454545455	4.5583544458
1.95757575758	4.5628910620
1.96060606061	4.5674295012
1.96363636364	4.5719697351
1.96666666667	4.5765117357
1.9696969697	4.5810554749
1.97272727273	4.5856009246
1.97575757576	4.5901480569
1.97878787879	4.5946968437
1.98181818182	4.5992472572
1.98484848485	4.6037992696
1.98787878788	4.6083528529
1.99090909091	4.6129079796
1.99393939394	4.6174646218
1.99696969697	4.6220227519
2.0	4.6265823422
2.00303030303	4.6311433653
2.00606060606	4.6357057935
2.00909090909	4.6402695995
2.01212121212	4.6448347557
2.01515151515	4.6494012349
2.01818181818	4.6539690098
2.02121212121	4.6585380530
2.02424242424	4.6631083373
2.02727272727	4.6676798357
2.0303030303	4.6722525209
2.03333333333	4.6768263660
2.03636363636	4.6814013439
2.03939393939	4.6859774277
2.04242424242	4.6905545905
2.04545454545	4.6951328056
2.04848484848	4.6997120460
2.05151515152	4.7042922851
2.05454545455	4.7088734962
2.05757575758	4.7134556527
2.06060606061	4.7180387281
2.06363636364	4.7226226959
2.06666666667	4.7272075296
2.0696969697	4.7317932028
2.07272727273	4.7363796892
2.07575757576	4.7409669627
2.07878787879	4.7455549969
2.08181818182	4.7501437657
2.08484848485	4.7547332430
2.08787878788	4.7593234029
2.09090909091	4.7639142193
2.09393939394	4.7685056664
2.09696969697	4.7730977183
2.1	4.7776903492
2.10303030303	4.7822835335
2.10606060606	4.7868772454
2.10909090909	4.7914714594
2.11212121212	4.7960661500
2.11515151515	4.8006612916
2.11818181818	4.8052568589
2.12121212121	4.8098528266
2.12424242424	4.8144491693
2.12727272727	4.8190458618
2.1303030303	4.8236428791
2.13333333333	4.8282401960
2.13636363636	4.8328377875
2.13939393939	4.8374356287
2.14242424242	4.8420336947
2.14545454545	4.8466319606
2.14848484848	4.8512304017
2.15151515152	4.8558289933
2.15454545455	4.8604277108
2.15757575758	4.8650265297
2.16060606061	4.8696254255
2.16363636364	4.8742243736
2.16666666667	4.8788233499
2.1696969697	4.8834223300
2.17272727273	4.8880212897
2.17575757576	4.8926202048
2.17878787879	4.8972190513
2.18181818182	4.9018178052
2.18484848485	4.9064164425
2.18787878788	4.9110149393
2.19090909091	4.9156132719
2.19393939394	4.9202114165
2.19696969697	4.9248093495
2.2	4.9294070472
2.20303030303	4.9340044862
2.20606060606	4.9386016429
2.20909090909	4.9431984941
2.21212121212	4.9477950163
2.21515151515	4.9523911865
2.21818181818	4.9569869813
2.22121212121	4.9615823777
2.22424242424	4.9661773526
2.22727272727	4.9707718832
2.2303030303	4.9753659465
2.23333333333	4.9799595197
2.23636363636	4.9845525801
2.23939393939	4.9891451050
2.24242424242	4.9937370718
2.24545454545	4.9983284580
2.24848484848	5.0029192412
2.25151515152	5.0075093989
2.25454545455	5.0120989088
2.25757575758	5.0166877488
2.26060606061	5.0212758966
2.26363636364	5.0258633302
2.26666666667	5.0304500276
2.2696969697	5.0350359668
2.27272727273	5.0396211259
2.27575757576	5.0442054832
2.27878787879	5.0487890169
2.28181818182	5.0533717055
2.28484848485	5.0579535272
2.28787878788	5.0625344607
2.29090909091	5.0671144845
2.29393939394	5.0716935772
2.29696969697	5.0762717175
2.3	5.0808488844
2.30303030303	5.0854250565
2.30606060606	5.0900002130
2.30909090909	5.0945743327
2.31212121212	5.0991473948
2.31515151515	5.1037193785
2.31818181818	5.1082902630
2.32121212121	5.1128600277
2.32424242424	5.1174286518
2.32727272727	5.1219961149
2.3303030303	5.1265623965
2.33333333333	5.1311274763
2.33636363636	5.1356913339
2.33939393939	5.1402539491
2.34242424242	5.1448153017
2.34545454545	5.1493753716
2.34848484848	5.1539341389
2.35151515152	5.1584915836
2.35454545455	5.1630476859
2.35757575758	5.1676024259
2.36060606061	5.1721557840
2.36363636364	5.1767077404
2.36666666667	5.1812582757
2.3696969697	5.1858073704
2.37272727273	5.1903550051
2.37575757576	5.1949011603
2.37878787879	5.1994458169
2.38181818182	5.2039889557
2.38484848485	5.2085305576
2.38787878788	5.2130706035
2.39090909091	5.2176090745
2.39393939394	5.2221459517
2.39696969697	5.2266812162
2.4	5.2312148494
2.40303030303	5.2357468326
2.40606060606	5.2402771472
2.40909090909	5.2448057747
2.41212121212	5.2493326966
2.41515151515	5.2538578947
2.41818181818	5.2583813505
2.42121212121	5.2629030460
2.42424242424	5.2674229629
2.42727272727	5.2719410833
2.4303030303	5.2764573890
2.43333333333	5.2809718623
2.43636363636	5.2854844853
2.43939393939	5.2899952402
2.44242424242	5.2945041094
2.44545454545	5.2990110751
2.44848484848	5.3035161200
2.45151515152	5.3080192265
2.45454545455	5.3125203772
2.45757575758	5.3170195549
2.46060606061	5.3215167423
2.46363636364	5.3260119221
2.46666666667	5.3305050775
2.4696969697	5.3349961912
2.47272727273	5.3394852465
2.47575757576	5.3439722264
2.47878787879	5.3484571141
2.48181818182	5.3529398929
2.48484848485	5.3574205461
2.48787878788	5.3618990573
2.49090909091	5.3663754099
2.49393939394	5.3708495875
2.49696969697	5.3753215736
2.5	5.3797913522
2.50303030303	5.3842589069
2.50606060606	5.3887242217
2.50909090909	5.3931872804
2.51212121212	5.3976480671
2.51515151515	5.4021065659
2.51818181818	5.4065627610
2.52121212121	5.4110166366
2.52424242424	5.4154681770
2.52727272727	5.4199173666
2.5303030303	5.4243641899
2.53333333333	5.4288086313
2.53636363636	5.4332506756
2.53939393939	5.4376903073
2.54242424242	5.4421275113
2.54545454545	5.4465622723
2.54848484848	5.4509945753
2.55151515152	5.4554244052
2.55454545455	5.4598517471
2.55757575758	5.4642765860
2.56060606061	5.4686989072
2.56363636364	5.4731186959
2.56666666667	5.4775359375
2.5696969697	5.4819506173
2.57272727273	5.4863627208
2.57575757576	5.4907722336
2.57878787879	5.4951791413
2.58181818182	5.4995834296
2.58484848485	5.5039850842
2.58787878788	5.5083840910
2.59090909091	5.5127804358
2.59393939394	5.5171741047
2.59696969697	5.5215650837
2.6	5.5259533588
2.60303030303	5.5303389164
2.60606060606	5.5347217426
2.60909090909	5.5391018238
2.61212121212	5.5434791463
2.61515151515	5.5478536967
2.61818181818	5.5522254615
2.62121212121	5.5565944272
2.62424242424	5.5609605806
2.62727272727	5.5653239085
2.6303030303	5.5696843975
2.63333333333	5.5740420347
2.63636363636	5.5783968070
2.63939393939	5.5827487013
2.64242424242	5.5870977049
2.64545454545	5.5914438048
2.64848484848	5.5957869884
2.65151515152	5.6001272428
2.65454545455	5.6044645555
2.65757575758	5.6087989140
2.66060606061	5.6131303056
2.66363636364	5.6174587181
2.66666666667	5.6217841390
2.6696969697	5.6261065561
2.67272727273	5.6304259571
2.67575757576	5.6347423299
2.67878787879	5.6390556625
2.68181818182	5.6433659428
2.68484848485	5.6476731588
2.68787878788	5.6519772987
2.69090909091	5.6562783506
2.69393939394	5.6605763029
2.69696969697	5.6648711438
2.7	5.6691628618
2.70303030303	5.6734514453
2.70606060606	5.6777368827
2.70909090909	5.6820191628
2.71212121212	5.6862982741
2.71515151515	5.6905742054
2.71818181818	5.6948469455
2.72121212121	5.6991164832
2.72424242424	5.7033828074
2.72727272727	5.7076459072
2.7303030303	5.7119057716
2.73333333333	5.7161623896
2.73636363636	5.7204157505
2.73939393939	5.7246658435
2.74242424242	5.7289126580
2.74545454545	5.7331561832
2.74848484848	5.7373964088
2.75151515152	5.7416333240
2.75454545455	5.7458669186
2.75757575758	5.7500971822
2.76060606061	5.7543241044
2.76363636364	5.7585476750
2.76666666667	5.7627678838
2.7696969697	5.7669847208
2.77272727273	5.7711981759
2.77575757576	5.7754082390
2.77878787879	5.7796149004
2.78181818182	5.7838181500
2.78484848485	5.7880179782
2.78787878788	5.7922143751
2.79090909091	5.7964073312
2.79393939394	5.8005968368
2.79696969697	5.8047828824
2.8	5.8089654584
2.80303030303	5.8131445556
2.80606060606	5.8173201644
2.80909090909	5.8214922756
2.81212121212	5.8256608800
2.81515151515	5.8298259684
2.81818181818	5.8339875316
2.82121212121	5.8381455607
2.82424242424	5.8423000466
2.82727272727	5.8464509804
2.8303030303	5.8505983533
2.83333333333	5.8547421564
2.83636363636	5.8588823809
2.83939393939	5.8630190183
2.84242424242	5.8671520598
2.84545454545	5.8712814968
2.84848484848	5.8754073210
2.85151515152	5.8795295237
2.85454545455	5.8836480967
2.85757575758	5.8877630316
2.86060606061	5.8918743201
2.86363636364	5.8959819540
2.86666666667	5.9000859251
2.8696969697	5.9041862254
2.87272727273	5.9082828468
2.87575757576	5.9123757814
2.87878787879	5.9164650211
2.88181818182	5.9205505582
2.88484848485	5.9246323849
2.88787878788	5.9287104933
2.89090909091	5.9327848758
2.89393939394	5.9368555247
2.89696969697	5.9409224325
2.9	5.9449855917
2.90303030303	5.9490449948
2.90606060606	5.9531006343
2.90909090909	5.9571525030
2.91212121212	5.9612005935
2.91515151515	5.9652448986
2.91818181818	5.9692854111
2.92121212121	5.9733221239
2.92424242424	5.9773550299
2.92727272727	5.9813841220
2.9303030303	5.9854093934
2.93333333333	5.9894308372
2.93636363636	5.9934484464
2.93939393939	5.9974622142
2.94242424242	6.0014721340
2.94545454545	6.0054781990
2.94848484848	6.0094804027
2.95151515152	6.0134787383
2.95454545455	6.0174731995
2.95757575758	6.0214637797
2.96060606061	6.0254504725
2.96363636364	6.0294332716
2.96666666667	6.0334121705
2.9696969697	6.0373871632
2.97272727273	6.0413582433
2.97575757576	6.0453254048
2.97878787879	6.0492886414
2.98181818182	6.0532479473
2.98484848485	6.0572033163
2.98787878788	6.0611547425
2.99090909091	6.0651022201
2.99393939394	6.0690457431
2.99696969697	6.0729853059
3.0	6.0769209027
3.00303030303	6.0808525278
3.00606060606	6.0847801755
3.00909090909	6.0887038403
3.01212121212	6.0926235166
3.01515151515	6.0965391990
3.01818181818	6.1004508820
3.02121212121	6.1043585603
3.02424242424	6.1082622285
3.02727272727	6.1121618814
3.0303030303	6.1160575136
3.03333333333	6.1199491201
3.03636363636	6.1238366957
3.03939393939	6.1277202353
3.04242424242	6.1315997339
3.04545454545	6.1354751865
3.04848484848	6.1393465881
3.05151515152	6.1432139340
3.05454545455	6.1470772192
3.05757575758	6.1509364389
3.06060606061	6.1547915885
3.06363636364	6.1586426632
3.06666666667	6.1624896583
3.0696969697	6.1663325694
3.07272727273	6.1701713918
3.07575757576	6.1740061210
3.07878787879	6.1778367526
3.08181818182	6.1816632821
3.08484848485	6.1854857053
3.08787878788	6.1893040178
3.09090909091	6.1931182153
3.09393939394	6.1969282936
3.09696969697	6.2007342485
3.1	6.2045360759
3.10303030303	6.2083337718
3.10606060606	6.2121273320
3.10909090909	6.2159167527
3.11212121212	6.2197020298
3.11515151515	6.2234831594
3.11818181818	6.2272601378
3.12121212121	6.2310329610
3.12424242424	6.2348016254
3.12727272727	6.2385661271
3.1303030303	6.2423264626
3.13333333333	6.2460826282
3.13636363636	6.2498346203
3.13939393939	6.2535824354
3.14242424242	6.2573260699
3.14545454545	6.2610655204
3.14848484848	6.2648007836
3.15151515152	6.2685318559
3.15454545455	6.2722587342
3.15757575758	6.2759814151
3.16060606061	6.2796998954
3.16363636364	6.2834141719
3.16666666667	6.2871242414
3.1696969697	6.2908301009
3.17272727273	6.2945317472
3.17575757576	6.2982291773
3.17878787879	6.3019223883
3.18181818182	6.3056113772
3.18484848485	6.3092961411
3.18787878788	6.3129766772
3.19090909091	6.3166529826
3.19393939394	6.3203250545
3.19696969697	6.3239928903
3.2	6.3276564872
3.20303030303	6.3313158425
3.20606060606	6.3349709537
3.20909090909	6.3386218182
3.21212121212	6.3422684335
3.21515151515	6.3459107970
3.21818181818	6.3495489063
3.22121212121	6.3531827591
3.22424242424	6.3568123528
3.22727272727	6.3604376853
3.2303030303	6.3640587542
3.23333333333	6.3676755572
3.23636363636	6.3712880921
3.23939393939	6.3748963568
3.24242424242	6.3785003492
3.24545454545	6.3821000670
3.24848484848	6.3856955083
3.25151515152	6.3892866711
3.25454545455	6.3928735533
3.25757575758	6.3964561531
3.26060606061	6.4000344685
3.26363636364	6.4036084976
3.26666666667	6.4071782386
3.2696969697	6.4107436897
3.27272727273	6.4143048492
3.27575757576	6.4178617154
3.27878787879	6.4214142865
3.28181818182	6.4249625609
3.28484848485	6.4285065371
3.28787878788	6.4320462133
3.29090909091	6.4355815882
3.29393939394	6.4391126602
3.29696969697	6.4426394278
3.3	6.4461618896
3.30303030303	6.4496800443
3.30606060606	6.4531938904
3.30909090909	6.4567034267
3.31212121212	6.4602086519
3.31515151515	6.4637095647
3.31818181818	6.4672061638
3.32121212121	6.4706984482
3.32424242424	6.4741864167
3.32727272727	6.4776700682
3.3303030303	6.4811494016
3.33333333333	6.4846244159
3.33636363636	6.4880951100
3.33939393939	6.4915614830
3.34242424242	6.4950235339
3.34545454545	6.4984812619
3.34848484848	6.5019346661
3.35151515152	6.5053837457
3.35454545455	6.5088284998
3.35757575758	6.5122689277
3.36060606061	6.5157050286
3.36363636364	6.5191368019
3.36666666667	6.5225642469
3.3696969697	6.5259873629
3.37272727273	6.5294061493
3.37575757576	6.5328206057
3.37878787879	6.5362307313
3.38181818182	6.5396365258
3.38484848485	6.5430379887
3.38787878788	6.5464351194
3.39090909091	6.5498279177
3.39393939394	6.5532163831
3.39696969697	6.5566005153
3.4	6.5599803139
3.40303030303	6.5633557788
3.40606060606	6.5667269096
3.40909090909	6.5700937061
3.41212121212	6.5734561681
3.41515151515	6.5768142955
3.41818181818	6.5801680882
3.42121212121	6.5835175460
3.42424242424	6.5868626689
3.42727272727	6.5902034569
3.4303030303	6.5935399098
3.43333333333	6.5968720279
3.43636363636	6.6001998111
3.43939393939	6.6035232595
3.44242424242	6.6068423732
3.44545454545	6.6101571524
3.44848484848	6.6134675972
3.45151515152	6.6167737079
3.45454545455	6.6200754846
3.45757575758	6.6233729277
3.46060606061	6.6266660374
3.46363636364	6.6299548141
3.46666666667	6.6332392580
3.4696969697	6.6365193697
3.47272727273	6.6397951494
3.47575757576	6.6430665977
3.47878787879	6.6463337149
3.48181818182	6.6495965016
3.48484848485	6.6528549583
3.48787878788	6.6561090855
3.49090909091	6.6593588838
3.49393939394	6.6626043538
3.49696969697	6.6658454962
3.5	6.6690823116
3.50303030303	6.6723148007
3.50606060606	6.6755429642
3.50909090909	6.6787668028
3.51212121212	6.6819863173
3.51515151515	6.6852015085
3.51818181818	6.6884123772
3.52121212121	6.6916189243
3.52424242424	6.6948211506
3.52727272727	6.6980190571
3.5303030303	6.7012126446
3.53333333333	6.7044019141
3.53636363636	6.7075868667
3.53939393939	6.7107675032
3.54242424242	6.7139438248
3.54545454545	6.7171158324
3.54848484848	6.7202835273
3.55151515152	6.7234469104
3.55454545455	6.7266059829
3.55757575758	6.7297607460
3.56060606061	6.7329112008
3.56363636364	6.7360573486
3.56666666667	6.7391991906
3.5696969697	6.7423367280
3.57272727273	6.7454699622
3.57575757576	6.7485988945
3.57878787879	6.7517235261
3.58181818182	6.7548438585
3.58484848485	6.7579598930
3.58787878788	6.7610716310
3.59090909091	6.7641790740
3.59393939394	6.7672822234
3.59696969697	6.7703810807
3.6	6.7734756474
3.60303030303	6.7765659250
3.60606060606	6.7796519151
3.60909090909	6.7827336193
3.61212121212	6.7858110391
3.61515151515	6.7888841762
3.61818181818	6.7919530323
3.62121212121	6.7950176089
3.62424242424	6.7980779078
3.62727272727	6.8011339307
3.6303030303	6.8041856793
3.63333333333	6.8072331554
3.63636363636	6.8102763608
3.63939393939	6.8133152973
3.64242424242	6.8163499668
3.64545454545	6.8193803709
3.64848484848	6.8224065118
3.65151515152	6.8254283912
3.65454545455	6.8284460110
3.65757575758	6.8314593732
3.66060606061	6.8344684798
3.66363636364	6.8374733328
3.66666666667	6.8404739341
3.6696969697	6.8434702859
3.67272727273	6.8464623900
3.67575757576	6.8494502487
3.67878787879	6.8524338640
3.68181818182	6.8554132380
3.68484848485	6.8583883729
3.68787878788	6.8613592708
3.69090909091	6.8643259339
3.69393939394	6.8672883644
3.69696969697	6.8702465646
3.7	6.8732005366
3.70303030303	6.8761502828
3.70606060606	6.8790958054
3.70909090909	6.8820371067
3.71212121212	6.8849741892
3.71515151515	6.8879070550
3.71818181818	6.8908357066
3.72121212121	6.8937601464
3.72424242424	6.8966803768
3.72727272727	6.8995964002
3.7303030303	6.9025082191
3.73333333333	6.9054158360
3.73636363636	6.9083192533
3.73939393939	6.9112184735
3.74242424242	6.9141134992
3.74545454545	6.9170043330
3.74848484848	6.9198909774
3.75151515152	6.9227734350
3.75454545455	6.9256517084
3.75757575758	6.9285258003
3.76060606061	6.9313957132
3.76363636364	6.9342614500
3.76666666667	6.9371230133
3.7696969697	6.9399804057
3.77272727273	6.9428336301
3.77575757576	6.9456826892
3.77878787879	6.9485275857
3.78181818182	6.9513683224
3.78484848485	6.9542049022
3.78787878788	6.9570373279
3.79090909091	6.9598656023
3.79393939394	6.9626897284
3.79696969697	6.9655097089
3.8	6.9683255468
3.80303030303	6.9711372450
3.80606060606	6.9739448066
3.80909090909	6.9767482343
3.81212121212	6.9795475313
3.81515151515	6.9823427005
3.81818181818	6.9851337450
3.82121212121	6.9879206678
3.82424242424	6.9907034719
3.82727272727	6.9934821605
3.8303030303	6.9962567366
3.83333333333	6.9990272033
3.83636363636	7.0017935638
3.83939393939	7.0045558213
3.84242424242	7.0073139789
3.84545454545	7.0100680399
3.84848484848	7.0128180073
3.85151515152	7.0155638845
3.85454545455	7.0183056748
3.85757575758	7.0210433813
3.86060606061	7.0237770074
3.86363636364	7.0265065563
3.86666666667	7.0292320315
3.8696969697	7.0319534362
3.87272727273	7.0346707738
3.87575757576	7.0373840478
3.87878787879	7.0400932614
3.88181818182	7.0427984181
3.88484848485	7.0454995214
3.88787878788	7.0481965747
3.89090909091	7.0508895816
3.89393939394	7.0535785454
3.89696969697	7.0562634697
3.9	7.0589443580
3.90303030303	7.0616212140
3.90606060606	7.0642940411
3.90909090909	7.0669628430
3.91212121212	7.0696276232
3.91515151515	7.0722883855
3.91818181818	7.0749451334
3.92121212121	7.0775978706
3.92424242424	7.0802466009
3.92727272727	7.0828913279
3.9303030303	7.0855320553
3.93333333333	7.0881687869
3.93636363636	7.0908015264
3.93939393939	7.0934302777
3.94242424242	7.0960550446
3.94545454545	7.0986758308
3.94848484848	7.1012926403
3.95151515152	7.1039054769
3.95454545455	7.1065143444
3.95757575758	7.1091192468
3.96060606061	7.1117201880
3.96363636364	7.1143171720
3.96666666667	7.1169102027
3.9696969697	7.1194992841
3.97272727273	7.1220844202
3.97575757576	7.1246656151
3.97878787879	7.1272428728
3.98181818182	7.1298161974
3.98484848485	7.1323855929
3.98787878788	7.1349510635
3.99090909091	7.1375126133
3.99393939394	7.1400702465
3.99696969697	7.1426239672
4.0	7.1451737797
4.00303030303	7.1477196882
4.00606060606	7.1502616969
4.00909090909	7.1527998101
4.01212121212	7.1553340321
4.01515151515	7.1578643672
4.01818181818	7.1603908197
4.02121212121	7.1629133941
4.02424242424	7.1654320946
4.02727272727	7.1679469257
4.0303030303	7.1704578919
4.03333333333	7.1729649975
4.03636363636	7.1754682472
4.03939393939	7.1779676453
4.04242424242	7.1804631964
4.04545454545	7.1829549051
4.04848484848	7.1854427759
4.05151515152	7.1879268135
4.05454545455	7.1904070226
4.05757575758	7.1928834077
4.06060606061	7.1953559735
4.06363636364	7.1978247249
4.06666666667	7.2002896665
4.0696969697	7.2027508031
4.07272727273	7.2052081395
4.07575757576	7.2076616806
4.07878787879	7.2101114311
4.08181818182	7.2125573961
4.08484848485	7.2149995805
4.08787878788	7.2174379891
4.09090909091	7.2198726270
4.09393939394	7.2223034992
4.09696969697	7.2247306107
4.1	7.2271539667
4.10303030303	7.2295735723
4.10606060606	7.2319894326
4.10909090909	7.2344015527
4.11212121212	7.2368099381
4.11515151515	7.2392145938
4.11818181818	7.2416155252
4.12121212121	7.2440127377
4.12424242424	7.2464062366
4.12727272727	7.2487960274
4.1303030303	7.2511821154
4.13333333333	7.2535645062
4.13636363636	7.2559432054
4.13939393939	7.2583182185
4.14242424242	7.2606895512
4.14545454545	7.2630572091
4.14848484848	7.2654211979
4.15151515152	7.2677815235
4.15454545455	7.2701381916
4.15757575758	7.2724912082
4.16060606061	7.2748405790
4.16363636364	7.2771863102
4.16666666667	7.2795284077
4.1696969697	7.2818668776
4.17272727273	7.2842017260
4.17575757576	7.2865329592
4.17878787879	7.2888605834
4.18181818182	7.2911846048
4.18484848485	7.2935050300
4.18787878788	7.2958218653
4.19090909091	7.2981351172
4.19393939394	7.3004447924
4.19696969697	7.3027508974
4.2	7.3050534390
4.20303030303	7.3073524240
4.20606060606	7.3096478593
4.20909090909	7.3119397518
4.21212121212	7.3142281085
4.21515151515	7.3165129367
4.21818181818	7.3187942434
4.22121212121	7.3210720360
4.22424242424	7.3233463218
4.22727272727	7.3256171085
4.2303030303	7.3278844035
4.23333333333	7.3301482146
4.23636363636	7.3324085495
4.23939393939	7.3346654162
4.24242424242	7.3369188227
4.24545454545	7.3391687772
4.24848484848	7.3414152879
4.25151515152	7.3436583633
4.25454545455	7.3458980118
4.25757575758	7.3481342421
4.26060606061	7.3503670632
4.26363636364	7.3525964839
4.26666666667	7.3548225134
4.2696969697	7.3570451609
4.27272727273	7.3592644360
4.27575757576	7.3614803483
4.27878787879	7.3636929076
4.28181818182	7.3659021239
4.28484848485	7.3681080075
4.28787878788	7.3703105688
4.29090909091	7.3725098184
4.29393939394	7.3747057673
4.29696969697	7.3768984266
4.3	7.3790878077
4.30303030303	7.3812739221
4.30606060606	7.3834567820
4.30909090909	7.3856363994
4.31212121212	7.3878127870
4.31515151515	7.3899859577
4.31818181818	7.3921559245
4.32121212121	7.3943227011
4.32424242424	7.3964863015
4.32727272727	7.3986467401
4.3303030303	7.4008040315
4.33333333333	7.4029581912
4.33636363636	7.4051092346
4.33939393939	7.4072571782
4.34242424242	7.4094020387
4.34545454545	7.4115438334
4.34848484848	7.4136825803
4.35151515152	7.4158182979
4.35454545455	7.4179510056
4.35757575758	7.4200807233
4.36060606061	7.4222074720
4.36363636364	7.4243312732
4.36666666667	7.4264521495
4.3696969697	7.4285701244
4.37272727273	7.4306852227
4.37575757576	7.4327974698
4.37878787879	7.4349068929
4.38181818182	7.4370135201
4.38484848485	7.4391173810
4.38787878788	7.4412185070
4.39090909091	7.4433169308
4.39393939394	7.4454126872
4.39696969697	7.4475058129
4.4	7.4495963467
4.40303030303	7.4516843300
4.40606060606	7.4537698067
4.40909090909	7.4558528236
4.41212121212	7.4579334307
4.41515151515	7.4600116818
4.41818181818	7.4620876344
4.42121212121	7.4641613505
4.42424242424	7.4662328973
4.42727272727	7.4683023474
4.4303030303	7.4703697799
4.43333333333	7.4724352812
4.43636363636	7.4744989459
4.43939393939	7.4765608783
4.44242424242	7.4786211936
4.44545454545	7.4806800200
4.44848484848	7.4827375009
4.45151515152	7.4847937977
4.45454545455	7.4868490931
4.45757575758	7.4889035961
4.46060606061	7.4909575474
4.46363636364	7.4930112270
4.46666666667	7.4950649649
4.4696969697	7.4971191549
4.47272727273	7.4991742746
4.47575757576	7.5012309146
4.47878787879	7.5032898224
4.48181818182	7.5053519729
4.48484848485	7.5074186876
4.48787878788	7.5094918557
4.49090909091	7.5115743941
4.49393939394	7.5136714076
4.49696969697	7.5157943378
4.5	7.5180657647
4.50303030303	7.5204671782
4.50606060606	7.5228593212
4.50909090909	7.5252283580
4.51212121212	7.5275690542
4.51515151515	7.5298794935
4.51818181818	7.5321594332
4.52121212121	7.5344095727
4.52424242424	7.5366311604
4.52727272727	7.5388257563
4.5303030303	7.5409950781
4.53333333333	7.5431408962
4.53636363636	7.5452649624
4.53939393939	7.5473689604
4.54242424242	7.5494544730
4.54545454545	7.5515229618
4.54848484848	7.5535757564
4.55151515152	7.5556140511
4.55454545455	7.5576389067
4.55757575758	7.5596512572
4.56060606061	7.5616519188
4.56363636364	7.5636416012
4.56666666667	7.5656209202
4.5696969697	7.5675904103
4.57272727273	7.5695505379
4.57575757576	7.5715017127
4.57878787879	7.5734442996
4.58181818182	7.5753786283
4.58484848485	7.5773050022
4.58787878788	7.5792237054
4.59090909091	7.5811350085
4.59393939394	7.5830391731
4.59696969697	7.5849364548
4.6	7.5868271048
4.60303030303	7.5887113710
4.60606060606	7.5905894978
4.60909090909	7.5924617251
4.61212121212	7.5943282875
4.61515151515	7.5961894121
4.61818181818	7.5980453170
4.62121212121	7.5998962094
4.62424242424	7.6017422838
4.62727272727	7.6035837201
4.6303030303	7.6054206829
4.63333333333	7.6072533198
4.63636363636	7.6090817613
4.63939393939	7.6109061201
4.64242424242	7.6127264916
4.64545454545	7.6145429541
4.64848484848	7.6163555697
4.65151515152	7.6181643855
4.65454545455	7.6199694351
4.65757575758	7.6217707394
4.66060606061	7.6235683093
4.66363636364	7.6253621468
4.66666666667	7.6271522467
4.6696969697	7.6289385988
4.67272727273	7.6307211894
4.67575757576	7.6325000025
4.67878787879	7.6342750217
4.68181818182	7.6360462313
4.68484848485	7.6378136171
4.68787878788	7.6395771676
4.69090909091	7.6413368746
4.69393939394	7.6430927335
4.69696969697	7.6448447435
4.7	7.6465929082
4.70303030303	7.6483372350
4.70606060606	7.6500777352
4.70909090909	7.6518144238
4.71212121212	7.6535473188
4.71515151515	7.6552764409
4.71818181818	7.6570018130
4.72121212121	7.6587234598
4.72424242424	7.6604414072
4.72727272727	7.6621556815
4.7303030303	7.6638663094
4.73333333333	7.6655733173
4.73636363636	7.6672767307
4.73939393939	7.6689765744
4.74242424242	7.6706728719
4.74545454545	7.6723656449
4.74848484848	7.6740549138
4.75151515152	7.6757406972
4.75454545455	7.6774230118
4.75757575758	7.6791018727
4.76060606061	7.6807772934
4.76363636364	7.6824492856
4.76666666667	7.6841178597
4.7696969697	7.6857830248
4.77272727273	7.6874447889
4.77575757576	7.6891031588
4.77878787879	7.6907581409
4.78181818182	7.6924097408
4.78484848485	7.6940579636
4.78787878788	7.6957028141
4.79090909091	7.6973442972
4.79393939394	7.6989824175
4.79696969697	7.7006171797
4.8	7.7022485889
4.80303030303	7.7038766500
4.80606060606	7.7055013686
4.80909090909	7.7071227502
4.81212121212	7.7087408008
4.81515151515	7.7103555267
4.81818181818	7.7119669344
4.82121212121	7.7135750306
4.82424242424	7.7151798224
4.82727272727	7.7167813169
4.8303030303	7.7183795214
4.83333333333	7.7199744434
4.83636363636	7.7215660903
4.83939393939	7.7231544696
4.84242424242	7.7247395888
4.84545454545	7.7263214554
4.84848484848	7.7279000768
4.85151515152	7.7294754601
4.85454545455	7.7310476127
4.85757575758	7.7326165417
4.86060606061	7.7341822539
4.86363636364	7.7357447562
4.86666666667	7.7373040554
4.8696969697	7.7388601581
4.87272727273	7.7404130708
4.87575757576	7.7419628000
4.87878787879	7.7435093520
4.88181818182	7.7450527332
4.88484848485	7.7465929498
4.88787878788	7.7481300081
4.89090909091	7.7496639142
4.89393939394	7.7511946745
4.89696969697	7.7527222950
4.9	7.7542467822
4.90303030303	7.7557681422
4.90606060606	7.7572863814
4.90909090909	7.7588015060
4.91212121212	7.7603135224
4.91515151515	7.7618224370
4.91818181818	7.7633282562
4.92121212121	7.7648309864
4.92424242424	7.7663306342
4.92727272727	7.7678272060
4.9303030303	7.7693207083
4.93333333333	7.7708111476
4.93636363636	7.7722985304
4.93939393939	7.7737828632
4.94242424242	7.7752641526
4.94545454545	7.7767424048
4.94848484848	7.7782176265
4.95151515152	7.7796898241
4.95454545455	7.7811590038
4.95757575758	7.7826251722
4.96060606061	7.7840883355
4.96363636364	7.7855485001
4.96666666667	7.7870056721
4.9696969697	7.7884598578
4.97272727273	7.7899110635
4.97575757576	7.7913592952
4.97878787879	7.7928045590
4.98181818182	7.7942468611
4.98484848485	7.7956862075
4.98787878788	7.7971226042
4.99090909091	7.7985560573
4.99393939394	7.7999865727
4.99696969697	7.8014141564
5.0	7.8028388142
5.00303030303	7.8042605522
5.00606060606	7.8056793762
5.00909090909	7.8070952922
5.01212121212	7.8085083059
5.01515151515	7.8099184233
5.01818181818	7.8113256501
5.02121212121	7.8127299923
5.02424242424	7.8141314557
5.02727272727	7.8155300461
5.0303030303	7.8169257693
5.03333333333	7.8183186311
5.03636363636	7.8197086373
5.03939393939	7.8210957936
5.04242424242	7.8224801059
5.04545454545	7.8238615799
5.04848484848	7.8252402213
5.05151515152	7.8266160360
5.05454545455	7.8279890295
5.05757575758	7.8293592077
5.06060606061	7.8307265762
5.06363636364	7.8320911407
5.06666666667	7.8334529069
5.0696969697	7.8348118805
5.07272727273	7.8361680670
5.07575757576	7.8375214723
5.07878787879	7.8388721018
5.08181818182	7.8402199612
5.08484848485	7.8415650561
5.08787878788	7.8429073922
5.09090909091	7.8442469749
5.09393939394	7.8455838098
5.09696969697	7.8469179026
5.1	7.8482492587
5.10303030303	7.8495778837
5.10606060606	7.8509037831
5.10909090909	7.8522269624
5.11212121212	7.8535474272
5.11515151515	7.8548651830
5.11818181818	7.8561802351
5.12121212121	7.8574925892
5.12424242424	7.8588022506
5.12727272727	7.8601092248
5.1303030303	7.8614135173
5.13333333333	7.8627151336
5.13636363636	7.8640140789
5.13939393939	7.8653103588
5.14242424242	7.8666039787
5.14545454545	7.8678949439
5.14848484848	7.8691832598
5.15151515152	7.8704689319
5.15454545455	7.8717519654
5.15757575758	7.8730323658
5.16060606061	7.8743101384
5.16363636364	7.8755852885
5.16666666667	7.8768578214
5.1696969697	7.8781277425
5.17272727273	7.8793950571
5.17575757576	7.8806597704
5.17878787879	7.8819218878
5.18181818182	7.8831814145
5.18484848485	7.8844383558
5.18787878788	7.8856927170
5.19090909091	7.8869445032
5.19393939394	7.8881937197
5.19696969697	7.8894403718
5.2	7.8906844647
5.20303030303	7.8919260035
5.20606060606	7.8931649934
5.20909090909	7.8944014397
5.21212121212	7.8956353475
5.21515151515	7.8968667219
5.21818181818	7.8980955682
5.22121212121	7.8993218914
5.22424242424	7.9005456967
5.22727272727	7.9017669893
5.2303030303	7.9029857741
5.23333333333	7.9042020565
5.23636363636	7.9054158413
5.23939393939	7.9066271337
5.24242424242	7.9078359389
5.24545454545	7.9090422618
5.24848484848	7.9102461075
5.25151515152	7.9114474810
5.25454545455	7.9126463875
5.25757575758	7.9138428318
5.26060606061	7.9150368191
5.26363636364	7.9162283543
5.26666666667	7.9174174425
5.2696969697	7.9186040886
5.27272727273	7.9197882976
5.27575757576	7.9209700744
5.27878787879	7.9221494241
5.28181818182	7.9233263515
5.28484848485	7.9245008617
5.28787878788	7.9256729595
5.29090909091	7.9268426499
5.29393939394	7.9280099377
5.29696969697	7.9291748280
5.3	7.9303373255
5.30303030303	7.9314974351
5.30606060606	7.9326551618
5.30909090909	7.9338105104
5.31212121212	7.9349634858
5.31515151515	7.9361140927
5.31818181818	7.9372623360
5.32121212121	7.9384082207
5.32424242424	7.9395517513
5.32727272727	7.9406929329
5.3303030303	7.9418317702
5.33333333333	7.9429682679
5.33636363636	7.9441024309
5.33939393939	7.9452342639
5.34242424242	7.9463637717
5.34545454545	7.9474909590
5.34848484848	7.9486158306
5.35151515152	7.9497383912
5.35454545455	7.9508586456
5.35757575758	7.9519765984
5.36060606061	7.9530922544
5.36363636364	7.9542056182
5.36666666667	7.9553166946
5.3696969697	7.9564254882
5.37272727273	7.9575320038
5.37575757576	7.9586362459
5.37878787879	7.9597382192
5.38181818182	7.9608379284
5.38484848485	7.9619353780
5.38787878788	7.9630305728
5.39090909091	7.9641235174
5.39393939394	7.9652142162
5.39696969697	7.9663026740
5.4	7.9673888954
5.40303030303	7.9684728849
5.40606060606	7.9695546470
5.40909090909	7.9706341864
5.41212121212	7.9717115076
5.41515151515	7.9727866152
5.41818181818	7.9738595136
5.42121212121	7.9749302075
5.42424242424	7.9759987013
5.42727272727	7.9770649995
5.4303030303	7.9781291067
5.43333333333	7.9791910273
5.43636363636	7.9802507658
5.43939393939	7.9813083267
5.44242424242	7.9823637145
5.44545454545	7.9834169336
5.44848484848	7.9844679885
5.45151515152	7.9855168835
5.45454545455	7.9865636232
5.45757575758	7.9876082120
5.46060606061	7.9886506542
5.46363636364	7.9896909543
5.46666666667	7.9907291167
5.4696969697	7.9917651457
5.47272727273	7.9927990458
5.47575757576	7.9938308213
5.47878787879	7.9948604765
5.48181818182	7.9958880159
5.48484848485	7.9969134438
5.48787878788	7.9979367644
5.49090909091	7.9989579822
5.49393939394	7.9999771015
5.49696969697	8.0009941265
5.5	8.0020090441
5.50303030303	8.0030215365
5.50606060606	8.0040316421
5.50909090909	8.0050393966
5.51212121212	8.0060448333
5.51515151515	8.0070479827
5.51818181818	8.0080488729
5.52121212121	8.0090475294
5.52424242424	8.0100439758
5.52727272727	8.0110382330
5.5303030303	8.0120303203
5.53333333333	8.0130202549
5.53636363636	8.0140080526
5.53939393939	8.0149937273
5.54242424242	8.0159772918
5.54545454545	8.0169587579
5.54848484848	8.0179381360
5.55151515152	8.0189154359
5.55454545455	8.0198906667
5.55757575758	8.0208638367
5.56060606061	8.0218349538
5.56363636364	8.0228040257
5.56666666667	8.0237710595
5.5696969697	8.0247360623
5.57272727273	8.0256990406
5.57575757576	8.0266600012
5.57878787879	8.0276189505
5.58181818182	8.0285758949
5.58484848485	8.0295308405
5.58787878788	8.0304837936
5.59090909091	8.0314347601
5.59393939394	8.0323837461
5.59696969697	8.0333307572
5.6	8.0342757992
5.60303030303	8.0352188778
5.60606060606	8.0361599982
5.60909090909	8.0370991658
5.61212121212	8.0380363857
5.61515151515	8.0389716630
5.61818181818	8.0399050025
5.62121212121	8.0408364089
5.62424242424	8.0417658868
5.62727272727	8.0426934407
5.6303030303	8.0436190749
5.63333333333	8.0445427936
5.63636363636	8.0454646010
5.63939393939	8.0463845011
5.64242424242	8.0473024980
5.64545454545	8.0482185957
5.64848484848	8.0491327979
5.65151515152	8.0500451087
5.65454545455	8.0509555319
5.65757575758	8.0518640714
5.66060606061	8.0527707310
5.66363636364	8.0536755147
5.66666666667	8.0545784263
5.6696969697	8.0554794698
5.67272727273	8.0563786492
5.67575757576	8.0572759685
5.67878787879	8.0581714315
5.68181818182	8.0590650425
5.68484848485	8.0599568054
5.68787878788	8.0608467243
5.69090909091	8.0617348033
5.69393939394	8.0626210465
5.69696969697	8.0635054580
5.7	8.0643880419
5.70303030303	8.0652688023
5.70606060606	8.0661477433
5.70909090909	8.0670248690
5.71212121212	8.0679001835
5.71515151515	8.0687736907
5.71818181818	8.0696453948
5.72121212121	8.0705152997
5.72424242424	8.0713834094
5.72727272727	8.0722497278
5.7303030303	8.0731142590
5.73333333333	8.0739770067
5.73636363636	8.0748379750
5.73939393939	8.0756971675
5.74242424242	8.0765545882
5.74545454545	8.0774102409
5.74848484848	8.0782641293
5.75151515152	8.0791162573
5.75454545455	8.0799666286
5.75757575758	8.0808152469
5.76060606061	8.0816621160
5.76363636364	8.0825072396
5.76666666667	8.0833506213
5.7696969697	8.0841922650
5.77272727273	8.0850321742
5.77575757576	8.0858703528
5.77878787879	8.0867068043
5.78181818182	8.0875415324
5.78484848485	8.0883745409
5.78787878788	8.0892058333
5.79090909091	8.0900354133
5.79393939394	8.0908632847
5.79696969697	8.0916894510
5.8	8.0925139159
5.80303030303	8.0933366830
5.80606060606	8.0941577559
5.80909090909	8.0949771384
5.81212121212	8.0957948339
5.81515151515	8.0966108462
5.81818181818	8.0974251788
5.82121212121	8.0982378353
5.82424242424	8.0990488193
5.82727272727	8.0998581343
5.8303030303	8.1006657840
5.83333333333	8.1014717719
5.83636363636	8.1022761016
5.83939393939	8.1030787765
5.84242424242	8.1038798003
5.84545454545	8.1046791764
5.84848484848	8.1054769083
5.85151515152	8.1062729997
5.85454545455	8.1070674538
5.85757575758	8.1078602744
5.86060606061	8.1086514647
5.86363636364	8.1094410284
5.86666666667	8.1102289688
5.8696969697	8.1110152894
5.87272727273	8.1117999937
5.87575757576	8.1125830852
5.87878787879	8.1133645671
5.88181818182	8.1141444431
5.88484848485	8.1149227164
5.88787878788	8.1156993905
5.89090909091	8.1164744688
5.89393939394	8.1172479548
5.89696969697	8.1180198517
5.9	8.1187901631
5.90303030303	8.1195588921
5.90606060606	8.1203260424
5.90909090909	8.1210916171
5.91212121212	8.1218556196
5.91515151515	8.1226180533
5.91818181818	8.1233789216
5.92121212121	8.1241382277
5.92424242424	8.1248959750
5.92727272727	8.1256521667
5.9303030303	8.1264068063
5.93333333333	8.1271598970
5.93636363636	8.1279114420
5.93939393939	8.1286614448
5.94242424242	8.1294099084
5.94545454545	8.1301568363
5.94848484848	8.1309022317
5.95151515152	8.1316460978
5.95454545455	8.1323884378
5.95757575758	8.1331292551
5.96060606061	8.1338685528
5.96363636364	8.1346063341
5.96666666667	8.1353426023
5.9696969697	8.1360773606
5.97272727273	8.1368106121
5.97575757576	8.1375423601
5.97878787879	8.1382726078
5.98181818182	8.1390013583
5.98484848485	8.1397286147
5.98787878788	8.1404543804
5.99090909091	8.1411786583
5.99393939394	8.1419014517
5.99696969697	8.1426227637
6.0	8.1433425974
6.00303030303	8.1440609560
6.00606060606	8.1447778425
6.00909090909	8.1454932601
6.01212121212	8.1462072120
6.01515151515	8.1469197011
6.01818181818	8.1476307306
6.02121212121	8.1483403036
6.02424242424	8.1490484231
6.02727272727	8.1497550922
6.0303030303	8.1504603141
6.03333333333	8.1511640916
6.03636363636	8.1518664280
6.03939393939	8.1525673262
6.04242424242	8.1532667892
6.04545454545	8.1539648202
6.04848484848	8.1546614220
6.05151515152	8.1553565978
6.05454545455	8.1560503506
6.05757575758	8.1567426832
6.06060606061	8.1574335989
6.06363636364	8.1581231004
6.06666666667	8.1588111909
6.0696969697	8.1594978732
6.07272727273	8.1601831505
6.07575757576	8.1608670255
6.07878787879	8.1615495013
6.08181818182	8.1622305808
6.08484848485	8.1629102670
6.08787878788	8.1635885627
6.09090909091	8.1642654710
6.09393939394	8.1649409948
6.09696969697	8.1656151369
6.1	8.1662879003
6.10303030303	8.1669592879
6.10606060606	8.1676293025
6.10909090909	8.1682979471
6.11212121212	8.1689652245
6.11515151515	8.1696311377
6.11818181818	8.1702956894
6.12121212121	8.1709588826
6.12424242424	8.1716207201
6.12727272727	8.1722812048
6.1303030303	8.1729403395
6.13333333333	8.1735981270
6.13636363636	8.1742545703
6.13939393939	8.1749096720
6.14242424242	8.1755634350
6.14545454545	8.1762158622
6.14848484848	8.1768669563
6.15151515152	8.1775167202
6.15454545455	8.1781651566
6.15757575758	8.1788122683
6.16060606061	8.1794580582
6.16363636364	8.1801025289
6.16666666667	8.1807456833
6.1696969697	8.1813875241
6.17272727273	8.1820280541
6.17575757576	8.1826672760
6.17878787879	8.1833051925
6.18181818182	8.1839418065
6.18484848485	8.1845771206
6.18787878788	8.1852111376
6.19090909091	8.1858438602
6.19393939394	8.1864752911
6.19696969697	8.1871054330
6.2	8.1877342886
6.20303030303	8.1883618606
6.20606060606	8.1889881517
6.20909090909	8.1896131646
6.21212121212	8.1902369020
6.21515151515	8.1908593665
6.21818181818	8.1914805608
6.22121212121	8.1921004876
6.22424242424	8.1927191495
6.22727272727	8.1933365491
6.2303030303	8.1939526892
6.23333333333	8.1945675723
6.23636363636	8.1951812011
6.23939393939	8.1957935782
6.24242424242	8.1964047062
6.24545454545	8.1970145878
6.24848484848	8.1976232255
6.25151515152	8.1982306220
6.25454545455	8.1988367798
6.25757575758	8.1994417016
6.26060606061	8.2000453898
6.26363636364	8.2006478472
6.26666666667	8.2012490763
6.2696969697	8.2018490796
6.27272727273	8.2024478597
6.27575757576	8.2030454192
6.27878787879	8.2036417606
6.28181818182	8.2042368864
6.28484848485	8.2048307993
6.28787878788	8.2054235017
6.29090909091	8.2060149961
6.29393939394	8.2066052852
6.29696969697	8.2071943713
6.3	8.2077822571
6.30303030303	8.2083689450
6.30606060606	8.2089544375
6.30909090909	8.2095387371
6.31212121212	8.2101218464
6.31515151515	8.2107037678
6.31818181818	8.2112845037
6.32121212121	8.2118640567
6.32424242424	8.2124424292
6.32727272727	8.2130196236
6.3303030303	8.2135956426
6.33333333333	8.2141704884
6.33636363636	8.2147441635
6.33939393939	8.2153166704
6.34242424242	8.2158880116
6.34545454545	8.2164581894
6.34848484848	8.2170272062
6.35151515152	8.2175950646
6.35454545455	8.2181617668
6.35757575758	8.2187273154
6.36060606061	8.2192917127
6.36363636364	8.2198549611
6.36666666667	8.2204170631
6.3696969697	8.2209780209
6.37272727273	8.2215378370
6.37575757576	8.2220965138
6.37878787879	8.2226540536
6.38181818182	8.2232104588
6.38484848485	8.2237657318
6.38787878788	8.2243198749
6.39090909091	8.2248728905
6.39393939394	8.2254247809
6.39696969697	8.2259755485
6.4	8.2265251956
6.40303030303	8.2270737245
6.40606060606	8.2276211376
6.40909090909	8.2281674371
6.41212121212	8.2287126255
6.41515151515	8.2292567050
6.41818181818	8.2297996778
6.42121212121	8.2303415464
6.42424242424	8.2308823131
6.42727272727	8.2314219800
6.4303030303	8.2319605495
6.43333333333	8.2324980239
6.43636363636	8.2330344054
6.43939393939	8.2335696964
6.44242424242	8.2341038990
6.44545454545	8.2346370156
6.44848484848	8.2351690484
6.45151515152	8.2356999997
6.45454545455	8.2362298716
6.45757575758	8.2367586665
6.46060606061	8.2372863866
6.46363636364	8.2378130341
6.46666666667	8.2383386113
6.4696969697	8.2388631203
6.47272727273	8.2393865634
6.47575757576	8.2399089428
6.47878787879	8.2404302607
6.48181818182	8.2409505194
6.48484848485	8.2414697209
6.48787878788	8.2419878675
6.49090909091	8.2425049614
6.49393939394	8.2430210048
6.49696969697	8.2435359999
6.5	8.2440499488
6.50303030303	8.2445628537
6.50606060606	8.2450747167
6.50909090909	8.2455855401
6.51212121212	8.2460953259
6.51515151515	8.2466040764
6.51818181818	8.2471117937
6.52121212121	8.2476184799
6.52424242424	8.2481241371
6.52727272727	8.2486287676
6.5303030303	8.2491323734
6.53333333333	8.2496349566
6.53636363636	8.2501365194
6.53939393939	8.2506370638
6.54242424242	8.2511365921
6.54545454545	8.2516351062
6.54848484848	8.2521326083
6.55151515152	8.2526291006
6.55454545455	8.2531245850
6.55757575758	8.2536190637
6.56060606061	8.2541125387
6.56363636364	8.2546050122
6.56666666667	8.2550964861
6.5696969697	8.2555869627
6.57272727273	8.2560764439
6.57575757576	8.2565649317
6.57878787879	8.2570524284
6.58181818182	8.2575389358
6.58484848485	8.2580244561
6.58787878788	8.2585089913
6.59090909091	8.2589925435
6.59393939394	8.2594751146
6.59696969697	8.2599567067
6.6	8.2604373218
6.60303030303	8.2609169620
6.60606060606	8.2613956292
6.60909090909	8.2618733255
6.61212121212	8.2623500529
6.61515151515	8.2628258134
6.61818181818	8.2633006089
6.62121212121	8.2637744416
6.62424242424	8.2642473133
6.62727272727	8.2647192260
6.6303030303	8.2651901818
6.63333333333	8.2656601826
6.63636363636	8.2661292304
6.63939393939	8.2665973272
6.64242424242	8.2670644749
6.64545454545	8.2675306754
6.64848484848	8.2679959309
6.65151515152	8.2684602431
6.65454545455	8.2689236140
6.65757575758	8.2693860456
6.66060606061	8.2698475399
6.66363636364	8.2703080987
6.66666666667	8.2707677240
6.6696969697	8.2712264177
6.67272727273	8.2716841818
6.67575757576	8.2721410182
6.67878787879	8.2725969287
6.68181818182	8.2730519153
6.68484848485	8.2735059799
6.68787878788	8.2739591244
6.69090909091	8.2744113507
6.69393939394	8.2748626607
6.69696969697	8.2753130562
6.7	8.2757625393
6.70303030303	8.2762111117
6.70606060606	8.2766587753
6.70909090909	8.2771055320
6.71212121212	8.2775513837
6.71515151515	8.2779963322
6.71818181818	8.2784403795
6.72121212121	8.2788835273
6.72424242424	8.2793257775
6.72727272727	8.2797671320
6.7303030303	8.2802075926
6.73333333333	8.2806471612
6.73636363636	8.2810858396
6.73939393939	8.2815236296
6.74242424242	8.2819605330
6.74545454545	8.2823965518
6.74848484848	8.2828316876
6.75151515152	8.2832659424
6.75454545455	8.2836993179
6.75757575758	8.2841318160
6.76060606061	8.2845634385
6.76363636364	8.2849941871
6.76666666667	8.2854240637
6.7696969697	8.2858530701
6.77272727273	8.2862812080
6.77575757576	8.2867084792
6.77878787879	8.2871348856
6.78181818182	8.2875604289
6.78484848485	8.2879851109
6.78787878788	8.2884089334
6.79090909091	8.2888318981
6.79393939394	8.2892540067
6.79696969697	8.2896752612
6.8	8.2900956631
6.80303030303	8.2905152144
6.80606060606	8.2909339166
6.80909090909	8.2913517716
6.81212121212	8.2917687811
6.81515151515	8.2921849469
6.81818181818	8.2926002707
6.82121212121	8.2930147542
6.82424242424	8.2934283991
6.82727272727	8.2938412072
6.8303030303	8.2942531802
6.83333333333	8.2946643198
6.83636363636	8.2950746278
6.83939393939	8.2954841057
6.84242424242	8.2958927554
6.84545454545	8.2963005786
6.84848484848	8.2967075769
6.85151515152	8.2971137520
6.85454545455	8.2975191057
6.85757575758	8.2979236396
6.86060606061	8.2983273554
6.86363636364	8.2987302548
6.86666666667	8.2991323394
6.8696969697	8.2995336110
6.87272727273	8.2999340712
6.87575757576	8.3003337217
6.87878787879	8.3007325641
6.88181818182	8.3011306001
6.88484848485	8.3015278314
6.88787878788	8.3019242596
6.89090909091	8.3023198863
6.89393939394	8.3027147133
6.89696969697	8.3031087421
6.9	8.3035019743
6.90303030303	8.3038944117
6.90606060606	8.3042860559
6.90909090909	8.3046769084
6.91212121212	8.3050669710
6.91515151515	8.3054562452
6.91818181818	8.3058447326
6.92121212121	8.3062324349
6.92424242424	8.3066193537
6.92727272727	8.3070054905
6.9303030303	8.3073908471
6.93333333333	8.3077754249
6.93636363636	8.3081592256
6.93939393939	8.3085422508
6.94242424242	8.3089245021
6.94545454545	8.3093059810
6.94848484848	8.3096866892
6.95151515152	8.3100666282
6.95454545455	8.3104457997
6.95757575758	8.3108242051
6.96060606061	8.3112018460
6.96363636364	8.3115787241
6.96666666667	8.3119548408
6.9696969697	8.3123301978
6.97272727273	8.3127047966
6.97575757576	8.3130786387
6.97878787879	8.3134517258
6.98181818182	8.3138240593
6.98484848485	8.3141956408
6.98787878788	8.3145664719
6.99090909091	8.3149365540
6.99393939394	8.3153058888
6.99696969697	8.3156744777
7.0	8.3160423222
7.00303030303	8.3164094240
7.00606060606	8.3167757845
7.00909090909	8.3171414053
7.01212121212	8.3175062878
7.01515151515	8.3178704335
7.01818181818	8.3182338441
7.02121212121	8.3185965209
7.02424242424	8.3189584656
7.02727272727	8.3193196795
7.0303030303	8.3196801642
7.03333333333	8.3200399212
7.03636363636	8.3203989519
7.03939393939	8.3207572579
7.04242424242	8.3211148407
7.04545454545	8.3214717016
7.04848484848	8.3218278423
7.05151515152	8.3221832642
7.05454545455	8.3225379687
7.05757575758	8.3228919573
7.06060606061	8.3232452315
7.06363636364	8.3235977927
7.06666666667	8.3239496424
7.0696969697	8.3243007821
7.07272727273	8.3246512132
7.07575757576	8.3250009372
7.07878787879	8.3253499555
7.08181818182	8.3256982695
7.08484848485	8.3260458807
7.08787878788	8.3263927906
7.09090909091	8.3267390005
7.09393939394	8.3270845119
7.09696969697	8.3274293263
7.1	8.3277734450
7.10303030303	8.3281168695
7.10606060606	8.3284596012
7.10909090909	8.3288016415
7.11212121212	8.3291429918
7.11515151515	8.3294836535
7.11818181818	8.3298236282
7.12121212121	8.3301629170
7.12424242424	8.3305015215
7.12727272727	8.3308394431
7.1303030303	8.3311766831
7.13333333333	8.3315132430
7.13636363636	8.3318491241
7.13939393939	8.3321843278
7.14242424242	8.3325188555
7.14545454545	8.3328527086
7.14848484848	8.3331858885
7.15151515152	8.3335183966
7.15454545455	8.3338502341
7.15757575758	8.3341814025
7.16060606061	8.3345119032
7.16363636364	8.3348417375
7.16666666667	8.3351709068
7.1696969697	8.3354994124
7.17272727273	8.3358272557
7.17575757576	8.3361544381
7.17878787879	8.3364809608
7.18181818182	8.3368068253
7.18484848485	8.3371320329
7.18787878788	8.3374565849
7.19090909091	8.3377804827
7.19393939394	8.3381037276
7.19696969697	8.3384263210
7.2	8.3387482641
7.20303030303	8.3390695583
7.20606060606	8.3393902049
7.20909090909	8.3397102053
7.21212121212	8.3400295607
7.21515151515	8.3403482725
7.21818181818	8.3406663421
7.22121212121	8.3409837706
7.22424242424	8.3413005594
7.22727272727	8.3416167099
7.2303030303	8.3419322233
7.23333333333	8.3422471009
7.23636363636	8.3425613440
7.23939393939	8.3428749540
7.24242424242	8.3431879321
7.24545454545	8.3435002795
7.24848484848	8.3438119977
7.25151515152	8.3441230878
7.25454545455	8.3444335512
7.25757575758	8.3447433890
7.26060606061	8.3450526028
7.26363636364	8.3453611935
7.26666666667	8.3456691627
7.2696969697	8.3459765114
7.27272727273	8.3462832411
7.27575757576	8.3465893528
7.27878787879	8.3468948480
7.28181818182	8.3471997279
7.28484848485	8.3475039937
7.28787878788	8.3478076466
7.29090909091	8.3481106880
7.29393939394	8.3484131190
7.29696969697	8.3487149410
7.3	8.3490161551
7.30303030303	8.3493167626
7.30606060606	8.3496167647
7.30909090909	8.3499161627
7.31212121212	8.3502149578
7.31515151515	8.3505131512
7.31818181818	8.3508107442
7.32121212121	8.3511077379
7.32424242424	8.3514041337
7.32727272727	8.3516999326
7.3303030303	8.3519951360
7.33333333333	8.3522897451
7.33636363636	8.3525837610
7.33939393939	8.3528771849
7.34242424242	8.3531700182
7.34545454545	8.3534622619
7.34848484848	8.3537539173
7.35151515152	8.3540449856
7.35454545455	8.3543354679
7.35757575758	8.3546253655
7.36060606061	8.3549146796
7.36363636364	8.3552034113
7.36666666667	8.3554915618
7.3696969697	8.3557791324
7.37272727273	8.3560661241
7.37575757576	8.3563525383
7.37878787879	8.3566383760
7.38181818182	8.3569236384
7.38484848485	8.3572083267
7.38787878788	8.3574924421
7.39090909091	8.3577759857
7.39393939394	8.3580589587
7.39696969697	8.3583413623
7.4	8.3586231976
7.40303030303	8.3589044657
7.40606060606	8.3591851679
7.40909090909	8.3594653053
7.41212121212	8.3597448790
7.41515151515	8.3600238902
7.41818181818	8.3603023400
7.42121212121	8.3605802296
7.42424242424	8.3608575601
7.42727272727	8.3611343327
7.4303030303	8.3614105484
7.43333333333	8.3616862084
7.43636363636	8.3619613139
7.43939393939	8.3622358660
7.44242424242	8.3625098657
7.44545454545	8.3627833143
7.44848484848	8.3630562129
7.45151515152	8.3633285625
7.45454545455	8.3636003642
7.45757575758	8.3638716193
7.46060606061	8.3641423288
7.46363636364	8.3644124938
7.46666666667	8.3646821154
7.4696969697	8.3649511948
7.47272727273	8.3652197330
7.47575757576	8.3654877311
7.47878787879	8.3657551903
7.48181818182	8.3660221116
7.48484848485	8.3662884961
7.48787878788	8.3665543450
7.49090909091	8.3668196592
7.49393939394	8.3670844399
7.49696969697	8.3673486882
7.5	8.3676124052
7.50303030303	8.3678755919
7.50606060606	8.3681382494
7.50909090909	8.3684003789
7.51212121212	8.3686619813
7.51515151515	8.3689230577
7.51818181818	8.3691836092
7.52121212121	8.3694436369
7.52424242424	8.3697031419
7.52727272727	8.3699621252
7.5303030303	8.3702205878
7.53333333333	8.3704785308
7.53636363636	8.3707359553
7.53939393939	8.3709928624
7.54242424242	8.3712492530
7.54545454545	8.3715051283
7.54848484848	8.3717604892
7.55151515152	8.3720153369
7.55454545455	8.3722696724
7.55757575758	8.3725234966
7.56060606061	8.3727768107
7.56363636364	8.3730296157
7.56666666667	8.3732819126
7.5696969697	8.3735337024
7.57272727273	8.3737849863
7.57575757576	8.3740357651
7.57878787879	8.3742860400
7.58181818182	8.3745358119
7.58484848485	8.3747850819
7.58787878788	8.3750338510
7.59090909091	8.3752821203
7.59393939394	8.3755298906
7.59696969697	8.3757771631
7.6	8.3760239388
7.60303030303	8.3762702186
7.60606060606	8.3765160036
7.60909090909	8.3767612948
7.61212121212	8.3770060931
7.61515151515	8.3772503997
7.61818181818	8.3774942154
7.62121212121	8.3777375413
7.62424242424	8.3779803784
7.62727272727	8.3782227276
7.6303030303	8.3784645900
7.63333333333	8.3787059665
7.63636363636	8.3789468581
7.63939393939	8.3791872659
7.64242424242	8.3794271908
7.64545454545	8.3796666337
7.64848484848	8.3799055957
7.65151515152	8.3801440777
7.65454545455	8.3803820807
7.65757575758	8.3806196057
7.66060606061	8.3808566536
7.66363636364	8.3810932255
7.66666666667	8.3813293222
7.6696969697	8.3815649448
7.67272727273	8.3818000942
7.67575757576	8.3820347713
7.67878787879	8.3822689772
7.68181818182	8.3825027128
7.68484848485	8.3827359790
7.68787878788	8.3829687767
7.69090909091	8.3832011071
7.69393939394	8.3834329709
7.69696969697	8.3836643691
7.7	8.3838953027
7.70303030303	8.3841257727
7.70606060606	8.3843557799
7.70909090909	8.3845853253
7.71212121212	8.3848144098
7.71515151515	8.3850430344
7.71818181818	8.3852712000
7.72121212121	8.3854989075
7.72424242424	8.3857261579
7.72727272727	8.3859529521
7.7303030303	8.3861792910
7.73333333333	8.3864051756
7.73636363636	8.3866306067
7.73939393939	8.3868555853
7.74242424242	8.3870801123
7.74545454545	8.3873041886
7.74848484848	8.3875278151
7.75151515152	8.3877509928
7.75454545455	8.3879737225
7.75757575758	8.3881960052
7.76060606061	8.3884178417
7.76363636364	8.3886392330
7.76666666667	8.3888601800
7.7696969697	8.3890806836
7.77272727273	8.3893007446
7.77575757576	8.3895203640
7.77878787879	8.3897395426
7.78181818182	8.3899582814
7.78484848485	8.3901765813
7.78787878788	8.3903944431
7.79090909091	8.3906118677
7.79393939394	8.3908288560
7.79696969697	8.3910454090
7.8	8.3912615274
7.80303030303	8.3914772121
7.80606060606	8.3916924641
7.80909090909	8.3919072842
7.81212121212	8.3921216733
7.81515151515	8.3923356323
7.81818181818	8.3925491620
7.82121212121	8.3927622633
7.82424242424	8.3929749371
7.82727272727	8.3931871842
7.8303030303	8.3933990055
7.83333333333	8.3936104019
7.83636363636	8.3938213742
7.83939393939	8.3940319233
7.84242424242	8.3942420500
7.84545454545	8.3944517552
7.84848484848	8.3946610398
7.85151515152	8.3948699046
7.85454545455	8.3950783505
7.85757575758	8.3952863782
7.86060606061	8.3954939887
7.86363636364	8.3957011828
7.86666666667	8.3959079613
7.8696969697	8.3961143251
7.87272727273	8.3963202751
7.87575757576	8.3965258119
7.87878787879	8.3967309366
7.88181818182	8.3969356499
7.88484848485	8.3971399527
7.88787878788	8.3973438458
7.89090909091	8.3975473299
7.89393939394	8.3977504061
7.89696969697	8.3979530750
7.9	8.3981553375
7.90303030303	8.3983571945
7.90606060606	8.3985586466
7.90909090909	8.3987596949
7.91212121212	8.3989603400
7.91515151515	8.3991605829
7.91818181818	8.3993604242
7.92121212121	8.3995598649
7.92424242424	8.3997589057
7.92727272727	8.3999575474
7.9303030303	8.4001557909
7.93333333333	8.4003536370
7.93636363636	8.4005510864
7.93939393939	8.4007481400
7.94242424242	8.4009447986
7.94545454545	8.4011410629
7.94848484848	8.4013369338
7.95151515152	8.4015324121
7.95454545455	8.4017274985
7.95757575758	8.4019221939
7.96060606061	8.4021164990
7.96363636364	8.4023104146
7.96666666667	8.4025039416
7.9696969697	8.4026970807
7.97272727273	8.4028898326
7.97575757576	8.4030821982
7.97878787879	8.4032741783
7.98181818182	8.4034657736
7.98484848485	8.4036569850
7.98787878788	8.4038478131
7.99090909091	8.4040382588
7.99393939394	8.4042283228
7.99696969697	8.4044180060
8.0	8.4046073090
8.00303030303	8.4047962326
8.00606060606	8.4049847777
8.00909090909	8.4051729450
8.01212121212	8.4053607352
8.01515151515	8.4055481492
8.01818181818	8.4057351876
8.02121212121	8.4059218512
8.02424242424	8.4061081408
8.02727272727	8.4062940572
8.0303030303	8.4064796011
8.03333333333	8.4066647732
8.03636363636	8.4068495743
8.03939393939	8.4070340052
8.04242424242	8.4072180666
8.04545454545	8.4074017592
8.04848484848	8.4075850839
8.05151515152	8.4077680412
8.05454545455	8.4079506321
8.05757575758	8.4081328572
8.06060606061	8.4083147173
8.06363636364	8.4084962130
8.06666666667	8.4086773452
8.0696969697	8.4088581146
8.07272727273	8.4090385219
8.07575757576	8.4092185678
8.07878787879	8.4093982531
8.08181818182	8.4095775785
8.08484848485	8.4097565447
8.08787878788	8.4099351525
8.09090909091	8.4101134025
8.09393939394	8.4102912956
8.09696969697	8.4104688323
8.1	8.4106460136
8.10303030303	8.4108228399
8.10606060606	8.4109993122
8.10909090909	8.4111754310
8.11212121212	8.4113511972
8.11515151515	8.4115266114
8.11818181818	8.4117016743
8.12121212121	8.4118763867
8.12424242424	8.4120507492
8.12727272727	8.4122247625
8.1303030303	8.4123984275
8.13333333333	8.4125717447
8.13636363636	8.4127447148
8.13939393939	8.4129173387
8.14242424242	8.4130896169
8.14545454545	8.4132615502
8.14848484848	8.4134331392
8.15151515152	8.4136043847
8.15454545455	8.4137752874
8.15757575758	8.4139458479
8.16060606061	8.4141160670
8.16363636364	8.4142859453
8.16666666667	8.4144554835
8.1696969697	8.4146246823
8.17272727273	8.4147935424
8.17575757576	8.4149620645
8.17878787879	8.4151302492
8.18181818182	8.4152980973
8.18484848485	8.4154656094
8.18787878788	8.4156327862
8.19090909091	8.4157996284
8.19393939394	8.4159661366
8.19696969697	8.4161323115
8.2	8.4162981539
8.20303030303	8.4164636643
8.20606060606	8.4166288435
8.20909090909	8.4167936921
8.21212121212	8.4169582107
8.21515151515	8.4171224001
8.21818181818	8.4172862609
8.22121212121	8.4174497938
8.22424242424	8.4176129994
8.22727272727	8.4177758784
8.2303030303	8.4179384315
8.23333333333	8.4181006593
8.23636363636	8.4182625624
8.23939393939	8.4184241416
8.24242424242	8.4185853975
8.24545454545	8.4187463307
8.24848484848	8.4189069419
8.25151515152	8.4190672317
8.25454545455	8.4192272008
8.25757575758	8.4193868498
8.26060606061	8.4195461794
8.26363636364	8.4197051902
8.26666666667	8.4198638829
8.2696969697	8.4200222582
8.27272727273	8.4201803165
8.27575757576	8.4203380586
8.27878787879	8.4204954852
8.28181818182	8.4206525969
8.28484848485	8.4208093942
8.28787878788	8.4209658779
8.29090909091	8.4211220485
8.29393939394	8.4212779067
8.29696969697	8.4214334532
8.3	8.4215886885
8.30303030303	8.4217436133
8.30606060606	8.4218982283
8.30909090909	8.4220525339
8.31212121212	8.4222065310
8.31515151515	8.4223602200
8.31818181818	8.4225136016
8.32121212121	8.4226666765
8.32424242424	8.4228194452
8.32727272727	8.4229719083
8.3303030303	8.4231240666
8.33333333333	8.4232759205
8.33636363636	8.4234274708
8.33939393939	8.4235787180
8.34242424242	8.4237296627
8.34545454545	8.4238803055
8.34848484848	8.4240306472
8.35151515152	8.4241806881
8.35454545455	8.4243304291
8.35757575758	8.4244798706
8.36060606061	8.4246290133
8.36363636364	8.4247778578
8.36666666667	8.4249264047
8.3696969697	8.4250746545
8.37272727273	8.4252226080
8.37575757576	8.4253702656
8.37878787879	8.4255176280
8.38181818182	8.4256646957
8.38484848485	8.4258114695
8.38787878788	8.4259579498
8.39090909091	8.4261041372
8.39393939394	8.4262500324
8.39696969697	8.4263956359
8.4	8.4265409484
8.40303030303	8.4266859703
8.40606060606	8.4268307024
8.40909090909	8.4269751451
8.41212121212	8.4271192991
8.41515151515	8.4272631649
8.41818181818	8.4274067432
8.42121212121	8.4275500345
8.42424242424	8.4276930393
8.42727272727	8.4278357583
8.4303030303	8.4279781921
8.43333333333	8.4281203412
8.43636363636	8.4282622061
8.43939393939	8.4284037875
8.44242424242	8.4285450860
8.44545454545	8.4286861020
8.44848484848	8.4288268363
8.45151515152	8.4289672892
8.45454545455	8.4291074615
8.45757575758	8.4292473537
8.46060606061	8.4293869663
8.46363636364	8.4295262999
8.46666666667	8.4296653550
8.4696969697	8.4298041323
8.47272727273	8.4299426323
8.47575757576	8.4300808555
8.47878787879	8.4302188025
8.48181818182	8.4303564739
8.48484848485	8.4304938702
8.48787878788	8.4306309920
8.49090909091	8.4307678398
8.49393939394	8.4309044142
8.49696969697	8.4310407157
8.5	8.4311767449
8.50303030303	8.4313125023
8.50606060606	8.4314479885
8.50909090909	8.4315832040
8.51212121212	8.4317181494
8.51515151515	8.4318528252
8.51818181818	8.4319872319
8.52121212121	8.4321213701
8.52424242424	8.4322552404
8.52727272727	8.4323888433
8.5303030303	8.4325221793
8.53333333333	8.4326552489
8.53636363636	8.4327880527
8.53939393939	8.4329205913
8.54242424242	8.4330528651
8.54545454545	8.4331848747
8.54848484848	8.4333166207
8.55151515152	8.4334481035
8.55454545455	8.4335793237
8.55757575758	8.4337102818
8.56060606061	8.4338409783
8.56363636364	8.4339714139
8.56666666667	8.4341015889
8.5696969697	8.4342315040
8.57272727273	8.4343611596
8.57575757576	8.4344905563
8.57878787879	8.4346196946
8.58181818182	8.4347485750
8.58484848485	8.4348771980
8.58787878788	8.4350055642
8.59090909091	8.4351336740
8.59393939394	8.4352615281
8.59696969697	8.4353891268
8.6	8.4355164708
8.60303030303	8.4356435605
8.60606060606	8.4357703964
8.60909090909	8.4358969791
8.61212121212	8.4360233091
8.61515151515	8.4361493868
8.61818181818	8.4362752128
8.62121212121	8.4364007876
8.62424242424	8.4365261117
8.62727272727	8.4366511856
8.6303030303	8.4367760098
8.63333333333	8.4369005848
8.63636363636	8.4370249111
8.63939393939	8.4371489892
8.64242424242	8.4372728196
8.64545454545	8.4373964029
8.64848484848	8.4375197394
8.65151515152	8.4376428297
8.65454545455	8.4377656744
8.65757575758	8.4378882738
8.66060606061	8.4380106285
8.66363636364	8.4381327390
8.66666666667	8.4382546058
8.6696969697	8.4383762294
8.67272727273	8.4384976101
8.67575757576	8.4386187487
8.67878787879	8.4387396454
8.68181818182	8.4388603009
8.68484848485	8.4389807156
8.68787878788	8.4391008900
8.69090909091	8.4392208245
8.69393939394	8.4393405197
8.69696969697	8.4394599760
8.7	8.4395791940
8.70303030303	8.4396981740
8.70606060606	8.4398169166
8.70909090909	8.4399354223
8.71212121212	8.4400536915
8.71515151515	8.4401717247
8.71818181818	8.4402895224
8.72121212121	8.4404070851
8.72424242424	8.4405244132
8.72727272727	8.4406415071
8.7303030303	8.4407583675
8.73333333333	8.4408749947
8.73636363636	8.4409913892
8.73939393939	8.4411075515
8.74242424242	8.4412234821
8.74545454545	8.4413391813
8.74848484848	8.4414546498
8.75151515152	8.4415698879
8.75454545455	8.4416848961
8.75757575758	8.4417996748
8.76060606061	8.4419142246
8.76363636364	8.4420285459
8.76666666667	8.4421426392
8.7696969697	8.4422565049
8.77272727273	8.4423701434
8.77575757576	8.4424835553
8.77878787879	8.4425967409
8.78181818182	8.4427097008
8.78484848485	8.4428224354
8.78787878788	8.4429349452
8.79090909091	8.4430472305
8.79393939394	8.4431592919
8.79696969697	8.4432711298
8.8	8.4433827447
8.80303030303	8.4434941369
8.80606060606	8.4436053070
8.80909090909	8.4437162555
8.81212121212	8.4438269826
8.81515151515	8.4439374890
8.81818181818	8.4440477749
8.82121212121	8.4441578410
8.82424242424	8.4442676875
8.82727272727	8.4443773151
8.8303030303	8.4444867240
8.83333333333	8.4445959148
8.83636363636	8.4447048879
8.83939393939	8.4448136436
8.84242424242	8.4449221826
8.84545454545	8.4450305051
8.84848484848	8.4451386116
8.85151515152	8.4452465027
8.85454545455	8.4453541786
8.85757575758	8.4454616398
8.86060606061	8.4455688868
8.86363636364	8.4456759200
8.86666666667	8.4457827398
8.8696969697	8.4458893467
8.87272727273	8.4459957410
8.87575757576	8.4461019233
8.87878787879	8.4462078939
8.88181818182	8.4463136532
8.88484848485	8.4464192018
8.88787878788	8.4465245399
8.89090909091	8.4466296681
8.89393939394	8.4467345867
8.89696969697	8.4468392962
8.9	8.4469437970
8.90303030303	8.4470480895
8.90606060606	8.4471521742
8.90909090909	8.4472560514
8.91212121212	8.4473597216
8.91515151515	8.4474631851
8.91818181818	8.4475664425
8.92121212121	8.4476694941
8.92424242424	8.4477723403
8.92727272727	8.4478749816
8.9303030303	8.4479774183
8.93333333333	8.4480796509
8.93636363636	8.4481816798
8.93939393939	8.4482835053
8.94242424242	8.4483851280
8.94545454545	8.4484865481
8.94848484848	8.4485877662
8.95151515152	8.4486887826
8.95454545455	8.4487895977
8.95757575758	8.4488902120
8.96060606061	8.4489906258
8.96363636364	8.4490908395
8.96666666667	8.4491908535
8.9696969697	8.4492906683
8.97272727273	8.4493902843
8.97575757576	8.4494897018
8.97878787879	8.4495889212
8.98181818182	8.4496879429
8.98484848485	8.4497867674
8.98787878788	8.4498853951
8.99090909091	8.4499838262
8.99393939394	8.4500820613
8.99696969697	8.4501801007
9.0	8.4502779448
9.00303030303	8.4503755940
9.00606060606	8.4504730487
9.00909090909	8.4505703093
9.01212121212	8.4506673762
9.01515151515	8.4507642497
9.01818181818	8.4508609303
9.02121212121	8.4509574184
9.02424242424	8.4510537143
9.02727272727	8.4511498183
9.0303030303	8.4512457310
9.03333333333	8.4513414527
9.03636363636	8.4514369838
9.03939393939	8.4515323246
9.04242424242	8.4516274755
9.04545454545	8.4517224370
9.04848484848	8.4518172093
9.05151515152	8.4519117930
9.05454545455	8.4520061882
9.05757575758	8.4521003956
9.06060606061	8.4521944153
9.06363636364	8.4522882479
9.06666666667	8.4523818936
9.0696969697	8.4524753528
9.07272727273	8.4525686260
9.07575757576	8.4526617135
9.07878787879	8.4527546156
9.08181818182	8.4528473328
9.08484848485	8.4529398654
9.08787878788	8.4530322137
9.09090909091	8.4531243782
9.09393939394	8.4532163593
9.09696969697	8.4533081572
9.1	8.4533997724
9.10303030303	8.4534912052
9.10606060606	8.4535824560
9.10909090909	8.4536735251
9.11212121212	8.4537644130
9.11515151515	8.4538551200
9.11818181818	8.4539456464
9.12121212121	8.4540359927
9.12424242424	8.4541261591
9.12727272727	8.4542161460
9.1303030303	8.4543059538
9.13333333333	8.4543955829
9.13636363636	8.4544850337
9.13939393939	8.4545743063
9.14242424242	8.4546634014
9.14545454545	8.4547523191
9.14848484848	8.4548410598
9.15151515152	8.4549296240
9.15454545455	8.4550180119
9.15757575758	8.4551062239
9.16060606061	8.4551942604
9.16363636364	8.4552821217
9.16666666667	8.4553698082
9.1696969697	8.4554573202
9.17272727273	8.4555446581
9.17575757576	8.4556318222
9.17878787879	8.4557188128
9.18181818182	8.4558056304
9.18484848485	8.4558922752
9.18787878788	8.4559787477
9.19090909091	8.4560650481
9.19393939394	8.4561511768
9.19696969697	8.4562371342
9.2	8.4563229205
9.20303030303	8.4564085362
9.20606060606	8.4564939816
9.20909090909	8.4565792570
9.21212121212	8.4566643628
9.21515151515	8.4567492992
9.21818181818	8.4568340667
9.22121212121	8.4569186656
9.22424242424	8.4570030962
9.22727272727	8.4570873589
9.2303030303	8.4571714540
9.23333333333	8.4572553818
9.23636363636	8.4573391427
9.23939393939	8.4574227370
9.24242424242	8.4575061650
9.24545454545	8.4575894271
9.24848484848	8.4576725236
9.25151515152	8.4577554548
9.25454545455	8.4578382211
9.25757575758	8.4579208229
9.26060606061	8.4580032603
9.26363636364	8.4580855338
9.26666666667	8.4581676437
9.2696969697	8.4582495904
9.27272727273	8.4583313741
9.27575757576	8.4584129951
9.27878787879	8.4584944539
9.28181818182	8.4585757507
9.28484848485	8.4586568858
9.28787878788	8.4587378596
9.29090909091	8.4588186724
9.29393939394	8.4588993246
9.29696969697	8.4589798164
9.3	8.4590601482
9.30303030303	8.4591403202
9.30606060606	8.4592203329
9.30909090909	8.4593001865
9.31212121212	8.4593798814
9.31515151515	8.4594594178
9.31818181818	8.4595387961
9.32121212121	8.4596180167
9.32424242424	8.4596970797
9.32727272727	8.4597759856
9.3303030303	8.4598547346
9.33333333333	8.4599333272
9.33636363636	8.4600117635
9.33939393939	8.4600900438
9.34242424242	8.4601681687
9.34545454545	8.4602461382
9.34848484848	8.4603239528
9.35151515152	8.4604016127
9.35454545455	8.4604791182
9.35757575758	8.4605564698
9.36060606061	8.4606336676
9.36363636364	8.4607107120
9.36666666667	8.4607876033
9.3696969697	8.4608643417
9.37272727273	8.4609409277
9.37575757576	8.4610173615
9.37878787879	8.4610936435
9.38181818182	8.4611697738
9.38484848485	8.4612457529
9.38787878788	8.4613215810
9.39090909091	8.4613972584
9.39393939394	8.4614727855
9.39696969697	8.4615481625
9.4	8.4616233897
9.40303030303	8.4616984675
9.40606060606	8.4617733962
9.40909090909	8.4618481759
9.41212121212	8.4619228071
9.41515151515	8.4619972901
9.41818181818	8.4620716250
9.42121212121	8.4621458123
9.42424242424	8.4622198523
9.42727272727	8.4622937451
9.4303030303	8.4623674912
9.43333333333	8.4624410908
9.43636363636	8.4625145442
9.43939393939	8.4625878517
9.44242424242	8.4626610135
9.44545454545	8.4627340301
9.44848484848	8.4628069016
9.45151515152	8.4628796285
9.45454545455	8.4629522108
9.45757575758	8.4630246490
9.46060606061	8.4630969434
9.46363636364	8.4631690942
9.46666666667	8.4632411017
9.4696969697	8.4633129661
9.47272727273	8.4633846879
9.47575757576	8.4634562673
9.47878787879	8.4635277045
9.48181818182	8.4635989998
9.48484848485	8.4636701536
9.48787878788	8.4637411661
9.49090909091	8.4638120376
9.49393939394	8.4638827684
9.49696969697	8.4639533588
9.5	8.4640238089
9.50303030303	8.4640941193
9.50606060606	8.4641642900
9.50909090909	8.4642343214
9.51212121212	8.4643042138
9.51515151515	8.4643739674
9.51818181818	8.4644435825
9.52121212121	8.4645130595
9.52424242424	8.4645823985
9.52727272727	8.4646515998
9.5303030303	8.4647206638
9.53333333333	8.4647895908
9.53636363636	8.4648583808
9.53939393939	8.4649270344
9.54242424242	8.4649955517
9.54545454545	8.4650639329
9.54848484848	8.4651321785
9.55151515152	8.4652002886
9.55454545455	8.4652682635
9.55757575758	8.4653361035
9.56060606061	8.4654038089
9.56363636364	8.4654713799
9.56666666667	8.4655388168
9.5696969697	8.4656061199
9.57272727273	8.4656732894
9.57575757576	8.4657403257
9.57878787879	8.4658072289
9.58181818182	8.4658739993
9.58484848485	8.4659406372
9.58787878788	8.4660071430
9.59090909091	8.4660735167
9.59393939394	8.4661397588
9.59696969697	8.4662058694
9.6	8.4662718489
9.60303030303	8.4663376974
9.60606060606	8.4664034153
9.60909090909	8.4664690028
9.61212121212	8.4665344602
9.61515151515	8.4665997878
9.61818181818	8.4666649857
9.62121212121	8.4667300543
9.62424242424	8.4667949938
9.62727272727	8.4668598045
9.6303030303	8.4669244867
9.63333333333	8.4669890405
9.63636363636	8.4670534663
9.63939393939	8.4671177643
9.64242424242	8.4671819347
9.64545454545	8.4672459779
9.64848484848	8.4673098940
9.65151515152	8.4673736834
9.65454545455	8.4674373463
9.65757575758	8.4675008829
9.66060606061	8.4675642935
9.66363636364	8.4676275783
9.66666666667	8.4676907376
9.6696969697	8.4677537717
9.67272727273	8.4678166808
9.67575757576	8.4678794651
9.67878787879	8.4679421250
9.68181818182	8.4680046606
9.68484848485	8.4680670721
9.68787878788	8.4681293600
9.69090909091	8.4681915243
9.69393939394	8.4682535653
9.69696969697	8.4683154834
9.7	8.4683772787
9.70303030303	8.4684389514
9.70606060606	8.4685005019
9.70909090909	8.4685619304
9.71212121212	8.4686232371
9.71515151515	8.4686844222
9.71818181818	8.4687454861
9.72121212121	8.4688064289
9.72424242424	8.4688672509
9.72727272727	8.4689279523
9.7303030303	8.4689885334
9.73333333333	8.4690489944
9.73636363636	8.4691093356
9.73939393939	8.4691695572
9.74242424242	8.4692296594
9.74545454545	8.4692896425
9.74848484848	8.4693495066
9.75151515152	8.4694092522
9.75454545455	8.4694688793
9.75757575758	8.4695283883
9.76060606061	8.4695877793
9.76363636364	8.4696470527
9.76666666667	8.4697062085
9.7696969697	8.4697652472
9.77272727273	8.4698241688
9.77575757576	8.4698829737
9.77878787879	8.4699416621
9.78181818182	8.4700002341
9.78484848485	8.4700586902
9.78787878788	8.4701170303
9.79090909091	8.4701752549
9.79393939394	8.4702333642
9.79696969697	8.4702913583
9.8	8.4703492375
9.80303030303	8.4704070020
9.80606060606	8.4704646521
9.80909090909	8.4705221880
9.81212121212	8.4705796099
9.81515151515	8.4706369180
9.81818181818	8.4706941127
9.82121212121	8.4707511940
9.82424242424	8.4708081623
9.82727272727	8.4708650177
9.8303030303	8.4709217604
9.83333333333	8.4709783908
9.83636363636	8.4710349091
9.83939393939	8.4710913154
9.84242424242	8.4711476099
9.84545454545	8.4712037930
9.84848484848	8.4712598648
9.85151515152	8.4713158256
9.85454545455	8.4713716755
9.85757575758	8.4714274148
9.86060606061	8.4714830437
9.86363636364	8.4715385625
9.86666666667	8.4715939714
9.8696969697	8.4716492705
9.87272727273	8.4717044601
9.87575757576	8.4717595404
9.87878787879	8.4718145117
9.88181818182	8.4718693741
9.88484848485	8.4719241279
9.88787878788	8.4719787733
9.89090909091	8.4720333105
9.89393939394	8.4720877398
9.89696969697	8.4721420612
9.9	8.4721962751
9.90303030303	8.4722503817
9.90606060606	8.4723043812
9.90909090909	8.4723582738
9.91212121212	8.4724120597
9.91515151515	8.4724657391
9.91818181818	8.4725193123
9.92121212121	8.4725727795
9.92424242424	8.4726261408
9.92727272727	8.4726793964
9.9303030303	8.4727325467
9.93333333333	8.4727855918
9.93636363636	8.4728385319
9.93939393939	8.4728913672
9.94242424242	8.4729440979
9.94545454545	8.4729967243
9.94848484848	8.4730492465
9.95151515152	8.4731016648
9.95454545455	8.4731539794
9.95757575758	8.4732061905
9.96060606061	8.4732582982
9.96363636364	8.4733103028
9.96666666667	8.4733622045
9.9696969697	8.4734140035
9.97272727273	8.4734657001
9.97575757576	8.4735172943
9.97878787879	8.4735687865
9.98181818182	8.4736201767
9.98484848485	8.4736714653
9.98787878788	8.4737226525
9.99090909091	8.4737737383
9.99393939394	8.4738247231
9.99696969697	8.4738756071
