0.0	2.9091196405
0.00416666666667	2.9095806553
0.00833333333333	2.9100621125
0.0125	2.9105631225
0.0166666666667	2.9110828852
0.0208333333333	2.9116206500
0.025	2.9121757121
0.0291666666667	2.9127474098
0.0333333333333	2.9133351219
0.0375	2.9139382649
0.0416666666667	2.9145562911
0.0458333333333	2.9151886863
0.05	2.9158349675
0.0541666666667	2.9164946814
0.0583333333333	2.9171674023
0.0625	2.9178527305
0.0666666666667	2.9185502908
0.0708333333333	2.9192597310
0.075	2.9199807205
0.0791666666667	2.9207129489
0.0833333333333	2.9214561251
0.0875	2.9222099757
0.0916666666667	2.9229742443
0.0958333333333	2.9237486903
0.1	2.9245330881
0.104166666667	2.9253272260
0.108333333333	2.9261309058
0.1125	2.9269439415
0.116666666667	2.9277661587
0.120833333333	2.9285973944
0.125	2.9294374956
0.129166666667	2.9302863194
0.133333333333	2.9311437318
0.1375	2.9320096076
0.141666666667	2.9328838299
0.145833333333	2.9337662894
0.15	2.9346568841
0.154166666667	2.9355555187
0.158333333333	2.9364621046
0.1625	2.9373765593
0.166666666667	2.9382988057
0.170833333333	2.9392287727
0.175	2.9401663937
0.179166666667	2.9411116076
0.183333333333	2.9420643572
0.1875	2.9430245902
0.191666666667	2.9439922581
0.195833333333	2.9449673163
0.2	2.9459497239
0.204166666667	2.9469394433
0.208333333333	2.9479364404
0.2125	2.9489406841
0.216666666667	2.9499521461
0.220833333333	2.9509708009
0.225	2.9519966259
0.229166666667	2.9530296006
0.233333333333	2.9540697070
0.2375	2.9551169295
0.241666666667	2.9561712544
0.245833333333	2.9572326700
0.25	2.9583011665
0.254166666667	2.9593767361
0.258333333333	2.9604593724
0.2625	2.9615490709
0.266666666667	2.9626458284
0.270833333333	2.9637496434
0.275	2.9648605155
0.279166666667	2.9659784458
0.283333333333	2.9671034366
0.2875	2.9682354914
0.291666666667	2.9693746148
0.295833333333	2.9705208125
0.3	2.9716740911
0.304166666667	2.9728344583
0.308333333333	2.9740019226
0.3125	2.9751764935
0.316666666667	2.9763581812
0.320833333333	2.9775469968
0.325	2.9787429519
0.329166666667	2.9799460592
0.333333333333	2.9811563317
0.3375	2.9823737833
0.341666666667	2.9835984282
0.345833333333	2.9848302816
0.35	2.9860693588
0.354166666667	2.9873156760
0.358333333333	2.9885692496
0.3625	2.9898300966
0.366666666667	2.9910982344
0.370833333333	2.9923736809
0.375	2.9936564544
0.379166666667	2.9949465733
0.383333333333	2.9962440567
0.3875	2.9975489239
0.391666666667	2.9988611945
0.395833333333	3.0001808884
0.4	3.0015080257
0.404166666667	3.0028426270
0.408333333333	3.0041847130
0.4125	3.0055343046
0.416666666667	3.0068914229
0.420833333333	3.0082560893
0.425	3.0096283253
0.429166666667	3.0110081528
0.433333333333	3.0123955936
0.4375	3.0137906697
0.441666666667	3.0151934034
0.445833333333	3.0166038169
0.45	3.0180219328
0.454166666667	3.0194477736
0.458333333333	3.0208813620
0.4625	3.0223227206
0.466666666667	3.0237718724
0.470833333333	3.0252288402
0.475	3.0266936470
0.479166666667	3.0281663159
0.483333333333	3.0296468698
0.4875	3.0311353319
0.491666666667	3.0326317253
0.495833333333	3.0341360732
0.5	3.0356483988
0.504166666667	3.0371687251
0.508333333333	3.0386970755
0.5125	3.0402334730
0.516666666667	3.0417779408
0.520833333333	3.0433305020
0.525	3.0448911798
0.529166666667	3.0464599972
0.533333333333	3.0480369772
0.5375	3.0496221429
0.541666666667	3.0512155171
0.545833333333	3.0528171228
0.55	3.0544269827
0.554166666667	3.0560451196
0.558333333333	3.0576715562
0.5625	3.0593063151
0.566666666667	3.0609494188
0.570833333333	3.0626008897
0.575	3.0642607501
0.579166666667	3.0659290222
0.583333333333	3.0676057282
0.5875	3.0692908902
0.591666666667	3.0709845299
0.595833333333	3.0726866692
0.6	3.0743973297
0.604166666667	3.0761165330
0.608333333333	3.0778443004
0.6125	3.0795806533
0.616666666667	3.0813256128
0.620833333333	3.0830791998
0.625	3.0848414352
0.629166666667	3.0866123397
0.633333333333	3.0883919338
0.6375	3.0901802378
0.641666666667	3.0919772721
0.645833333333	3.0937830566
0.65	3.0955976111
0.654166666667	3.0974209555
0.658333333333	3.0992531092
0.6625	3.1010940915
0.666666666667	3.1029439217
0.670833333333	3.1048026186
0.675	3.1066702011
0.679166666667	3.1085466877
0.683333333333	3.1104320968
0.6875	3.1123264467
0.691666666667	3.1142297553
0.695833333333	3.1161420403
0.7	3.1180633194
0.704166666667	3.1199936099
0.708333333333	3.1219329289
0.7125	3.1238812934
0.716666666667	3.1258387201
0.720833333333	3.1278052255
0.725	3.1297808257
0.729166666667	3.1317655369
0.733333333333	3.1337593749
0.7375	3.1357623552
0.741666666667	3.1377744931
0.745833333333	3.1397958038
0.75	3.1418263020
0.754166666667	3.1438660025
0.758333333333	3.1459149196
0.7625	3.1479730674
0.766666666667	3.1500404598
0.770833333333	3.1521171104
0.775	3.1542030326
0.779166666667	3.1562982396
0.783333333333	3.1584027442
0.7875	3.1605165589
0.791666666667	3.1626396963
0.795833333333	3.1647721683
0.8	3.1669139868
0.804166666667	3.1690651634
0.808333333333	3.1712257094
0.8125	3.1733956358
0.816666666667	3.1755749534
0.820833333333	3.1777636727
0.825	3.1799618040
0.829166666667	3.1821693573
0.833333333333	3.1843863421
0.8375	3.1866127680
0.841666666667	3.1888486441
0.845833333333	3.1910939793
0.85	3.1933487822
0.854166666667	3.1956130612
0.858333333333	3.1978868242
0.8625	3.2001700791
0.866666666667	3.2024628333
0.870833333333	3.2047650942
0.875	3.2070768686
0.879166666667	3.2093981632
0.883333333333	3.2117289843
0.8875	3.2140693382
0.891666666667	3.2164192307
0.895833333333	3.2187786672
0.9	3.2211476531
0.904166666667	3.2235261933
0.908333333333	3.2259142927
0.9125	3.2283119555
0.916666666667	3.2307191860
0.920833333333	3.2331359880
0.925	3.2355623652
0.929166666667	3.2379983209
0.933333333333	3.2404438580
0.9375	3.2428989794
0.941666666667	3.2453636876
0.945833333333	3.2478379847
0.95	3.2503218728
0.954166666667	3.2528153534
0.958333333333	3.2553184279
0.9625	3.2578310975
0.966666666667	3.2603533630
0.970833333333	3.2628852250
0.975	3.2654266837
0.979166666667	3.2679777392
0.983333333333	3.2705383912
0.9875	3.2731086392
0.991666666667	3.2756884825
0.995833333333	3.2782779199
1.0	3.2808769501
1.00416666667	3.2834855716
1.00833333333	3.2861037826
1.0125	3.2887315808
1.01666666667	3.2913689640
1.02083333333	3.2940159295
1.025	3.2966724744
1.02916666667	3.2993385956
1.03333333333	3.3020142897
1.0375	3.3046995529
1.04166666667	3.3073943815
1.04583333333	3.3100987712
1.05	3.3128127176
1.05416666667	3.3155362161
1.05833333333	3.3182692617
1.0625	3.3210118493
1.06666666667	3.3237639735
1.07083333333	3.3265256286
1.075	3.3292968088
1.07916666667	3.3320775080
1.08333333333	3.3348677197
1.0875	3.3376674374
1.09166666667	3.3404766542
1.09583333333	3.3432953630
1.1	3.3461235567
1.10416666667	3.3489612275
1.10833333333	3.3518083679
1.1125	3.3546649697
1.11666666667	3.3575310248
1.12083333333	3.3604065248
1.125	3.3632914609
1.12916666667	3.3661858243
1.13333333333	3.3690896060
1.1375	3.3720027965
1.14166666667	3.3749253864
1.14583333333	3.3778573659
1.15	3.3807987251
1.15416666667	3.3837494538
1.15833333333	3.3867095416
1.1625	3.3896789780
1.16666666667	3.3926577522
1.17083333333	3.3956458531
1.175	3.3986432696
1.17916666667	3.4016499903
1.18333333333	3.4046660036
1.1875	3.4076912976
1.19166666667	3.4107258606
1.19583333333	3.4137696801
1.2	3.4168227439
1.20416666667	3.4198850394
1.20833333333	3.4229565539
1.2125	3.4260372743
1.21666666667	3.4291271877
1.22083333333	3.4322262805
1.225	3.4353345394
1.22916666667	3.4384519507
1.23333333333	3.4415785004
1.2375	3.4447141746
1.24166666667	3.4478589591
1.24583333333	3.4510128393
1.25	3.4541758007
1.25416666667	3.4573478287
1.25833333333	3.4605289081
1.2625	3.4637190240
1.26666666667	3.4669181611
1.27083333333	3.4701263038
1.275	3.4733434367
1.27916666667	3.4765695439
1.28333333333	3.4798046094
1.2875	3.4830486172
1.29166666667	3.4863015509
1.29583333333	3.4895633942
1.3	3.4928341303
1.30416666667	3.4961137426
1.30833333333	3.4994022141
1.3125	3.5026995276
1.31666666667	3.5060056660
1.32083333333	3.5093206118
1.325	3.5126443475
1.32916666667	3.5159768553
1.33333333333	3.5193181173
1.3375	3.5226681155
1.34166666667	3.5260268318
1.34583333333	3.5293942477
1.35	3.5327703447
1.35416666667	3.5361551043
1.35833333333	3.5395485075
1.3625	3.5429505355
1.36666666667	3.5463611691
1.37083333333	3.5497803891
1.375	3.5532081760
1.37916666667	3.5566445104
1.38333333333	3.5600893725
1.3875	3.5635427424
1.39166666667	3.5670046002
1.39583333333	3.5704749257
1.4	3.5739536986
1.40416666667	3.5774408986
1.40833333333	3.5809365049
1.4125	3.5844404970
1.41666666667	3.5879528538
1.42083333333	3.5914735545
1.425	3.5950025779
1.42916666667	3.5985399026
1.43333333333	3.6020855073
1.4375	3.6056393704
1.44166666667	3.6092014701
1.44583333333	3.6127717845
1.45	3.6163502918
1.45416666667	3.6199369698
1.45833333333	3.6235317961
1.4625	3.6271347484
1.46666666667	3.6307458041
1.47083333333	3.6343649405
1.475	3.6379921349
1.47916666667	3.6416273642
1.48333333333	3.6452706054
1.4875	3.6489218352
1.49166666667	3.6525810302
1.49583333333	3.6562481670
1.5	3.6599232220
1.50416666667	3.6636061712
1.50833333333	3.6672969910
1.5125	3.6709956571
1.51666666667	3.6747021455
1.52083333333	3.6784164318
1.525	3.6821384917
1.52916666667	3.6858683006
1.53333333333	3.6896058337
1.5375	3.6933510663
1.54166666667	3.6971039734
1.54583333333	3.7008645299
1.55	3.7046327107
1.55416666667	3.7084084904
1.55833333333	3.7121918436
1.5625	3.7159827446
1.56666666667	3.7197811679
1.57083333333	3.7235870875
1.575	3.7274004775
1.57916666667	3.7312213118
1.58333333333	3.7350495642
1.5875	3.7388852085
1.59166666667	3.7427282181
1.59583333333	3.7465785665
1.6	3.7504362271
1.60416666667	3.7543011730
1.60833333333	3.7581733773
1.6125	3.7620528130
1.61666666667	3.7659394530
1.62083333333	3.7698332699
1.625	3.7737342365
1.62916666667	3.7776423251
1.63333333333	3.7815575083
1.6375	3.7854797583
1.64166666667	3.7894090473
1.64583333333	3.7933453473
1.65	3.7972886302
1.65416666667	3.8012388681
1.65833333333	3.8051960325
1.6625	3.8091600951
1.66666666667	3.8131310275
1.67083333333	3.8171088010
1.675	3.8210933870
1.67916666667	3.8250847568
1.68333333333	3.8290828814
1.6875	3.8330877318
1.69166666667	3.8370992790
1.69583333333	3.8411174938
1.7	3.8451423469
1.70416666667	3.8491738089
1.70833333333	3.8532118505
1.7125	3.8572564419
1.71666666667	3.8613075537
1.72083333333	3.8653651559
1.725	3.8694292189
1.72916666667	3.8734997127
1.73333333333	3.8775766072
1.7375	3.8816598724
1.74166666667	3.8857494781
1.74583333333	3.8898453940
1.75	3.8939475898
1.75416666667	3.8980560351
1.75833333333	3.9021706994
1.7625	3.9062915520
1.76666666667	3.9104185623
1.77083333333	3.9145516995
1.775	3.9186909329
1.77916666667	3.9228362316
1.78333333333	3.9269875645
1.7875	3.9311449007
1.79166666667	3.9353082091
1.79583333333	3.9394774584
1.8	3.9436526174
1.80416666667	3.9478336549
1.80833333333	3.9520205394
1.8125	3.9562132396
1.81666666667	3.9604117238
1.82083333333	3.9646159606
1.825	3.9688259183
1.82916666667	3.9730415653
1.83333333333	3.9772628698
1.8375	3.9814898000
1.84166666667	3.9857223241
1.84583333333	3.9899604102
1.85	3.9942040263
1.85416666667	3.9984531405
1.85833333333	4.0027077206
1.8625	4.0069677347
1.86666666667	4.0112331504
1.87083333333	4.0155039357
1.875	4.0197800584
1.87916666667	4.0240614860
1.88333333333	4.0283481864
1.8875	4.0326401272
1.89166666667	4.0369372759
1.89583333333	4.0412396002
1.9	4.0455470675
1.90416666667	4.0498596454
1.90833333333	4.0541773014
1.9125	4.0585000028
1.91666666667	4.0628277171
1.92083333333	4.0671604116
1.925	4.0714980537
1.92916666667	4.0758406107
1.93333333333	4.0801880499
1.9375	4.0845403385
1.94166666667	4.0888974439
1.94583333333	4.0932593332
1.95	4.0976259736
1.95416666667	4.1019973323
1.95833333333	4.1063733765
1.9625	4.1107540733
1.96666666667	4.1151393899
1.97083333333	4.1195292934
1.975	4.1239237508
1.97916666667	4.1283227294
1.98333333333	4.1327261960
1.9875	4.1371341180
1.99166666667	4.1415464622
1.99583333333	4.1459631958
2.0	4.1503842859
2.00416666667	4.1548096994
2.00833333333	4.1592394034
2.0125	4.1636733650
2.01666666667	4.1681115511
2.02083333333	4.1725539290
2.025	4.1770004655
2.02916666667	4.1814511277
2.03333333333	4.1859058828
2.0375	4.1903646977
2.04166666667	4.1948275394
2.04583333333	4.1992943752
2.05	4.2037651720
2.05416666667	4.2082398969
2.05833333333	4.2127185171
2.0625	4.2172009995
2.06666666667	4.2216873114
2.07083333333	4.2261774199
2.075	4.2306712921
2.07916666667	4.2351688952
2.08333333333	4.2396701963
2.0875	4.2441751627
2.09166666667	4.2486837615
2.09583333333	4.2531959601
2.1	4.2577117255
2.10416666667	4.2622310252
2.10833333333	4.2667538264
2.1125	4.2712800964
2.11666666667	4.2758098025
2.12083333333	4.2803429122
2.125	4.2848793928
2.12916666667	4.2894192117
2.13333333333	4.2939623364
2.1375	4.2985087344
2.14166666667	4.3030583731
2.14583333333	4.3076112202
2.15	4.3121672431
2.15416666667	4.3167264094
2.15833333333	4.3212886869
2.1625	4.3258540430
2.16666666667	4.3304224457
2.17083333333	4.3349938625
2.175	4.3395682613
2.17916666667	4.3441456099
2.18333333333	4.3487258760
2.1875	4.3533090277
2.19166666667	4.3578950327
2.19583333333	4.3624838592
2.2	4.3670754750
2.20416666667	4.3716698483
2.20833333333	4.3762669470
2.2125	4.3808667394
2.21666666667	4.3854691937
2.22083333333	4.3900742779
2.225	4.3946819605
2.22916666667	4.3992922097
2.23333333333	4.4039049938
2.2375	4.4085202813
2.24166666667	4.4131380407
2.24583333333	4.4177582403
2.25	4.4223808489
2.25416666667	4.4270058349
2.25833333333	4.4316331670
2.2625	4.4362628139
2.26666666667	4.4408947444
2.27083333333	4.4455289273
2.275	4.4501653315
2.27916666667	4.4548039257
2.28333333333	4.4594446791
2.2875	4.4640875606
2.29166666667	4.4687325394
2.29583333333	4.4733795844
2.3	4.4780286650
2.30416666667	4.4826797503
2.30833333333	4.4873328098
2.3125	4.4919878126
2.31666666667	4.4966447283
2.32083333333	4.5013035263
2.325	4.5059641762
2.32916666667	4.5106266476
2.33333333333	4.5152909100
2.3375	4.5199569333
2.34166666667	4.5246246872
2.34583333333	4.5292941416
2.35	4.5339652663
2.35416666667	4.5386380313
2.35833333333	4.5433124067
2.3625	4.5479883626
2.36666666667	4.5526658691
2.37083333333	4.5573448964
2.375	4.5620254148
2.37916666667	4.5667073947
2.38333333333	4.5713908065
2.3875	4.5760756207
2.39166666667	4.5807618078
2.39583333333	4.5854493385
2.4	4.5901381835
2.40416666667	4.5948283134
2.40833333333	4.5995196992
2.4125	4.6042123116
2.41666666667	4.6089061218
2.42083333333	4.6136011007
2.425	4.6182972194
2.42916666667	4.6229944491
2.43333333333	4.6276927610
2.4375	4.6323921265
2.44166666667	4.6370925169
2.44583333333	4.6417939036
2.45	4.6464962583
2.45416666667	4.6511995525
2.45833333333	4.6559037579
2.4625	4.6606088463
2.46666666667	4.6653147893
2.47083333333	4.6700215591
2.475	4.6747291274
2.47916666667	4.6794374664
2.48333333333	4.6841465481
2.4875	4.6888563448
2.49166666667	4.6935668287
2.49583333333	4.6982779722
2.5	4.7029897476
2.50416666667	4.7077021275
2.50833333333	4.7124150844
2.5125	4.7171285910
2.51666666667	4.7218426200
2.52083333333	4.7265571441
2.525	4.7312721363
2.52916666667	4.7359875695
2.53333333333	4.7407034168
2.5375	4.7454196512
2.54166666667	4.7501362458
2.54583333333	4.7548531741
2.55	4.7595704093
2.55416666667	4.7642879248
2.55833333333	4.7690056941
2.5625	4.7737236908
2.56666666667	4.7784418886
2.57083333333	4.7831602612
2.575	4.7878787824
2.57916666667	4.7925974260
2.58333333333	4.7973161662
2.5875	4.8020349768
2.59166666667	4.8067538321
2.59583333333	4.8114727063
2.6	4.8161915736
2.60416666667	4.8209104085
2.60833333333	4.8256291853
2.6125	4.8303478786
2.61666666667	4.8350664631
2.62083333333	4.8397849135
2.625	4.8445032044
2.62916666667	4.8492213108
2.63333333333	4.8539392076
2.6375	4.8586568699
2.64166666667	4.8633742728
2.64583333333	4.8680913913
2.65	4.8728082009
2.65416666667	4.8775246769
2.65833333333	4.8822407947
2.6625	4.8869565297
2.66666666667	4.8916718578
2.67083333333	4.8963867544
2.675	4.9011011954
2.67916666667	4.9058151567
2.68333333333	4.9105286141
2.6875	4.9152415437
2.69166666667	4.9199539215
2.69583333333	4.9246657239
2.7	4.9293769270
2.70416666667	4.9340875072
2.70833333333	4.9387974409
2.7125	4.9435067046
2.71666666667	4.9482152751
2.72083333333	4.9529231288
2.725	4.9576302427
2.72916666667	4.9623365935
2.73333333333	4.9670421582
2.7375	4.9717469139
2.74166666667	4.9764508376
2.74583333333	4.9811539065
2.75	4.9858560979
2.75416666667	4.9905573892
2.75833333333	4.9952577578
2.7625	4.9999571813
2.76666666667	5.0046556372
2.77083333333	5.0093531033
2.775	5.0140495574
2.77916666667	5.0187449772
2.78333333333	5.0234393409
2.7875	5.0281326263
2.79166666667	5.0328248117
2.79583333333	5.0375158752
2.8	5.0422057952
2.80416666667	5.0468945500
2.80833333333	5.0515821180
2.8125	5.0562684779
2.81666666667	5.0609536083
2.82083333333	5.0656374878
2.825	5.0703200954
2.82916666667	5.0750014098
2.83333333333	5.0796814100
2.8375	5.0843600752
2.84166666667	5.0890373844
2.84583333333	5.0937133169
2.85	5.0983878519
2.85416666667	5.1030609690
2.85833333333	5.1077326475
2.8625	5.1124028671
2.86666666667	5.1170716074
2.87083333333	5.1217388481
2.875	5.1264045691
2.87916666667	5.1310687503
2.88333333333	5.1357313716
2.8875	5.1403924131
2.89166666667	5.1450518550
2.89583333333	5.1497096776
2.9	5.1543658612
2.90416666667	5.1590203862
2.90833333333	5.1636732330
2.9125	5.1683243824
2.91666666667	5.1729738149
2.92083333333	5.1776215113
2.925	5.1822674525
2.92916666667	5.1869116193
2.93333333333	5.1915539929
2.9375	5.1961945542
2.94166666667	5.2008332845
2.94583333333	5.2054701650
2.95	5.2101051770
2.95416666667	5.2147383021
2.95833333333	5.2193695217
2.9625	5.2239988174
2.96666666667	5.2286261709
2.97083333333	5.2332515639
2.975	5.2378749784
2.97916666667	5.2424963962
2.98333333333	5.2471157994
2.9875	5.2517331700
2.99166666667	5.2563484903
2.99583333333	5.2609617426
3.0	5.2655729091
3.00416666667	5.2701819723
3.00833333333	5.2747889148
3.0125	5.2793937191
3.01666666667	5.2839963680
3.02083333333	5.2885968441
3.025	5.2931951304
3.02916666667	5.2977912098
3.03333333333	5.3023850652
3.0375	5.3069766799
3.04166666667	5.3115660370
3.04583333333	5.3161531197
3.05	5.3207379115
3.05416666667	5.3253203957
3.05833333333	5.3299005558
3.0625	5.3344783755
3.06666666667	5.3390538384
3.07083333333	5.3436269283
3.075	5.3481976290
3.07916666667	5.3527659245
3.08333333333	5.3573317988
3.0875	5.3618952359
3.09166666667	5.3664562200
3.09583333333	5.3710147354
3.1	5.3755707665
3.10416666667	5.3801242975
3.10833333333	5.3846753131
3.1125	5.3892237977
3.11666666667	5.3937697361
3.12083333333	5.3983131130
3.125	5.4028539133
3.12916666667	5.4073921217
3.13333333333	5.4119277233
3.1375	5.4164607031
3.14166666667	5.4209910464
3.14583333333	5.4255187383
3.15	5.4300437641
3.15416666667	5.4345661092
3.15833333333	5.4390857590
3.1625	5.4436026992
3.16666666667	5.4481169152
3.17083333333	5.4526283929
3.175	5.4571371180
3.17916666667	5.4616430764
3.18333333333	5.4661462540
3.1875	5.4706466368
3.19166666667	5.4751442109
3.19583333333	5.4796389625
3.2	5.4841308778
3.20416666667	5.4886199433
3.20833333333	5.4931061452
3.2125	5.4975894701
3.21666666667	5.5020699045
3.22083333333	5.5065474352
3.225	5.5110220488
3.22916666667	5.5154937321
3.23333333333	5.5199624719
3.2375	5.5244282554
3.24166666667	5.5288910694
3.24583333333	5.5333509012
3.25	5.5378077378
3.25416666667	5.5422615666
3.25833333333	5.5467123750
3.2625	5.5511601502
3.26666666667	5.5556048799
3.27083333333	5.5600465515
3.275	5.5644851528
3.27916666667	5.5689206715
3.28333333333	5.5733530954
3.2875	5.5777824123
3.29166666667	5.5822086103
3.29583333333	5.5866316772
3.3	5.5910516014
3.30416666667	5.5954683708
3.30833333333	5.5998819739
3.3125	5.6042923989
3.31666666667	5.6086996342
3.32083333333	5.6131036683
3.325	5.6175044898
3.32916666667	5.6219020873
3.33333333333	5.6262964495
3.3375	5.6306875652
3.34166666667	5.6350754233
3.34583333333	5.6394600127
3.35	5.6438413223
3.35416666667	5.6482193413
3.35833333333	5.6525940589
3.3625	5.6569654642
3.36666666667	5.6613335465
3.37083333333	5.6656982953
3.375	5.6700597000
3.37916666667	5.6744177500
3.38333333333	5.6787724351
3.3875	5.6831237448
3.39166666667	5.6874716689
3.39583333333	5.6918161972
3.4	5.6961573196
3.40416666667	5.7004950261
3.40833333333	5.7048293067
3.4125	5.7091601515
3.41666666667	5.7134875506
3.42083333333	5.7178114944
3.425	5.7221319731
3.42916666667	5.7264489771
3.43333333333	5.7307624970
3.4375	5.7350725231
3.44166666667	5.7393790463
3.44583333333	5.7436820570
3.45	5.7479815461
3.45416666667	5.7522775044
3.45833333333	5.7565699227
3.4625	5.7608587921
3.46666666667	5.7651441036
3.47083333333	5.7694258483
3.475	5.7737040173
3.47916666667	5.7779786020
3.48333333333	5.7822495935
3.4875	5.7865169834
3.49166666667	5.7907807630
3.49583333333	5.7950409239
3.5	5.7992974578
3.50416666667	5.8035503561
3.50833333333	5.8077996108
3.5125	5.8120452136
3.51666666667	5.8162871563
3.52083333333	5.8205254310
3.525	5.8247600296
3.52916666667	5.8289909442
3.53333333333	5.8332181670
3.5375	5.8374416903
3.54166666667	5.8416615062
3.54583333333	5.8458776072
3.55	5.8500899856
3.55416666667	5.8542986341
3.55833333333	5.8585035451
3.5625	5.8627047113
3.56666666667	5.8669021254
3.57083333333	5.8710957802
3.575	5.8752856685
3.57916666667	5.8794717833
3.58333333333	5.8836541174
3.5875	5.8878326640
3.59166666667	5.8920074162
3.59583333333	5.8961783672
3.6	5.9003455102
3.60416666667	5.9045088385
3.60833333333	5.9086683455
3.6125	5.9128240247
3.61666666667	5.9169758697
3.62083333333	5.9211238739
3.625	5.9252680311
3.62916666667	5.9294083351
3.63333333333	5.9335447795
3.6375	5.9376773582
3.64166666667	5.9418060653
3.64583333333	5.9459308947
3.65	5.9500518404
3.65416666667	5.9541688966
3.65833333333	5.9582820576
3.6625	5.9623913175
3.66666666667	5.9664966707
3.67083333333	5.9705981117
3.675	5.9746956349
3.67916666667	5.9787892348
3.68333333333	5.9828789061
3.6875	5.9869646434
3.69166666667	5.9910464415
3.69583333333	5.9951242952
3.7	5.9991981994
3.70416666667	6.0032681491
3.70833333333	6.0073341392
3.7125	6.0113961648
3.71666666667	6.0154542212
3.72083333333	6.0195083035
3.725	6.0235584070
3.72916666667	6.0276045271
3.73333333333	6.0316466592
3.7375	6.0356847988
3.74166666667	6.0397189415
3.74583333333	6.0437490829
3.75	6.0477752187
3.75416666667	6.0517973447
3.75833333333	6.0558154567
3.7625	6.0598295507
3.76666666667	6.0638396226
3.77083333333	6.0678456685
3.775	6.0718476845
3.77916666667	6.0758456668
3.78333333333	6.0798396116
3.7875	6.0838295153
3.79166666667	6.0878153743
3.79583333333	6.0917971851
3.8	6.0957749441
3.80416666667	6.0997486481
3.80833333333	6.1037182937
3.8125	6.1076838776
3.81666666667	6.1116453967
3.82083333333	6.1156028479
3.825	6.1195562281
3.82916666667	6.1235055345
3.83333333333	6.1274507640
3.8375	6.1313919140
3.84166666667	6.1353289817
3.84583333333	6.1392619644
3.85	6.1431908595
3.85416666667	6.1471156646
3.85833333333	6.1510363771
3.8625	6.1549529948
3.86666666667	6.1588655154
3.87083333333	6.1627739365
3.875	6.1666782562
3.87916666667	6.1705784723
3.88333333333	6.1744745829
3.8875	6.1783665861
3.89166666667	6.1822544800
3.89583333333	6.1861382630
3.9	6.1900179333
3.90416666667	6.1938934894
3.90833333333	6.1977649298
3.9125	6.2016322531
3.91666666667	6.2054954579
3.92083333333	6.2093545430
3.925	6.2132095073
3.92916666667	6.2170603495
3.93333333333	6.2209070688
3.9375	6.2247496643
3.94166666667	6.2285881351
3.94583333333	6.2324224805
3.95	6.2362526998
3.95416666667	6.2400787925
3.95833333333	6.2439007581
3.9625	6.2477185963
3.96666666667	6.2515323068
3.97083333333	6.2553418893
3.975	6.2591473439
3.97916666667	6.2629486705
3.98333333333	6.2667458692
3.9875	6.2705389402
3.99166666667	6.2743278839
3.99583333333	6.2781127006
4.0	6.2818933908
4.00416666667	6.2856699553
4.00833333333	6.2894423946
4.0125	6.2932107096
4.01666666667	6.2969749014
4.02083333333	6.3007349708
4.025	6.3044909191
4.02916666667	6.3082427476
4.03333333333	6.3119904577
4.0375	6.3157340508
4.04166666667	6.3194735287
4.04583333333	6.3232088930
4.05	6.3269401457
4.05416666667	6.3306672888
4.05833333333	6.3343903245
4.0625	6.3381092550
4.06666666667	6.3418240827
4.07083333333	6.3455348103
4.075	6.3492414404
4.07916666667	6.3529439758
4.08333333333	6.3566424196
4.0875	6.3603367749
4.09166666667	6.3640270450
4.09583333333	6.3677132334
4.1	6.3713953438
4.10416666667	6.3750733798
4.10833333333	6.3787473456
4.1125	6.3824172452
4.11666666667	6.3860830830
4.12083333333	6.3897448634
4.125	6.3934025913
4.12916666667	6.3970562714
4.13333333333	6.4007059090
4.1375	6.4043515093
4.14166666667	6.4079930779
4.14583333333	6.4116306205
4.15	6.4152641431
4.15416666667	6.4188936520
4.15833333333	6.4225191535
4.1625	6.4261406545
4.16666666667	6.4297581619
4.17083333333	6.4333716829
4.175	6.4369812251
4.17916666667	6.4405867963
4.18333333333	6.4441884046
4.1875	6.4477860585
4.19166666667	6.4513797666
4.19583333333	6.4549695382
4.2	6.4585553825
4.20416666667	6.4621373095
4.20833333333	6.4657153292
4.2125	6.4692894524
4.21666666667	6.4728596898
4.22083333333	6.4764260531
4.225	6.4799885539
4.22916666667	6.4835472047
4.23333333333	6.4871020182
4.2375	6.4906530077
4.24166666667	6.4942001872
4.24583333333	6.4977435710
4.25	6.5012831742
4.25416666667	6.5048190123
4.25833333333	6.5083511018
4.2625	6.5118794594
4.26666666667	6.5154041030
4.27083333333	6.5189250509
4.275	6.5224423225
4.27916666667	6.5259559378
4.28333333333	6.5294659179
4.2875	6.5329722847
4.29166666667	6.5364750612
4.29583333333	6.5399742715
4.3	6.5434699407
4.30416666667	6.5469620954
4.30833333333	6.5504507632
4.3125	6.5539359733
4.31666666667	6.5574177562
4.32083333333	6.5608961441
4.325	6.5643711710
4.32916666667	6.5678428727
4.33333333333	6.5713112868
4.3375	6.5747764532
4.34166666667	6.5782384140
4.34583333333	6.5816972141
4.35	6.5851529007
4.35416666667	6.5886055243
4.35833333333	6.5920551384
4.3625	6.5955018000
4.36666666667	6.5989455703
4.37083333333	6.6023865144
4.375	6.6058247022
4.37916666667	6.6092602088
4.38333333333	6.6126931150
4.3875	6.6161235080
4.39166666667	6.6195514823
4.39583333333	6.6229771403
4.4	6.6264005934
4.40416666667	6.6298219633
4.40833333333	6.6332413833
4.4125	6.6366590003
4.41666666667	6.6400749762
4.42083333333	6.6434894910
4.425	6.6469027454
4.42916666667	6.6503149644
4.43333333333	6.6537264021
4.4375	6.6571373475
4.44166666667	6.6605481315
4.44583333333	6.6639591369
4.45	6.6673708104
4.45416666667	6.6707836803
4.45833333333	6.6741983793
4.4625	6.6776156782
4.46666666667	6.6810365343
4.47083333333	6.6844621660
4.475	6.6878941717
4.47916666667	6.6913347342
4.48333333333	6.6947870004
4.4875	6.6982558818
4.49166666667	6.7017500916
4.49583333333	6.7052895230
4.5	6.7090951944
4.50416666667	6.7131174627
4.50833333333	6.7170939462
4.5125	6.7210054170
4.51666666667	6.7248494419
4.52083333333	6.7286294868
4.525	6.7323514099
4.52916666667	6.7360219060
4.53333333333	6.7396477112
4.5375	6.7432351774
4.54166666667	6.7467900492
4.54583333333	6.7503173638
4.55	6.7538214255
4.55416666667	6.7573058282
4.55833333333	6.7607735072
4.5625	6.7642268078
4.56666666667	6.7676675612
4.57083333333	6.7710971624
4.575	6.7745166463
4.57916666667	6.7779267573
4.58333333333	6.7813280129
4.5875	6.7847207588
4.59166666667	6.7881052160
4.59583333333	6.7914815199
4.6	6.7948497511
4.60416666667	6.7982099601
4.60833333333	6.8015621853
4.6125	6.8049064655
4.61666666667	6.8082428488
4.62083333333	6.8115713966
4.625	6.8148921861
4.62916666667	6.8182053099
4.63333333333	6.8215108741
4.6375	6.8248089957
4.64166666667	6.8280997997
4.64583333333	6.8313834152
4.65	6.8346599723
4.65416666667	6.8379295990
4.65833333333	6.8411924185
4.6625	6.8444485471
4.66666666667	6.8476980923
4.67083333333	6.8509411519
4.675	6.8541778129
4.67916666667	6.8574081515
4.68333333333	6.8606322332
4.6875	6.8638501132
4.69166666667	6.8670618366
4.69583333333	6.8702674400
4.7	6.8734669518
4.70416666667	6.8766603937
4.70833333333	6.8798477813
4.7125	6.8830291255
4.71666666667	6.8862044330
4.72083333333	6.8893737080
4.725	6.8925369521
4.72916666667	6.8956941658
4.73333333333	6.8988453484
4.7375	6.9019904992
4.74166666667	6.9051296175
4.74583333333	6.9082627031
4.75	6.9113897562
4.75416666667	6.9145107782
4.75833333333	6.9176257713
4.7625	6.9207347385
4.76666666667	6.9238376840
4.77083333333	6.9269346129
4.775	6.9300255311
4.77916666667	6.9331104453
4.78333333333	6.9361893631
4.7875	6.9392622925
4.79166666667	6.9423292421
4.79583333333	6.9453902209
4.8	6.9484452384
4.80416666667	6.9514943040
4.80833333333	6.9545374277
4.8125	6.9575746193
4.81666666667	6.9606058888
4.82083333333	6.9636312462
4.825	6.9666507015
4.82916666667	6.9696642647
4.83333333333	6.9726719457
4.8375	6.9756737543
4.84166666667	6.9786697003
4.84583333333	6.9816597933
4.85	6.9846440430
4.85416666667	6.9876224588
4.85833333333	6.9905950504
4.8625	6.9935618269
4.86666666667	6.9965227979
4.87083333333	6.9994779726
4.875	7.0024273603
4.87916666667	7.0053709702
4.88333333333	7.0083088117
4.8875	7.0112408938
4.89166666667	7.0141672258
4.89583333333	7.0170878169
4.9	7.0200026763
4.90416666667	7.0229118132
4.90833333333	7.0258152368
4.9125	7.0287129564
4.91666666667	7.0316049811
4.92083333333	7.0344913203
4.925	7.0373719831
4.92916666667	7.0402469789
4.93333333333	7.0431163168
4.9375	7.0459800063
4.94166666667	7.0488380565
4.94583333333	7.0516904768
4.95	7.0545372765
4.95416666667	7.0573784650
4.95833333333	7.0602140514
4.9625	7.0630440453
4.96666666667	7.0658684559
4.97083333333	7.0686872927
4.975	7.0715005648
4.97916666667	7.0743082818
4.98333333333	7.0771104529
4.9875	7.0799070877
4.99166666667	7.0826981953
4.99583333333	7.0854837854
5.0	7.0882638671
5.00416666667	7.0910384500
5.00833333333	7.0938075434
5.0125	7.0965711567
5.01666666667	7.0993292995
5.02083333333	7.1020819810
5.025	7.1048292107
5.02916666667	7.1075709981
5.03333333333	7.1103073525
5.0375	7.1130382835
5.04166666667	7.1157638004
5.04583333333	7.1184839127
5.05	7.1211986299
5.05416666667	7.1239079615
5.05833333333	7.1266119168
5.0625	7.1293105053
5.06666666667	7.1320037366
5.07083333333	7.1346916200
5.075	7.1373741652
5.07916666667	7.1400513814
5.08333333333	7.1427232782
5.0875	7.1453898652
5.09166666667	7.1480511517
5.09583333333	7.1507071473
5.1	7.1533578613
5.10416666667	7.1560033035
5.10833333333	7.1586434831
5.1125	7.1612784097
5.11666666667	7.1639080928
5.12083333333	7.1665325418
5.125	7.1691517663
5.12916666667	7.1717657757
5.13333333333	7.1743745795
5.1375	7.1769781872
5.14166666667	7.1795766083
5.14583333333	7.1821698522
5.15	7.1847579284
5.15416666667	7.1873408465
5.15833333333	7.1899186158
5.1625	7.1924912459
5.16666666667	7.1950587462
5.17083333333	7.1976211261
5.175	7.2001783952
5.17916666667	7.2027305629
5.18333333333	7.2052776386
5.1875	7.2078196318
5.19166666667	7.2103565519
5.19583333333	7.2128884084
5.2	7.2154152108
5.20416666667	7.2179369684
5.20833333333	7.2204536906
5.2125	7.2229653870
5.21666666667	7.2254720668
5.22083333333	7.2279737396
5.225	7.2304704147
5.22916666667	7.2329621016
5.23333333333	7.2354488096
5.2375	7.2379305480
5.24166666667	7.2404073264
5.24583333333	7.2428791540
5.25	7.2453460403
5.25416666667	7.2478079946
5.25833333333	7.2502650262
5.2625	7.2527171445
5.26666666667	7.2551643588
5.27083333333	7.2576066785
5.275	7.2600441129
5.27916666667	7.2624766713
5.28333333333	7.2649043631
5.2875	7.2673271974
5.29166666667	7.2697451836
5.29583333333	7.2721583311
5.3	7.2745666490
5.30416666667	7.2769701466
5.30833333333	7.2793688333
5.3125	7.2817627182
5.31666666667	7.2841518105
5.32083333333	7.2865361196
5.325	7.2889156546
5.32916666667	7.2912904248
5.33333333333	7.2936604393
5.3375	7.2960257074
5.34166666667	7.2983862382
5.34583333333	7.3007420409
5.35	7.3030931246
5.35416666667	7.3054394986
5.35833333333	7.3077811720
5.3625	7.3101181538
5.36666666667	7.3124504533
5.37083333333	7.3147780795
5.375	7.3171010415
5.37916666667	7.3194193485
5.38333333333	7.3217330094
5.3875	7.3240420335
5.39166666667	7.3263464296
5.39583333333	7.3286462070
5.4	7.3309413746
5.40416666667	7.3332319414
5.40833333333	7.3355179165
5.4125	7.3377993088
5.41666666667	7.3400761274
5.42083333333	7.3423483812
5.425	7.3446160792
5.42916666667	7.3468792304
5.43333333333	7.3491378436
5.4375	7.3513919279
5.44166666667	7.3536414922
5.44583333333	7.3558865453
5.45	7.3581270961
5.45416666667	7.3603631537
5.45833333333	7.3625947267
5.4625	7.3648218241
5.46666666667	7.3670444547
5.47083333333	7.3692626274
5.475	7.3714763509
5.47916666667	7.3736856342
5.48333333333	7.3758904859
5.4875	7.3780909149
5.49166666667	7.3802869300
5.49583333333	7.3824785398
5.5	7.3846657165
5.50416666667	7.3868475260
5.50833333333	7.3890241239
5.5125	7.3911956455
5.51666666667	7.3933622074
5.52083333333	7.3955239091
5.525	7.3976808352
5.52916666667	7.3998330565
5.53333333333	7.4019806325
5.5375	7.4041236122
5.54166666667	7.4062620367
5.54583333333	7.4083959395
5.55	7.4105253486
5.55416666667	7.4126502876
5.55833333333	7.4147707760
5.5625	7.4168868309
5.56666666667	7.4189984673
5.57083333333	7.4211056986
5.575	7.4232085373
5.57916666667	7.4253069952
5.58333333333	7.4274010838
5.5875	7.4294908145
5.59166666667	7.4315761985
5.59583333333	7.4336572473
5.6	7.4357339722
5.60416666667	7.4378063848
5.60833333333	7.4398744969
5.6125	7.4419383201
5.61666666667	7.4439978663
5.62083333333	7.4460531472
5.625	7.4481041745
5.62916666667	7.4501509600
5.63333333333	7.4521935152
5.6375	7.4542318514
5.64166666667	7.4562659801
5.64583333333	7.4582959121
5.65	7.4603216585
5.65416666667	7.4623432299
5.65833333333	7.4643606369
5.6625	7.4663738898
5.66666666667	7.4683829988
5.67083333333	7.4703879740
5.675	7.4723888253
5.67916666667	7.4743855624
5.68333333333	7.4763781951
5.6875	7.4783667328
5.69166666667	7.4803511852
5.69583333333	7.4823315616
5.7	7.4843078714
5.70416666667	7.4862801240
5.70833333333	7.4882483288
5.7125	7.4902124949
5.71666666667	7.4921726316
5.72083333333	7.4941287482
5.725	7.4960808540
5.72916666667	7.4980289581
5.73333333333	7.4999730698
5.7375	7.5019131982
5.74166666667	7.5038493526
5.74583333333	7.5057815422
5.75	7.5077097760
5.75416666667	7.5096340634
5.75833333333	7.5115544133
5.7625	7.5134708350
5.76666666667	7.5153833375
5.77083333333	7.5172919300
5.775	7.5191966213
5.77916666667	7.5210974207
5.78333333333	7.5229943371
5.7875	7.5248873794
5.79166666667	7.5267765567
5.79583333333	7.5286618778
5.8	7.5305433517
5.80416666667	7.5324209872
5.80833333333	7.5342947931
5.8125	7.5361647782
5.81666666667	7.5380309514
5.82083333333	7.5398933214
5.825	7.5417518969
5.82916666667	7.5436066865
5.83333333333	7.5454576990
5.8375	7.5473049430
5.84166666667	7.5491484271
5.84583333333	7.5509881599
5.85	7.5528241500
5.85416666667	7.5546564058
5.85833333333	7.5564849359
5.8625	7.5583097488
5.86666666667	7.5601308529
5.87083333333	7.5619482567
5.875	7.5637619685
5.87916666667	7.5655719968
5.88333333333	7.5673783499
5.8875	7.5691810361
5.89166666667	7.5709800637
5.89583333333	7.5727754411
5.9	7.5745671765
5.90416666667	7.5763552781
5.90833333333	7.5781397541
5.9125	7.5799206127
5.91666666667	7.5816978622
5.92083333333	7.5834715106
5.925	7.5852415660
5.92916666667	7.5870080366
5.93333333333	7.5887709304
5.9375	7.5905302555
5.94166666667	7.5922860199
5.94583333333	7.5940382315
5.95	7.5957868985
5.95416666667	7.5975320287
5.95833333333	7.5992736301
5.9625	7.6010117106
5.96666666667	7.6027462780
5.97083333333	7.6044773403
5.975	7.6062049053
5.97916666667	7.6079289808
5.98333333333	7.6096495747
5.9875	7.6113666947
5.99166666667	7.6130803485
5.99583333333	7.6147905439
6.0	7.6164972886
6.00416666667	7.6182005904
6.00833333333	7.6199004569
6.0125	7.6215968956
6.01666666667	7.6232899144
6.02083333333	7.6249795208
6.025	7.6266657223
6.02916666667	7.6283485265
6.03333333333	7.6300279411
6.0375	7.6317039734
6.04166666667	7.6333766311
6.04583333333	7.6350459216
6.05	7.6367118523
6.05416666667	7.6383744308
6.05833333333	7.6400336644
6.0625	7.6416895606
6.06666666667	7.6433421267
6.07083333333	7.6449913701
6.075	7.6466372981
6.07916666667	7.6482799181
6.08333333333	7.6499192374
6.0875	7.6515552632
6.09166666667	7.6531880029
6.09583333333	7.6548174636
6.1	7.6564436526
6.10416666667	7.6580665771
6.10833333333	7.6596862443
6.1125	7.6613026614
6.11666666667	7.6629158355
6.12083333333	7.6645257737
6.125	7.6661324832
6.12916666667	7.6677359710
6.13333333333	7.6693362443
6.1375	7.6709333100
6.14166666667	7.6725271752
6.14583333333	7.6741178469
6.15	7.6757053322
6.15416666667	7.6772896380
6.15833333333	7.6788707713
6.1625	7.6804487389
6.16666666667	7.6820235479
6.17083333333	7.6835952052
6.175	7.6851637176
6.17916666667	7.6867290920
6.18333333333	7.6882913352
6.1875	7.6898504542
6.19166666667	7.6914064556
6.19583333333	7.6929593464
6.2	7.6945091332
6.20416666667	7.6960558229
6.20833333333	7.6975994222
6.2125	7.6991399379
6.21666666667	7.7006773765
6.22083333333	7.7022117449
6.225	7.7037430498
6.22916666667	7.7052712976
6.23333333333	7.7067964952
6.2375	7.7083186491
6.24166666667	7.7098377660
6.24583333333	7.7113538524
6.25	7.7128669148
6.25416666667	7.7143769600
6.25833333333	7.7158839943
6.2625	7.7173880244
6.26666666667	7.7188890566
6.27083333333	7.7203870976
6.275	7.7218821538
6.27916666667	7.7233742316
6.28333333333	7.7248633375
6.2875	7.7263494779
6.29166666667	7.7278326592
6.29583333333	7.7293128877
6.3	7.7307901700
6.30416666667	7.7322645123
6.30833333333	7.7337359209
6.3125	7.7352044022
6.31666666667	7.7366699626
6.32083333333	7.7381326082
6.325	7.7395923454
6.32916666667	7.7410491804
6.33333333333	7.7425031195
6.3375	7.7439541688
6.34166666667	7.7454023347
6.34583333333	7.7468476233
6.35	7.7482900408
6.35416666667	7.7497295934
6.35833333333	7.7511662871
6.3625	7.7526001282
6.36666666667	7.7540311228
6.37083333333	7.7554592769
6.375	7.7568845967
6.37916666667	7.7583070882
6.38333333333	7.7597267574
6.3875	7.7611436105
6.39166666667	7.7625576535
6.39583333333	7.7639688923
6.4	7.7653773330
6.40416666667	7.7667829815
6.40833333333	7.7681858439
6.4125	7.7695859260
6.41666666667	7.7709832338
6.42083333333	7.7723777732
6.425	7.7737695502
6.42916666667	7.7751585706
6.43333333333	7.7765448403
6.4375	7.7779283652
6.44166666667	7.7793091511
6.44583333333	7.7806872038
6.45	7.7820625292
6.45416666667	7.7834351331
6.45833333333	7.7848050213
6.4625	7.7861721995
6.46666666667	7.7875366736
6.47083333333	7.7888984492
6.475	7.7902575320
6.47916666667	7.7916139279
6.48333333333	7.7929676426
6.4875	7.7943186816
6.49166666667	7.7956670508
6.49583333333	7.7970127556
6.5	7.7983558019
6.50416666667	7.7996961953
6.50833333333	7.8010339413
6.5125	7.8023690456
6.51666666667	7.8037015137
6.52083333333	7.8050313513
6.525	7.8063585640
6.52916666667	7.8076831572
6.53333333333	7.8090051365
6.5375	7.8103245074
6.54166666667	7.8116412756
6.54583333333	7.8129554463
6.55	7.8142670252
6.55416666667	7.8155760177
6.55833333333	7.8168824293
6.5625	7.8181862655
6.56666666667	7.8194875315
6.57083333333	7.8207862330
6.575	7.8220823752
6.57916666667	7.8233759636
6.58333333333	7.8246670036
6.5875	7.8259555005
6.59166666667	7.8272414596
6.59583333333	7.8285248864
6.6	7.8298057862
6.60416666667	7.8310841642
6.60833333333	7.8323600257
6.6125	7.8336333762
6.61666666667	7.8349042208
6.62083333333	7.8361725647
6.625	7.8374384134
6.62916666667	7.8387017719
6.63333333333	7.8399626455
6.6375	7.8412210395
6.64166666667	7.8424769591
6.64583333333	7.8437304093
6.65	7.8449813955
6.65416666667	7.8462299227
6.65833333333	7.8474759962
6.6625	7.8487196210
6.66666666667	7.8499608023
6.67083333333	7.8511995452
6.675	7.8524358548
6.67916666667	7.8536697362
6.68333333333	7.8549011946
6.6875	7.8561302348
6.69166666667	7.8573568620
6.69583333333	7.8585810813
6.7	7.8598028977
6.70416666667	7.8610223162
6.70833333333	7.8622393417
6.7125	7.8634539794
6.71666666667	7.8646662341
6.72083333333	7.8658761109
6.725	7.8670836146
6.72916666667	7.8682887504
6.73333333333	7.8694915230
6.7375	7.8706919375
6.74166666667	7.8718899986
6.74583333333	7.8730857114
6.75	7.8742790807
6.75416666667	7.8754701115
6.75833333333	7.8766588084
6.7625	7.8778451765
6.76666666667	7.8790292206
6.77083333333	7.8802109454
6.775	7.8813903559
6.77916666667	7.8825674568
6.78333333333	7.8837422529
6.7875	7.8849147490
6.79166666667	7.8860849499
6.79583333333	7.8872528603
6.8	7.8884184851
6.80416666667	7.8895818288
6.80833333333	7.8907428964
6.8125	7.8919016924
6.81666666667	7.8930582217
6.82083333333	7.8942124888
6.825	7.8953644986
6.82916666667	7.8965142556
6.83333333333	7.8976617645
6.8375	7.8988070300
6.84166666667	7.8999500567
6.84583333333	7.9010908493
6.85	7.9022294123
6.85416666667	7.9033657505
6.85833333333	7.9044998683
6.8625	7.9056317704
6.86666666667	7.9067614614
6.87083333333	7.9078889457
6.875	7.9090142281
6.87916666667	7.9101373130
6.88333333333	7.9112582049
6.8875	7.9123769085
6.89166666667	7.9134934281
6.89583333333	7.9146077684
6.9	7.9157199337
6.90416666667	7.9168299287
6.90833333333	7.9179377577
6.9125	7.9190434252
6.91666666667	7.9201469357
6.92083333333	7.9212482936
6.925	7.9223475034
6.92916666667	7.9234445695
6.93333333333	7.9245394962
6.9375	7.9256322880
6.94166666667	7.9267229493
6.94583333333	7.9278114845
6.95	7.9288978979
6.95416666667	7.9299821938
6.95833333333	7.9310643768
6.9625	7.9321444510
6.96666666667	7.9332224208
6.97083333333	7.9342982906
6.975	7.9353720646
6.97916666667	7.9364437472
6.98333333333	7.9375133426
6.9875	7.9385808551
6.99166666667	7.9396462891
6.99583333333	7.9407096487
7.0	7.9417709382
7.00416666667	7.9428301619
7.00833333333	7.9438873239
7.0125	7.9449424286
7.01666666667	7.9459954801
7.02083333333	7.9470464826
7.025	7.9480954404
7.02916666667	7.9491423575
7.03333333333	7.9501872383
7.0375	7.9512300868
7.04166666667	7.9522709072
7.04583333333	7.9533097037
7.05	7.9543464803
7.05416666667	7.9553812413
7.05833333333	7.9564139908
7.0625	7.9574447328
7.06666666667	7.9584734714
7.07083333333	7.9595002108
7.075	7.9605249550
7.07916666667	7.9615477081
7.08333333333	7.9625684742
7.0875	7.9635872572
7.09166666667	7.9646040614
7.09583333333	7.9656188906
7.1	7.9666317490
7.10416666667	7.9676426405
7.10833333333	7.9686515691
7.1125	7.9696585389
7.11666666667	7.9706635538
7.12083333333	7.9716666179
7.125	7.9726677351
7.12916666667	7.9736669093
7.13333333333	7.9746641445
7.1375	7.9756594446
7.14166666667	7.9766528137
7.14583333333	7.9776442556
7.15	7.9786337742
7.15416666667	7.9796213735
7.15833333333	7.9806070573
7.1625	7.9815908296
7.16666666667	7.9825726942
7.17083333333	7.9835526550
7.175	7.9845307159
7.17916666667	7.9855068807
7.18333333333	7.9864811533
7.1875	7.9874535375
7.19166666667	7.9884240372
7.19583333333	7.9893926562
7.2	7.9903593982
7.20416666667	7.9913242671
7.20833333333	7.9922872667
7.2125	7.9932484009
7.21666666667	7.9942076732
7.22083333333	7.9951650876
7.225	7.9961206479
7.22916666667	7.9970743576
7.23333333333	7.9980262207
7.2375	7.9989762409
7.24166666667	7.9999244218
7.24583333333	8.0008707672
7.25	8.0018152808
7.25416666667	8.0027579663
7.25833333333	8.0036988275
7.2625	8.0046378679
7.26666666667	8.0055750914
7.27083333333	8.0065105015
7.275	8.0074441020
7.27916666667	8.0083758964
7.28333333333	8.0093058884
7.2875	8.0102340818
7.29166666667	8.0111604800
7.29583333333	8.0120850868
7.3	8.0130079057
7.30416666667	8.0139289403
7.30833333333	8.0148481944
7.3125	8.0157656713
7.31666666667	8.0166813748
7.32083333333	8.0175953084
7.325	8.0185074757
7.32916666667	8.0194178803
7.33333333333	8.0203265256
7.3375	8.0212334153
7.34166666667	8.0221385528
7.34583333333	8.0230419418
7.35	8.0239435857
7.35416666667	8.0248434880
7.35833333333	8.0257416523
7.3625	8.0266380820
7.36666666667	8.0275327806
7.37083333333	8.0284257517
7.375	8.0293169987
7.37916666667	8.0302065250
7.38333333333	8.0310943342
7.3875	8.0319804297
7.39166666667	8.0328648149
7.39583333333	8.0337474932
7.4	8.0346284681
7.40416666667	8.0355077431
7.40833333333	8.0363853215
7.4125	8.0372612067
7.41666666667	8.0381354022
7.42083333333	8.0390079113
7.425	8.0398787374
7.42916666667	8.0407478839
7.43333333333	8.0416153542
7.4375	8.0424811516
7.44166666667	8.0433452795
7.44583333333	8.0442077413
7.45	8.0450685402
7.45416666667	8.0459276796
7.45833333333	8.0467851629
7.4625	8.0476409933
7.46666666667	8.0484951742
7.47083333333	8.0493477088
7.475	8.0501986006
7.47916666667	8.0510478527
7.48333333333	8.0518954684
7.4875	8.0527414511
7.49166666667	8.0535858040
7.49583333333	8.0544285303
7.5	8.0552696333
7.50416666667	8.0561091163
7.50833333333	8.0569469825
7.5125	8.0577832351
7.51666666667	8.0586178774
7.52083333333	8.0594509126
7.525	8.0602823439
7.52916666667	8.0611121744
7.53333333333	8.0619404075
7.5375	8.0627670462
7.54166666667	8.0635920939
7.54583333333	8.0644155536
7.55	8.0652374285
7.55416666667	8.0660577218
7.55833333333	8.0668764366
7.5625	8.0676935762
7.56666666667	8.0685091436
7.57083333333	8.0693231420
7.575	8.0701355745
7.57916666667	8.0709464442
7.58333333333	8.0717557543
7.5875	8.0725635079
7.59166666667	8.0733697080
7.59583333333	8.0741743578
7.6	8.0749774603
7.60416666667	8.0757790187
7.60833333333	8.0765790360
7.6125	8.0773775153
7.61666666667	8.0781744596
7.62083333333	8.0789698720
7.625	8.0797637557
7.62916666667	8.0805561135
7.63333333333	8.0813469485
7.6375	8.0821362638
7.64166666667	8.0829240625
7.64583333333	8.0837103474
7.65	8.0844951216
7.65416666667	8.0852783882
7.65833333333	8.0860601502
7.6625	8.0868404104
7.66666666667	8.0876191720
7.67083333333	8.0883964378
7.675	8.0891722109
7.67916666667	8.0899464943
7.68333333333	8.0907192908
7.6875	8.0914906034
7.69166666667	8.0922604352
7.69583333333	8.0930287890
7.7	8.0937956678
7.70416666667	8.0945610744
7.70833333333	8.0953250119
7.7125	8.0960874831
7.71666666667	8.0968484910
7.72083333333	8.0976080384
7.725	8.0983661282
7.72916666667	8.0991227634
7.73333333333	8.0998779469
7.7375	8.1006316814
7.74166666667	8.1013839699
7.74583333333	8.1021348152
7.75	8.1028842203
7.75416666667	8.1036321879
7.75833333333	8.1043787210
7.7625	8.1051238222
7.76666666667	8.1058674946
7.77083333333	8.1066097409
7.775	8.1073505640
7.77916666667	8.1080899666
7.78333333333	8.1088279515
7.7875	8.1095645217
7.79166666667	8.1102996799
7.79583333333	8.1110334288
7.8	8.1117657713
7.80416666667	8.1124967101
7.80833333333	8.1132262481
7.8125	8.1139543880
7.81666666667	8.1146811325
7.82083333333	8.1154064845
7.825	8.1161304466
7.82916666667	8.1168530217
7.83333333333	8.1175742125
7.8375	8.1182940216
7.84166666667	8.1190124519
7.84583333333	8.1197295060
7.85	8.1204451868
7.85416666667	8.1211594968
7.85833333333	8.1218724388
7.8625	8.1225840155
7.86666666667	8.1232942296
7.87083333333	8.1240030838
7.875	8.1247105808
7.87916666667	8.1254167232
7.88333333333	8.1261215138
7.8875	8.1268249551
7.89166666667	8.1275270500
7.89583333333	8.1282278009
7.9	8.1289272106
7.90416666667	8.1296252816
7.90833333333	8.1303220168
7.9125	8.1310174186
7.91666666667	8.1317114897
7.92083333333	8.1324042328
7.925	8.1330956504
7.92916666667	8.1337857452
7.93333333333	8.1344745198
7.9375	8.1351619767
7.94166666667	8.1358481186
7.94583333333	8.1365329480
7.95	8.1372164676
7.95416666667	8.1378986800
7.95833333333	8.1385795876
7.9625	8.1392591931
7.96666666667	8.1399374990
7.97083333333	8.1406145079
7.975	8.1412902223
7.97916666667	8.1419646449
7.98333333333	8.1426377780
7.9875	8.1433096244
7.99166666667	8.1439801864
7.99583333333	8.1446494666
8.0	8.1453174676
8.00416666667	8.1459841919
8.00833333333	8.1466496419
8.0125	8.1473138202
8.01666666667	8.1479767293
8.02083333333	8.1486383716
8.025	8.1492987497
8.02916666667	8.1499578660
8.03333333333	8.1506157231
8.0375	8.1512723233
8.04166666667	8.1519276693
8.04583333333	8.1525817633
8.05	8.1532346079
8.05416666667	8.1538862056
8.05833333333	8.1545365587
8.0625	8.1551856698
8.06666666667	8.1558335413
8.07083333333	8.1564801755
8.075	8.1571255750
8.07916666667	8.1577697421
8.08333333333	8.1584126793
8.0875	8.1590543890
8.09166666667	8.1596948735
8.09583333333	8.1603341354
8.1	8.1609721769
8.10416666667	8.1616090006
8.10833333333	8.1622446087
8.1125	8.1628790036
8.11666666667	8.1635121878
8.12083333333	8.1641441635
8.125	8.1647749333
8.12916666667	8.1654044994
8.13333333333	8.1660328641
8.1375	8.1666600300
8.14166666667	8.1672859992
8.14583333333	8.1679107741
8.15	8.1685343571
8.15416666667	8.1691567505
8.15833333333	8.1697779567
8.1625	8.1703979779
8.16666666667	8.1710168165
8.17083333333	8.1716344748
8.175	8.1722509551
8.17916666667	8.1728662598
8.18333333333	8.1734803910
8.1875	8.1740933511
8.19166666667	8.1747051425
8.19583333333	8.1753157673
8.2	8.1759252278
8.20416666667	8.1765335265
8.20833333333	8.1771406654
8.2125	8.1777466469
8.21666666667	8.1783514732
8.22083333333	8.1789551467
8.225	8.1795576695
8.22916666667	8.1801590439
8.23333333333	8.1807592721
8.2375	8.1813583565
8.24166666667	8.1819562991
8.24583333333	8.1825531023
8.25	8.1831487683
8.25416666667	8.1837432993
8.25833333333	8.1843366975
8.2625	8.1849289651
8.26666666667	8.1855201043
8.27083333333	8.1861101174
8.275	8.1866990065
8.27916666667	8.1872867738
8.28333333333	8.1878734215
8.2875	8.1884589519
8.29166666667	8.1890433670
8.29583333333	8.1896266690
8.3	8.1902088602
8.30416666667	8.1907899427
8.30833333333	8.1913699187
8.3125	8.1919487902
8.31666666667	8.1925265595
8.32083333333	8.1931032288
8.325	8.1936788001
8.32916666667	8.1942532755
8.33333333333	8.1948266574
8.3375	8.1953989477
8.34166666667	8.1959701485
8.34583333333	8.1965402621
8.35	8.1971092906
8.35416666667	8.1976772360
8.35833333333	8.1982441004
8.3625	8.1988098860
8.36666666667	8.1993745949
8.37083333333	8.1999382291
8.375	8.2005007908
8.37916666667	8.2010622820
8.38333333333	8.2016227048
8.3875	8.2021820614
8.39166666667	8.2027403537
8.39583333333	8.2032975839
8.4	8.2038537540
8.40416666667	8.2044088661
8.40833333333	8.2049629222
8.4125	8.2055159244
8.41666666667	8.2060678748
8.42083333333	8.2066187754
8.425	8.2071686281
8.42916666667	8.2077174352
8.43333333333	8.2082651985
8.4375	8.2088119202
8.44166666667	8.2093576023
8.44583333333	8.2099022467
8.45	8.2104458555
8.45416666667	8.2109884307
8.45833333333	8.2115299744
8.4625	8.2120704884
8.46666666667	8.2126099749
8.47083333333	8.2131484358
8.475	8.2136858731
8.47916666667	8.2142222888
8.48333333333	8.2147576849
8.4875	8.2152920634
8.49166666667	8.2158254262
8.49583333333	8.2163577753
8.5	8.2168891127
8.50416666667	8.2174194403
8.50833333333	8.2179487601
8.5125	8.2184770741
8.51666666667	8.2190043842
8.52083333333	8.2195306924
8.525	8.2200560006
8.52916666667	8.2205803107
8.53333333333	8.2211036247
8.5375	8.2216259445
8.54166666667	8.2221472721
8.54583333333	8.2226676093
8.55	8.2231869581
8.55416666667	8.2237053204
8.55833333333	8.2242226981
8.5625	8.2247390932
8.56666666667	8.2252545075
8.57083333333	8.2257689429
8.575	8.2262824014
8.57916666667	8.2267948848
8.58333333333	8.2273063950
8.5875	8.2278169339
8.59166666667	8.2283265034
8.59583333333	8.2288351053
8.6	8.2293427416
8.60416666667	8.2298494141
8.60833333333	8.2303551247
8.6125	8.2308598752
8.61666666667	8.2313636675
8.62083333333	8.2318665034
8.625	8.2323683849
8.62916666667	8.2328693137
8.63333333333	8.2333692917
8.6375	8.2338683208
8.64166666667	8.2343664027
8.64583333333	8.2348635393
8.65	8.2353597325
8.65416666667	8.2358549840
8.65833333333	8.2363492958
8.6625	8.2368426695
8.66666666667	8.2373351070
8.67083333333	8.2378266102
8.675	8.2383171808
8.67916666667	8.2388068207
8.68333333333	8.2392955316
8.6875	8.2397833154
8.69166666667	8.2402701738
8.69583333333	8.2407561086
8.7	8.2412411216
8.70416666667	8.2417252146
8.70833333333	8.2422083894
8.7125	8.2426906477
8.71666666667	8.2431719913
8.72083333333	8.2436524221
8.725	8.2441319416
8.72916666667	8.2446105518
8.73333333333	8.2450882544
8.7375	8.2455650511
8.74166666667	8.2460409436
8.74583333333	8.2465159338
8.75	8.2469900233
8.75416666667	8.2474632139
8.75833333333	8.2479355074
8.7625	8.2484069054
8.76666666667	8.2488774098
8.77083333333	8.2493470222
8.775	8.2498157443
8.77916666667	8.2502835778
8.78333333333	8.2507505246
8.7875	8.2512165863
8.79166666667	8.2516817645
8.79583333333	8.2521460611
8.8	8.2526094777
8.80416666667	8.2530720160
8.80833333333	8.2535336777
8.8125	8.2539944645
8.81666666667	8.2544543780
8.82083333333	8.2549134201
8.825	8.2553715923
8.82916666667	8.2558288963
8.83333333333	8.2562853338
8.8375	8.2567409065
8.84166666667	8.2571956160
8.84583333333	8.2576494641
8.85	8.2581024523
8.85416666667	8.2585545823
8.85833333333	8.2590058558
8.8625	8.2594562745
8.86666666667	8.2599058399
8.87083333333	8.2603545538
8.875	8.2608024177
8.87916666667	8.2612494333
8.88333333333	8.2616956023
8.8875	8.2621409262
8.89166666667	8.2625854067
8.89583333333	8.2630290455
8.9	8.2634718441
8.90416666667	8.2639138041
8.90833333333	8.2643549273
8.9125	8.2647952151
8.91666666667	8.2652346692
8.92083333333	8.2656732913
8.925	8.2661110828
8.92916666667	8.2665480455
8.93333333333	8.2669841809
8.9375	8.2674194905
8.94166666667	8.2678539761
8.94583333333	8.2682876391
8.95	8.2687204812
8.95416666667	8.2691525039
8.95833333333	8.2695837088
8.9625	8.2700140976
8.96666666667	8.2704436717
8.97083333333	8.2708724327
8.975	8.2713003822
8.97916666667	8.2717275217
8.98333333333	8.2721538529
8.9875	8.2725793773
8.99166666667	8.2730040963
8.99583333333	8.2734280117
9.0	8.2738511248
9.00416666667	8.2742734373
9.00833333333	8.2746949507
9.0125	8.2751156666
9.01666666667	8.2755355864
9.02083333333	8.2759547117
9.025	8.2763730440
9.02916666667	8.2767905849
9.03333333333	8.2772073359
9.0375	8.2776232984
9.04166666667	8.2780384741
9.04583333333	8.2784528644
9.05	8.2788664708
9.05416666667	8.2792792948
9.05833333333	8.2796913380
9.0625	8.2801026018
9.06666666667	8.2805130878
9.07083333333	8.2809227974
9.075	8.2813317321
9.07916666667	8.2817398935
9.08333333333	8.2821472829
9.0875	8.2825539019
9.09166666667	8.2829597520
9.09583333333	8.2833648347
9.1	8.2837691513
9.10416666667	8.2841727034
9.10833333333	8.2845754925
9.1125	8.2849775200
9.11666666667	8.2853787873
9.12083333333	8.2857792961
9.125	8.2861790476
9.12916666667	8.2865780433
9.13333333333	8.2869762848
9.1375	8.2873737734
9.14166666667	8.2877705106
9.14583333333	8.2881664978
9.15	8.2885617365
9.15416666667	8.2889562282
9.15833333333	8.2893499741
9.1625	8.2897429759
9.16666666667	8.2901352348
9.17083333333	8.2905267524
9.175	8.2909175300
9.17916666667	8.2913075691
9.18333333333	8.2916968711
9.1875	8.2920854374
9.19166666667	8.2924732694
9.19583333333	8.2928603685
9.2	8.2932467362
9.20416666667	8.2936323738
9.20833333333	8.2940172827
9.2125	8.2944014643
9.21666666667	8.2947849201
9.22083333333	8.2951676514
9.225	8.2955496595
9.22916666667	8.2959309460
9.23333333333	8.2963115122
9.2375	8.2966913593
9.24166666667	8.2970704890
9.24583333333	8.2974489024
9.25	8.2978266010
9.25416666667	8.2982035862
9.25833333333	8.2985798593
9.2625	8.2989554216
9.26666666667	8.2993302746
9.27083333333	8.2997044196
9.275	8.3000778580
9.27916666667	8.3004505911
9.28333333333	8.3008226202
9.2875	8.3011939467
9.29166666667	8.3015645721
9.29583333333	8.3019344975
9.3	8.3023037243
9.30416666667	8.3026722539
9.30833333333	8.3030400877
9.3125	8.3034072269
9.31666666667	8.3037736729
9.32083333333	8.3041394269
9.325	8.3045044904
9.32916666667	8.3048688647
9.33333333333	8.3052325510
9.3375	8.3055955507
9.34166666667	8.3059578651
9.34583333333	8.3063194956
9.35	8.3066804433
9.35416666667	8.3070407097
9.35833333333	8.3074002960
9.3625	8.3077592036
9.36666666667	8.3081174337
9.37083333333	8.3084749876
9.375	8.3088318667
9.37916666667	8.3091880721
9.38333333333	8.3095436053
9.3875	8.3098984675
9.39166666667	8.3102526599
9.39583333333	8.3106061839
9.4	8.3109590407
9.40416666667	8.3113112316
9.40833333333	8.3116627580
9.4125	8.3120136209
9.41666666667	8.3123638218
9.42083333333	8.3127133619
9.425	8.3130622425
9.42916666667	8.3134104647
9.43333333333	8.3137580300
9.4375	8.3141049394
9.44166666667	8.3144511944
9.44583333333	8.3147967961
9.45	8.3151417458
9.45416666667	8.3154860447
9.45833333333	8.3158296940
9.4625	8.3161726951
9.46666666667	8.3165150492
9.47083333333	8.3168567574
9.475	8.3171978211
9.47916666667	8.3175382414
9.48333333333	8.3178780196
9.4875	8.3182171570
9.49166666667	8.3185556546
9.49583333333	8.3188935139
9.5	8.3192307359
9.50416666667	8.3195673219
9.50833333333	8.3199032731
9.5125	8.3202385908
9.51666666667	8.3205732761
9.52083333333	8.3209073302
9.525	8.3212407544
9.52916666667	8.3215735498
9.53333333333	8.3219057177
9.5375	8.3222372593
9.54166666667	8.3225681757
9.54583333333	8.3228984681
9.55	8.3232281378
9.55416666667	8.3235571859
9.55833333333	8.3238856136
9.5625	8.3242134221
9.56666666667	8.3245406126
9.57083333333	8.3248671862
9.575	8.3251931442
9.57916666667	8.3255184877
9.58333333333	8.3258432179
9.5875	8.3261673359
9.59166666667	8.3264908429
9.59583333333	8.3268137402
9.6	8.3271360288
9.60416666667	8.3274577099
9.60833333333	8.3277787846
9.6125	8.3280992542
9.61666666667	8.3284191198
9.62083333333	8.3287383826
9.625	8.3290570436
9.62916666667	8.3293751040
9.63333333333	8.3296925650
9.6375	8.3300094278
9.64166666667	8.3303256934
9.64583333333	8.3306413631
9.65	8.3309564378
9.65416666667	8.3312709189
9.65833333333	8.3315848073
9.6625	8.3318981043
9.66666666667	8.3322108110
9.67083333333	8.3325229285
9.675	8.3328344578
9.67916666667	8.3331454003
9.68333333333	8.3334557568
9.6875	8.3337655287
9.69166666667	8.3340747169
9.69583333333	8.3343833227
9.7	8.3346913470
9.70416666667	8.3349987911
9.70833333333	8.3353056560
9.7125	8.3356119429
9.71666666667	8.3359176527
9.72083333333	8.3362227868
9.725	8.3365273460
9.72916666667	8.3368313316
9.73333333333	8.3371347445
9.7375	8.3374375860
9.74166666667	8.3377398571
9.74583333333	8.3380415589
9.75	8.3383426925
9.75416666667	8.3386432589
9.75833333333	8.3389432593
9.7625	8.3392426946
9.76666666667	8.3395415661
9.77083333333	8.3398398747
9.775	8.3401376216
9.77916666667	8.3404348078
9.78333333333	8.3407314343
9.7875	8.3410275023
9.79166666667	8.3413230128
9.79583333333	8.3416179669
9.8	8.3419123656
9.80416666667	8.3422062100
9.80833333333	8.3424995011
9.8125	8.3427922400
9.81666666667	8.3430844278
9.82083333333	8.3433760654
9.825	8.3436671540
9.82916666667	8.3439576946
9.83333333333	8.3442476883
9.8375	8.3445371360
9.84166666667	8.3448260388
9.84583333333	8.3451143978
9.85	8.3454022139
9.85416666667	8.3456894883
9.85833333333	8.3459762219
9.8625	8.3462624158
9.86666666667	8.3465480711
9.87083333333	8.3468331886
9.875	8.3471177695
9.87916666667	8.3474018148
9.88333333333	8.3476853255
9.8875	8.3479683026
9.89166666667	8.3482507471
9.89583333333	8.3485326601
9.9	8.3488140426
9.90416666667	8.3490948955
9.90833333333	8.3493752198
9.9125	8.3496550167
9.91666666667	8.3499342870
9.92083333333	8.3502130319
9.925	8.3504912522
9.92916666667	8.3507689490
9.93333333333	8.3510461232
9.9375	8.3513227760
9.94166666667	8.3515989082
9.94583333333	8.3518745208
9.95	8.3521496149
9.95416666667	8.3524241915
9.95833333333	8.3526982514
9.9625	8.3529717958
9.96666666667	8.3532448255
9.97083333333	8.3535173416
9.975	8.3537893450
9.97916666667	8.3540608367
9.98333333333	8.3543318177
9.9875	8.3546022889
9.99166666667	8.3548722514
9.99583333333	8.3551417061
