0.0	2.9091196405
0.004	2.9095617991
0.008	2.9100228318
0.012	2.9105019527
0.016	2.9109984545
0.02	2.9115116722
0.024	2.9120409798
0.028	2.9125857887
0.032	2.9131455446
0.036	2.9137197262
0.04	2.9143078428
0.044	2.9149094329
0.048	2.9155240620
0.052	2.9161513214
0.056	2.9167908267
0.06	2.9174422159
0.064	2.9181051489
0.068	2.9187793054
0.072	2.9194643844
0.076	2.9201601025
0.08	2.9208661936
0.084	2.9215824072
0.088	2.9223085079
0.092	2.9230442744
0.096	2.9237894988
0.1	2.9245439856
0.104	2.9253075514
0.108	2.9260800238
0.112	2.9268612410
0.116	2.9276510512
0.12	2.9284493119
0.124	2.9292558895
0.128	2.9300706588
0.132	2.9308935026
0.136	2.9317243108
0.14	2.9325629809
0.144	2.9334094165
0.148	2.9342635280
0.152	2.9351252314
0.156	2.9359944485
0.16	2.9368711064
0.164	2.9377551371
0.168	2.9386464775
0.172	2.9395450691
0.176	2.9404508574
0.18	2.9413637922
0.184	2.9422838269
0.188	2.9432109187
0.192	2.9441450281
0.196	2.9450861189
0.2	2.9460341581
0.204	2.9469891154
0.208	2.9479509634
0.212	2.9489196773
0.216	2.9498952348
0.22	2.9508776159
0.224	2.9518668030
0.228	2.9528627805
0.232	2.9538655349
0.236	2.9548750544
0.24	2.9558913294
0.244	2.9569143516
0.248	2.9579441148
0.252	2.9589806141
0.256	2.9600238460
0.26	2.9610738086
0.264	2.9621305013
0.268	2.9631939247
0.272	2.9642640808
0.276	2.9653409726
0.28	2.9664246041
0.284	2.9675149807
0.288	2.9686121084
0.292	2.9697159945
0.296	2.9708266469
0.3	2.9719440745
0.304	2.9730682871
0.308	2.9741992952
0.312	2.9753371099
0.316	2.9764817433
0.32	2.9776332080
0.324	2.9787915171
0.328	2.9799566847
0.332	2.9811287252
0.336	2.9823076535
0.34	2.9834934852
0.344	2.9846862363
0.348	2.9858859233
0.352	2.9870925633
0.356	2.9883061736
0.36	2.9895267719
0.364	2.9907543766
0.368	2.9919890062
0.372	2.9932306795
0.376	2.9944794159
0.38	2.9957352349
0.384	2.9969981563
0.388	2.9982682004
0.392	2.9995453876
0.396	3.0008297384
0.4	3.0021212739
0.404	3.0034200152
0.408	3.0047259836
0.412	3.0060392007
0.416	3.0073596883
0.42	3.0086874682
0.424	3.0100225625
0.428	3.0113649936
0.432	3.0127147837
0.436	3.0140719554
0.44	3.0154365314
0.444	3.0168085343
0.448	3.0181879872
0.452	3.0195749128
0.456	3.0209693343
0.46	3.0223712748
0.464	3.0237807576
0.468	3.0251978058
0.472	3.0266224427
0.476	3.0280546918
0.48	3.0294945765
0.484	3.0309421201
0.488	3.0323973462
0.492	3.0338602782
0.496	3.0353309396
0.5	3.0368093540
0.504	3.0382955448
0.508	3.0397895355
0.512	3.0412913496
0.516	3.0428010105
0.52	3.0443185418
0.524	3.0458439667
0.528	3.0473773088
0.532	3.0489185912
0.536	3.0504678373
0.54	3.0520250704
0.544	3.0535903135
0.548	3.0551635898
0.552	3.0567449224
0.556	3.0583343342
0.56	3.0599318482
0.564	3.0615374870
0.568	3.0631512736
0.572	3.0647732304
0.576	3.0664033801
0.58	3.0680417451
0.584	3.0696883476
0.588	3.0713432101
0.592	3.0730063545
0.596	3.0746778029
0.6	3.0763575771
0.604	3.0780456989
0.608	3.0797421900
0.612	3.0814470718
0.616	3.0831603656
0.62	3.0848820928
0.624	3.0866122743
0.628	3.0883509312
0.632	3.0900980841
0.636	3.0918537536
0.64	3.0936179603
0.644	3.0953907245
0.648	3.0971720662
0.652	3.0989620055
0.656	3.1007605620
0.66	3.1025677556
0.664	3.1043836055
0.668	3.1062081310
0.672	3.1080413512
0.676	3.1098832850
0.68	3.1117339511
0.684	3.1135933680
0.688	3.1154615539
0.692	3.1173385271
0.696	3.1192243053
0.7	3.1211189062
0.704	3.1230223475
0.708	3.1249346463
0.712	3.1268558197
0.716	3.1287858845
0.72	3.1307248574
0.724	3.1326727549
0.728	3.1346295930
0.732	3.1365953877
0.736	3.1385701549
0.74	3.1405539099
0.744	3.1425466681
0.748	3.1445484445
0.752	3.1465592539
0.756	3.1485791109
0.76	3.1506080298
0.764	3.1526460247
0.768	3.1546931095
0.772	3.1567492977
0.776	3.1588146027
0.78	3.1608890376
0.784	3.1629726152
0.788	3.1650653482
0.792	3.1671672489
0.796	3.1692783294
0.8	3.1713986015
0.804	3.1735280769
0.808	3.1756667668
0.812	3.1778146823
0.816	3.1799718342
0.82	3.1821382331
0.824	3.1843138893
0.828	3.1864988127
0.832	3.1886930130
0.836	3.1908964999
0.84	3.1931092825
0.844	3.1953313698
0.848	3.1975627704
0.852	3.1998034928
0.856	3.2020535451
0.86	3.2043129351
0.864	3.2065816707
0.868	3.2088597589
0.872	3.2111472070
0.876	3.2134440217
0.88	3.2157502095
0.884	3.2180657768
0.888	3.2203907295
0.892	3.2227250732
0.896	3.2250688136
0.9	3.2274219556
0.904	3.2297845043
0.908	3.2321564643
0.912	3.2345378399
0.916	3.2369286353
0.92	3.2393288542
0.924	3.2417385003
0.928	3.2441575767
0.932	3.2465860865
0.936	3.2490240326
0.94	3.2514714173
0.944	3.2539282428
0.948	3.2563945112
0.952	3.2588702241
0.956	3.2613553829
0.96	3.2638499889
0.964	3.2663540428
0.968	3.2688675454
0.972	3.2713904969
0.976	3.2739228976
0.98	3.2764647473
0.984	3.2790160455
0.988	3.2815767917
0.992	3.2841469849
0.996	3.2867266239
1.0	3.2893157074
1.004	3.2919142336
1.008	3.2945222007
1.012	3.2971396064
1.016	3.2997664484
1.02	3.3024027240
1.024	3.3050484303
1.028	3.3077035641
1.032	3.3103681220
1.036	3.3130421005
1.04	3.3157254956
1.044	3.3184183032
1.048	3.3211205190
1.052	3.3238321384
1.056	3.3265531566
1.06	3.3292835685
1.064	3.3320233689
1.068	3.3347725523
1.072	3.3375311129
1.076	3.3402990447
1.08	3.3430763417
1.084	3.3458629974
1.088	3.3486590052
1.092	3.3514643582
1.096	3.3542790494
1.1	3.3571030715
1.104	3.3599364170
1.108	3.3627790783
1.112	3.3656310474
1.116	3.3684923163
1.12	3.3713628765
1.124	3.3742427196
1.128	3.3771318368
1.132	3.3800302192
1.136	3.3829378577
1.14	3.3858547429
1.144	3.3887808653
1.148	3.3917162152
1.152	3.3946607826
1.156	3.3976145575
1.16	3.4005775294
1.164	3.4035496880
1.168	3.4065310225
1.172	3.4095215221
1.176	3.4125211757
1.18	3.4155299720
1.184	3.4185478997
1.188	3.4215749471
1.192	3.4246111024
1.196	3.4276563537
1.2	3.4307106888
1.204	3.4337740954
1.208	3.4368465610
1.212	3.4399280730
1.216	3.4430186184
1.22	3.4461181843
1.224	3.4492267575
1.228	3.4523443246
1.232	3.4554708721
1.236	3.4586063863
1.24	3.4617508534
1.244	3.4649042594
1.248	3.4680665899
1.252	3.4712378308
1.256	3.4744179675
1.26	3.4776069853
1.264	3.4808048694
1.268	3.4840116048
1.272	3.4872271764
1.276	3.4904515688
1.28	3.4936847665
1.284	3.4969267540
1.288	3.5001775155
1.292	3.5034370351
1.296	3.5067052966
1.3	3.5099822838
1.304	3.5132679804
1.308	3.5165623697
1.312	3.5198654352
1.316	3.5231771598
1.32	3.5264975268
1.324	3.5298265188
1.328	3.5331641186
1.332	3.5365103088
1.336	3.5398650717
1.34	3.5432283897
1.344	3.5466002447
1.348	3.5499806189
1.352	3.5533694940
1.356	3.5567668517
1.36	3.5601726735
1.364	3.5635869407
1.368	3.5670096347
1.372	3.5704407365
1.376	3.5738802270
1.38	3.5773280871
1.384	3.5807842974
1.388	3.5842488384
1.392	3.5877216906
1.396	3.5912028340
1.4	3.5946922488
1.404	3.5981899150
1.408	3.6016958124
1.412	3.6052099205
1.416	3.6087322189
1.42	3.6122626871
1.424	3.6158013042
1.428	3.6193480493
1.432	3.6229029014
1.436	3.6264658393
1.44	3.6300368417
1.444	3.6336158871
1.448	3.6372029538
1.452	3.6407980203
1.456	3.6444010645
1.46	3.6480120645
1.464	3.6516309981
1.468	3.6552578429
1.472	3.6588925767
1.476	3.6625351768
1.48	3.6661856205
1.484	3.6698438849
1.488	3.6735099471
1.492	3.6771837840
1.496	3.6808653723
1.5	3.6845546887
1.504	3.6882517096
1.508	3.6919564113
1.512	3.6956687702
1.516	3.6993887623
1.52	3.7031163634
1.524	3.7068515496
1.528	3.7105942964
1.532	3.7143445794
1.536	3.7181023740
1.54	3.7218676555
1.544	3.7256403992
1.548	3.7294205800
1.552	3.7332081729
1.556	3.7370031527
1.56	3.7408054939
1.564	3.7446151712
1.568	3.7484321590
1.572	3.7522564315
1.576	3.7560879630
1.58	3.7599267274
1.584	3.7637726987
1.588	3.7676258506
1.592	3.7714861569
1.596	3.7753535911
1.6	3.7792281267
1.604	3.7831097369
1.608	3.7869983950
1.612	3.7908940741
1.616	3.7947967470
1.62	3.7987063868
1.624	3.8026229661
1.628	3.8065464576
1.632	3.8104768338
1.636	3.8144140671
1.64	3.8183581298
1.644	3.8223089941
1.648	3.8262666320
1.652	3.8302310156
1.656	3.8342021168
1.66	3.8381799072
1.664	3.8421643587
1.668	3.8461554426
1.672	3.8501531306
1.676	3.8541573939
1.68	3.8581682038
1.684	3.8621855316
1.688	3.8662093482
1.692	3.8702396246
1.696	3.8742763318
1.7	3.8783194405
1.704	3.8823689214
1.708	3.8864247451
1.712	3.8904868822
1.716	3.8945553030
1.72	3.8986299780
1.724	3.9027108773
1.728	3.9067979712
1.732	3.9108912297
1.736	3.9149906229
1.74	3.9190961207
1.744	3.9232076930
1.748	3.9273253094
1.752	3.9314489398
1.756	3.9355785538
1.76	3.9397141208
1.764	3.9438556104
1.768	3.9480029920
1.772	3.9521562350
1.776	3.9563153085
1.78	3.9604801818
1.784	3.9646508241
1.788	3.9688272044
1.792	3.9730092917
1.796	3.9771970550
1.8	3.9813904632
1.804	3.9855894850
1.808	3.9897940894
1.812	3.9940042449
1.816	3.9982199203
1.82	4.0024410842
1.824	4.0066677051
1.828	4.0108997516
1.832	4.0151371920
1.836	4.0193799949
1.84	4.0236281286
1.844	4.0278815613
1.848	4.0321402614
1.852	4.0364041972
1.856	4.0406733367
1.86	4.0449476482
1.864	4.0492270998
1.868	4.0535116596
1.872	4.0578012955
1.876	4.0620959756
1.88	4.0663956680
1.884	4.0707003404
1.888	4.0750099609
1.892	4.0793244973
1.896	4.0836439175
1.9	4.0879681893
1.904	4.0922972805
1.908	4.0966311589
1.912	4.1009697923
1.916	4.1053131483
1.92	4.1096611948
1.924	4.1140138994
1.928	4.1183712297
1.932	4.1227331535
1.936	4.1270996384
1.94	4.1314706520
1.944	4.1358461620
1.948	4.1402261359
1.952	4.1446105414
1.956	4.1489993461
1.96	4.1533925175
1.964	4.1577900232
1.968	4.1621918308
1.972	4.1665979078
1.976	4.1710082219
1.98	4.1754227405
1.984	4.1798414312
1.988	4.1842642617
1.992	4.1886911994
1.996	4.1931222119
2.0	4.1975572668
2.004	4.2019963316
2.008	4.2064393740
2.012	4.2108863615
2.016	4.2153372616
2.02	4.2197920421
2.024	4.2242506705
2.028	4.2287131145
2.032	4.2331793415
2.036	4.2376493195
2.04	4.2421230158
2.044	4.2466003983
2.048	4.2510814347
2.052	4.2555660926
2.056	4.2600543397
2.06	4.2645461439
2.064	4.2690414728
2.068	4.2735402942
2.072	4.2780425761
2.076	4.2825482861
2.08	4.2870573921
2.084	4.2915698621
2.088	4.2960856638
2.092	4.3006047653
2.096	4.3051271345
2.1	4.3096527393
2.104	4.3141815479
2.108	4.3187135281
2.112	4.3232486481
2.116	4.3277868760
2.12	4.3323281799
2.124	4.3368725280
2.128	4.3414198885
2.132	4.3459702296
2.136	4.3505235196
2.14	4.3550797267
2.144	4.3596388194
2.148	4.3642007660
2.152	4.3687655348
2.156	4.3733330945
2.16	4.3779034134
2.164	4.3824764601
2.168	4.3870522032
2.172	4.3916306112
2.176	4.3962116529
2.18	4.4007952969
2.184	4.4053815120
2.188	4.4099702670
2.192	4.4145615307
2.196	4.4191552720
2.2	4.4237514599
2.204	4.4283500632
2.208	4.4329510510
2.212	4.4375543924
2.216	4.4421600565
2.22	4.4467680124
2.224	4.4513782294
2.228	4.4559906768
2.232	4.4606053238
2.236	4.4652221399
2.24	4.4698410944
2.244	4.4744621569
2.248	4.4790852968
2.252	4.4837104837
2.256	4.4883376873
2.26	4.4929668773
2.264	4.4975980234
2.268	4.5022310954
2.272	4.5068660631
2.276	4.5115028966
2.28	4.5161415656
2.284	4.5207820404
2.288	4.5254242910
2.292	4.5300682874
2.296	4.5347140000
2.3	4.5393613990
2.304	4.5440104547
2.308	4.5486611375
2.312	4.5533134179
2.316	4.5579672663
2.32	4.5626226534
2.324	4.5672795497
2.328	4.5719379260
2.332	4.5765977530
2.336	4.5812590016
2.34	4.5859216426
2.344	4.5905856470
2.348	4.5952509858
2.352	4.5999176300
2.356	4.6045855509
2.36	4.6092547196
2.364	4.6139251075
2.368	4.6185966858
2.372	4.6232694260
2.376	4.6279432995
2.38	4.6326182779
2.384	4.6372943329
2.388	4.6419714360
2.392	4.6466495591
2.396	4.6513286740
2.4	4.6560087526
2.404	4.6606897667
2.408	4.6653716885
2.412	4.6700544901
2.416	4.6747381436
2.42	4.6794226212
2.424	4.6841078953
2.428	4.6887939383
2.432	4.6934807225
2.436	4.6981682207
2.44	4.7028564052
2.444	4.7075452489
2.448	4.7122347244
2.452	4.7169248045
2.456	4.7216154623
2.46	4.7263066705
2.464	4.7309984024
2.468	4.7356906309
2.472	4.7403833292
2.476	4.7450764707
2.48	4.7497700286
2.484	4.7544639764
2.488	4.7591582876
2.492	4.7638529356
2.496	4.7685478942
2.5	4.7732431371
2.504	4.7779386380
2.508	4.7826343708
2.512	4.7873303095
2.516	4.7920264280
2.52	4.7967227005
2.524	4.8014191012
2.528	4.8061156042
2.532	4.8108121839
2.536	4.8155088148
2.54	4.8202054712
2.544	4.8249021278
2.548	4.8295987592
2.552	4.8342953401
2.556	4.8389918453
2.56	4.8436882497
2.564	4.8483845282
2.568	4.8530806558
2.572	4.8577766077
2.576	4.8624723591
2.58	4.8671678852
2.584	4.8718631613
2.588	4.8765581630
2.592	4.8812528656
2.596	4.8859472449
2.6	4.8906412764
2.604	4.8953349359
2.608	4.9000281992
2.612	4.9047210422
2.616	4.9094134410
2.62	4.9141053716
2.624	4.9187968101
2.628	4.9234877328
2.632	4.9281781159
2.636	4.9328679360
2.64	4.9375571694
2.644	4.9422457926
2.648	4.9469337825
2.652	4.9516211155
2.656	4.9563077686
2.66	4.9609937187
2.664	4.9656789427
2.668	4.9703634175
2.672	4.9750471205
2.676	4.9797300287
2.68	4.9844121195
2.684	4.9890933702
2.688	4.9937737582
2.692	4.9984532612
2.696	5.0031318568
2.7	5.0078095225
2.704	5.0124862363
2.708	5.0171619760
2.712	5.0218367194
2.716	5.0265104448
2.72	5.0311831301
2.724	5.0358547535
2.728	5.0405252934
2.732	5.0451947281
2.736	5.0498630360
2.74	5.0545301957
2.744	5.0591961858
2.748	5.0638609849
2.752	5.0685245718
2.756	5.0731869254
2.76	5.0778480247
2.764	5.0825078485
2.768	5.0871663762
2.772	5.0918235867
2.776	5.0964794595
2.78	5.1011339738
2.784	5.1057871091
2.788	5.1104388449
2.792	5.1150891608
2.796	5.1197380365
2.8	5.1243854517
2.804	5.1290313864
2.808	5.1336758204
2.812	5.1383187337
2.816	5.1429601065
2.82	5.1475999188
2.824	5.1522381511
2.828	5.1568747836
2.832	5.1615097968
2.836	5.1661431711
2.84	5.1707748872
2.844	5.1754049257
2.848	5.1800332674
2.852	5.1846598931
2.856	5.1892847838
2.86	5.1939079205
2.864	5.1985292842
2.868	5.2031488561
2.872	5.2077666175
2.876	5.2123825497
2.88	5.2169966341
2.884	5.2216088523
2.888	5.2262191857
2.892	5.2308276161
2.896	5.2354341252
2.9	5.2400386948
2.904	5.2446413069
2.908	5.2492419435
2.912	5.2538405865
2.916	5.2584372182
2.92	5.2630318208
2.924	5.2676243766
2.928	5.2722148681
2.932	5.2768032776
2.936	5.2813895878
2.94	5.2859737813
2.944	5.2905558408
2.948	5.2951357492
2.952	5.2997134893
2.956	5.3042890440
2.96	5.3088623965
2.964	5.3134335299
2.968	5.3180024274
2.972	5.3225690722
2.976	5.3271334477
2.98	5.3316955375
2.984	5.3362553249
2.988	5.3408127937
2.992	5.3453679276
2.996	5.3499207102
3.0	5.3544711255
3.004	5.3590191574
3.008	5.3635647899
3.012	5.3681080070
3.016	5.3726487931
3.02	5.3771871323
3.024	5.3817230089
3.028	5.3862564074
3.032	5.3907873122
3.036	5.3953157080
3.04	5.3998415793
3.044	5.4043649109
3.048	5.4088856877
3.052	5.4134038944
3.056	5.4179195161
3.06	5.4224325378
3.064	5.4269429446
3.068	5.4314507217
3.072	5.4359558544
3.076	5.4404583280
3.08	5.4449581280
3.084	5.4494552400
3.088	5.4539496494
3.092	5.4584413419
3.096	5.4629303033
3.1	5.4674165195
3.104	5.4718999762
3.108	5.4763806596
3.112	5.4808585555
3.116	5.4853336503
3.12	5.4898059300
3.124	5.4942753809
3.128	5.4987419895
3.132	5.5032057421
3.136	5.5076666253
3.14	5.5121246256
3.144	5.5165797297
3.148	5.5210319244
3.152	5.5254811964
3.156	5.5299275327
3.16	5.5343709203
3.164	5.5388113460
3.168	5.5432487972
3.172	5.5476832609
3.176	5.5521147245
3.18	5.5565431752
3.184	5.5609686006
3.188	5.5653909880
3.192	5.5698103251
3.196	5.5742265994
3.2	5.5786397988
3.204	5.5830499110
3.208	5.5874569238
3.212	5.5918608252
3.216	5.5962616032
3.22	5.6006592459
3.224	5.6050537414
3.228	5.6094450780
3.232	5.6138332439
3.236	5.6182182276
3.24	5.6226000174
3.244	5.6269786020
3.248	5.6313539699
3.252	5.6357261097
3.256	5.6400950102
3.26	5.6444606602
3.264	5.6488230486
3.268	5.6531821644
3.272	5.6575379965
3.276	5.6618905341
3.28	5.6662397663
3.284	5.6705856824
3.288	5.6749282716
3.292	5.6792675235
3.296	5.6836034273
3.3	5.6879359726
3.304	5.6922651491
3.308	5.6965909463
3.312	5.7009133541
3.316	5.7052323621
3.32	5.7095479604
3.324	5.7138601388
3.328	5.7181688873
3.332	5.7224741961
3.336	5.7267760552
3.34	5.7310744549
3.344	5.7353693856
3.348	5.7396608374
3.352	5.7439488010
3.356	5.7482332667
3.36	5.7525142251
3.364	5.7567916669
3.368	5.7610655828
3.372	5.7653359635
3.376	5.7696027999
3.38	5.7738660828
3.384	5.7781258033
3.388	5.7823819524
3.392	5.7866345212
3.396	5.7908835009
3.4	5.7951288827
3.404	5.7993706579
3.408	5.8036088179
3.412	5.8078433541
3.416	5.8120742581
3.42	5.8163015215
3.424	5.8205251358
3.428	5.8247450927
3.432	5.8289613842
3.436	5.8331740019
3.44	5.8373829379
3.444	5.8415881840
3.448	5.8457897323
3.452	5.8499875749
3.456	5.8541817041
3.46	5.8583721119
3.464	5.8625587908
3.468	5.8667417330
3.472	5.8709209311
3.476	5.8750963774
3.48	5.8792680647
3.484	5.8834359854
3.488	5.8876001323
3.492	5.8917604981
3.496	5.8959170756
3.5	5.9000698578
3.504	5.9042188375
3.508	5.9083640078
3.512	5.9125053618
3.516	5.9166428925
3.52	5.9207765932
3.524	5.9249064571
3.528	5.9290324776
3.532	5.9331546480
3.536	5.9372729619
3.54	5.9413874126
3.544	5.9454979938
3.548	5.9496046992
3.552	5.9537075224
3.556	5.9578064572
3.56	5.9619014973
3.564	5.9659926369
3.568	5.9700798696
3.572	5.9741631897
3.576	5.9782425911
3.58	5.9823180679
3.584	5.9863896145
3.588	5.9904572250
3.592	5.9945208938
3.596	5.9985806152
3.6	6.0026363838
3.604	6.0066881939
3.608	6.0107360402
3.612	6.0147799174
3.616	6.0188198200
3.62	6.0228557429
3.624	6.0268876809
3.628	6.0309156288
3.632	6.0349395816
3.636	6.0389595342
3.64	6.0429754818
3.644	6.0469874195
3.648	6.0509953424
3.652	6.0549992458
3.656	6.0589991249
3.66	6.0629949752
3.664	6.0669867921
3.668	6.0709745710
3.672	6.0749583075
3.676	6.0789379972
3.68	6.0829136357
3.684	6.0868852189
3.688	6.0908527424
3.692	6.0948162021
3.696	6.0987755940
3.7	6.1027309140
3.704	6.1066821581
3.708	6.1106293224
3.712	6.1145724031
3.716	6.1185113964
3.72	6.1224462985
3.724	6.1263771058
3.728	6.1303038147
3.732	6.1342264216
3.736	6.1381449230
3.74	6.1420593155
3.744	6.1459695958
3.748	6.1498757606
3.752	6.1537778065
3.756	6.1576757305
3.76	6.1615695293
3.764	6.1654592000
3.768	6.1693447396
3.772	6.1732261450
3.776	6.1771034135
3.78	6.1809765421
3.784	6.1848455282
3.788	6.1887103691
3.792	6.1925710621
3.796	6.1964276047
3.8	6.2002799944
3.804	6.2041282286
3.808	6.2079723051
3.812	6.2118122215
3.816	6.2156479756
3.82	6.2194795651
3.824	6.2233069880
3.828	6.2271302421
3.832	6.2309493255
3.836	6.2347642362
3.84	6.2385749723
3.844	6.2423815321
3.848	6.2461839138
3.852	6.2499821157
3.856	6.2537761362
3.86	6.2575659737
3.864	6.2613516267
3.868	6.2651330939
3.872	6.2689103739
3.876	6.2726834653
3.88	6.2764523670
3.884	6.2802170778
3.888	6.2839775966
3.892	6.2877339223
3.896	6.2914860542
3.9	6.2952339912
3.904	6.2989777325
3.908	6.3027172775
3.912	6.3064526254
3.916	6.3101837756
3.92	6.3139107276
3.924	6.3176334810
3.928	6.3213520353
3.932	6.3250663902
3.936	6.3287765456
3.94	6.3324825012
3.944	6.3361842569
3.948	6.3398818127
3.952	6.3435751687
3.956	6.3472643251
3.96	6.3509492819
3.964	6.3546300396
3.968	6.3583065985
3.972	6.3619789591
3.976	6.3656471218
3.98	6.3693110874
3.984	6.3729708564
3.988	6.3766264297
3.992	6.3802778082
3.996	6.3839249928
4.0	6.3875679845
4.004	6.3912067845
4.008	6.3948413940
4.012	6.3984718143
4.016	6.4020980469
4.02	6.4057200931
4.024	6.4093379546
4.028	6.4129516331
4.032	6.4165611304
4.036	6.4201664483
4.04	6.4237675889
4.044	6.4273645542
4.048	6.4309573465
4.052	6.4345459679
4.056	6.4381304210
4.06	6.4417107083
4.064	6.4452868323
4.068	6.4488587959
4.072	6.4524266019
4.076	6.4559902533
4.08	6.4595497532
4.084	6.4631051048
4.088	6.4666563115
4.092	6.4702033768
4.096	6.4737463043
4.1	6.4772850977
4.104	6.4808197611
4.108	6.4843502983
4.112	6.4878767137
4.116	6.4913990115
4.12	6.4949171962
4.124	6.4984312725
4.128	6.5019412453
4.132	6.5054471194
4.136	6.5089489001
4.14	6.5124465927
4.144	6.5159402027
4.148	6.5194297357
4.152	6.5229151978
4.156	6.5263965949
4.16	6.5298739335
4.164	6.5333472199
4.168	6.5368164609
4.172	6.5402816635
4.176	6.5437428349
4.18	6.5471999825
4.184	6.5506531140
4.188	6.5541022372
4.192	6.5575473605
4.196	6.5609884923
4.2	6.5644256413
4.204	6.5678588167
4.208	6.5712880278
4.212	6.5747132844
4.216	6.5781345965
4.22	6.5815519744
4.224	6.5849654290
4.228	6.5883749714
4.232	6.5917806132
4.236	6.5951823662
4.24	6.5985802430
4.244	6.6019742564
4.248	6.6053644196
4.252	6.6087507466
4.256	6.6121332516
4.26	6.6155119497
4.264	6.6188868563
4.268	6.6222579874
4.272	6.6256253600
4.276	6.6289889912
4.28	6.6323488994
4.284	6.6357051034
4.288	6.6390576229
4.292	6.6424064784
4.296	6.6457516914
4.3	6.6490932842
4.304	6.6524312804
4.308	6.6557657042
4.312	6.6590965815
4.316	6.6624239389
4.32	6.6657478048
4.324	6.6690682086
4.328	6.6723851814
4.332	6.6756987560
4.336	6.6790089666
4.34	6.6823158497
4.344	6.6856194434
4.348	6.6889197883
4.352	6.6922169272
4.356	6.6955109056
4.36	6.6988017716
4.364	6.7020895764
4.368	6.7053743748
4.372	6.7086562248
4.376	6.7119351888
4.38	6.7152113335
4.384	6.7184847304
4.388	6.7217554566
4.392	6.7250235952
4.396	6.7282892361
4.4	6.7315524767
4.404	6.7348134232
4.408	6.7380721913
4.412	6.7413289078
4.416	6.7445837122
4.42	6.7478367586
4.424	6.7510882180
4.428	6.7543382811
4.432	6.7575871617
4.436	6.7608351013
4.44	6.7640823744
4.444	6.7673292952
4.448	6.7705762274
4.452	6.7738235954
4.456	6.7770719006
4.46	6.7803217442
4.464	6.7835738580
4.468	6.7868291508
4.472	6.7900887792
4.476	6.7933542602
4.48	6.7966276643
4.484	6.7999119753
4.488	6.8032118469
4.492	6.8065355251
4.496	6.8099018066
4.5	6.8135187531
4.504	6.8173415115
4.508	6.8211241585
4.512	6.8248475854
4.516	6.8285084319
4.52	6.8321090033
4.524	6.8356540278
4.528	6.8391492048
4.532	6.8426004489
4.536	6.8460134703
4.54	6.8493935413
4.544	6.8527453756
4.548	6.8560730799
4.552	6.8593801517
4.556	6.8626695075
4.56	6.8659435306
4.564	6.8692041283
4.568	6.8724527954
4.572	6.8756906775
4.576	6.8789186318
4.58	6.8821372845
4.584	6.8853470812
4.588	6.8885483315
4.592	6.8917412476
4.596	6.8949259750
4.6	6.8981026176
4.604	6.9012712578
4.608	6.9044319703
4.612	6.9075848321
4.616	6.9107299293
4.62	6.9138673596
4.624	6.9169972341
4.628	6.9201196761
4.632	6.9232348189
4.636	6.9263428037
4.64	6.9294437756
4.644	6.9325378809
4.648	6.9356252640
4.652	6.9387060639
4.656	6.9417804126
4.66	6.9448484326
4.664	6.9479102355
4.668	6.9509659213
4.672	6.9540155778
4.676	6.9570592803
4.68	6.9600970924
4.684	6.9631290662
4.688	6.9661552434
4.692	6.9691756561
4.696	6.9721903281
4.7	6.9751992761
4.704	6.9782025106
4.708	6.9812000375
4.712	6.9841918590
4.716	6.9871779743
4.72	6.9901583810
4.724	6.9931330757
4.728	6.9961020544
4.732	6.9990653136
4.736	7.0020228500
4.74	7.0049746616
4.744	7.0079207475
4.748	7.0108611077
4.752	7.0137957442
4.756	7.0167246598
4.76	7.0196478590
4.764	7.0225653474
4.768	7.0254771317
4.772	7.0283832196
4.776	7.0312836199
4.78	7.0341783417
4.784	7.0370673952
4.788	7.0399507905
4.792	7.0428285386
4.796	7.0457006502
4.8	7.0485671366
4.804	7.0514280088
4.808	7.0542832779
4.812	7.0571329549
4.816	7.0599770509
4.82	7.0628155764
4.824	7.0656485422
4.828	7.0684759587
4.832	7.0712978362
4.836	7.0741141847
4.84	7.0769250143
4.844	7.0797303346
4.848	7.0825301554
4.852	7.0853244861
4.856	7.0881133363
4.86	7.0908967152
4.864	7.0936746321
4.868	7.0964470963
4.872	7.0992141168
4.876	7.1019757028
4.88	7.1047318634
4.884	7.1074826076
4.888	7.1102279446
4.892	7.1129678833
4.896	7.1157024328
4.9	7.1184316022
4.904	7.1211554006
4.908	7.1238738369
4.912	7.1265869202
4.916	7.1292946596
4.92	7.1319970641
4.924	7.1346941429
4.928	7.1373859049
4.932	7.1400723593
4.936	7.1427535150
4.94	7.1454293813
4.944	7.1480999671
4.948	7.1507652814
4.952	7.1534253334
4.956	7.1560801322
4.96	7.1587296867
4.964	7.1613740060
4.968	7.1640130992
4.972	7.1666469753
4.976	7.1692756433
4.98	7.1718991123
4.984	7.1745173914
4.988	7.1771304895
4.992	7.1797384157
4.996	7.1823411790
5.0	7.1849387885
5.004	7.1875312532
5.008	7.1901185821
5.012	7.1927007842
5.016	7.1952778686
5.02	7.1978498443
5.024	7.2004167203
5.028	7.2029785056
5.032	7.2055352094
5.036	7.2080868405
5.04	7.2106334080
5.044	7.2131749210
5.048	7.2157113885
5.052	7.2182428194
5.056	7.2207692229
5.06	7.2232906079
5.064	7.2258069834
5.068	7.2283183585
5.072	7.2308247423
5.076	7.2333261435
5.08	7.2358225715
5.084	7.2383140350
5.088	7.2408005431
5.092	7.2432821049
5.096	7.2457587294
5.1	7.2482304254
5.104	7.2506972021
5.108	7.2531590684
5.112	7.2556160333
5.116	7.2580681058
5.12	7.2605152948
5.124	7.2629576095
5.128	7.2653950586
5.132	7.2678276512
5.136	7.2702553963
5.14	7.2726783028
5.144	7.2750963797
5.148	7.2775096359
5.152	7.2799180803
5.156	7.2823217220
5.16	7.2847205697
5.164	7.2871146326
5.168	7.2895039194
5.172	7.2918884391
5.176	7.2942682006
5.18	7.2966432129
5.184	7.2990134847
5.188	7.3013790251
5.192	7.3037398428
5.196	7.3060959468
5.2	7.3084473460
5.204	7.3107940491
5.208	7.3131360651
5.212	7.3154734028
5.216	7.3178060711
5.22	7.3201340787
5.224	7.3224574346
5.228	7.3247761475
5.232	7.3270902262
5.236	7.3293996796
5.24	7.3317045164
5.244	7.3340047454
5.248	7.3363003755
5.252	7.3385914153
5.256	7.3408778737
5.26	7.3431597593
5.264	7.3454370810
5.268	7.3477098475
5.272	7.3499780675
5.276	7.3522417497
5.28	7.3545009028
5.284	7.3567555356
5.288	7.3590056567
5.292	7.3612512748
5.296	7.3634923985
5.3	7.3657290366
5.304	7.3679611976
5.308	7.3701888903
5.312	7.3724121232
5.316	7.3746309051
5.32	7.3768452444
5.324	7.3790551498
5.328	7.3812606298
5.332	7.3834616932
5.336	7.3856583484
5.34	7.3878506039
5.344	7.3900384684
5.348	7.3922219504
5.352	7.3944010585
5.356	7.3965758010
5.36	7.3987461866
5.364	7.4009122237
5.368	7.4030739208
5.372	7.4052312864
5.376	7.4073843290
5.38	7.4095330570
5.384	7.4116774788
5.388	7.4138176029
5.392	7.4159534377
5.396	7.4180849916
5.4	7.4202122730
5.404	7.4223352903
5.408	7.4244540518
5.412	7.4265685660
5.416	7.4286788411
5.42	7.4307848855
5.424	7.4328867075
5.428	7.4349843154
5.432	7.4370777176
5.436	7.4391669223
5.44	7.4412519378
5.444	7.4433327724
5.448	7.4454094343
5.452	7.4474819318
5.456	7.4495502731
5.46	7.4516144664
5.464	7.4536745199
5.468	7.4557304418
5.472	7.4577822403
5.476	7.4598299235
5.48	7.4618734997
5.484	7.4639129769
5.488	7.4659483633
5.492	7.4679796670
5.496	7.4700068961
5.5	7.4720300246
5.504	7.4740482221
5.508	7.4760616219
5.512	7.4780703417
5.516	7.4800744837
5.52	7.4820741365
5.524	7.4840693759
5.528	7.4860602665
5.532	7.4880468631
5.536	7.4900292115
5.54	7.4920073503
5.544	7.4939813118
5.548	7.4959511228
5.552	7.4979168063
5.556	7.4998783815
5.56	7.5018358651
5.564	7.5037892718
5.568	7.5057386148
5.572	7.5076839060
5.576	7.5096251570
5.58	7.5115623787
5.584	7.5134955816
5.588	7.5154247765
5.592	7.5173499739
5.596	7.5192711844
5.6	7.5211884187
5.604	7.5231016876
5.608	7.5250110019
5.612	7.5269163724
5.616	7.5288178100
5.62	7.5307153254
5.624	7.5326089294
5.628	7.5344986326
5.632	7.5363844454
5.636	7.5382663782
5.64	7.5401444410
5.644	7.5420186439
5.648	7.5438889966
5.652	7.5457555087
5.656	7.5476181896
5.66	7.5494770486
5.664	7.5513320948
5.668	7.5531833371
5.672	7.5550307844
5.676	7.5568744453
5.68	7.5587143285
5.684	7.5605504425
5.688	7.5623827959
5.692	7.5642113970
5.696	7.5660362543
5.7	7.5678573761
5.704	7.5696747708
5.708	7.5714884467
5.712	7.5732984122
5.716	7.5751046756
5.72	7.5769072452
5.724	7.5787061293
5.728	7.5805013363
5.732	7.5822928745
5.736	7.5840807521
5.74	7.5858649776
5.744	7.5876455593
5.748	7.5894225054
5.752	7.5911958242
5.756	7.5929655240
5.76	7.5947316130
5.764	7.5964940996
5.768	7.5982529919
5.772	7.6000082981
5.776	7.6017600264
5.78	7.6035081849
5.784	7.6052527818
5.788	7.6069938252
5.792	7.6087313231
5.796	7.6104652836
5.8	7.6121957146
5.804	7.6139226243
5.808	7.6156460205
5.812	7.6173659113
5.816	7.6190823044
5.82	7.6207952078
5.824	7.6225046294
5.828	7.6242105770
5.832	7.6259130583
5.836	7.6276120813
5.84	7.6293076537
5.844	7.6309997831
5.848	7.6326884774
5.852	7.6343737442
5.856	7.6360555912
5.86	7.6377340261
5.864	7.6394090565
5.868	7.6410806900
5.872	7.6427489342
5.876	7.6444137966
5.88	7.6460752849
5.884	7.6477334065
5.888	7.6493881690
5.892	7.6510395798
5.896	7.6526876465
5.9	7.6543323764
5.904	7.6559737769
5.908	7.6576118556
5.912	7.6592466197
5.916	7.6608780766
5.92	7.6625062337
5.924	7.6641310983
5.928	7.6657526777
5.932	7.6673709792
5.936	7.6689860100
5.94	7.6705977774
5.944	7.6722062886
5.948	7.6738115508
5.952	7.6754135712
5.956	7.6770123570
5.96	7.6786079153
5.964	7.6802002531
5.968	7.6817893777
5.972	7.6833752962
5.976	7.6849580155
5.98	7.6865375427
5.984	7.6881138849
5.988	7.6896870491
5.992	7.6912570422
5.996	7.6928238713
6.0	7.6943875432
6.004	7.6959480650
6.008	7.6975054435
6.012	7.6990596857
6.016	7.7006107984
6.02	7.7021587885
6.024	7.7037036628
6.028	7.7052454282
6.032	7.7067840914
6.036	7.7083196593
6.04	7.7098521387
6.044	7.7113815362
6.048	7.7129078587
6.052	7.7144311128
6.056	7.7159513052
6.06	7.7174684427
6.064	7.7189825319
6.068	7.7204935794
6.072	7.7220015919
6.076	7.7235065760
6.08	7.7250085383
6.084	7.7265074854
6.088	7.7280034238
6.092	7.7294963601
6.096	7.7309863009
6.1	7.7324732525
6.104	7.7339572216
6.108	7.7354382146
6.112	7.7369162379
6.116	7.7383912981
6.12	7.7398634015
6.124	7.7413325546
6.128	7.7427987637
6.132	7.7442620352
6.136	7.7457223756
6.14	7.7471797911
6.144	7.7486342880
6.148	7.7500858728
6.152	7.7515345516
6.156	7.7529803308
6.16	7.7544232167
6.164	7.7558632154
6.168	7.7573003333
6.172	7.7587345765
6.176	7.7601659512
6.18	7.7615944637
6.184	7.7630201200
6.188	7.7644429265
6.192	7.7658628891
6.196	7.7672800141
6.2	7.7686943075
6.204	7.7701057754
6.208	7.7715144239
6.212	7.7729202591
6.216	7.7743232871
6.22	7.7757235137
6.224	7.7771209452
6.228	7.7785155874
6.232	7.7799074464
6.236	7.7812965281
6.24	7.7826828385
6.244	7.7840663835
6.248	7.7854471691
6.252	7.7868252012
6.256	7.7882004856
6.26	7.7895730283
6.264	7.7909428351
6.268	7.7923099119
6.272	7.7936742645
6.276	7.7950358988
6.28	7.7963948205
6.284	7.7977510355
6.288	7.7991045495
6.292	7.8004553683
6.296	7.8018034976
6.3	7.8031489433
6.304	7.8044917110
6.308	7.8058318064
6.312	7.8071692352
6.316	7.8085040031
6.32	7.8098361158
6.324	7.8111655790
6.328	7.8124923982
6.332	7.8138165791
6.336	7.8151381273
6.34	7.8164570484
6.344	7.8177733481
6.348	7.8190870318
6.352	7.8203981051
6.356	7.8217065736
6.36	7.8230124428
6.364	7.8243157182
6.368	7.8256164054
6.372	7.8269145098
6.376	7.8282100368
6.38	7.8295029920
6.384	7.8307933809
6.388	7.8320812087
6.392	7.8333664810
6.396	7.8346492033
6.4	7.8359293807
6.404	7.8372070189
6.408	7.8384821231
6.412	7.8397546987
6.416	7.8410247510
6.42	7.8422922854
6.424	7.8435573071
6.428	7.8448198216
6.432	7.8460798340
6.436	7.8473373498
6.44	7.8485923740
6.444	7.8498449121
6.448	7.8510949692
6.452	7.8523425506
6.456	7.8535876615
6.46	7.8548303070
6.464	7.8560704925
6.468	7.8573082230
6.472	7.8585435037
6.476	7.8597763398
6.48	7.8610067365
6.484	7.8622346988
6.488	7.8634602320
6.492	7.8646833410
6.496	7.8659040310
6.5	7.8671223070
6.504	7.8683381742
6.508	7.8695516376
6.512	7.8707627022
6.516	7.8719713731
6.52	7.8731776553
6.524	7.8743815538
6.528	7.8755830736
6.532	7.8767822197
6.536	7.8779789970
6.54	7.8791734106
6.544	7.8803654653
6.548	7.8815551662
6.552	7.8827425181
6.556	7.8839275260
6.56	7.8851101947
6.564	7.8862905292
6.568	7.8874685343
6.572	7.8886442149
6.576	7.8898175758
6.58	7.8909886220
6.584	7.8921573582
6.588	7.8933237893
6.592	7.8944879201
6.596	7.8956497553
6.6	7.8968092998
6.604	7.8979665584
6.608	7.8991215358
6.612	7.9002742367
6.616	7.9014246659
6.62	7.9025728282
6.624	7.9037187283
6.628	7.9048623708
6.632	7.9060037605
6.636	7.9071429021
6.64	7.9082798002
6.644	7.9094144596
6.648	7.9105468848
6.652	7.9116770805
6.656	7.9128050514
6.66	7.9139308021
6.664	7.9150543371
6.668	7.9161756611
6.672	7.9172947788
6.676	7.9184116945
6.68	7.9195264130
6.684	7.9206389388
6.688	7.9217492765
6.692	7.9228574305
6.696	7.9239634054
6.7	7.9250672058
6.704	7.9261688361
6.708	7.9272683008
6.712	7.9283656044
6.716	7.9294607514
6.72	7.9305537463
6.724	7.9316445935
6.728	7.9327332974
6.732	7.9338198625
6.736	7.9349042933
6.74	7.9359865941
6.744	7.9370667693
6.748	7.9381448233
6.752	7.9392207605
6.756	7.9402945853
6.76	7.9413663021
6.764	7.9424359152
6.768	7.9435034289
6.772	7.9445688476
6.776	7.9456321755
6.78	7.9466934171
6.784	7.9477525766
6.788	7.9488096584
6.792	7.9498646666
6.796	7.9509176056
6.8	7.9519684796
6.804	7.9530172929
6.808	7.9540640497
6.812	7.9551087543
6.816	7.9561514109
6.82	7.9571920237
6.824	7.9582305969
6.828	7.9592671347
6.832	7.9603016413
6.836	7.9613341209
6.84	7.9623645777
6.844	7.9633930157
6.848	7.9644194392
6.852	7.9654438522
6.856	7.9664662590
6.86	7.9674866637
6.864	7.9685050702
6.868	7.9695214829
6.872	7.9705359057
6.876	7.9715483427
6.88	7.9725587980
6.884	7.9735672756
6.888	7.9745737797
6.892	7.9755783143
6.896	7.9765808834
6.9	7.9775814910
6.904	7.9785801411
6.908	7.9795768379
6.912	7.9805715852
6.916	7.9815643870
6.92	7.9825552474
6.924	7.9835441703
6.928	7.9845311597
6.932	7.9855162195
6.936	7.9864993537
6.94	7.9874805662
6.944	7.9884598609
6.948	7.9894372418
6.952	7.9904127128
6.956	7.9913862778
6.96	7.9923579407
6.964	7.9933277053
6.968	7.9942955756
6.972	7.9952615553
6.976	7.9962256485
6.98	7.9971878588
6.984	7.9981481902
6.988	7.9991066465
6.992	8.0000632315
6.996	8.0010179491
7.0	8.0019708030
7.004	8.0029217970
7.008	8.0038709350
7.012	8.0048182206
7.016	8.0057636578
7.02	8.0067072502
7.024	8.0076490016
7.028	8.0085889157
7.032	8.0095269964
7.036	8.0104632473
7.04	8.0113976721
7.044	8.0123302746
7.048	8.0132610584
7.052	8.0141900274
7.056	8.0151171851
7.06	8.0160425352
7.064	8.0169660815
7.068	8.0178878275
7.072	8.0188077770
7.076	8.0197259336
7.08	8.0206423009
7.084	8.0215568825
7.088	8.0224696822
7.092	8.0233807035
7.096	8.0242899500
7.1	8.0251974253
7.104	8.0261031330
7.108	8.0270070767
7.112	8.0279092599
7.116	8.0288096864
7.12	8.0297083595
7.124	8.0306052829
7.128	8.0315004601
7.132	8.0323938946
7.136	8.0332855900
7.14	8.0341755498
7.144	8.0350637775
7.148	8.0359502767
7.152	8.0368350507
7.156	8.0377181031
7.16	8.0385994375
7.164	8.0394790572
7.168	8.0403569657
7.172	8.0412331666
7.176	8.0421076632
7.18	8.0429804590
7.184	8.0438515574
7.188	8.0447209619
7.192	8.0455886758
7.196	8.0464547027
7.2	8.0473190459
7.204	8.0481817088
7.208	8.0490426948
7.212	8.0499020073
7.216	8.0507596496
7.22	8.0516156252
7.224	8.0524699374
7.228	8.0533225896
7.232	8.0541735851
7.236	8.0550229272
7.24	8.0558706193
7.244	8.0567166647
7.248	8.0575610667
7.252	8.0584038287
7.256	8.0592449539
7.26	8.0600844457
7.264	8.0609223073
7.268	8.0617585420
7.272	8.0625931532
7.276	8.0634261439
7.28	8.0642575177
7.284	8.0650872776
7.288	8.0659154269
7.292	8.0667419689
7.296	8.0675669068
7.3	8.0683902438
7.304	8.0692119832
7.308	8.0700321281
7.312	8.0708506818
7.316	8.0716676475
7.32	8.0724830284
7.324	8.0732968276
7.328	8.0741090483
7.332	8.0749196937
7.336	8.0757287669
7.34	8.0765362712
7.344	8.0773422097
7.348	8.0781465854
7.352	8.0789494017
7.356	8.0797506614
7.36	8.0805503679
7.364	8.0813485242
7.368	8.0821451335
7.372	8.0829401987
7.376	8.0837337231
7.38	8.0845257098
7.384	8.0853161617
7.388	8.0861050820
7.392	8.0868924737
7.396	8.0876783400
7.4	8.0884626838
7.404	8.0892455082
7.408	8.0900268163
7.412	8.0908066111
7.416	8.0915848957
7.42	8.0923616729
7.424	8.0931369460
7.428	8.0939107178
7.432	8.0946829914
7.436	8.0954537698
7.44	8.0962230560
7.444	8.0969908530
7.448	8.0977571636
7.452	8.0985219910
7.456	8.0992853381
7.46	8.1000472078
7.464	8.1008076031
7.468	8.1015665269
7.472	8.1023239822
7.476	8.1030799720
7.48	8.1038344990
7.484	8.1045875664
7.488	8.1053391769
7.492	8.1060893334
7.496	8.1068380390
7.5	8.1075852965
7.504	8.1083311087
7.508	8.1090754786
7.512	8.1098184091
7.516	8.1105599030
7.52	8.1112999631
7.524	8.1120385924
7.528	8.1127757936
7.532	8.1135115697
7.536	8.1142459235
7.54	8.1149788578
7.544	8.1157103755
7.548	8.1164404793
7.552	8.1171691721
7.556	8.1178964567
7.56	8.1186223360
7.564	8.1193468126
7.568	8.1200698894
7.572	8.1207915692
7.576	8.1215118548
7.58	8.1222307489
7.584	8.1229482543
7.588	8.1236643738
7.592	8.1243791102
7.596	8.1250924661
7.6	8.1258044444
7.604	8.1265150477
7.608	8.1272242789
7.612	8.1279321406
7.616	8.1286386355
7.62	8.1293437664
7.624	8.1300475361
7.628	8.1307499471
7.632	8.1314510022
7.636	8.1321507041
7.64	8.1328490555
7.644	8.1335460591
7.648	8.1342417175
7.652	8.1349360334
7.656	8.1356290095
7.66	8.1363206484
7.664	8.1370109529
7.668	8.1376999254
7.672	8.1383875688
7.676	8.1390738856
7.68	8.1397588784
7.684	8.1404425500
7.688	8.1411249028
7.692	8.1418059396
7.696	8.1424856629
7.7	8.1431640753
7.704	8.1438411795
7.708	8.1445169780
7.712	8.1451914735
7.716	8.1458646684
7.72	8.1465365654
7.724	8.1472071671
7.728	8.1478764760
7.732	8.1485444947
7.736	8.1492112257
7.74	8.1498766716
7.744	8.1505408349
7.748	8.1512037182
7.752	8.1518653241
7.756	8.1525256549
7.76	8.1531847134
7.764	8.1538425019
7.768	8.1544990230
7.772	8.1551542792
7.776	8.1558082730
7.78	8.1564610069
7.784	8.1571124834
7.788	8.1577627050
7.792	8.1584116741
7.796	8.1590593933
7.8	8.1597058650
7.804	8.1603510917
7.808	8.1609950758
7.812	8.1616378199
7.816	8.1622793262
7.82	8.1629195974
7.824	8.1635586358
7.828	8.1641964439
7.832	8.1648330240
7.836	8.1654683787
7.84	8.1661025104
7.844	8.1667354214
7.848	8.1673671142
7.852	8.1679975911
7.856	8.1686268546
7.86	8.1692549072
7.864	8.1698817510
7.868	8.1705073886
7.872	8.1711318224
7.876	8.1717550546
7.88	8.1723770878
7.884	8.1729979241
7.888	8.1736175661
7.892	8.1742360160
7.896	8.1748532762
7.9	8.1754693491
7.904	8.1760842370
7.908	8.1766979422
7.912	8.1773104671
7.916	8.1779218139
7.92	8.1785319851
7.924	8.1791409829
7.928	8.1797488096
7.932	8.1803554676
7.936	8.1809609591
7.94	8.1815652864
7.944	8.1821684519
7.948	8.1827704579
7.952	8.1833713065
7.956	8.1839710001
7.96	8.1845695410
7.964	8.1851669314
7.968	8.1857631736
7.972	8.1863582699
7.976	8.1869522225
7.98	8.1875450336
7.984	8.1881367056
7.988	8.1887272405
7.992	8.1893166408
7.996	8.1899049086
8.0	8.1904920461
8.004	8.1910780556
8.008	8.1916629393
8.012	8.1922466994
8.016	8.1928293380
8.02	8.1934108575
8.024	8.1939912600
8.028	8.1945705477
8.032	8.1951487228
8.036	8.1957257875
8.04	8.1963017439
8.044	8.1968765943
8.048	8.1974503408
8.052	8.1980229856
8.056	8.1985945308
8.06	8.1991649786
8.064	8.1997343312
8.068	8.2003025907
8.072	8.2008697592
8.076	8.2014358390
8.08	8.2020008320
8.084	8.2025647406
8.088	8.2031275667
8.092	8.2036893126
8.096	8.2042499803
8.1	8.2048095719
8.104	8.2053680896
8.108	8.2059255355
8.112	8.2064819116
8.116	8.2070372201
8.12	8.2075914631
8.124	8.2081446426
8.128	8.2086967608
8.132	8.2092478197
8.136	8.2097978214
8.14	8.2103467679
8.144	8.2108946614
8.148	8.2114415039
8.152	8.2119872974
8.156	8.2125320441
8.16	8.2130757459
8.164	8.2136184049
8.168	8.2141600232
8.172	8.2147006028
8.176	8.2152401457
8.18	8.2157786540
8.184	8.2163161296
8.188	8.2168525746
8.192	8.2173879911
8.196	8.2179223810
8.2	8.2184557463
8.204	8.2189880891
8.208	8.2195194114
8.212	8.2200497150
8.216	8.2205790022
8.22	8.2211072747
8.224	8.2216345347
8.228	8.2221607840
8.232	8.2226860248
8.236	8.2232102589
8.24	8.2237334882
8.244	8.2242557149
8.248	8.2247769408
8.252	8.2252971679
8.256	8.2258163982
8.26	8.2263346335
8.264	8.2268518759
8.268	8.2273681272
8.272	8.2278833895
8.276	8.2283976647
8.28	8.2289109546
8.284	8.2294232612
8.288	8.2299345864
8.292	8.2304449322
8.296	8.2309543004
8.3	8.2314626930
8.304	8.2319701119
8.308	8.2324765590
8.312	8.2329820361
8.316	8.2334865452
8.32	8.2339900881
8.324	8.2344926668
8.328	8.2349942830
8.332	8.2354949388
8.336	8.2359946360
8.34	8.2364933764
8.344	8.2369911619
8.348	8.2374879944
8.352	8.2379838758
8.356	8.2384788078
8.36	8.2389727923
8.364	8.2394658313
8.368	8.2399579265
8.372	8.2404490798
8.376	8.2409392929
8.38	8.2414285679
8.384	8.2419169064
8.388	8.2424043103
8.392	8.2428907814
8.396	8.2433763215
8.4	8.2438609326
8.404	8.2443446162
8.408	8.2448273744
8.412	8.2453092088
8.416	8.2457901214
8.42	8.2462701137
8.424	8.2467491878
8.428	8.2472273453
8.432	8.2477045881
8.436	8.2481809178
8.44	8.2486563364
8.444	8.2491308456
8.448	8.2496044471
8.452	8.2500771427
8.456	8.2505489342
8.46	8.2510198233
8.464	8.2514898118
8.468	8.2519589015
8.472	8.2524270941
8.476	8.2528943913
8.48	8.2533607949
8.484	8.2538263066
8.488	8.2542909282
8.492	8.2547546614
8.496	8.2552175079
8.5	8.2556794695
8.504	8.2561405478
8.508	8.2566007446
8.512	8.2570600616
8.516	8.2575185005
8.52	8.2579760631
8.524	8.2584327510
8.528	8.2588885658
8.532	8.2593435095
8.536	8.2597975835
8.54	8.2602507897
8.544	8.2607031296
8.548	8.2611546050
8.552	8.2616052176
8.556	8.2620549690
8.56	8.2625038609
8.564	8.2629518951
8.568	8.2633990730
8.572	8.2638453965
8.576	8.2642908671
8.58	8.2647354866
8.584	8.2651792565
8.588	8.2656221786
8.592	8.2660642545
8.596	8.2665054858
8.6	8.2669458741
8.604	8.2673854212
8.608	8.2678241285
8.612	8.2682619979
8.616	8.2686990308
8.62	8.2691352290
8.624	8.2695705939
8.628	8.2700051274
8.632	8.2704388309
8.636	8.2708717061
8.64	8.2713037545
8.644	8.2717349779
8.648	8.2721653778
8.652	8.2725949557
8.656	8.2730237133
8.66	8.2734516522
8.664	8.2738787740
8.668	8.2743050802
8.672	8.2747305725
8.676	8.2751552523
8.68	8.2755791214
8.684	8.2760021812
8.688	8.2764244333
8.692	8.2768458793
8.696	8.2772665208
8.7	8.2776863593
8.704	8.2781053964
8.708	8.2785236336
8.712	8.2789410724
8.716	8.2793577146
8.72	8.2797735614
8.724	8.2801886146
8.728	8.2806028757
8.732	8.2810163461
8.736	8.2814290274
8.74	8.2818409212
8.744	8.2822520290
8.748	8.2826623522
8.752	8.2830718925
8.756	8.2834806513
8.76	8.2838886302
8.764	8.2842958306
8.768	8.2847022540
8.772	8.2851079021
8.776	8.2855127762
8.78	8.2859168779
8.784	8.2863202086
8.788	8.2867227699
8.792	8.2871245633
8.796	8.2875255902
8.8	8.2879258521
8.804	8.2883253505
8.808	8.2887240869
8.812	8.2891220627
8.816	8.2895192795
8.82	8.2899157387
8.824	8.2903114417
8.828	8.2907063900
8.832	8.2911005852
8.836	8.2914940286
8.84	8.2918867216
8.844	8.2922786658
8.848	8.2926698627
8.852	8.2930603135
8.856	8.2934500199
8.86	8.2938389831
8.864	8.2942272048
8.868	8.2946146862
8.872	8.2950014289
8.876	8.2953874342
8.88	8.2957727036
8.884	8.2961572385
8.888	8.2965410403
8.892	8.2969241105
8.896	8.2973064504
8.9	8.2976880615
8.904	8.2980689452
8.908	8.2984491029
8.912	8.2988285360
8.916	8.2992072458
8.92	8.2995852338
8.924	8.2999625015
8.928	8.3003390501
8.932	8.3007148810
8.936	8.3010899957
8.94	8.3014643956
8.944	8.3018380819
8.948	8.3022110562
8.952	8.3025833197
8.956	8.3029548739
8.96	8.3033257201
8.964	8.3036958596
8.968	8.3040652939
8.972	8.3044340243
8.976	8.3048020522
8.98	8.3051693789
8.984	8.3055360058
8.988	8.3059019342
8.992	8.3062671655
8.996	8.3066317010
9.0	8.3069955421
9.004	8.3073586901
9.008	8.3077211463
9.012	8.3080829121
9.016	8.3084439888
9.02	8.3088043778
9.024	8.3091640803
9.028	8.3095230978
9.032	8.3098814314
9.036	8.3102390826
9.04	8.3105960526
9.044	8.3109523429
9.048	8.3113079546
9.052	8.3116628890
9.056	8.3120171476
9.06	8.3123707316
9.064	8.3127236423
9.068	8.3130758810
9.072	8.3134274489
9.076	8.3137783475
9.08	8.3141285780
9.084	8.3144781416
9.088	8.3148270396
9.092	8.3151752735
9.096	8.3155228443
9.1	8.3158697534
9.104	8.3162160021
9.108	8.3165615917
9.112	8.3169065234
9.116	8.3172507984
9.12	8.3175944181
9.124	8.3179373838
9.128	8.3182796966
9.132	8.3186213578
9.136	8.3189623688
9.14	8.3193027306
9.144	8.3196424447
9.148	8.3199815122
9.152	8.3203199344
9.156	8.3206577126
9.16	8.3209948479
9.164	8.3213313416
9.168	8.3216671950
9.172	8.3220024093
9.176	8.3223369857
9.18	8.3226709254
9.184	8.3230042297
9.188	8.3233368997
9.192	8.3236689368
9.196	8.3240003422
9.2	8.3243311170
9.204	8.3246612624
9.208	8.3249907797
9.212	8.3253196701
9.216	8.3256479348
9.22	8.3259755751
9.224	8.3263025920
9.228	8.3266289868
9.232	8.3269547607
9.236	8.3272799149
9.24	8.3276044506
9.244	8.3279283690
9.248	8.3282516712
9.252	8.3285743585
9.256	8.3288964320
9.26	8.3292178930
9.264	8.3295387425
9.268	8.3298589818
9.272	8.3301786121
9.276	8.3304976345
9.28	8.3308160501
9.284	8.3311338603
9.288	8.3314510660
9.292	8.3317676686
9.296	8.3320836691
9.3	8.3323990687
9.304	8.3327138685
9.308	8.3330280698
9.312	8.3333416736
9.316	8.3336546812
9.32	8.3339670936
9.324	8.3342789120
9.328	8.3345901376
9.332	8.3349007714
9.336	8.3352108147
9.34	8.3355202685
9.344	8.3358291341
9.348	8.3361374125
9.352	8.3364451048
9.356	8.3367522122
9.36	8.3370587358
9.364	8.3373646768
9.368	8.3376700362
9.372	8.3379748151
9.376	8.3382790148
9.38	8.3385826363
9.384	8.3388856806
9.388	8.3391881490
9.392	8.3394900425
9.396	8.3397913623
9.4	8.3400921093
9.404	8.3403922849
9.408	8.3406918899
9.412	8.3409909256
9.416	8.3412893930
9.42	8.3415872932
9.424	8.3418846273
9.428	8.3421813964
9.432	8.3424776016
9.436	8.3427732440
9.44	8.3430683246
9.444	8.3433628445
9.448	8.3436568049
9.452	8.3439502067
9.456	8.3442430510
9.46	8.3445353390
9.464	8.3448270716
9.468	8.3451182500
9.472	8.3454088753
9.476	8.3456989484
9.48	8.3459884704
9.484	8.3462774425
9.488	8.3465658656
9.492	8.3468537408
9.496	8.3471410692
9.5	8.3474278518
9.504	8.3477140897
9.508	8.3479997838
9.512	8.3482849353
9.516	8.3485695453
9.52	8.3488536146
9.524	8.3491371444
9.528	8.3494201357
9.532	8.3497025896
9.536	8.3499845070
9.54	8.3502658890
9.544	8.3505467367
9.548	8.3508270510
9.552	8.3511068330
9.556	8.3513860836
9.56	8.3516648040
9.564	8.3519429952
9.568	8.3522206581
9.572	8.3524977937
9.576	8.3527744032
9.58	8.3530504874
9.584	8.3533260474
9.588	8.3536010842
9.592	8.3538755989
9.596	8.3541495923
9.6	8.3544230655
9.604	8.3546960196
9.608	8.3549684554
9.612	8.3552403740
9.616	8.3555117765
9.62	8.3557826637
9.624	8.3560530366
9.628	8.3563228964
9.632	8.3565922438
9.636	8.3568610800
9.64	8.3571294058
9.644	8.3573972224
9.648	8.3576645306
9.652	8.3579313314
9.656	8.3581976259
9.66	8.3584634149
9.664	8.3587286994
9.668	8.3589934805
9.672	8.3592577590
9.676	8.3595215360
9.68	8.3597848124
9.684	8.3600475891
9.688	8.3603098671
9.692	8.3605716475
9.696	8.3608329310
9.7	8.3610937188
9.704	8.3613540116
9.708	8.3616138106
9.712	8.3618731165
9.716	8.3621319305
9.72	8.3623902533
9.724	8.3626480860
9.728	8.3629054295
9.732	8.3631622848
9.736	8.3634186527
9.74	8.3636745342
9.744	8.3639299302
9.748	8.3641848417
9.752	8.3644392696
9.756	8.3646932148
9.76	8.3649466783
9.764	8.3651996609
9.768	8.3654521636
9.772	8.3657041873
9.776	8.3659557330
9.78	8.3662068015
9.784	8.3664573937
9.788	8.3667075106
9.792	8.3669571531
9.796	8.3672063221
9.8	8.3674550185
9.804	8.3677032431
9.808	8.3679509970
9.812	8.3681982810
9.816	8.3684450960
9.82	8.3686914428
9.824	8.3689373225
9.828	8.3691827359
9.832	8.3694276839
9.836	8.3696721673
9.84	8.3699161871
9.844	8.3701597442
9.848	8.3704028394
9.852	8.3706454736
9.856	8.3708876477
9.86	8.3711293627
9.864	8.3713706193
9.868	8.3716114184
9.872	8.3718517610
9.876	8.3720916478
9.88	8.3723310799
9.884	8.3725700579
9.888	8.3728085829
9.892	8.3730466557
9.896	8.3732842771
9.9	8.3735214480
9.904	8.3737581692
9.908	8.3739944417
9.912	8.3742302663
9.916	8.3744656438
9.92	8.3747005752
9.924	8.3749350611
9.928	8.3751691026
9.932	8.3754027005
9.936	8.3756358555
9.94	8.3758685686
9.944	8.3761008406
9.948	8.3763326724
9.952	8.3765640647
9.956	8.3767950184
9.96	8.3770255345
9.964	8.3772556136
9.968	8.3774852566
9.972	8.3777144645
9.976	8.3779432379
9.98	8.3781715778
9.984	8.3783994849
9.988	8.3786269601
9.992	8.3788540043
9.996	8.3790806182
