0.0	2.9091196405
0.0027027027027	2.9094161939
0.00540540540541	2.9097214884
0.00810810810811	2.9100352888
0.0108108108108	2.9103573846
0.0135135135135	2.9106875744
0.0162162162162	2.9110256657
0.0189189189189	2.9113714739
0.0216216216216	2.9117248226
0.0243243243243	2.9120855431
0.027027027027	2.9124534737
0.0297297297297	2.9128284601
0.0324324324324	2.9132103545
0.0351351351351	2.9135990155
0.0378378378378	2.9139943081
0.0405405405405	2.9143961031
0.0432432432432	2.9148042771
0.0459459459459	2.9152187121
0.0486486486486	2.9156392953
0.0513513513514	2.9160659192
0.0540540540541	2.9164984808
0.0567567567568	2.9169368821
0.0594594594595	2.9173810292
0.0621621621622	2.9178308327
0.0648648648649	2.9182862072
0.0675675675676	2.9187470715
0.0702702702703	2.9192133480
0.072972972973	2.9196849626
0.0756756756757	2.9201618449
0.0783783783784	2.9206439279
0.0810810810811	2.9211311478
0.0837837837838	2.9216234437
0.0864864864865	2.9221207580
0.0891891891892	2.9226230357
0.0918918918919	2.9231302247
0.0945945945946	2.9236422755
0.0972972972973	2.9241591413
0.1	2.9246807775
0.102702702703	2.9252071420
0.105405405405	2.9257381950
0.108108108108	2.9262738988
0.110810810811	2.9268142179
0.113513513514	2.9273591186
0.116216216216	2.9279085694
0.118918918919	2.9284625406
0.121621621622	2.9290210042
0.124324324324	2.9295839340
0.127027027027	2.9301513056
0.12972972973	2.9307230960
0.132432432432	2.9312992838
0.135135135135	2.9318798491
0.137837837838	2.9324647737
0.140540540541	2.9330540404
0.143243243243	2.9336476334
0.145945945946	2.9342455386
0.148648648649	2.9348477425
0.151351351351	2.9354542334
0.154054054054	2.9360650003
0.156756756757	2.9366800336
0.159459459459	2.9372993248
0.162162162162	2.9379228661
0.164864864865	2.9385506512
0.167567567568	2.9391826743
0.17027027027	2.9398189309
0.172972972973	2.9404594171
0.175675675676	2.9411041302
0.178378378378	2.9417530680
0.181081081081	2.9424062295
0.183783783784	2.9430636141
0.186486486486	2.9437252223
0.189189189189	2.9443910551
0.191891891892	2.9450611144
0.194594594595	2.9457354026
0.197297297297	2.9464139229
0.2	2.9470966791
0.202702702703	2.9477836758
0.205405405405	2.9484749179
0.208108108108	2.9491704111
0.210810810811	2.9498701617
0.213513513514	2.9505741764
0.216216216216	2.9512824626
0.218918918919	2.9519950280
0.221621621622	2.9527118811
0.224324324324	2.9534330307
0.227027027027	2.9541584860
0.22972972973	2.9548882569
0.232432432432	2.9556223537
0.235135135135	2.9563607869
0.237837837838	2.9571035676
0.240540540541	2.9578507074
0.243243243243	2.9586022182
0.245945945946	2.9593581122
0.248648648649	2.9601184022
0.251351351351	2.9608831010
0.254054054054	2.9616522223
0.256756756757	2.9624257796
0.259459459459	2.9632037871
0.262162162162	2.9639862591
0.264864864865	2.9647732105
0.267567567568	2.9655646562
0.27027027027	2.9663606116
0.272972972973	2.9671610923
0.275675675676	2.9679661143
0.278378378378	2.9687756938
0.281081081081	2.9695898472
0.283783783784	2.9704085914
0.286486486486	2.9712319432
0.289189189189	2.9720599200
0.291891891892	2.9728925394
0.294594594595	2.9737298189
0.297297297297	2.9745717767
0.3	2.9754184310
0.302702702703	2.9762698001
0.305405405405	2.9771259028
0.308108108108	2.9779867579
0.310810810811	2.9788523844
0.313513513514	2.9797228018
0.316216216216	2.9805980293
0.318918918919	2.9814780868
0.321621621622	2.9823629940
0.324324324324	2.9832527711
0.327027027027	2.9841474381
0.32972972973	2.9850470155
0.332432432432	2.9859515239
0.335135135135	2.9868609840
0.337837837838	2.9877754166
0.340540540541	2.9886948429
0.343243243243	2.9896192839
0.345945945946	2.9905487611
0.348648648649	2.9914832960
0.351351351351	2.9924229101
0.354054054054	2.9933676253
0.356756756757	2.9943174634
0.359459459459	2.9952724465
0.362162162162	2.9962325967
0.364864864865	2.9971979365
0.367567567568	2.9981684880
0.37027027027	2.9991442739
0.372972972973	3.0001253169
0.375675675676	3.0011116396
0.378378378378	3.0021032649
0.381081081081	3.0031002158
0.383783783784	3.0041025154
0.386486486486	3.0051101868
0.389189189189	3.0061232532
0.391891891892	3.0071417380
0.394594594595	3.0081656647
0.397297297297	3.0091950568
0.4	3.0102299378
0.402702702703	3.0112703315
0.405405405405	3.0123162616
0.408108108108	3.0133677520
0.410810810811	3.0144248265
0.413513513514	3.0154875091
0.416216216216	3.0165558239
0.418918918919	3.0176297950
0.421621621622	3.0187094465
0.424324324324	3.0197948026
0.427027027027	3.0208858876
0.42972972973	3.0219827258
0.432432432432	3.0230853416
0.435135135135	3.0241937595
0.437837837838	3.0253080037
0.440540540541	3.0264280989
0.443243243243	3.0275540696
0.445945945946	3.0286859402
0.448648648649	3.0298237355
0.451351351351	3.0309674801
0.454054054054	3.0321171984
0.456756756757	3.0332729154
0.459459459459	3.0344346555
0.462162162162	3.0356024436
0.464864864865	3.0367763043
0.467567567568	3.0379562623
0.47027027027	3.0391423424
0.472972972973	3.0403345694
0.475675675676	3.0415329679
0.478378378378	3.0427375627
0.481081081081	3.0439483785
0.483783783784	3.0451654400
0.486486486486	3.0463887720
0.489189189189	3.0476183992
0.491891891892	3.0488543462
0.494594594595	3.0500966377
0.497297297297	3.0513452983
0.5	3.0526003528
0.502702702703	3.0538618256
0.505405405405	3.0551297414
0.508108108108	3.0564041246
0.510810810811	3.0576849998
0.513513513514	3.0589723914
0.516216216216	3.0602663238
0.518918918919	3.0615668215
0.521621621622	3.0628739086
0.524324324324	3.0641876096
0.527027027027	3.0655079485
0.52972972973	3.0668349496
0.532432432432	3.0681686370
0.535135135135	3.0695090347
0.537837837838	3.0708561667
0.540540540541	3.0722100568
0.543243243243	3.0735707290
0.545945945946	3.0749382069
0.548648648649	3.0763125143
0.551351351351	3.0776936747
0.554054054054	3.0790817117
0.556756756757	3.0804766486
0.559459459459	3.0818785089
0.562162162162	3.0832873158
0.564864864865	3.0847030924
0.567567567568	3.0861258619
0.57027027027	3.0875556470
0.572972972973	3.0889924708
0.575675675676	3.0904363559
0.578378378378	3.0918873250
0.581081081081	3.0933454006
0.583783783784	3.0948106051
0.586486486486	3.0962829608
0.589189189189	3.0977624899
0.591891891892	3.0992492144
0.594594594595	3.1007431562
0.597297297297	3.1022443372
0.6	3.1037527790
0.602702702703	3.1052685030
0.605405405405	3.1067915308
0.608108108108	3.1083218835
0.610810810811	3.1098595823
0.613513513514	3.1114046480
0.616216216216	3.1129571016
0.618918918919	3.1145169637
0.621621621622	3.1160842547
0.624324324324	3.1176589951
0.627027027027	3.1192412051
0.62972972973	3.1208309046
0.632432432432	3.1224281135
0.635135135135	3.1240328516
0.637837837838	3.1256451384
0.640540540541	3.1272649933
0.643243243243	3.1288924354
0.645945945946	3.1305274838
0.648648648649	3.1321701573
0.651351351351	3.1338204746
0.654054054054	3.1354784542
0.656756756757	3.1371441144
0.659459459459	3.1388174733
0.662162162162	3.1404985488
0.664864864865	3.1421873587
0.667567567568	3.1438839206
0.67027027027	3.1455882518
0.672972972973	3.1473003695
0.675675675676	3.1490202906
0.678378378378	3.1507480319
0.681081081081	3.1524836101
0.683783783784	3.1542270414
0.686486486486	3.1559783421
0.689189189189	3.1577375281
0.691891891892	3.1595046153
0.694594594595	3.1612796190
0.697297297297	3.1630625548
0.7	3.1648534378
0.702702702703	3.1666522829
0.705405405405	3.1684591048
0.708108108108	3.1702739180
0.710810810811	3.1720967369
0.713513513514	3.1739275756
0.716216216216	3.1757664479
0.718918918919	3.1776133674
0.721621621622	3.1794683477
0.724324324324	3.1813314019
0.727027027027	3.1832025431
0.72972972973	3.1850817841
0.732432432432	3.1869691375
0.735135135135	3.1888646156
0.737837837838	3.1907682306
0.740540540541	3.1926799943
0.743243243243	3.1945999186
0.745945945946	3.1965280150
0.748648648649	3.1984642946
0.751351351351	3.2004087686
0.754054054054	3.2023614478
0.756756756757	3.2043223428
0.759459459459	3.2062914641
0.762162162162	3.2082688218
0.764864864865	3.2102544259
0.767567567568	3.2122482862
0.77027027027	3.2142504123
0.772972972973	3.2162608135
0.775675675676	3.2182794988
0.778378378378	3.2203064773
0.781081081081	3.2223417577
0.783783783784	3.2243853483
0.786486486486	3.2264372576
0.789189189189	3.2284974935
0.791891891892	3.2305660640
0.794594594595	3.2326429767
0.797297297297	3.2347282392
0.8	3.2368218585
0.802702702703	3.2389238419
0.805405405405	3.2410341962
0.808108108108	3.2431529280
0.810810810811	3.2452800438
0.813513513514	3.2474155499
0.816216216216	3.2495594523
0.818918918919	3.2517117570
0.821621621622	3.2538724696
0.824324324324	3.2560415957
0.827027027027	3.2582191405
0.82972972973	3.2604051093
0.832432432432	3.2625995070
0.835135135135	3.2648023383
0.837837837838	3.2670136079
0.840540540541	3.2692333201
0.843243243243	3.2714614794
0.845945945946	3.2736980896
0.848648648649	3.2759431548
0.851351351351	3.2781966787
0.854054054054	3.2804586649
0.856756756757	3.2827291167
0.859459459459	3.2850080375
0.862162162162	3.2872954303
0.864864864865	3.2895912982
0.867567567568	3.2918956438
0.87027027027	3.2942084698
0.872972972973	3.2965297787
0.875675675676	3.2988595729
0.878378378378	3.3011978545
0.881081081081	3.3035446256
0.883783783784	3.3058998881
0.886486486486	3.3082636438
0.889189189189	3.3106358944
0.891891891892	3.3130166413
0.894594594595	3.3154058858
0.897297297297	3.3178036294
0.9	3.3202098730
0.902702702703	3.3226246176
0.905405405405	3.3250478642
0.908108108108	3.3274796135
0.910810810811	3.3299198661
0.913513513514	3.3323686225
0.916216216216	3.3348258830
0.918918918919	3.3372916481
0.921621621622	3.3397659178
0.924324324324	3.3422486923
0.927027027027	3.3447399713
0.92972972973	3.3472397549
0.932432432432	3.3497480427
0.935135135135	3.3522648344
0.937837837838	3.3547901295
0.940540540541	3.3573239274
0.943243243243	3.3598662274
0.945945945946	3.3624170287
0.948648648649	3.3649763306
0.951351351351	3.3675441320
0.954054054054	3.3701204319
0.956756756757	3.3727052291
0.959459459459	3.3752985223
0.962162162162	3.3779003102
0.964864864865	3.3805105914
0.967567567568	3.3831293643
0.97027027027	3.3857566273
0.972972972973	3.3883923788
0.975675675676	3.3910366168
0.978378378378	3.3936893394
0.981081081081	3.3963505448
0.983783783784	3.3990202308
0.986486486486	3.4016983953
0.989189189189	3.4043850360
0.991891891892	3.4070801505
0.994594594595	3.4097837364
0.997297297297	3.4124957912
1.0	3.4152163122
1.0027027027	3.4179452967
1.00540540541	3.4206827420
1.00810810811	3.4234286451
1.01081081081	3.4261830030
1.01351351351	3.4289458126
1.01621621622	3.4317170708
1.01891891892	3.4344967742
1.02162162162	3.4372849194
1.02432432432	3.4400815030
1.02702702703	3.4428865215
1.02972972973	3.4456999710
1.03243243243	3.4485218478
1.03513513514	3.4513521480
1.03783783784	3.4541908677
1.04054054054	3.4570380026
1.04324324324	3.4598935486
1.04594594595	3.4627575014
1.04864864865	3.4656298564
1.05135135135	3.4685106092
1.05405405405	3.4713997550
1.05675675676	3.4742972891
1.05945945946	3.4772032065
1.06216216216	3.4801175022
1.06486486486	3.4830401711
1.06756756757	3.4859712078
1.07027027027	3.4889106069
1.07297297297	3.4918583629
1.07567567568	3.4948144701
1.07837837838	3.4977789226
1.08108108108	3.5007517146
1.08378378378	3.5037328398
1.08648648649	3.5067222922
1.08918918919	3.5097200652
1.09189189189	3.5127261523
1.09459459459	3.5157405469
1.0972972973	3.5187632422
1.1	3.5217942311
1.1027027027	3.5248335066
1.10540540541	3.5278810612
1.10810810811	3.5309368876
1.11081081081	3.5340009782
1.11351351351	3.5370733251
1.11621621622	3.5401539204
1.11891891892	3.5432427560
1.12162162162	3.5463398236
1.12432432432	3.5494451147
1.12702702703	3.5525586207
1.12972972973	3.5556803328
1.13243243243	3.5588102420
1.13513513514	3.5619483390
1.13783783784	3.5650946147
1.14054054054	3.5682490594
1.14324324324	3.5714116633
1.14594594595	3.5745824166
1.14864864865	3.5777613092
1.15135135135	3.5809483308
1.15405405405	3.5841434709
1.15675675676	3.5873467188
1.15945945946	3.5905580637
1.16216216216	3.5937774944
1.16486486486	3.5970049997
1.16756756757	3.6002405681
1.17027027027	3.6034841880
1.17297297297	3.6067358476
1.17567567568	3.6099955346
1.17837837838	3.6132632369
1.18108108108	3.6165389420
1.18378378378	3.6198226372
1.18648648649	3.6231143096
1.18918918919	3.6264139462
1.19189189189	3.6297215336
1.19459459459	3.6330370583
1.1972972973	3.6363605066
1.2	3.6396918647
1.2027027027	3.6430311183
1.20540540541	3.6463782533
1.20810810811	3.6497332549
1.21081081081	3.6530961086
1.21351351351	3.6564667993
1.21621621622	3.6598453118
1.21891891892	3.6632316309
1.22162162162	3.6666257410
1.22432432432	3.6700276263
1.22702702703	3.6734372707
1.22972972973	3.6768546583
1.23243243243	3.6802797724
1.23513513514	3.6837125967
1.23783783784	3.6871531142
1.24054054054	3.6906013080
1.24324324324	3.6940571610
1.24594594595	3.6975206556
1.24864864865	3.7009917744
1.25135135135	3.7044704996
1.25405405405	3.7079568131
1.25675675676	3.7114506969
1.25945945946	3.7149521325
1.26216216216	3.7184611014
1.26486486486	3.7219775848
1.26756756757	3.7255015639
1.27027027027	3.7290330194
1.27297297297	3.7325719322
1.27567567568	3.7361182826
1.27837837838	3.7396720511
1.28108108108	3.7432332177
1.28378378378	3.7468017625
1.28648648649	3.7503776652
1.28918918919	3.7539609055
1.29189189189	3.7575514627
1.29459459459	3.7611493162
1.2972972973	3.7647544450
1.3	3.7683668282
1.3027027027	3.7719864443
1.30540540541	3.7756132721
1.30810810811	3.7792472900
1.31081081081	3.7828884763
1.31351351351	3.7865368090
1.31621621622	3.7901922662
1.31891891892	3.7938548256
1.32162162162	3.7975244649
1.32432432432	3.8012011616
1.32702702703	3.8048848930
1.32972972973	3.8085756364
1.33243243243	3.8122733688
1.33513513514	3.8159780672
1.33783783784	3.8196897083
1.34054054054	3.8234082687
1.34324324324	3.8271337250
1.34594594595	3.8308660535
1.34864864865	3.8346052305
1.35135135135	3.8383512321
1.35405405405	3.8421040342
1.35675675676	3.8458636128
1.35945945946	3.8496299434
1.36216216216	3.8534030018
1.36486486486	3.8571827634
1.36756756757	3.8609692036
1.37027027027	3.8647622976
1.37297297297	3.8685620205
1.37567567568	3.8723683474
1.37837837838	3.8761812532
1.38108108108	3.8800007127
1.38378378378	3.8838267005
1.38648648649	3.8876591913
1.38918918919	3.8914981596
1.39189189189	3.8953435796
1.39459459459	3.8991954257
1.3972972973	3.9030536722
1.4	3.9069182929
1.4027027027	3.9107892621
1.40540540541	3.9146665535
1.40810810811	3.9185501409
1.41081081081	3.9224399981
1.41351351351	3.9263360987
1.41621621622	3.9302384163
1.41891891892	3.9341469243
1.42162162162	3.9380615961
1.42432432432	3.9419824049
1.42702702703	3.9459093241
1.42972972973	3.9498423266
1.43243243243	3.9537813857
1.43513513514	3.9577264743
1.43783783784	3.9616775653
1.44054054054	3.9656346315
1.44324324324	3.9695976458
1.44594594595	3.9735665807
1.44864864865	3.9775414091
1.45135135135	3.9815221034
1.45405405405	3.9855086361
1.45675675676	3.9895009797
1.45945945946	3.9934991066
1.46216216216	3.9975029892
1.46486486486	4.0015125995
1.46756756757	4.0055279100
1.47027027027	4.0095488927
1.47297297297	4.0135755198
1.47567567568	4.0176077632
1.47837837838	4.0216455951
1.48108108108	4.0256889872
1.48378378378	4.0297379116
1.48648648649	4.0337923401
1.48918918919	4.0378522444
1.49189189189	4.0419175964
1.49459459459	4.0459883677
1.4972972973	4.0500645301
1.5	4.0541460551
1.5027027027	4.0582329143
1.50540540541	4.0623250794
1.50810810811	4.0664225217
1.51081081081	4.0705252128
1.51351351351	4.0746331240
1.51621621622	4.0787462269
1.51891891892	4.0828644928
1.52162162162	4.0869878929
1.52432432432	4.0911163987
1.52702702703	4.0952499813
1.52972972973	4.0993886121
1.53243243243	4.1035322621
1.53513513514	4.1076809027
1.53783783784	4.1118345050
1.54054054054	4.1159930400
1.54324324324	4.1201564789
1.54594594595	4.1243247928
1.54864864865	4.1284979528
1.55135135135	4.1326759298
1.55405405405	4.1368586948
1.55675675676	4.1410462190
1.55945945946	4.1452384731
1.56216216216	4.1494354283
1.56486486486	4.1536370553
1.56756756757	4.1578433252
1.57027027027	4.1620542087
1.57297297297	4.1662696769
1.57567567568	4.1704897005
1.57837837838	4.1747142505
1.58108108108	4.1789432975
1.58378378378	4.1831768125
1.58648648649	4.1874147663
1.58918918919	4.1916571296
1.59189189189	4.1959038732
1.59459459459	4.2001549680
1.5972972973	4.2044103846
1.6	4.2086700938
1.6027027027	4.2129340663
1.60540540541	4.2172022730
1.60810810811	4.2214746844
1.61081081081	4.2257512714
1.61351351351	4.2300320046
1.61621621622	4.2343168548
1.61891891892	4.2386057926
1.62162162162	4.2428987887
1.62432432432	4.2471958138
1.62702702703	4.2514968387
1.62972972973	4.2558018339
1.63243243243	4.2601107702
1.63513513514	4.2644236182
1.63783783784	4.2687403487
1.64054054054	4.2730609322
1.64324324324	4.2773853396
1.64594594595	4.2817135413
1.64864864865	4.2860455082
1.65135135135	4.2903812109
1.65405405405	4.2947206200
1.65675675676	4.2990637063
1.65945945946	4.3034104405
1.66216216216	4.3077607932
1.66486486486	4.3121147350
1.66756756757	4.3164722368
1.67027027027	4.3208332692
1.67297297297	4.3251978029
1.67567567568	4.3295658086
1.67837837838	4.3339372571
1.68108108108	4.3383121191
1.68378378378	4.3426903652
1.68648648649	4.3470719663
1.68918918919	4.3514568931
1.69189189189	4.3558451164
1.69459459459	4.3602366068
1.6972972973	4.3646313353
1.7	4.3690292726
1.7027027027	4.3734303895
1.70540540541	4.3778346568
1.70810810811	4.3822420454
1.71081081081	4.3866525260
1.71351351351	4.3910660696
1.71621621622	4.3954826471
1.71891891892	4.3999022292
1.72162162162	4.4043247869
1.72432432432	4.4087502912
1.72702702703	4.4131787129
1.72972972973	4.4176100230
1.73243243243	4.4220441925
1.73513513514	4.4264811924
1.73783783784	4.4309209937
1.74054054054	4.4353635674
1.74324324324	4.4398088845
1.74594594595	4.4442569161
1.74864864865	4.4487076334
1.75135135135	4.4531610073
1.75405405405	4.4576170092
1.75675675676	4.4620756101
1.75945945946	4.4665367811
1.76216216216	4.4710004936
1.76486486486	4.4754667187
1.76756756757	4.4799354277
1.77027027027	4.4844065919
1.77297297297	4.4888801826
1.77567567568	4.4933561712
1.77837837838	4.4978345289
1.78108108108	4.5023152272
1.78378378378	4.5067982376
1.78648648649	4.5112835314
1.78918918919	4.5157710802
1.79189189189	4.5202608554
1.79459459459	4.5247528287
1.7972972973	4.5292469716
1.8	4.5337432557
1.8027027027	4.5382416526
1.80540540541	4.5427421341
1.80810810811	4.5472446719
1.81081081081	4.5517492376
1.81351351351	4.5562558032
1.81621621622	4.5607643403
1.81891891892	4.5652748210
1.82162162162	4.5697872170
1.82432432432	4.5743015003
1.82702702703	4.5788176429
1.82972972973	4.5833356168
1.83243243243	4.5878553940
1.83513513514	4.5923769467
1.83783783784	4.5969002469
1.84054054054	4.6014252668
1.84324324324	4.6059519788
1.84594594595	4.6104803549
1.84864864865	4.6150103676
1.85135135135	4.6195419891
1.85405405405	4.6240751919
1.85675675676	4.6286099484
1.85945945946	4.6331462310
1.86216216216	4.6376840124
1.86486486486	4.6422232650
1.86756756757	4.6467639615
1.87027027027	4.6513060746
1.87297297297	4.6558495769
1.87567567568	4.6603944413
1.87837837838	4.6649406405
1.88108108108	4.6694881474
1.88378378378	4.6740369350
1.88648648649	4.6785869761
1.88918918919	4.6831382438
1.89189189189	4.6876907112
1.89459459459	4.6922443513
1.8972972973	4.6967991374
1.9	4.7013550426
1.9027027027	4.7059120403
1.90540540541	4.7104701037
1.90810810811	4.7150292062
1.91081081081	4.7195893213
1.91351351351	4.7241504224
1.91621621622	4.7287124832
1.91891891892	4.7332754771
1.92162162162	4.7378393779
1.92432432432	4.7424041593
1.92702702703	4.7469697950
1.92972972973	4.7515362589
1.93243243243	4.7561035248
1.93513513514	4.7606715667
1.93783783784	4.7652403585
1.94054054054	4.7698098745
1.94324324324	4.7743800885
1.94594594595	4.7789509750
1.94864864865	4.7835225080
1.95135135135	4.7880946619
1.95405405405	4.7926674110
1.95675675676	4.7972407297
1.95945945946	4.8018145926
1.96216216216	4.8063889742
1.96486486486	4.8109638490
1.96756756757	4.8155391918
1.97027027027	4.8201149773
1.97297297297	4.8246911802
1.97567567568	4.8292677754
1.97837837838	4.8338447378
1.98108108108	4.8384220425
1.98378378378	4.8429996644
1.98648648649	4.8475775786
1.98918918919	4.8521557604
1.99189189189	4.8567341849
1.99459459459	4.8613128275
1.9972972973	4.8658916636
2.0	4.8704706685
2.0027027027	4.8750498177
2.00540540541	4.8796290869
2.00810810811	4.8842084517
2.01081081081	4.8887878876
2.01351351351	4.8933673706
2.01621621622	4.8979468765
2.01891891892	4.9025263811
2.02162162162	4.9071058603
2.02432432432	4.9116852903
2.02702702703	4.9162646472
2.02972972973	4.9208439070
2.03243243243	4.9254230461
2.03513513514	4.9300020406
2.03783783784	4.9345808671
2.04054054054	4.9391595019
2.04324324324	4.9437379216
2.04594594595	4.9483161027
2.04864864865	4.9528940218
2.05135135135	4.9574716558
2.05405405405	4.9620489813
2.05675675676	4.9666259752
2.05945945946	4.9712026144
2.06216216216	4.9757788760
2.06486486486	4.9803547370
2.06756756757	4.9849301745
2.07027027027	4.9895051657
2.07297297297	4.9940796879
2.07567567568	4.9986537185
2.07837837838	5.0032272349
2.08108108108	5.0078002145
2.08378378378	5.0123726349
2.08648648649	5.0169444737
2.08918918919	5.0215157087
2.09189189189	5.0260863175
2.09459459459	5.0306562781
2.0972972973	5.0352255684
2.1	5.0397941663
2.1027027027	5.0443620498
2.10540540541	5.0489291972
2.10810810811	5.0534955867
2.11081081081	5.0580611964
2.11351351351	5.0626260047
2.11621621622	5.0671899901
2.11891891892	5.0717531310
2.12162162162	5.0763154060
2.12432432432	5.0808767937
2.12702702703	5.0854372729
2.12972972973	5.0899968223
2.13243243243	5.0945554207
2.13513513514	5.0991130471
2.13783783784	5.1036696805
2.14054054054	5.1082253000
2.14324324324	5.1127798846
2.14594594595	5.1173334136
2.14864864865	5.1218858663
2.15135135135	5.1264372221
2.15405405405	5.1309874603
2.15675675676	5.1355365605
2.15945945946	5.1400845023
2.16216216216	5.1446312653
2.16486486486	5.1491768292
2.16756756757	5.1537211739
2.17027027027	5.1582642792
2.17297297297	5.1628061250
2.17567567568	5.1673466915
2.17837837838	5.1718859586
2.18108108108	5.1764239065
2.18378378378	5.1809605155
2.18648648649	5.1854957660
2.18918918919	5.1900296382
2.19189189189	5.1945621126
2.19459459459	5.1990931699
2.1972972973	5.2036227905
2.2	5.2081509552
2.2027027027	5.2126776447
2.20540540541	5.2172028399
2.20810810811	5.2217265216
2.21081081081	5.2262486709
2.21351351351	5.2307692687
2.21621621622	5.2352882963
2.21891891892	5.2398057348
2.22162162162	5.2443215655
2.22432432432	5.2488357697
2.22702702703	5.2533483288
2.22972972973	5.2578592244
2.23243243243	5.2623684380
2.23513513514	5.2668759513
2.23783783784	5.2713817459
2.24054054054	5.2758858037
2.24324324324	5.2803881066
2.24594594595	5.2848886363
2.24864864865	5.2893873751
2.25135135135	5.2938843049
2.25405405405	5.2983794079
2.25675675676	5.3028726664
2.25945945946	5.3073640626
2.26216216216	5.3118535790
2.26486486486	5.3163411979
2.26756756757	5.3208269019
2.27027027027	5.3253106737
2.27297297297	5.3297924958
2.27567567568	5.3342723510
2.27837837838	5.3387502222
2.28108108108	5.3432260923
2.28378378378	5.3476999441
2.28648648649	5.3521717608
2.28918918919	5.3566415255
2.29189189189	5.3611092213
2.29459459459	5.3655748315
2.2972972973	5.3700383395
2.3	5.3744997286
2.3027027027	5.3789589824
2.30540540541	5.3834160843
2.30810810811	5.3878710180
2.31081081081	5.3923237673
2.31351351351	5.3967743158
2.31621621622	5.4012226475
2.31891891892	5.4056687462
2.32162162162	5.4101125959
2.32432432432	5.4145541807
2.32702702703	5.4189934848
2.32972972973	5.4234304923
2.33243243243	5.4278651875
2.33513513514	5.4322975548
2.33783783784	5.4367275786
2.34054054054	5.4411552434
2.34324324324	5.4455805337
2.34594594595	5.4500034342
2.34864864865	5.4544239297
2.35135135135	5.4588420048
2.35405405405	5.4632576446
2.35675675676	5.4676708338
2.35945945946	5.4720815575
2.36216216216	5.4764898007
2.36486486486	5.4808955487
2.36756756757	5.4852987866
2.37027027027	5.4896994997
2.37297297297	5.4940976734
2.37567567568	5.4984932931
2.37837837838	5.5028863442
2.38108108108	5.5072768125
2.38378378378	5.5116646834
2.38648648649	5.5160499428
2.38918918919	5.5204325764
2.39189189189	5.5248125701
2.39459459459	5.5291899097
2.3972972973	5.5335645814
2.4	5.5379365711
2.4027027027	5.5423058650
2.40540540541	5.5466724492
2.40810810811	5.5510363102
2.41081081081	5.5553974342
2.41351351351	5.5597558076
2.41621621622	5.5641114170
2.41891891892	5.5684642488
2.42162162162	5.5728142898
2.42432432432	5.5771615265
2.42702702703	5.5815059459
2.42972972973	5.5858475346
2.43243243243	5.5901862796
2.43513513514	5.5945221679
2.43783783784	5.5988551866
2.44054054054	5.6031853226
2.44324324324	5.6075125633
2.44594594595	5.6118368958
2.44864864865	5.6161583075
2.45135135135	5.6204767858
2.45405405405	5.6247923180
2.45675675676	5.6291048918
2.45945945946	5.6334144947
2.46216216216	5.6377211144
2.46486486486	5.6420247385
2.46756756757	5.6463253550
2.47027027027	5.6506229516
2.47297297297	5.6549175162
2.47567567568	5.6592090369
2.47837837838	5.6634975018
2.48108108108	5.6677828988
2.48378378378	5.6720652164
2.48648648649	5.6763444426
2.48918918919	5.6806205658
2.49189189189	5.6848935745
2.49459459459	5.6891634571
2.4972972973	5.6934302020
2.5	5.6976937980
2.5027027027	5.7019542336
2.50540540541	5.7062114976
2.50810810811	5.7104655788
2.51081081081	5.7147164660
2.51351351351	5.7189641481
2.51621621622	5.7232086142
2.51891891892	5.7274498532
2.52162162162	5.7316878544
2.52432432432	5.7359226068
2.52702702703	5.7401540997
2.52972972973	5.7443823225
2.53243243243	5.7486072645
2.53513513514	5.7528289151
2.53783783784	5.7570472638
2.54054054054	5.7612623003
2.54324324324	5.7654740141
2.54594594595	5.7696823949
2.54864864865	5.7738874325
2.55135135135	5.7780891167
2.55405405405	5.7822874374
2.55675675676	5.7864823845
2.55945945946	5.7906739481
2.56216216216	5.7948621182
2.56486486486	5.7990468849
2.56756756757	5.8032282385
2.57027027027	5.8074061692
2.57297297297	5.8115806673
2.57567567568	5.8157517233
2.57837837838	5.8199193275
2.58108108108	5.8240834704
2.58378378378	5.8282441427
2.58648648649	5.8324013349
2.58918918919	5.8365550378
2.59189189189	5.8407052421
2.59459459459	5.8448519386
2.5972972973	5.8489951183
2.6	5.8531347719
2.6027027027	5.8572708906
2.60540540541	5.8614034653
2.60810810811	5.8655324872
2.61081081081	5.8696579475
2.61351351351	5.8737798375
2.61621621622	5.8778981483
2.61891891892	5.8820128713
2.62162162162	5.8861239981
2.62432432432	5.8902315200
2.62702702703	5.8943354285
2.62972972973	5.8984357153
2.63243243243	5.9025323721
2.63513513514	5.9066253905
2.63783783784	5.9107147622
2.64054054054	5.9148004792
2.64324324324	5.9188825333
2.64594594595	5.9229609165
2.64864864865	5.9270356207
2.65135135135	5.9311066380
2.65405405405	5.9351739605
2.65675675676	5.9392375804
2.65945945946	5.9432974900
2.66216216216	5.9473536814
2.66486486486	5.9514061471
2.66756756757	5.9554548795
2.67027027027	5.9594998709
2.67297297297	5.9635411140
2.67567567568	5.9675786013
2.67837837838	5.9716123254
2.68108108108	5.9756422790
2.68378378378	5.9796684548
2.68648648649	5.9836908457
2.68918918919	5.9877094444
2.69189189189	5.9917242439
2.69459459459	5.9957352372
2.6972972973	5.9997424172
2.7	6.0037457771
2.7027027027	6.0077453099
2.70540540541	6.0117410088
2.70810810811	6.0157328670
2.71081081081	6.0197208779
2.71351351351	6.0237050348
2.71621621622	6.0276853311
2.71891891892	6.0316617602
2.72162162162	6.0356343156
2.72432432432	6.0396029908
2.72702702703	6.0435677796
2.72972972973	6.0475286755
2.73243243243	6.0514856723
2.73513513514	6.0554387636
2.73783783784	6.0593879435
2.74054054054	6.0633332056
2.74324324324	6.0672745440
2.74594594595	6.0712119526
2.74864864865	6.0751454254
2.75135135135	6.0790749565
2.75405405405	6.0830005401
2.75675675676	6.0869221703
2.75945945946	6.0908398414
2.76216216216	6.0947535476
2.76486486486	6.0986632833
2.76756756757	6.1025690428
2.77027027027	6.1064708207
2.77297297297	6.1103686113
2.77567567568	6.1142624092
2.77837837838	6.1181522091
2.78108108108	6.1220380055
2.78378378378	6.1259197931
2.78648648649	6.1297975667
2.78918918919	6.1336713211
2.79189189189	6.1375410510
2.79459459459	6.1414067514
2.7972972973	6.1452684172
2.8	6.1491260434
2.8027027027	6.1529796250
2.80540540541	6.1568291571
2.80810810811	6.1606746348
2.81081081081	6.1645160533
2.81351351351	6.1683534078
2.81621621622	6.1721866936
2.81891891892	6.1760159060
2.82162162162	6.1798410404
2.82432432432	6.1836620921
2.82702702703	6.1874790567
2.82972972973	6.1912919296
2.83243243243	6.1951007065
2.83513513514	6.1989053828
2.83783783784	6.2027059543
2.84054054054	6.2065024166
2.84324324324	6.2102947655
2.84594594595	6.2140829968
2.84864864865	6.2178671063
2.85135135135	6.2216470898
2.85405405405	6.2254229434
2.85675675676	6.2291946629
2.85945945946	6.2329622444
2.86216216216	6.2367256839
2.86486486486	6.2404849776
2.86756756757	6.2442401215
2.87027027027	6.2479911119
2.87297297297	6.2517379451
2.87567567568	6.2554806172
2.87837837838	6.2592191247
2.88108108108	6.2629534639
2.88378378378	6.2666836311
2.88648648649	6.2704096230
2.88918918919	6.2741314358
2.89189189189	6.2778490663
2.89459459459	6.2815625110
2.8972972973	6.2852717665
2.9	6.2889768295
2.9027027027	6.2926776967
2.90540540541	6.2963743649
2.90810810811	6.3000668308
2.91081081081	6.3037550913
2.91351351351	6.3074391434
2.91621621622	6.3111189838
2.91891891892	6.3147946096
2.92162162162	6.3184660178
2.92432432432	6.3221332055
2.92702702703	6.3257961697
2.92972972973	6.3294549075
2.93243243243	6.3331094162
2.93513513514	6.3367596930
2.93783783784	6.3404057351
2.94054054054	6.3440475397
2.94324324324	6.3476851044
2.94594594595	6.3513184263
2.94864864865	6.3549475030
2.95135135135	6.3585723318
2.95405405405	6.3621929104
2.95675675676	6.3658092362
2.95945945946	6.3694213067
2.96216216216	6.3730291197
2.96486486486	6.3766326728
2.96756756757	6.3802319636
2.97027027027	6.3838269899
2.97297297297	6.3874177494
2.97567567568	6.3910042400
2.97837837838	6.3945864596
2.98108108108	6.3981644059
2.98378378378	6.4017380770
2.98648648649	6.4053074707
2.98918918919	6.4088725851
2.99189189189	6.4124334182
2.99459459459	6.4159899681
2.9972972973	6.4195422329
3.0	6.4230902108
3.0027027027	6.4266338998
3.00540540541	6.4301732984
3.00810810811	6.4337084046
3.01081081081	6.4372392169
3.01351351351	6.4407657334
3.01621621622	6.4442879527
3.01891891892	6.4478058731
3.02162162162	6.4513194931
3.02432432432	6.4548288110
3.02702702703	6.4583338255
3.02972972973	6.4618345351
3.03243243243	6.4653309383
3.03513513514	6.4688230338
3.03783783784	6.4723108202
3.04054054054	6.4757942963
3.04324324324	6.4792734607
3.04594594595	6.4827483121
3.04864864865	6.4862188495
3.05135135135	6.4896850716
3.05405405405	6.4931469772
3.05675675676	6.4966045653
3.05945945946	6.5000578348
3.06216216216	6.5035067847
3.06486486486	6.5069514139
3.06756756757	6.5103917214
3.07027027027	6.5138277064
3.07297297297	6.5172593680
3.07567567568	6.5206867052
3.07837837838	6.5241097172
3.08108108108	6.5275284032
3.08378378378	6.5309427625
3.08648648649	6.5343527943
3.08918918919	6.5377584978
3.09189189189	6.5411598725
3.09459459459	6.5445569176
3.0972972973	6.5479496326
3.1	6.5513380169
3.1027027027	6.5547220699
3.10540540541	6.5581017911
3.10810810811	6.5614771801
3.11081081081	6.5648482363
3.11351351351	6.5682149593
3.11621621622	6.5715773488
3.11891891892	6.5749354044
3.12162162162	6.5782891257
3.12432432432	6.5816385125
3.12702702703	6.5849835645
3.12972972973	6.5883242814
3.13243243243	6.5916606631
3.13513513514	6.5949927093
3.13783783784	6.5983204200
3.14054054054	6.6016437949
3.14324324324	6.6049628340
3.14594594595	6.6082775373
3.14864864865	6.6115879047
3.15135135135	6.6148939361
3.15405405405	6.6181956317
3.15675675676	6.6214929915
3.15945945946	6.6247860155
3.16216216216	6.6280747040
3.16486486486	6.6313590569
3.16756756757	6.6346390746
3.17027027027	6.6379147571
3.17297297297	6.6411861048
3.17567567568	6.6444531179
3.17837837838	6.6477157966
3.18108108108	6.6509741412
3.18378378378	6.6542281522
3.18648648649	6.6574778299
3.18918918919	6.6607231746
3.19189189189	6.6639641868
3.19459459459	6.6672008670
3.1972972973	6.6704332155
3.2	6.6736612330
3.2027027027	6.6768849199
3.20540540541	6.6801042768
3.20810810811	6.6833193043
3.21081081081	6.6865300030
3.21351351351	6.6897363735
3.21621621622	6.6929384165
3.21891891892	6.6961361326
3.22162162162	6.6993295226
3.22432432432	6.7025185873
3.22702702703	6.7057033273
3.22972972973	6.7088837435
3.23243243243	6.7120598367
3.23513513514	6.7152316077
3.23783783784	6.7183990574
3.24054054054	6.7215621867
3.24324324324	6.7247209965
3.24594594595	6.7278754878
3.24864864865	6.7310256614
3.25135135135	6.7341715184
3.25405405405	6.7373130599
3.25675675676	6.7404502868
3.25945945946	6.7435832002
3.26216216216	6.7467118012
3.26486486486	6.7498360909
3.26756756757	6.7529560705
3.27027027027	6.7560717410
3.27297297297	6.7591831038
3.27567567568	6.7622901599
3.27837837838	6.7653929107
3.28108108108	6.7684913573
3.28378378378	6.7715855011
3.28648648649	6.7746753433
3.28918918919	6.7777608853
3.29189189189	6.7808421284
3.29459459459	6.7839190740
3.2972972973	6.7869917234
3.3	6.7900600782
3.3027027027	6.7931241396
3.30540540541	6.7961839092
3.30810810811	6.7992393885
3.31081081081	6.8022905789
3.31351351351	6.8053374820
3.31621621622	6.8083800993
3.31891891892	6.8114184324
3.32162162162	6.8144524829
3.32432432432	6.8174822524
3.32702702703	6.8205077425
3.32972972973	6.8235289548
3.33243243243	6.8265458911
3.33513513514	6.8295585530
3.33783783784	6.8325669423
3.34054054054	6.8355710607
3.34324324324	6.8385709099
3.34594594595	6.8415664918
3.34864864865	6.8445578080
3.35135135135	6.8475448606
3.35405405405	6.8505276512
3.35675675676	6.8535061817
3.35945945946	6.8564804540
3.36216216216	6.8594504701
3.36486486486	6.8624162318
3.36756756757	6.8653777411
3.37027027027	6.8683349999
3.37297297297	6.8712880103
3.37567567568	6.8742367741
3.37837837838	6.8771812935
3.38108108108	6.8801215705
3.38378378378	6.8830576070
3.38648648649	6.8859894053
3.38918918919	6.8889169674
3.39189189189	6.8918402953
3.39459459459	6.8947593913
3.3972972973	6.8976742575
3.4	6.9005848960
3.4027027027	6.9034913091
3.40540540541	6.9063934989
3.40810810811	6.9092914677
3.41081081081	6.9121852177
3.41351351351	6.9150747512
3.41621621622	6.9179600705
3.41891891892	6.9208411777
3.42162162162	6.9237180754
3.42432432432	6.9265907657
3.42702702703	6.9294592511
3.42972972973	6.9323235338
3.43243243243	6.9351836164
3.43513513514	6.9380395012
3.43783783784	6.9408911906
3.44054054054	6.9437386870
3.44324324324	6.9465819929
3.44594594595	6.9494211108
3.44864864865	6.9522560431
3.45135135135	6.9550867924
3.45405405405	6.9579133612
3.45675675676	6.9607357520
3.45945945946	6.9635539674
3.46216216216	6.9663680099
3.46486486486	6.9691778821
3.46756756757	6.9719835867
3.47027027027	6.9747851262
3.47297297297	6.9775825033
3.47567567568	6.9803757206
3.47837837838	6.9831647808
3.48108108108	6.9859496866
3.48378378378	6.9887304406
3.48648648649	6.9915070457
3.48918918919	6.9942795044
3.49189189189	6.9970478196
3.49459459459	6.9998119940
3.4972972973	7.0025720305
3.5	7.0053279317
3.5027027027	7.0080797004
3.50540540541	7.0108273396
3.50810810811	7.0135708521
3.51081081081	7.0163102406
3.51351351351	7.0190455081
3.51621621622	7.0217766574
3.51891891892	7.0245036914
3.52162162162	7.0272266131
3.52432432432	7.0299454253
3.52702702703	7.0326601310
3.52972972973	7.0353707331
3.53243243243	7.0380772347
3.53513513514	7.0407796387
3.53783783784	7.0434779480
3.54054054054	7.0461721657
3.54324324324	7.0488622949
3.54594594595	7.0515483384
3.54864864865	7.0542302995
3.55135135135	7.0569081811
3.55405405405	7.0595819864
3.55675675676	7.0622517183
3.55945945946	7.0649173801
3.56216216216	7.0675789748
3.56486486486	7.0702365056
3.56756756757	7.0728899756
3.57027027027	7.0755393880
3.57297297297	7.0781847459
3.57567567568	7.0808260525
3.57837837838	7.0834633110
3.58108108108	7.0860965246
3.58378378378	7.0887256965
3.58648648649	7.0913508300
3.58918918919	7.0939719283
3.59189189189	7.0965889947
3.59459459459	7.0992020324
3.5972972973	7.1018110447
3.6	7.1044160350
3.6027027027	7.1070170064
3.60540540541	7.1096139624
3.60810810811	7.1122069063
3.61081081081	7.1147958413
3.61351351351	7.1173807710
3.61621621622	7.1199616985
3.61891891892	7.1225386274
3.62162162162	7.1251115609
3.62432432432	7.1276805025
3.62702702703	7.1302454557
3.62972972973	7.1328064238
3.63243243243	7.1353634103
3.63513513514	7.1379164185
3.63783783784	7.1404654521
3.64054054054	7.1430105144
3.64324324324	7.1455516089
3.64594594595	7.1480887392
3.64864864865	7.1506219086
3.65135135135	7.1531511209
3.65405405405	7.1556763793
3.65675675676	7.1581976876
3.65945945946	7.1607150492
3.66216216216	7.1632284677
3.66486486486	7.1657379467
3.66756756757	7.1682434898
3.67027027027	7.1707451005
3.67297297297	7.1732427824
3.67567567568	7.1757365392
3.67837837838	7.1782263745
3.68108108108	7.1807122918
3.68378378378	7.1831942949
3.68648648649	7.1856723874
3.68918918919	7.1881465730
3.69189189189	7.1906168553
3.69459459459	7.1930832380
3.6972972973	7.1955457249
3.7	7.1980043195
3.7027027027	7.2004590257
3.70540540541	7.2029098471
3.70810810811	7.2053567875
3.71081081081	7.2077998506
3.71351351351	7.2102390401
3.71621621622	7.2126743600
3.71891891892	7.2151058138
3.72162162162	7.2175334054
3.72432432432	7.2199571385
3.72702702703	7.2223770170
3.72972972973	7.2247930448
3.73243243243	7.2272052255
3.73513513514	7.2296135630
3.73783783784	7.2320180612
3.74054054054	7.2344187239
3.74324324324	7.2368155550
3.74594594595	7.2392085583
3.74864864865	7.2415977376
3.75135135135	7.2439830970
3.75405405405	7.2463646402
3.75675675676	7.2487423713
3.75945945946	7.2511162940
3.76216216216	7.2534864122
3.76486486486	7.2558527301
3.76756756757	7.2582152513
3.77027027027	7.2605739800
3.77297297297	7.2629289201
3.77567567568	7.2652800754
3.77837837838	7.2676274501
3.78108108108	7.2699710480
3.78378378378	7.2723108731
3.78648648649	7.2746469296
3.78918918919	7.2769792212
3.79189189189	7.2793077522
3.79459459459	7.2816325264
3.7972972973	7.2839535480
3.8	7.2862708209
3.8027027027	7.2885843492
3.80540540541	7.2908941370
3.80810810811	7.2932001882
3.81081081081	7.2955025071
3.81351351351	7.2978010977
3.81621621622	7.3000959640
3.81891891892	7.3023871101
3.82162162162	7.3046745403
3.82432432432	7.3069582584
3.82702702703	7.3092382688
3.82972972973	7.3115145755
3.83243243243	7.3137871826
3.83513513514	7.3160560944
3.83783783784	7.3183213149
3.84054054054	7.3205828483
3.84324324324	7.3228406987
3.84594594595	7.3250948705
3.84864864865	7.3273453676
3.85135135135	7.3295921944
3.85405405405	7.3318353550
3.85675675676	7.3340748536
3.85945945946	7.3363106945
3.86216216216	7.3385428819
3.86486486486	7.3407714200
3.86756756757	7.3429963130
3.87027027027	7.3452175651
3.87297297297	7.3474351808
3.87567567568	7.3496491641
3.87837837838	7.3518595194
3.88108108108	7.3540662510
3.88378378378	7.3562693631
3.88648648649	7.3584688600
3.88918918919	7.3606647460
3.89189189189	7.3628570255
3.89459459459	7.3650457028
3.8972972973	7.3672307821
3.9	7.3694122678
3.9027027027	7.3715901643
3.90540540541	7.3737644759
3.90810810811	7.3759352069
3.91081081081	7.3781023617
3.91351351351	7.3802659448
3.91621621622	7.3824259604
3.91891891892	7.3845824129
3.92162162162	7.3867353068
3.92432432432	7.3888846464
3.92702702703	7.3910304362
3.92972972973	7.3931726806
3.93243243243	7.3953113840
3.93513513514	7.3974465508
3.93783783784	7.3995781855
3.94054054054	7.4017062925
3.94324324324	7.4038308763
3.94594594595	7.4059519414
3.94864864865	7.4080694921
3.95135135135	7.4101835331
3.95405405405	7.4122940688
3.95675675676	7.4144011037
3.95945945946	7.4165046423
3.96216216216	7.4186046891
3.96486486486	7.4207012486
3.96756756757	7.4227943254
3.97027027027	7.4248839241
3.97297297297	7.4269700491
3.97567567568	7.4290527050
3.97837837838	7.4311318964
3.98108108108	7.4332076278
3.98378378378	7.4352799039
3.98648648649	7.4373487293
3.98918918919	7.4394141084
3.99189189189	7.4414760460
3.99459459459	7.4435345467
3.9972972973	7.4455896151
4.0	7.4476412557
4.0027027027	7.4496894734
4.00540540541	7.4517342727
4.00810810811	7.4537756583
4.01081081081	7.4558136348
4.01351351351	7.4578482070
4.01621621622	7.4598793795
4.01891891892	7.4619071571
4.02162162162	7.4639315444
4.02432432432	7.4659525463
4.02702702703	7.4679701673
4.02972972973	7.4699844123
4.03243243243	7.4719952860
4.03513513514	7.4740027931
4.03783783784	7.4760069385
4.04054054054	7.4780077270
4.04324324324	7.4800051633
4.04594594595	7.4819992522
4.04864864865	7.4839899985
4.05135135135	7.4859774072
4.05405405405	7.4879614830
4.05675675676	7.4899422307
4.05945945946	7.4919196553
4.06216216216	7.4938937616
4.06486486486	7.4958645545
4.06756756757	7.4978320389
4.07027027027	7.4997962197
4.07297297297	7.5017571019
4.07567567568	7.5037146904
4.07837837838	7.5056689900
4.08108108108	7.5076200059
4.08378378378	7.5095677430
4.08648648649	7.5115122062
4.08918918919	7.5134534007
4.09189189189	7.5153913313
4.09459459459	7.5173260032
4.0972972973	7.5192574213
4.1	7.5211855908
4.1027027027	7.5231105167
4.10540540541	7.5250322042
4.10810810811	7.5269506583
4.11081081081	7.5288658842
4.11351351351	7.5307778870
4.11621621622	7.5326866719
4.11891891892	7.5345922441
4.12162162162	7.5364946087
4.12432432432	7.5383937711
4.12702702703	7.5402897363
4.12972972973	7.5421825097
4.13243243243	7.5440720966
4.13513513514	7.5459585022
4.13783783784	7.5478417318
4.14054054054	7.5497217909
4.14324324324	7.5515986847
4.14594594595	7.5534724186
4.14864864865	7.5553429981
4.15135135135	7.5572104285
4.15405405405	7.5590747153
4.15675675676	7.5609358639
4.15945945946	7.5627938800
4.16216216216	7.5646487689
4.16486486486	7.5665005362
4.16756756757	7.5683491876
4.17027027027	7.5701947285
4.17297297297	7.5720371647
4.17567567568	7.5738765018
4.17837837838	7.5757127454
4.18108108108	7.5775459014
4.18378378378	7.5793759754
4.18648648649	7.5812029732
4.18918918919	7.5830269006
4.19189189189	7.5848477635
4.19459459459	7.5866655678
4.1972972973	7.5884803193
4.2	7.5902920241
4.2027027027	7.5921006881
4.20540540541	7.5939063174
4.20810810811	7.5957089180
4.21081081081	7.5975084960
4.21351351351	7.5993050577
4.21621621622	7.6010986091
4.21891891892	7.6028891566
4.22162162162	7.6046767064
4.22432432432	7.6064612650
4.22702702703	7.6082428386
4.22972972973	7.6100214337
4.23243243243	7.6117970568
4.23513513514	7.6135697145
4.23783783784	7.6153394134
4.24054054054	7.6171061601
4.24324324324	7.6188699614
4.24594594595	7.6206308241
4.24864864865	7.6223887551
4.25135135135	7.6241437612
4.25405405405	7.6258958494
4.25675675676	7.6276450270
4.25945945946	7.6293913009
4.26216216216	7.6311346785
4.26486486486	7.6328751669
4.26756756757	7.6346127738
4.27027027027	7.6363475064
4.27297297297	7.6380793724
4.27567567568	7.6398083795
4.27837837838	7.6415345354
4.28108108108	7.6432578480
4.28378378378	7.6449783254
4.28648648649	7.6466959755
4.28918918919	7.6484108066
4.29189189189	7.6501228270
4.29459459459	7.6518320453
4.2972972973	7.6535384699
4.3	7.6552421097
4.3027027027	7.6569429734
4.30540540541	7.6586410702
4.30810810811	7.6603364092
4.31081081081	7.6620289998
4.31351351351	7.6637188515
4.31621621622	7.6654059741
4.31891891892	7.6670903773
4.32162162162	7.6687720714
4.32432432432	7.6704510666
4.32702702703	7.6721273736
4.32972972973	7.6738010029
4.33243243243	7.6754719658
4.33513513514	7.6771402734
4.33783783784	7.6788059373
4.34054054054	7.6804689693
4.34324324324	7.6821293816
4.34594594595	7.6837871866
4.34864864865	7.6854423972
4.35135135135	7.6870950265
4.35405405405	7.6887450880
4.35675675676	7.6903925956
4.35945945946	7.6920375639
4.36216216216	7.6936800075
4.36486486486	7.6953199418
4.36756756757	7.6969573826
4.37027027027	7.6985923464
4.37297297297	7.7002248500
4.37567567568	7.7018549112
4.37837837838	7.7034825481
4.38108108108	7.7051077797
4.38378378378	7.7067306259
4.38648648649	7.7083511072
4.38918918919	7.7099692452
4.39189189189	7.7115850624
4.39459459459	7.7131985822
4.3972972973	7.7148098293
4.4	7.7164188296
4.4027027027	7.7180256103
4.40540540541	7.7196302002
4.40810810811	7.7212326295
4.41081081081	7.7228329302
4.41351351351	7.7244311362
4.41621621622	7.7260272836
4.41891891892	7.7276214107
4.42162162162	7.7292135584
4.42432432432	7.7308037705
4.42702702703	7.7323920938
4.42972972973	7.7339785787
4.43243243243	7.7355632798
4.43513513514	7.7371462558
4.43783783784	7.7387275707
4.44054054054	7.7403072941
4.44324324324	7.7418855023
4.44594594595	7.7434622790
4.44864864865	7.7450377168
4.45135135135	7.7466119182
4.45405405405	7.7481849979
4.45675675676	7.7497570846
4.45945945946	7.7513283237
4.46216216216	7.7528988812
4.46486486486	7.7544689478
4.46756756757	7.7560387449
4.47027027027	7.7576085328
4.47297297297	7.7591786211
4.47567567568	7.7607493843
4.47837837838	7.7623212842
4.48108108108	7.7638949031
4.48378378378	7.7654709978
4.48648648649	7.7670505897
4.48918918919	7.7686351320
4.49189189189	7.7702268562
4.49459459459	7.7718296414
4.4972972973	7.7734521108
4.5	7.7751852874
4.5027027027	7.7770176689
4.50540540541	7.7788477067
4.50810810811	7.7806648249
4.51081081081	7.7824645822
4.51351351351	7.7842449041
4.51621621622	7.7860049302
4.51891891892	7.7877445093
4.52162162162	7.7894639313
4.52432432432	7.7911637670
4.52702702703	7.7928447628
4.52972972973	7.7945077683
4.53243243243	7.7961536854
4.53513513514	7.7977834308
4.53783783784	7.7993979090
4.54054054054	7.8009979932
4.54324324324	7.8025845124
4.54594594595	7.8041582430
4.54864864865	7.8057199038
4.55135135135	7.8072701554
4.55405405405	7.8088096001
4.55675675676	7.8103387853
4.55945945946	7.8118582070
4.56216216216	7.8133683150
4.56486486486	7.8148695179
4.56756756757	7.8163621891
4.57027027027	7.8178466721
4.57297297297	7.8193232857
4.57567567568	7.8207923289
4.57837837838	7.8222540852
4.58108108108	7.8237088258
4.58378378378	7.8251568131
4.58648648649	7.8265983022
4.58918918919	7.8280335427
4.59189189189	7.8294627796
4.59459459459	7.8308862533
4.5972972973	7.8323041996
4.6	7.8337168486
4.6027027027	7.8351244244
4.60540540541	7.8365271431
4.60810810811	7.8379252121
4.61081081081	7.8393188284
4.61351351351	7.8407081772
4.61621621622	7.8420934312
4.61891891892	7.8434747491
4.62162162162	7.8448522751
4.62432432432	7.8462261381
4.62702702703	7.8475964519
4.62972972973	7.8489633149
4.63243243243	7.8503268105
4.63513513514	7.8516870078
4.63783783784	7.8530439626
4.64054054054	7.8543977181
4.64324324324	7.8557483064
4.64594594595	7.8570957500
4.64864864865	7.8584400627
4.65135135135	7.8597812520
4.65405405405	7.8611193198
4.65675675676	7.8624542643
4.65945945946	7.8637860816
4.66216216216	7.8651147662
4.66486486486	7.8664403134
4.66756756757	7.8677627190
4.67027027027	7.8690819813
4.67297297297	7.8703981010
4.67567567568	7.8717110820
4.67837837838	7.8730209321
4.68108108108	7.8743276622
4.68378378378	7.8756312872
4.68648648649	7.8769318257
4.68918918919	7.8782292993
4.69189189189	7.8795237326
4.69459459459	7.8808151529
4.6972972973	7.8821035892
4.7	7.8833890722
4.7027027027	7.8846716333
4.70540540541	7.8859513044
4.70810810811	7.8872281173
4.71081081081	7.8885021030
4.71351351351	7.8897732914
4.71621621622	7.8910417110
4.71891891892	7.8923073884
4.72162162162	7.8935703483
4.72432432432	7.8948306131
4.72702702703	7.8960882027
4.72972972973	7.8973431349
4.73243243243	7.8985954249
4.73513513514	7.8998450859
4.73783783784	7.9010921287
4.74054054054	7.9023365623
4.74324324324	7.9035783938
4.74594594595	7.9048176289
4.74864864865	7.9060542720
4.75135135135	7.9072883264
4.75405405405	7.9085197946
4.75675675676	7.9097486787
4.75945945946	7.9109749802
4.76216216216	7.9121987008
4.76486486486	7.9134198420
4.76756756757	7.9146384056
4.77027027027	7.9158543938
4.77297297297	7.9170678091
4.77567567568	7.9182786547
4.77837837838	7.9194869342
4.78108108108	7.9206926518
4.78378378378	7.9218958122
4.78648648649	7.9230964207
4.78918918919	7.9242944831
4.79189189189	7.9254900054
4.79459459459	7.9266829944
4.7972972973	7.9278734567
4.8	7.9290613993
4.8027027027	7.9302468295
4.80540540541	7.9314297544
4.80810810811	7.9326101812
4.81081081081	7.9337881169
4.81351351351	7.9349635687
4.81621621622	7.9361365433
4.81891891892	7.9373070473
4.82162162162	7.9384750871
4.82432432432	7.9396406689
4.82702702703	7.9408037987
4.82972972973	7.9419644822
4.83243243243	7.9431227248
4.83513513514	7.9442785318
4.83783783784	7.9454319085
4.84054054054	7.9465828598
4.84324324324	7.9477313906
4.84594594595	7.9488775057
4.84864864865	7.9500212100
4.85135135135	7.9511625082
4.85405405405	7.9523014051
4.85675675676	7.9534379056
4.85945945946	7.9545720145
4.86216216216	7.9557037370
4.86486486486	7.9568330781
4.86756756757	7.9579600429
4.87027027027	7.9590846369
4.87297297297	7.9602068654
4.87567567568	7.9613267339
4.87837837838	7.9624442481
4.88108108108	7.9635594136
4.88378378378	7.9646722363
4.88648648649	7.9657827219
4.88918918919	7.9668908762
4.89189189189	7.9679967052
4.89459459459	7.9691002147
4.8972972973	7.9702014106
4.9	7.9713002986
4.9027027027	7.9723968846
4.90540540541	7.9734911741
4.90810810811	7.9745831730
4.91081081081	7.9756728867
4.91351351351	7.9767603206
4.91621621622	7.9778454802
4.91891891892	7.9789283707
4.92162162162	7.9800089973
4.92432432432	7.9810873651
4.92702702703	7.9821634791
4.92972972973	7.9832373443
4.93243243243	7.9843089654
4.93513513514	7.9853783473
4.93783783784	7.9864454946
4.94054054054	7.9875104121
4.94324324324	7.9885731043
4.94594594595	7.9896335758
4.94864864865	7.9906918312
4.95135135135	7.9917478750
4.95405405405	7.9928017117
4.95675675676	7.9938533459
4.95945945946	7.9949027819
4.96216216216	7.9959500244
4.96486486486	7.9969950779
4.96756756757	7.9980379467
4.97027027027	7.9990786356
4.97297297297	8.0001171489
4.97567567568	8.0011534912
4.97837837838	8.0021876670
4.98108108108	8.0032196810
4.98378378378	8.0042495375
4.98648648649	8.0052772412
4.98918918919	8.0063027967
4.99189189189	8.0073262084
4.99459459459	8.0083474809
4.9972972973	8.0093666187
5.0	8.0103836264
5.0027027027	8.0113985085
5.00540540541	8.0124112694
5.00810810811	8.0134219136
5.01081081081	8.0144304457
5.01351351351	8.0154368700
5.01621621622	8.0164411911
5.01891891892	8.0174434133
5.02162162162	8.0184435411
5.02432432432	8.0194415788
5.02702702703	8.0204375309
5.02972972973	8.0214314018
5.03243243243	8.0224231957
5.03513513514	8.0234129171
5.03783783784	8.0244005703
5.04054054054	8.0253861596
5.04324324324	8.0263696893
5.04594594595	8.0273511639
5.04864864865	8.0283305875
5.05135135135	8.0293079645
5.05405405405	8.0302832992
5.05675675676	8.0312565959
5.05945945946	8.0322278589
5.06216216216	8.0331970924
5.06486486486	8.0341643008
5.06756756757	8.0351294884
5.07027027027	8.0360926593
5.07297297297	8.0370538178
5.07567567568	8.0380129683
5.07837837838	8.0389701149
5.08108108108	8.0399252620
5.08378378378	8.0408784136
5.08648648649	8.0418295741
5.08918918919	8.0427787477
5.09189189189	8.0437259385
5.09459459459	8.0446711508
5.0972972973	8.0456143887
5.1	8.0465556564
5.1027027027	8.0474949581
5.10540540541	8.0484322979
5.10810810811	8.0493676799
5.11081081081	8.0503011083
5.11351351351	8.0512325872
5.11621621622	8.0521621207
5.11891891892	8.0530897129
5.12162162162	8.0540153678
5.12432432432	8.0549390895
5.12702702703	8.0558608820
5.12972972973	8.0567807495
5.13243243243	8.0576986960
5.13513513514	8.0586147254
5.13783783784	8.0595288418
5.14054054054	8.0604410493
5.14324324324	8.0613513517
5.14594594595	8.0622597531
5.14864864865	8.0631662575
5.15135135135	8.0640708688
5.15405405405	8.0649735910
5.15675675676	8.0658744280
5.15945945946	8.0667733839
5.16216216216	8.0676704625
5.16486486486	8.0685656678
5.16756756757	8.0694590036
5.17027027027	8.0703504740
5.17297297297	8.0712400828
5.17567567568	8.0721278339
5.17837837838	8.0730137311
5.18108108108	8.0738977785
5.18378378378	8.0747799798
5.18648648649	8.0756603390
5.18918918919	8.0765388598
5.19189189189	8.0774155461
5.19459459459	8.0782904018
5.1972972973	8.0791634307
5.2	8.0800346366
5.2027027027	8.0809040234
5.20540540541	8.0817715948
5.20810810811	8.0826373546
5.21081081081	8.0835013067
5.21351351351	8.0843634548
5.21621621622	8.0852238027
5.21891891892	8.0860823541
5.22162162162	8.0869391128
5.22432432432	8.0877940827
5.22702702703	8.0886472673
5.22972972973	8.0894986704
5.23243243243	8.0903482959
5.23513513514	8.0911961473
5.23783783784	8.0920422284
5.24054054054	8.0928865429
5.24324324324	8.0937290946
5.24594594595	8.0945698870
5.24864864865	8.0954089238
5.25135135135	8.0962462089
5.25405405405	8.0970817457
5.25675675676	8.0979155380
5.25945945946	8.0987475894
5.26216216216	8.0995779035
5.26486486486	8.1004064841
5.26756756757	8.1012333347
5.27027027027	8.1020584589
5.27297297297	8.1028818603
5.27567567568	8.1037035427
5.27837837838	8.1045235095
5.28108108108	8.1053417643
5.28378378378	8.1061583108
5.28648648649	8.1069731525
5.28918918919	8.1077862930
5.29189189189	8.1085977358
5.29459459459	8.1094074844
5.2972972973	8.1102155426
5.3	8.1110219137
5.3027027027	8.1118266013
5.30540540541	8.1126296089
5.30810810811	8.1134309401
5.31081081081	8.1142305983
5.31351351351	8.1150285871
5.31621621622	8.1158249100
5.31891891892	8.1166195704
5.32162162162	8.1174125717
5.32432432432	8.1182039176
5.32702702703	8.1189936115
5.32972972973	8.1197816567
5.33243243243	8.1205680568
5.33513513514	8.1213528152
5.33783783784	8.1221359354
5.34054054054	8.1229174207
5.34324324324	8.1236972746
5.34594594595	8.1244755005
5.34864864865	8.1252521019
5.35135135135	8.1260270820
5.35405405405	8.1268004444
5.35675675676	8.1275721924
5.35945945946	8.1283423293
5.36216216216	8.1291108586
5.36486486486	8.1298777836
5.36756756757	8.1306431077
5.37027027027	8.1314068342
5.37297297297	8.1321689664
5.37567567568	8.1329295078
5.37837837838	8.1336884616
5.38108108108	8.1344458312
5.38378378378	8.1352016199
5.38648648649	8.1359558309
5.38918918919	8.1367084677
5.39189189189	8.1374595334
5.39459459459	8.1382090314
5.3972972973	8.1389569650
5.4	8.1397033375
5.4027027027	8.1404481520
5.40540540541	8.1411914119
5.40810810811	8.1419331204
5.41081081081	8.1426732809
5.41351351351	8.1434118964
5.41621621622	8.1441489703
5.41891891892	8.1448845058
5.42162162162	8.1456185060
5.42432432432	8.1463509743
5.42702702703	8.1470819139
5.42972972973	8.1478113278
5.43243243243	8.1485392194
5.43513513514	8.1492655918
5.43783783784	8.1499904482
5.44054054054	8.1507137918
5.44324324324	8.1514356257
5.44594594595	8.1521559532
5.44864864865	8.1528747773
5.45135135135	8.1535921012
5.45405405405	8.1543079280
5.45675675676	8.1550222610
5.45945945946	8.1557351031
5.46216216216	8.1564464576
5.46486486486	8.1571563276
5.46756756757	8.1578647161
5.47027027027	8.1585716263
5.47297297297	8.1592770613
5.47567567568	8.1599810242
5.47837837838	8.1606835180
5.48108108108	8.1613845458
5.48378378378	8.1620841107
5.48648648649	8.1627822158
5.48918918919	8.1634788641
5.49189189189	8.1641740586
5.49459459459	8.1648678025
5.4972972973	8.1655600988
5.5	8.1662509384
5.5027027027	8.1669401285
5.50540540541	8.1676276896
5.50810810811	8.1683136411
5.51081081081	8.1689980013
5.51351351351	8.1696807874
5.51621621622	8.1703620156
5.51891891892	8.1710417010
5.52162162162	8.1717198575
5.52432432432	8.1723964982
5.52702702703	8.1730716352
5.52972972973	8.1737452796
5.53243243243	8.1744174417
5.53513513514	8.1750881313
5.53783783784	8.1757573570
5.54054054054	8.1764251272
5.54324324324	8.1770914496
5.54594594595	8.1777563313
5.54864864865	8.1784197790
5.55135135135	8.1790817992
5.55405405405	8.1797423980
5.55675675676	8.1804015809
5.55945945946	8.1810593537
5.56216216216	8.1817157217
5.56486486486	8.1823706900
5.56756756757	8.1830242637
5.57027027027	8.1836764476
5.57297297297	8.1843272466
5.57567567568	8.1849766653
5.57837837838	8.1856247084
5.58108108108	8.1862713803
5.58378378378	8.1869166854
5.58648648649	8.1875606280
5.58918918919	8.1882032124
5.59189189189	8.1888444426
5.59459459459	8.1894843227
5.5972972973	8.1901228565
5.6	8.1907600479
5.6027027027	8.1913959004
5.60540540541	8.1920304178
5.60810810811	8.1926636034
5.61081081081	8.1932954606
5.61351351351	8.1939259927
5.61621621622	8.1945552029
5.61891891892	8.1951830943
5.62162162162	8.1958096698
5.62432432432	8.1964349325
5.62702702703	8.1970588852
5.62972972973	8.1976815307
5.63243243243	8.1983028720
5.63513513514	8.1989229117
5.63783783784	8.1995416526
5.64054054054	8.2001590974
5.64324324324	8.2007752490
5.64594594595	8.2013901099
5.64864864865	8.2020036831
5.65135135135	8.2026159712
5.65405405405	8.2032269770
5.65675675676	8.2038367032
5.65945945946	8.2044451528
5.66216216216	8.2050523285
5.66486486486	8.2056582331
5.66756756757	8.2062628695
5.67027027027	8.2068662406
5.67297297297	8.2074683491
5.67567567568	8.2080691981
5.67837837838	8.2086687903
5.68108108108	8.2092671287
5.68378378378	8.2098642161
5.68648648649	8.2104600553
5.68918918919	8.2110546493
5.69189189189	8.2116480008
5.69459459459	8.2122401127
5.6972972973	8.2128309878
5.7	8.2134206287
5.7027027027	8.2140090384
5.70540540541	8.2145962195
5.70810810811	8.2151821747
5.71081081081	8.2157669067
5.71351351351	8.2163504182
5.71621621622	8.2169327118
5.71891891892	8.2175137901
5.72162162162	8.2180936558
5.72432432432	8.2186723114
5.72702702703	8.2192497595
5.72972972973	8.2198260026
5.73243243243	8.2204010434
5.73513513514	8.2209748844
5.73783783784	8.2215475280
5.74054054054	8.2221189769
5.74324324324	8.2226892334
5.74594594595	8.2232583003
5.74864864865	8.2238261799
5.75135135135	8.2243928748
5.75405405405	8.2249583876
5.75675675676	8.2255227206
5.75945945946	8.2260858765
5.76216216216	8.2266478577
5.76486486486	8.2272086667
5.76756756757	8.2277683061
5.77027027027	8.2283267784
5.77297297297	8.2288840861
5.77567567568	8.2294402316
5.77837837838	8.2299952174
5.78108108108	8.2305490462
5.78378378378	8.2311017203
5.78648648649	8.2316532422
5.78918918919	8.2322036144
5.79189189189	8.2327528394
5.79459459459	8.2333009196
5.7972972973	8.2338478576
5.8	8.2343936557
5.8027027027	8.2349383164
5.80540540541	8.2354818421
5.80810810811	8.2360242353
5.81081081081	8.2365654984
5.81351351351	8.2371056338
5.81621621622	8.2376446440
5.81891891892	8.2381825312
5.82162162162	8.2387192980
5.82432432432	8.2392549467
5.82702702703	8.2397894797
5.82972972973	8.2403228994
5.83243243243	8.2408552082
5.83513513514	8.2413864085
5.83783783784	8.2419165025
5.84054054054	8.2424454927
5.84324324324	8.2429733815
5.84594594595	8.2435001711
5.84864864865	8.2440258641
5.85135135135	8.2445504626
5.85405405405	8.2450739690
5.85675675676	8.2455963857
5.85945945946	8.2461177150
5.86216216216	8.2466379593
5.86486486486	8.2471571208
5.86756756757	8.2476752019
5.87027027027	8.2481922049
5.87297297297	8.2487081322
5.87567567568	8.2492229859
5.87837837838	8.2497367684
5.88108108108	8.2502494820
5.88378378378	8.2507611290
5.88648648649	8.2512717117
5.88918918919	8.2517812323
5.89189189189	8.2522896931
5.89459459459	8.2527970964
5.8972972973	8.2533034444
5.9	8.2538087394
5.9027027027	8.2543129836
5.90540540541	8.2548161793
5.90810810811	8.2553183286
5.91081081081	8.2558194339
5.91351351351	8.2563194974
5.91621621622	8.2568185211
5.91891891892	8.2573165075
5.92162162162	8.2578134587
5.92432432432	8.2583093768
5.92702702703	8.2588042641
5.92972972973	8.2592981228
5.93243243243	8.2597909550
5.93513513514	8.2602827630
5.93783783784	8.2607735489
5.94054054054	8.2612633148
5.94324324324	8.2617520631
5.94594594595	8.2622397957
5.94864864865	8.2627265149
5.95135135135	8.2632122229
5.95405405405	8.2636969217
5.95675675676	8.2641806136
5.95945945946	8.2646633006
5.96216216216	8.2651449850
5.96486486486	8.2656256687
5.96756756757	8.2661053541
5.97027027027	8.2665840431
5.97297297297	8.2670617379
5.97567567568	8.2675384406
5.97837837838	8.2680141533
5.98108108108	8.2684888782
5.98378378378	8.2689626173
5.98648648649	8.2694353727
5.98918918919	8.2699071466
5.99189189189	8.2703779409
5.99459459459	8.2708477578
5.9972972973	8.2713165993
6.0	8.2717844676
6.0027027027	8.2722513646
6.00540540541	8.2727172925
6.00810810811	8.2731822533
6.01081081081	8.2736462490
6.01351351351	8.2741092818
6.01621621622	8.2745713536
6.01891891892	8.2750324665
6.02162162162	8.2754926225
6.02432432432	8.2759518237
6.02702702703	8.2764100720
6.02972972973	8.2768673696
6.03243243243	8.2773237184
6.03513513514	8.2777791204
6.03783783784	8.2782335776
6.04054054054	8.2786870921
6.04324324324	8.2791396658
6.04594594595	8.2795913007
6.04864864865	8.2800419989
6.05135135135	8.2804917622
6.05405405405	8.2809405928
6.05675675676	8.2813884925
6.05945945946	8.2818354634
6.06216216216	8.2822815074
6.06486486486	8.2827266265
6.06756756757	8.2831708226
6.07027027027	8.2836140977
6.07297297297	8.2840564537
6.07567567568	8.2844978926
6.07837837838	8.2849384163
6.08108108108	8.2853780268
6.08378378378	8.2858167261
6.08648648649	8.2862545159
6.08918918919	8.2866913983
6.09189189189	8.2871273752
6.09459459459	8.2875624484
6.0972972973	8.2879966200
6.1	8.2884298918
6.1027027027	8.2888622657
6.10540540541	8.2892937436
6.10810810811	8.2897243274
6.11081081081	8.2901540191
6.11351351351	8.2905828204
6.11621621622	8.2910107333
6.11891891892	8.2914377596
6.12162162162	8.2918639013
6.12432432432	8.2922891602
6.12702702703	8.2927135381
6.12972972973	8.2931370370
6.13243243243	8.2935596586
6.13513513514	8.2939814049
6.13783783784	8.2944022777
6.14054054054	8.2948222787
6.14324324324	8.2952414100
6.14594594595	8.2956596733
6.14864864865	8.2960770704
6.15135135135	8.2964936032
6.15405405405	8.2969092735
6.15675675676	8.2973240831
6.15945945946	8.2977380339
6.16216216216	8.2981511276
6.16486486486	8.2985633661
6.16756756757	8.2989747512
6.17027027027	8.2993852846
6.17297297297	8.2997949682
6.17567567568	8.3002038037
6.17837837838	8.3006117930
6.18108108108	8.3010189379
6.18378378378	8.3014252401
6.18648648649	8.3018307013
6.18918918919	8.3022353235
6.19189189189	8.3026391083
6.19459459459	8.3030420575
6.1972972973	8.3034441728
6.2	8.3038454561
6.2027027027	8.3042459091
6.20540540541	8.3046455335
6.20810810811	8.3050443312
6.21081081081	8.3054423037
6.21351351351	8.3058394529
6.21621621622	8.3062357805
6.21891891892	8.3066312883
6.22162162162	8.3070259779
6.22432432432	8.3074198511
6.22702702703	8.3078129096
6.22972972973	8.3082051552
6.23243243243	8.3085965895
6.23513513514	8.3089872142
6.23783783784	8.3093770311
6.24054054054	8.3097660418
6.24324324324	8.3101542481
6.24594594595	8.3105416517
6.24864864865	8.3109282542
6.25135135135	8.3113140573
6.25405405405	8.3116990628
6.25675675676	8.3120832722
6.25945945946	8.3124666873
6.26216216216	8.3128493097
6.26486486486	8.3132311412
6.26756756757	8.3136121833
6.27027027027	8.3139924378
6.27297297297	8.3143719062
6.27567567568	8.3147505903
6.27837837838	8.3151284917
6.28108108108	8.3155056121
6.28378378378	8.3158819531
6.28648648649	8.3162575162
6.28918918919	8.3166323033
6.29189189189	8.3170063158
6.29459459459	8.3173795555
6.2972972973	8.3177520239
6.3	8.3181237228
6.3027027027	8.3184946536
6.30540540541	8.3188648180
6.30810810811	8.3192342176
6.31081081081	8.3196028541
6.31351351351	8.3199707290
6.31621621622	8.3203378440
6.31891891892	8.3207042005
6.32162162162	8.3210698004
6.32432432432	8.3214346450
6.32702702703	8.3217987360
6.32972972973	8.3221620751
6.33243243243	8.3225246637
6.33513513514	8.3228865034
6.33783783784	8.3232475959
6.34054054054	8.3236079427
6.34324324324	8.3239675453
6.34594594595	8.3243264054
6.34864864865	8.3246845244
6.35135135135	8.3250419040
6.35405405405	8.3253985457
6.35675675676	8.3257544510
6.35945945946	8.3261096215
6.36216216216	8.3264640588
6.36486486486	8.3268177643
6.36756756757	8.3271707396
6.37027027027	8.3275229862
6.37297297297	8.3278745058
6.37567567568	8.3282252997
6.37837837838	8.3285753696
6.38108108108	8.3289247169
6.38378378378	8.3292733431
6.38648648649	8.3296212498
6.38918918919	8.3299684386
6.39189189189	8.3303149107
6.39459459459	8.3306606679
6.3972972973	8.3310057116
6.4	8.3313500433
6.4027027027	8.3316936644
6.40540540541	8.3320365766
6.40810810811	8.3323787811
6.41081081081	8.3327202797
6.41351351351	8.3330610736
6.41621621622	8.3334011645
6.41891891892	8.3337405537
6.42162162162	8.3340792428
6.42432432432	8.3344172332
6.42702702703	8.3347545264
6.42972972973	8.3350911238
6.43243243243	8.3354270270
6.43513513514	8.3357622373
6.43783783784	8.3360967562
6.44054054054	8.3364305851
6.44324324324	8.3367637256
6.44594594595	8.3370961790
6.44864864865	8.3374279468
6.45135135135	8.3377590304
6.45405405405	8.3380894313
6.45675675676	8.3384191509
6.45945945946	8.3387481906
6.46216216216	8.3390765518
6.46486486486	8.3394042360
6.46756756757	8.3397312446
6.47027027027	8.3400575790
6.47297297297	8.3403832406
6.47567567568	8.3407082308
6.47837837838	8.3410325510
6.48108108108	8.3413562027
6.48378378378	8.3416791871
6.48648648649	8.3420015058
6.48918918919	8.3423231601
6.49189189189	8.3426441515
6.49459459459	8.3429644812
6.4972972973	8.3432841507
6.5	8.3436031614
6.5027027027	8.3439215146
6.50540540541	8.3442392117
6.50810810811	8.3445562541
6.51081081081	8.3448726432
6.51351351351	8.3451883803
6.51621621622	8.3455034668
6.51891891892	8.3458179041
6.52162162162	8.3461316934
6.52432432432	8.3464448363
6.52702702703	8.3467573339
6.52972972973	8.3470691878
6.53243243243	8.3473803991
6.53513513514	8.3476909693
6.53783783784	8.3480008997
6.54054054054	8.3483101917
6.54324324324	8.3486188465
6.54594594595	8.3489268655
6.54864864865	8.3492342501
6.55135135135	8.3495410015
6.55405405405	8.3498471211
6.55675675676	8.3501526103
6.55945945946	8.3504574702
6.56216216216	8.3507617023
6.56486486486	8.3510653079
6.56756756757	8.3513682882
6.57027027027	8.3516706446
6.57297297297	8.3519723783
6.57567567568	8.3522734908
6.57837837838	8.3525739832
6.58108108108	8.3528738569
6.58378378378	8.3531731131
6.58648648649	8.3534717532
6.58918918919	8.3537697784
6.59189189189	8.3540671901
6.59459459459	8.3543639895
6.5972972973	8.3546601778
6.6	8.3549557564
6.6027027027	8.3552507266
6.60540540541	8.3555450895
6.60810810811	8.3558388465
6.61081081081	8.3561319989
6.61351351351	8.3564245479
6.61621621622	8.3567164947
6.61891891892	8.3570078407
6.62162162162	8.3572985870
6.62432432432	8.3575887350
6.62702702703	8.3578782858
6.62972972973	8.3581672407
6.63243243243	8.3584556011
6.63513513514	8.3587433680
6.63783783784	8.3590305428
6.64054054054	8.3593171266
6.64324324324	8.3596031208
6.64594594595	8.3598885265
6.64864864865	8.3601733450
6.65135135135	8.3604575775
6.65405405405	8.3607412252
6.65675675676	8.3610242893
6.65945945946	8.3613067712
6.66216216216	8.3615886718
6.66486486486	8.3618699926
6.66756756757	8.3621507347
6.67027027027	8.3624308993
6.67297297297	8.3627104875
6.67567567568	8.3629895007
6.67837837838	8.3632679400
6.68108108108	8.3635458066
6.68378378378	8.3638231017
6.68648648649	8.3640998266
6.68918918919	8.3643759822
6.69189189189	8.3646515700
6.69459459459	8.3649265910
6.6972972973	8.3652010464
6.7	8.3654749375
6.7027027027	8.3657482653
6.70540540541	8.3660210311
6.70810810811	8.3662932361
6.71081081081	8.3665648813
6.71351351351	8.3668359681
6.71621621622	8.3671064974
6.71891891892	8.3673764706
6.72162162162	8.3676458887
6.72432432432	8.3679147529
6.72702702703	8.3681830644
6.72972972973	8.3684508243
6.73243243243	8.3687180338
6.73513513514	8.3689846940
6.73783783784	8.3692508060
6.74054054054	8.3695163711
6.74324324324	8.3697813903
6.74594594595	8.3700458648
6.74864864865	8.3703097957
6.75135135135	8.3705731841
6.75405405405	8.3708360312
6.75675675676	8.3710983381
6.75945945946	8.3713601059
6.76216216216	8.3716213358
6.76486486486	8.3718820289
6.76756756757	8.3721421862
6.77027027027	8.3724018090
6.77297297297	8.3726608982
6.77567567568	8.3729194551
6.77837837838	8.3731774808
6.78108108108	8.3734349762
6.78378378378	8.3736919427
6.78648648649	8.3739483811
6.78918918919	8.3742042927
6.79189189189	8.3744596786
6.79459459459	8.3747145398
6.7972972973	8.3749688774
6.8	8.3752226925
6.8027027027	8.3754759862
6.80540540541	8.3757287597
6.80810810811	8.3759810139
6.81081081081	8.3762327499
6.81351351351	8.3764839689
6.81621621622	8.3767346719
6.81891891892	8.3769848600
6.82162162162	8.3772345342
6.82432432432	8.3774836957
6.82702702703	8.3777323454
6.82972972973	8.3779804845
6.83243243243	8.3782281140
6.83513513514	8.3784752350
6.83783783784	8.3787218485
6.84054054054	8.3789679556
6.84324324324	8.3792135573
6.84594594595	8.3794586547
6.84864864865	8.3797032489
6.85135135135	8.3799473409
6.85405405405	8.3801909317
6.85675675676	8.3804340223
6.85945945946	8.3806766139
6.86216216216	8.3809187074
6.86486486486	8.3811603039
6.86756756757	8.3814014045
6.87027027027	8.3816420101
6.87297297297	8.3818821217
6.87567567568	8.3821217405
6.87837837838	8.3823608674
6.88108108108	8.3825995034
6.88378378378	8.3828376497
6.88648648649	8.3830753071
6.88918918919	8.3833124767
6.89189189189	8.3835491595
6.89459459459	8.3837853566
6.8972972973	8.3840210689
6.9	8.3842562975
6.9027027027	8.3844910433
6.90540540541	8.3847253074
6.90810810811	8.3849590907
6.91081081081	8.3851923943
6.91351351351	8.3854252191
6.91621621622	8.3856575662
6.91891891892	8.3858894365
6.92162162162	8.3861208311
6.92432432432	8.3863517509
6.92702702703	8.3865821969
6.92972972973	8.3868121700
6.93243243243	8.3870416714
6.93513513514	8.3872707019
6.93783783784	8.3874992625
6.94054054054	8.3877273542
6.94324324324	8.3879549780
6.94594594595	8.3881821348
6.94864864865	8.3884088257
6.95135135135	8.3886350516
6.95405405405	8.3888608134
6.95675675676	8.3890861121
6.95945945946	8.3893109487
6.96216216216	8.3895353241
6.96486486486	8.3897592393
6.96756756757	8.3899826953
6.97027027027	8.3902056930
6.97297297297	8.3904282333
6.97567567568	8.3906503172
6.97837837838	8.3908719457
6.98108108108	8.3910931196
6.98378378378	8.3913138401
6.98648648649	8.3915341078
6.98918918919	8.3917539239
6.99189189189	8.3919732893
6.99459459459	8.3921922048
6.9972972973	8.3924106715
7.0	8.3926286902
7.0027027027	8.3928462619
7.00540540541	8.3930633876
7.00810810811	8.3932800680
7.01081081081	8.3934963042
7.01351351351	8.3937120971
7.01621621622	8.3939274476
7.01891891892	8.3941423567
7.02162162162	8.3943568251
7.02432432432	8.3945708539
7.02702702703	8.3947844440
7.02972972973	8.3949975962
7.03243243243	8.3952103115
7.03513513514	8.3954225908
7.03783783784	8.3956344350
7.04054054054	8.3958458450
7.04324324324	8.3960568217
7.04594594595	8.3962673659
7.04864864865	8.3964774787
7.05135135135	8.3966871608
7.05405405405	8.3968964132
7.05675675676	8.3971052368
7.05945945946	8.3973136324
7.06216216216	8.3975216010
7.06486486486	8.3977291433
7.06756756757	8.3979362604
7.07027027027	8.3981429531
7.07297297297	8.3983492223
7.07567567568	8.3985550688
7.07837837838	8.3987604935
7.08108108108	8.3989654973
7.08378378378	8.3991700811
7.08648648649	8.3993742458
7.08918918919	8.3995779921
7.09189189189	8.3997813210
7.09459459459	8.3999842334
7.0972972973	8.4001867301
7.1	8.4003888119
7.1027027027	8.4005904798
7.10540540541	8.4007917345
7.10810810811	8.4009925770
7.11081081081	8.4011930080
7.11351351351	8.4013930286
7.11621621622	8.4015926394
7.11891891892	8.4017918413
7.12162162162	8.4019906353
7.12432432432	8.4021890221
7.12702702703	8.4023870025
7.12972972973	8.4025845775
7.13243243243	8.4027817479
7.13513513514	8.4029785144
7.13783783784	8.4031748780
7.14054054054	8.4033708395
7.14324324324	8.4035663996
7.14594594595	8.4037615593
7.14864864865	8.4039563194
7.15135135135	8.4041506806
7.15405405405	8.4043446439
7.15675675676	8.4045382100
7.15945945946	8.4047313797
7.16216216216	8.4049241540
7.16486486486	8.4051165335
7.16756756757	8.4053085192
7.17027027027	8.4055001118
7.17297297297	8.4056913121
7.17567567568	8.4058821210
7.17837837838	8.4060725393
7.18108108108	8.4062625677
7.18378378378	8.4064522072
7.18648648649	8.4066414584
7.18918918919	8.4068303222
7.19189189189	8.4070187994
7.19459459459	8.4072068908
7.1972972973	8.4073945973
7.2	8.4075819195
7.2027027027	8.4077688582
7.20540540541	8.4079554144
7.20810810811	8.4081415887
7.21081081081	8.4083273820
7.21351351351	8.4085127951
7.21621621622	8.4086978287
7.21891891892	8.4088824836
7.22162162162	8.4090667606
7.22432432432	8.4092506605
7.22702702703	8.4094341840
7.22972972973	8.4096173320
7.23243243243	8.4098001052
7.23513513514	8.4099825045
7.23783783784	8.4101645305
7.24054054054	8.4103461840
7.24324324324	8.4105274658
7.24594594595	8.4107083768
7.24864864865	8.4108889176
7.25135135135	8.4110690890
7.25405405405	8.4112488917
7.25675675676	8.4114283266
7.25945945946	8.4116073945
7.26216216216	8.4117860959
7.26486486486	8.4119644318
7.26756756757	8.4121424029
7.27027027027	8.4123200099
7.27297297297	8.4124972536
7.27567567568	8.4126741347
7.27837837838	8.4128506540
7.28108108108	8.4130268122
7.28378378378	8.4132026101
7.28648648649	8.4133780484
7.28918918919	8.4135531279
7.29189189189	8.4137278493
7.29459459459	8.4139022133
7.2972972973	8.4140762207
7.3	8.4142498723
7.3027027027	8.4144231687
7.30540540541	8.4145961107
7.30810810811	8.4147686990
7.31081081081	8.4149409344
7.31351351351	8.4151128175
7.31621621622	8.4152843492
7.31891891892	8.4154555301
7.32162162162	8.4156263610
7.32432432432	8.4157968425
7.32702702703	8.4159669755
7.32972972973	8.4161367606
7.33243243243	8.4163061985
7.33513513514	8.4164752901
7.33783783784	8.4166440358
7.34054054054	8.4168124366
7.34324324324	8.4169804931
7.34594594595	8.4171482061
7.34864864865	8.4173155761
7.35135135135	8.4174826040
7.35405405405	8.4176492904
7.35675675676	8.4178156361
7.35945945946	8.4179816417
7.36216216216	8.4181473080
7.36486486486	8.4183126357
7.36756756757	8.4184776254
7.37027027027	8.4186422778
7.37297297297	8.4188065937
7.37567567568	8.4189705738
7.37837837838	8.4191342187
7.38108108108	8.4192975291
7.38378378378	8.4194605057
7.38648648649	8.4196231493
7.38918918919	8.4197854604
7.39189189189	8.4199474399
7.39459459459	8.4201090883
7.3972972973	8.4202704064
7.4	8.4204313948
7.4027027027	8.4205920542
7.40540540541	8.4207523853
7.40810810811	8.4209123888
7.41081081081	8.4210720654
7.41351351351	8.4212314156
7.41621621622	8.4213904403
7.41891891892	8.4215491401
7.42162162162	8.4217075155
7.42432432432	8.4218655674
7.42702702703	8.4220232964
7.42972972973	8.4221807031
7.43243243243	8.4223377883
7.43513513514	8.4224945525
7.43783783784	8.4226509964
7.44054054054	8.4228071208
7.44324324324	8.4229629262
7.44594594595	8.4231184133
7.44864864865	8.4232735828
7.45135135135	8.4234284353
7.45405405405	8.4235829715
7.45675675676	8.4237371920
7.45945945946	8.4238910976
7.46216216216	8.4240446887
7.46486486486	8.4241979662
7.46756756757	8.4243509306
7.47027027027	8.4245035825
7.47297297297	8.4246559227
7.47567567568	8.4248079518
7.47837837838	8.4249596703
7.48108108108	8.4251110790
7.48378378378	8.4252621785
7.48648648649	8.4254129694
7.48918918919	8.4255634524
7.49189189189	8.4257136281
7.49459459459	8.4258634971
7.4972972973	8.4260130601
7.5	8.4261623177
7.5027027027	8.4263112705
7.50540540541	8.4264599192
7.50810810811	8.4266082643
7.51081081081	8.4267563065
7.51351351351	8.4269040465
7.51621621622	8.4270514849
7.51891891892	8.4271986222
7.52162162162	8.4273454591
7.52432432432	8.4274919962
7.52702702703	8.4276382342
7.52972972973	8.4277841736
7.53243243243	8.4279298151
7.53513513514	8.4280751593
7.53783783784	8.4282202068
7.54054054054	8.4283649581
7.54324324324	8.4285094140
7.54594594595	8.4286535751
7.54864864865	8.4287974418
7.55135135135	8.4289410149
7.55405405405	8.4290842950
7.55675675676	8.4292272826
7.55945945946	8.4293699784
7.56216216216	8.4295123829
7.56486486486	8.4296544968
7.56756756757	8.4297963206
7.57027027027	8.4299378550
7.57297297297	8.4300791005
7.57567567568	8.4302200578
7.57837837838	8.4303607274
7.58108108108	8.4305011100
7.58378378378	8.4306412061
7.58648648649	8.4307810163
7.58918918919	8.4309205412
7.59189189189	8.4310597814
7.59459459459	8.4311987375
7.5972972973	8.4313374100
7.6	8.4314757996
7.6027027027	8.4316139069
7.60540540541	8.4317517323
7.60810810811	8.4318892765
7.61081081081	8.4320265401
7.61351351351	8.4321635237
7.61621621622	8.4323002278
7.61891891892	8.4324366530
7.62162162162	8.4325727999
7.62432432432	8.4327086690
7.62702702703	8.4328442610
7.62972972973	8.4329795763
7.63243243243	8.4331146157
7.63513513514	8.4332493795
7.63783783784	8.4333838685
7.64054054054	8.4335180831
7.64324324324	8.4336520240
7.64594594595	8.4337856917
7.64864864865	8.4339190867
7.65135135135	8.4340522097
7.65405405405	8.4341850611
7.65675675676	8.4343176416
7.65945945946	8.4344499517
7.66216216216	8.4345819919
7.66486486486	8.4347137629
7.66756756757	8.4348452651
7.67027027027	8.4349764991
7.67297297297	8.4351074655
7.67567567568	8.4352381649
7.67837837838	8.4353685977
7.68108108108	8.4354987645
7.68378378378	8.4356286659
7.68648648649	8.4357583025
7.68918918919	8.4358876747
7.69189189189	8.4360167831
7.69459459459	8.4361456282
7.6972972973	8.4362742107
7.7	8.4364025310
7.7027027027	8.4365305896
7.70540540541	8.4366583872
7.70810810811	8.4367859242
7.71081081081	8.4369132012
7.71351351351	8.4370402188
7.71621621622	8.4371669774
7.71891891892	8.4372934775
7.72162162162	8.4374197198
7.72432432432	8.4375457048
7.72702702703	8.4376714329
7.72972972973	8.4377969048
7.73243243243	8.4379221209
7.73513513514	8.4380470817
7.73783783784	8.4381717878
7.74054054054	8.4382962398
7.74324324324	8.4384204381
7.74594594595	8.4385443832
7.74864864865	8.4386680758
7.75135135135	8.4387915162
7.75405405405	8.4389147051
7.75675675676	8.4390376429
7.75945945946	8.4391603301
7.76216216216	8.4392827673
7.76486486486	8.4394049550
7.76756756757	8.4395268937
7.77027027027	8.4396485839
7.77297297297	8.4397700262
7.77567567568	8.4398912209
7.77837837838	8.4400121687
7.78108108108	8.4401328701
7.78378378378	8.4402533255
7.78648648649	8.4403735355
7.78918918919	8.4404935005
7.79189189189	8.4406132211
7.79459459459	8.4407326978
7.7972972973	8.4408519311
7.8	8.4409709214
7.8027027027	8.4410896693
7.80540540541	8.4412081753
7.80810810811	8.4413264399
7.81081081081	8.4414444635
7.81351351351	8.4415622467
7.81621621622	8.4416797900
7.81891891892	8.4417970938
7.82162162162	8.4419141587
7.82432432432	8.4420309851
7.82702702703	8.4421475735
7.82972972973	8.4422639244
7.83243243243	8.4423800384
7.83513513514	8.4424959158
7.83783783784	8.4426115573
7.84054054054	8.4427269632
7.84324324324	8.4428421340
7.84594594595	8.4429570703
7.84864864865	8.4430717725
7.85135135135	8.4431862411
7.85405405405	8.4433004765
7.85675675676	8.4434144794
7.85945945946	8.4435282500
7.86216216216	8.4436417890
7.86486486486	8.4437550968
7.86756756757	8.4438681738
7.87027027027	8.4439810206
7.87297297297	8.4440936376
7.87567567568	8.4442060252
7.87837837838	8.4443181841
7.88108108108	8.4444301145
7.88378378378	8.4445418171
7.88648648649	8.4446532922
7.88918918919	8.4447645403
7.89189189189	8.4448755620
7.89459459459	8.4449863576
7.8972972973	8.4450969276
7.9	8.4452072726
7.9027027027	8.4453173929
7.90540540541	8.4454272890
7.90810810811	8.4455369614
7.91081081081	8.4456464105
7.91351351351	8.4457556368
7.91621621622	8.4458646408
7.91891891892	8.4459734229
7.92162162162	8.4460819836
7.92432432432	8.4461903233
7.92702702703	8.4462984425
7.92972972973	8.4464063416
7.93243243243	8.4465140211
7.93513513514	8.4466214814
7.93783783784	8.4467287230
7.94054054054	8.4468357464
7.94324324324	8.4469425519
7.94594594595	8.4470491401
7.94864864865	8.4471555113
7.95135135135	8.4472616661
7.95405405405	8.4473676048
7.95675675676	8.4474733280
7.95945945946	8.4475788360
7.96216216216	8.4476841293
7.96486486486	8.4477892083
7.96756756757	8.4478940735
7.97027027027	8.4479987254
7.97297297297	8.4481031643
7.97567567568	8.4482073907
7.97837837838	8.4483114050
7.98108108108	8.4484152077
7.98378378378	8.4485187992
7.98648648649	8.4486221799
7.98918918919	8.4487253503
7.99189189189	8.4488283109
7.99459459459	8.4489310619
7.9972972973	8.4490336039
8.0	8.4491359373
8.0027027027	8.4492380625
8.00540540541	8.4493399800
8.00810810811	8.4494416901
8.01081081081	8.4495431933
8.01351351351	8.4496444901
8.01621621622	8.4497455808
8.01891891892	8.4498464659
8.02162162162	8.4499471458
8.02432432432	8.4500476209
8.02702702703	8.4501478916
8.02972972973	8.4502479584
8.03243243243	8.4503478217
8.03513513514	8.4504474819
8.03783783784	8.4505469394
8.04054054054	8.4506461946
8.04324324324	8.4507452479
8.04594594595	8.4508440998
8.04864864865	8.4509427507
8.05135135135	8.4510412010
8.05405405405	8.4511394510
8.05675675676	8.4512375013
8.05945945946	8.4513353522
8.06216216216	8.4514330041
8.06486486486	8.4515304575
8.06756756757	8.4516277127
8.07027027027	8.4517247701
8.07297297297	8.4518216302
8.07567567568	8.4519182934
8.07837837838	8.4520147600
8.08108108108	8.4521110305
8.08378378378	8.4522071053
8.08648648649	8.4523029847
8.08918918919	8.4523986693
8.09189189189	8.4524941593
8.09459459459	8.4525894551
8.0972972973	8.4526845573
8.1	8.4527794661
8.1027027027	8.4528741820
8.10540540541	8.4529687053
8.10810810811	8.4530630365
8.11081081081	8.4531571760
8.11351351351	8.4532511241
8.11621621622	8.4533448813
8.11891891892	8.4534384479
8.12162162162	8.4535318243
8.12432432432	8.4536250109
8.12702702703	8.4537180081
8.12972972973	8.4538108163
8.13243243243	8.4539034359
8.13513513514	8.4539958673
8.13783783784	8.4540881108
8.14054054054	8.4541801668
8.14324324324	8.4542720358
8.14594594595	8.4543637181
8.14864864865	8.4544552141
8.15135135135	8.4545465241
8.15405405405	8.4546376486
8.15675675676	8.4547285880
8.15945945946	8.4548193425
8.16216216216	8.4549099127
8.16486486486	8.4550002988
8.16756756757	8.4550905013
8.17027027027	8.4551805205
8.17297297297	8.4552703568
8.17567567568	8.4553600106
8.17837837838	8.4554494822
8.18108108108	8.4555387721
8.18378378378	8.4556278805
8.18648648649	8.4557168080
8.18918918919	8.4558055547
8.19189189189	8.4558941212
8.19459459459	8.4559825078
8.1972972973	8.4560707148
8.2	8.4561587427
8.2027027027	8.4562465917
8.20540540541	8.4563342623
8.20810810811	8.4564217548
8.21081081081	8.4565090696
8.21351351351	8.4565962071
8.21621621622	8.4566831676
8.21891891892	8.4567699514
8.22162162162	8.4568565590
8.22432432432	8.4569429907
8.22702702703	8.4570292469
8.22972972973	8.4571153279
8.23243243243	8.4572012340
8.23513513514	8.4572869657
8.23783783784	8.4573725234
8.24054054054	8.4574579072
8.24324324324	8.4575431177
8.24594594595	8.4576281551
8.24864864865	8.4577130199
8.25135135135	8.4577977124
8.25405405405	8.4578822328
8.25675675676	8.4579665817
8.25945945946	8.4580507593
8.26216216216	8.4581347660
8.26486486486	8.4582186021
8.26756756757	8.4583022680
8.27027027027	8.4583857640
8.27297297297	8.4584690906
8.27567567568	8.4585522479
8.27837837838	8.4586352365
8.28108108108	8.4587180565
8.28378378378	8.4588007085
8.28648648649	8.4588831926
8.28918918919	8.4589655093
8.29189189189	8.4590476589
8.29459459459	8.4591296418
8.2972972973	8.4592114582
8.3	8.4592931086
8.3027027027	8.4593745932
8.30540540541	8.4594559125
8.30810810811	8.4595370667
8.31081081081	8.4596180562
8.31351351351	8.4596988813
8.31621621622	8.4597795423
8.31891891892	8.4598600397
8.32162162162	8.4599403737
8.32432432432	8.4600205447
8.32702702703	8.4601005529
8.32972972973	8.4601803988
8.33243243243	8.4602600827
8.33513513514	8.4603396049
8.33783783784	8.4604189657
8.34054054054	8.4604981654
8.34324324324	8.4605772045
8.34594594595	8.4606560832
8.34864864865	8.4607348018
8.35135135135	8.4608133607
8.35405405405	8.4608917602
8.35675675676	8.4609700006
8.35945945946	8.4610480823
8.36216216216	8.4611260056
8.36486486486	8.4612037708
8.36756756757	8.4612813783
8.37027027027	8.4613588282
8.37297297297	8.4614361211
8.37567567568	8.4615132572
8.37837837838	8.4615902367
8.38108108108	8.4616670602
8.38378378378	8.4617437278
8.38648648649	8.4618202398
8.38918918919	8.4618965967
8.39189189189	8.4619727987
8.39459459459	8.4620488461
8.3972972973	8.4621247393
8.4	8.4622004786
8.4027027027	8.4622760642
8.40540540541	8.4623514965
8.40810810811	8.4624267759
8.41081081081	8.4625019025
8.41351351351	8.4625768769
8.41621621622	8.4626516991
8.41891891892	8.4627263697
8.42162162162	8.4628008888
8.42432432432	8.4628752567
8.42702702703	8.4629494739
8.42972972973	8.4630235406
8.43243243243	8.4630974571
8.43513513514	8.4631712237
8.43783783784	8.4632448407
8.44054054054	8.4633183085
8.44324324324	8.4633916273
8.44594594595	8.4634647975
8.44864864865	8.4635378192
8.45135135135	8.4636106930
8.45405405405	8.4636834190
8.45675675676	8.4637559976
8.45945945946	8.4638284290
8.46216216216	8.4639007136
8.46486486486	8.4639728516
8.46756756757	8.4640448434
8.47027027027	8.4641166893
8.47297297297	8.4641883895
8.47567567568	8.4642599444
8.47837837838	8.4643313542
8.48108108108	8.4644026193
8.48378378378	8.4644737399
8.48648648649	8.4645447164
8.48918918919	8.4646155490
8.49189189189	8.4646862381
8.49459459459	8.4647567839
8.4972972973	8.4648271867
8.5	8.4648974468
8.5027027027	8.4649675646
8.50540540541	8.4650375402
8.50810810811	8.4651073740
8.51081081081	8.4651770663
8.51351351351	8.4652466174
8.51621621622	8.4653160275
8.51891891892	8.4653852970
8.52162162162	8.4654544261
8.52432432432	8.4655234152
8.52702702703	8.4655922644
8.52972972973	8.4656609742
8.53243243243	8.4657295447
8.53513513514	8.4657979763
8.53783783784	8.4658662692
8.54054054054	8.4659344238
8.54324324324	8.4660024403
8.54594594595	8.4660703190
8.54864864865	8.4661380602
8.55135135135	8.4662056642
8.55405405405	8.4662731312
8.55675675676	8.4663404615
8.55945945946	8.4664076554
8.56216216216	8.4664747132
8.56486486486	8.4665416352
8.56756756757	8.4666084216
8.57027027027	8.4666750728
8.57297297297	8.4667415889
8.57567567568	8.4668079703
8.57837837838	8.4668742173
8.58108108108	8.4669403300
8.58378378378	8.4670063089
8.58648648649	8.4670721542
8.58918918919	8.4671378661
8.59189189189	8.4672034449
8.59459459459	8.4672688909
8.5972972973	8.4673342043
8.6	8.4673993855
8.6027027027	8.4674644347
8.60540540541	8.4675293522
8.60810810811	8.4675941382
8.61081081081	8.4676587931
8.61351351351	8.4677233170
8.61621621622	8.4677877103
8.61891891892	8.4678519731
8.62162162162	8.4679161059
8.62432432432	8.4679801088
8.62702702703	8.4680439822
8.62972972973	8.4681077262
8.63243243243	8.4681713411
8.63513513514	8.4682348273
8.63783783784	8.4682981850
8.64054054054	8.4683614143
8.64324324324	8.4684245157
8.64594594595	8.4684874894
8.64864864865	8.4685503355
8.65135135135	8.4686130545
8.65405405405	8.4686756465
8.65675675676	8.4687381118
8.65945945946	8.4688004506
8.66216216216	8.4688626633
8.66486486486	8.4689247500
8.66756756757	8.4689867111
8.67027027027	8.4690485468
8.67297297297	8.4691102573
8.67567567568	8.4691718430
8.67837837838	8.4692333040
8.68108108108	8.4692946406
8.68378378378	8.4693558531
8.68648648649	8.4694169417
8.68918918919	8.4694779067
8.69189189189	8.4695387483
8.69459459459	8.4695994668
8.6972972973	8.4696600624
8.7	8.4697205354
8.7027027027	8.4697808861
8.70540540541	8.4698411147
8.70810810811	8.4699012213
8.71081081081	8.4699612064
8.71351351351	8.4700210701
8.71621621622	8.4700808127
8.71891891892	8.4701404344
8.72162162162	8.4701999355
8.72432432432	8.4702593163
8.72702702703	8.4703185769
8.72972972973	8.4703777176
8.73243243243	8.4704367386
8.73513513514	8.4704956403
8.73783783784	8.4705544229
8.74054054054	8.4706130865
8.74324324324	8.4706716315
8.74594594595	8.4707300580
8.74864864865	8.4707883664
8.75135135135	8.4708465568
8.75405405405	8.4709046295
8.75675675676	8.4709625848
8.75945945946	8.4710204229
8.76216216216	8.4710781440
8.76486486486	8.4711357483
8.76756756757	8.4711932362
8.77027027027	8.4712506078
8.77297297297	8.4713078634
8.77567567568	8.4713650032
8.77837837838	8.4714220274
8.78108108108	8.4714789364
8.78378378378	8.4715357302
8.78648648649	8.4715924093
8.78918918919	8.4716489737
8.79189189189	8.4717054237
8.79459459459	8.4717617597
8.7972972973	8.4718179817
8.8	8.4718740900
8.8027027027	8.4719300849
8.80540540541	8.4719859666
8.80810810811	8.4720417353
8.81081081081	8.4720973913
8.81351351351	8.4721529348
8.81621621622	8.4722083660
8.81891891892	8.4722636851
8.82162162162	8.4723188924
8.82432432432	8.4723739881
8.82702702703	8.4724289724
8.82972972973	8.4724838456
8.83243243243	8.4725386079
8.83513513514	8.4725932595
8.83783783784	8.4726478006
8.84054054054	8.4727022315
8.84324324324	8.4727565524
8.84594594595	8.4728107635
8.84864864865	8.4728648651
8.85135135135	8.4729188573
8.85405405405	8.4729727404
8.85675675676	8.4730265146
8.85945945946	8.4730801801
8.86216216216	8.4731337372
8.86486486486	8.4731871861
8.86756756757	8.4732405270
8.87027027027	8.4732937600
8.87297297297	8.4733468856
8.87567567568	8.4733999037
8.87837837838	8.4734528148
8.88108108108	8.4735056189
8.88378378378	8.4735583164
8.88648648649	8.4736109074
8.88918918919	8.4736633921
8.89189189189	8.4737157709
8.89459459459	8.4737680438
8.8972972973	8.4738202111
8.9	8.4738722730
8.9027027027	8.4739242297
8.90540540541	8.4739760815
8.90810810811	8.4740278286
8.91081081081	8.4740794711
8.91351351351	8.4741310093
8.91621621622	8.4741824434
8.91891891892	8.4742337736
8.92162162162	8.4742850002
8.92432432432	8.4743361233
8.92702702703	8.4743871431
8.92972972973	8.4744380599
8.93243243243	8.4744888739
8.93513513514	8.4745395852
8.93783783784	8.4745901941
8.94054054054	8.4746407009
8.94324324324	8.4746911056
8.94594594595	8.4747414086
8.94864864865	8.4747916100
8.95135135135	8.4748417100
8.95405405405	8.4748917088
8.95675675676	8.4749416067
8.95945945946	8.4749914039
8.96216216216	8.4750411005
8.96486486486	8.4750906967
8.96756756757	8.4751401929
8.97027027027	8.4751895891
8.97297297297	8.4752388856
8.97567567568	8.4752880825
8.97837837838	8.4753371801
8.98108108108	8.4753861787
8.98378378378	8.4754350783
8.98648648649	8.4754838792
8.98918918919	8.4755325816
8.99189189189	8.4755811857
8.99459459459	8.4756296917
8.9972972973	8.4756780997
9.0	8.4757264101
9.0027027027	8.4757746230
9.00540540541	8.4758227385
9.00810810811	8.4758707569
9.01081081081	8.4759186785
9.01351351351	8.4759665033
9.01621621622	8.4760142316
9.01891891892	8.4760618636
9.02162162162	8.4761093994
9.02432432432	8.4761568394
9.02702702703	8.4762041836
9.02972972973	8.4762514322
9.03243243243	8.4762985856
9.03513513514	8.4763456437
9.03783783784	8.4763926070
9.04054054054	8.4764394754
9.04324324324	8.4764862494
9.04594594595	8.4765329289
9.04864864865	8.4765795143
9.05135135135	8.4766260056
9.05405405405	8.4766724032
9.05675675676	8.4767187072
9.05945945946	8.4767649178
9.06216216216	8.4768110351
9.06486486486	8.4768570594
9.06756756757	8.4769029909
9.07027027027	8.4769488297
9.07297297297	8.4769945761
9.07567567568	8.4770402302
9.07837837838	8.4770857922
9.08108108108	8.4771312623
9.08378378378	8.4771766407
9.08648648649	8.4772219276
9.08918918919	8.4772671231
9.09189189189	8.4773122275
9.09459459459	8.4773572409
9.0972972973	8.4774021636
9.1	8.4774469956
9.1027027027	8.4774917373
9.10540540541	8.4775363887
9.10810810811	8.4775809501
9.11081081081	8.4776254216
9.11351351351	8.4776698035
9.11621621622	8.4777140958
9.11891891892	8.4777582989
9.12162162162	8.4778024129
9.12432432432	8.4778464378
9.12702702703	8.4778903741
9.12972972973	8.4779342217
9.13243243243	8.4779779810
9.13513513514	8.4780216520
9.13783783784	8.4780652350
9.14054054054	8.4781087302
9.14324324324	8.4781521376
9.14594594595	8.4781954576
9.14864864865	8.4782386902
9.15135135135	8.4782818357
9.15405405405	8.4783248942
9.15675675676	8.4783678660
9.15945945946	8.4784107511
9.16216216216	8.4784535498
9.16486486486	8.4784962622
9.16756756757	8.4785388886
9.17027027027	8.4785814290
9.17297297297	8.4786238837
9.17567567568	8.4786662528
9.17837837838	8.4787085366
9.18108108108	8.4787507352
9.18378378378	8.4787928487
9.18648648649	8.4788348773
9.18918918919	8.4788768213
9.19189189189	8.4789186808
9.19459459459	8.4789604559
9.1972972973	8.4790021468
9.2	8.4790437537
9.2027027027	8.4790852769
9.20540540541	8.4791267163
9.20810810811	8.4791680723
9.21081081081	8.4792093449
9.21351351351	8.4792505344
9.21621621622	8.4792916409
9.21891891892	8.4793326647
9.22162162162	8.4793736057
9.22432432432	8.4794144643
9.22702702703	8.4794552406
9.22972972973	8.4794959348
9.23243243243	8.4795365470
9.23513513514	8.4795770774
9.23783783784	8.4796175262
9.24054054054	8.4796578935
9.24324324324	8.4796981794
9.24594594595	8.4797383843
9.24864864865	8.4797785082
9.25135135135	8.4798185513
9.25405405405	8.4798585137
9.25675675676	8.4798983957
9.25945945946	8.4799381974
9.26216216216	8.4799779189
9.26486486486	8.4800175604
9.26756756757	8.4800571221
9.27027027027	8.4800966041
9.27297297297	8.4801360067
9.27567567568	8.4801753299
9.27837837838	8.4802145739
9.28108108108	8.4802537390
9.28378378378	8.4802928252
9.28648648649	8.4803318327
9.28918918919	8.4803707616
9.29189189189	8.4804096122
9.29459459459	8.4804483846
9.2972972973	8.4804870789
9.3	8.4805256954
9.3027027027	8.4805642341
9.30540540541	8.4806026952
9.30810810811	8.4806410789
9.31081081081	8.4806793854
9.31351351351	8.4807176148
9.31621621622	8.4807557672
9.31891891892	8.4807938428
9.32162162162	8.4808318418
9.32432432432	8.4808697643
9.32702702703	8.4809076106
9.32972972973	8.4809453806
9.33243243243	8.4809830746
9.33513513514	8.4810206928
9.33783783784	8.4810582353
9.34054054054	8.4810957023
9.34324324324	8.4811330938
9.34594594595	8.4811704102
9.34864864865	8.4812076514
9.35135135135	8.4812448177
9.35405405405	8.4812819092
9.35675675676	8.4813189261
9.35945945946	8.4813558686
9.36216216216	8.4813927367
9.36486486486	8.4814295306
9.36756756757	8.4814662506
9.37027027027	8.4815028966
9.37297297297	8.4815394690
9.37567567568	8.4815759677
9.37837837838	8.4816123931
9.38108108108	8.4816487452
9.38378378378	8.4816850241
9.38648648649	8.4817212301
9.38918918919	8.4817573633
9.39189189189	8.4817934238
9.39459459459	8.4818294118
9.3972972973	8.4818653274
9.4	8.4819011708
9.4027027027	8.4819369421
9.40540540541	8.4819726414
9.40810810811	8.4820082690
9.41081081081	8.4820438249
9.41351351351	8.4820793093
9.41621621622	8.4821147224
9.41891891892	8.4821500643
9.42162162162	8.4821853351
9.42432432432	8.4822205350
9.42702702703	8.4822556641
9.42972972973	8.4822907226
9.43243243243	8.4823257106
9.43513513514	8.4823606283
9.43783783784	8.4823954758
9.44054054054	8.4824302532
9.44324324324	8.4824649607
9.44594594595	8.4824995984
9.44864864865	8.4825341666
9.45135135135	8.4825686652
9.45405405405	8.4826030945
9.45675675676	8.4826374545
9.45945945946	8.4826717456
9.46216216216	8.4827059677
9.46486486486	8.4827401210
9.46756756757	8.4827742056
9.47027027027	8.4828082218
9.47297297297	8.4828421696
9.47567567568	8.4828760492
9.47837837838	8.4829098607
9.48108108108	8.4829436043
9.48378378378	8.4829772800
9.48648648649	8.4830108881
9.48918918919	8.4830444287
9.49189189189	8.4830779018
9.49459459459	8.4831113078
9.4972972973	8.4831446465
9.5	8.4831779183
9.5027027027	8.4832111233
9.50540540541	8.4832442615
9.50810810811	8.4832773332
9.51081081081	8.4833103385
9.51351351351	8.4833432774
9.51621621622	8.4833761501
9.51891891892	8.4834089569
9.52162162162	8.4834416977
9.52432432432	8.4834743728
9.52702702703	8.4835069822
9.52972972973	8.4835395261
9.53243243243	8.4835720047
9.53513513514	8.4836044180
9.53783783784	8.4836367663
9.54054054054	8.4836690495
9.54324324324	8.4837012680
9.54594594595	8.4837334217
9.54864864865	8.4837655109
9.55135135135	8.4837975356
9.55405405405	8.4838294960
9.55675675676	8.4838613922
9.55945945946	8.4838932244
9.56216216216	8.4839249927
9.56486486486	8.4839566972
9.56756756757	8.4839883380
9.57027027027	8.4840199153
9.57297297297	8.4840514292
9.57567567568	8.4840828798
9.57837837838	8.4841142673
9.58108108108	8.4841455918
9.58378378378	8.4841768534
9.58648648649	8.4842080522
9.58918918919	8.4842391885
9.59189189189	8.4842702622
9.59459459459	8.4843012735
9.5972972973	8.4843322226
9.6	8.4843631096
9.6027027027	8.4843939346
9.60540540541	8.4844246977
9.60810810811	8.4844553990
9.61081081081	8.4844860388
9.61351351351	8.4845166171
9.61621621622	8.4845471340
9.61891891892	8.4845775896
9.62162162162	8.4846079841
9.62432432432	8.4846383177
9.62702702703	8.4846685904
9.62972972973	8.4846988023
9.63243243243	8.4847289536
9.63513513514	8.4847590444
9.63783783784	8.4847890749
9.64054054054	8.4848190451
9.64324324324	8.4848489551
9.64594594595	8.4848788052
9.64864864865	8.4849085953
9.65135135135	8.4849383258
9.65405405405	8.4849679965
9.65675675676	8.4849976078
9.65945945946	8.4850271596
9.66216216216	8.4850566522
9.66486486486	8.4850860856
9.66756756757	8.4851154600
9.67027027027	8.4851447754
9.67297297297	8.4851740321
9.67567567568	8.4852032300
9.67837837838	8.4852323695
9.68108108108	8.4852614504
9.68378378378	8.4852904731
9.68648648649	8.4853194375
9.68918918919	8.4853483439
9.69189189189	8.4853771923
9.69459459459	8.4854059829
9.6972972973	8.4854347157
9.7	8.4854633909
9.7027027027	8.4854920086
9.70540540541	8.4855205689
9.70810810811	8.4855490720
9.71081081081	8.4855775179
9.71351351351	8.4856059068
9.71621621622	8.4856342388
9.71891891892	8.4856625140
9.72162162162	8.4856907325
9.72432432432	8.4857188944
9.72702702703	8.4857469999
9.72972972973	8.4857750490
9.73243243243	8.4858030420
9.73513513514	8.4858309788
9.73783783784	8.4858588596
9.74054054054	8.4858866845
9.74324324324	8.4859144537
9.74594594595	8.4859421672
9.74864864865	8.4859698251
9.75135135135	8.4859974277
9.75405405405	8.4860249749
9.75675675676	8.4860524669
9.75945945946	8.4860799038
9.76216216216	8.4861072858
9.76486486486	8.4861346129
9.76756756757	8.4861618852
9.77027027027	8.4861891028
9.77297297297	8.4862162660
9.77567567568	8.4862433747
9.77837837838	8.4862704291
9.78108108108	8.4862974293
9.78378378378	8.4863243754
9.78648648649	8.4863512675
9.78918918919	8.4863781058
9.79189189189	8.4864048903
9.79459459459	8.4864316211
9.7972972973	8.4864582984
9.8	8.4864849223
9.8027027027	8.4865114928
9.80540540541	8.4865380101
9.80810810811	8.4865644743
9.81081081081	8.4865908855
9.81351351351	8.4866172438
9.81621621622	8.4866435493
9.81891891892	8.4866698021
9.82162162162	8.4866960023
9.82432432432	8.4867221501
9.82702702703	8.4867482455
9.82972972973	8.4867742887
9.83243243243	8.4868002797
9.83513513514	8.4868262187
9.83783783784	8.4868521057
9.84054054054	8.4868779410
9.84324324324	8.4869037244
9.84594594595	8.4869294563
9.84864864865	8.4869551366
9.85135135135	8.4869807656
9.85405405405	8.4870063432
9.85675675676	8.4870318696
9.85945945946	8.4870573449
9.86216216216	8.4870827693
9.86486486486	8.4871081427
9.86756756757	8.4871334653
9.87027027027	8.4871587373
9.87297297297	8.4871839587
9.87567567568	8.4872091296
9.87837837838	8.4872342501
9.88108108108	8.4872593204
9.88378378378	8.4872843404
9.88648648649	8.4873093104
9.88918918919	8.4873342305
9.89189189189	8.4873591006
9.89459459459	8.4873839210
9.8972972973	8.4874086918
9.9	8.4874334129
9.9027027027	8.4874580846
9.90540540541	8.4874827070
9.90810810811	8.4875072800
9.91081081081	8.4875318039
9.91351351351	8.4875562788
9.91621621622	8.4875807047
9.91891891892	8.4876050817
9.92162162162	8.4876294099
9.92432432432	8.4876536895
9.92702702703	8.4876779205
9.92972972973	8.4877021031
9.93243243243	8.4877262373
9.93513513514	8.4877503232
9.93783783784	8.4877743609
9.94054054054	8.4877983505
9.94324324324	8.4878222922
9.94594594595	8.4878461860
9.94864864865	8.4878700320
9.95135135135	8.4878938303
9.95405405405	8.4879175810
9.95675675676	8.4879412843
9.95945945946	8.4879649401
9.96216216216	8.4879885486
9.96486486486	8.4880121100
9.96756756757	8.4880356242
9.97027027027	8.4880590914
9.97297297297	8.4880825116
9.97567567568	8.4881058851
9.97837837838	8.4881292118
9.98108108108	8.4881524919
9.98378378378	8.4881757254
9.98648648649	8.4881989125
9.98918918919	8.4882220533
9.99189189189	8.4882451478
9.99459459459	8.4882681961
9.9972972973	8.4882911984
