0.0	2.9091196405
0.0037037037037	2.9095283608
0.00740740740741	2.9099533154
0.0111111111111	2.9103938826
0.0148148148148	2.9108495024
0.0185185185185	2.9113196465
0.0222222222222	2.9118038155
0.0259259259259	2.9123015380
0.0296296296296	2.9128123683
0.0333333333333	2.9133358858
0.037037037037	2.9138716928
0.0407407407407	2.9144194141
0.0444444444444	2.9149786950
0.0481481481481	2.9155492006
0.0518518518519	2.9161306146
0.0555555555556	2.9167226385
0.0592592592593	2.9173249903
0.062962962963	2.9179374038
0.0666666666667	2.9185596276
0.0703703703704	2.9191914246
0.0740740740741	2.9198325709
0.0777777777778	2.9204828554
0.0814814814815	2.9211420787
0.0851851851852	2.9218100530
0.0888888888889	2.9224866009
0.0925925925926	2.9231715555
0.0962962962963	2.9238647591
0.1	2.9245660635
0.103703703704	2.9252753287
0.107407407407	2.9259924233
0.111111111111	2.9267172233
0.114814814815	2.9274496121
0.118518518519	2.9281894801
0.122222222222	2.9289367244
0.125925925926	2.9296912480
0.12962962963	2.9304529602
0.133333333333	2.9312217758
0.137037037037	2.9319976147
0.140740740741	2.9327804021
0.144444444444	2.9335700679
0.148148148148	2.9343665467
0.151851851852	2.9351697773
0.155555555556	2.9359797024
0.159259259259	2.9367962691
0.162962962963	2.9376194277
0.166666666667	2.9384491324
0.17037037037	2.9392853404
0.174074074074	2.9401280124
0.177777777778	2.9409771119
0.181481481481	2.9418326054
0.185185185185	2.9426944620
0.188888888889	2.9435626537
0.192592592593	2.9444371545
0.196296296296	2.9453179412
0.2	2.9462049926
0.203703703704	2.9470982897
0.207407407407	2.9479978156
0.211111111111	2.9489035551
0.214814814815	2.9498154951
0.218518518519	2.9507336242
0.222222222222	2.9516579327
0.225925925926	2.9525884123
0.22962962963	2.9535250564
0.233333333333	2.9544678599
0.237037037037	2.9554168189
0.240740740741	2.9563719310
0.244444444444	2.9573331950
0.248148148148	2.9583006109
0.251851851852	2.9592741799
0.255555555556	2.9602539040
0.259259259259	2.9612397868
0.262962962963	2.9622318325
0.266666666667	2.9632300462
0.27037037037	2.9642344343
0.274074074074	2.9652450038
0.277777777778	2.9662617624
0.281481481481	2.9672847190
0.285185185185	2.9683138830
0.288888888889	2.9693492645
0.292592592593	2.9703908744
0.296296296296	2.9714387243
0.3	2.9724928263
0.303703703704	2.9735531933
0.307407407407	2.9746198385
0.311111111111	2.9756927761
0.314814814815	2.9767720203
0.318518518519	2.9778575863
0.322222222222	2.9789494895
0.325925925926	2.9800477458
0.32962962963	2.9811523716
0.333333333333	2.9822633838
0.337037037037	2.9833807996
0.340740740741	2.9845046365
0.344444444444	2.9856349127
0.348148148148	2.9867716464
0.351851851852	2.9879148563
0.355555555556	2.9890645615
0.359259259259	2.9902207813
0.362962962963	2.9913835354
0.366666666667	2.9925528436
0.37037037037	2.9937287262
0.374074074074	2.9949112035
0.377777777778	2.9961002963
0.381481481481	2.9972960256
0.385185185185	2.9984984124
0.388888888889	2.9997074782
0.392592592593	3.0009232445
0.396296296296	3.0021457330
0.4	3.0033749657
0.403703703704	3.0046109647
0.407407407407	3.0058537524
0.411111111111	3.0071033510
0.414814814815	3.0083597833
0.418518518519	3.0096230718
0.422222222222	3.0108932395
0.425925925926	3.0121703093
0.42962962963	3.0134543042
0.433333333333	3.0147452475
0.437037037037	3.0160431624
0.440740740741	3.0173480724
0.444444444444	3.0186600007
0.448148148148	3.0199789710
0.451851851852	3.0213050069
0.455555555556	3.0226381320
0.459259259259	3.0239783700
0.462962962963	3.0253257448
0.466666666667	3.0266802800
0.47037037037	3.0280419996
0.474074074074	3.0294109274
0.477777777778	3.0307870874
0.481481481481	3.0321705035
0.485185185185	3.0335611996
0.488888888889	3.0349591997
0.492592592593	3.0363645277
0.496296296296	3.0377772077
0.5	3.0391972636
0.503703703704	3.0406247192
0.507407407407	3.0420595987
0.511111111111	3.0435019258
0.514814814815	3.0449517245
0.518518518519	3.0464090186
0.522222222222	3.0478738320
0.525925925926	3.0493461884
0.52962962963	3.0508261117
0.533333333333	3.0523136254
0.537037037037	3.0538087533
0.540740740741	3.0553115189
0.544444444444	3.0568219458
0.548148148148	3.0583400574
0.551851851852	3.0598658772
0.555555555556	3.0613994284
0.559259259259	3.0629407343
0.562962962963	3.0644898181
0.566666666667	3.0660467028
0.57037037037	3.0676114115
0.574074074074	3.0691839671
0.577777777778	3.0707643923
0.581481481481	3.0723527099
0.585185185185	3.0739489425
0.588888888889	3.0755531125
0.592592592593	3.0771652424
0.596296296296	3.0787853543
0.6	3.0804134705
0.603703703704	3.0820496131
0.607407407407	3.0836938038
0.611111111111	3.0853460644
0.614814814815	3.0870064167
0.618518518519	3.0886748820
0.622222222222	3.0903514818
0.625925925926	3.0920362373
0.62962962963	3.0937291696
0.633333333333	3.0954302995
0.637037037037	3.0971396480
0.640740740741	3.0988572355
0.644444444444	3.1005830825
0.648148148148	3.1023172094
0.651851851852	3.1040596363
0.655555555556	3.1058103832
0.659259259259	3.1075694698
0.662962962963	3.1093369158
0.666666666667	3.1111127406
0.67037037037	3.1128969635
0.674074074074	3.1146896036
0.677777777778	3.1164906798
0.681481481481	3.1183002108
0.685185185185	3.1201182151
0.688888888889	3.1219447111
0.692592592593	3.1237797169
0.696296296296	3.1256232505
0.7	3.1274753295
0.703703703704	3.1293359716
0.707407407407	3.1312051941
0.711111111111	3.1330830141
0.714814814815	3.1349694485
0.718518518519	3.1368645140
0.722222222222	3.1387682271
0.725925925926	3.1406806042
0.72962962963	3.1426016612
0.733333333333	3.1445314141
0.737037037037	3.1464698783
0.740740740741	3.1484170694
0.744444444444	3.1503730025
0.748148148148	3.1523376925
0.751851851852	3.1543111542
0.755555555556	3.1562934019
0.759259259259	3.1582844501
0.762962962963	3.1602843127
0.766666666667	3.1622930034
0.77037037037	3.1643105358
0.774074074074	3.1663369233
0.777777777778	3.1683721788
0.781481481481	3.1704163153
0.785185185185	3.1724693452
0.788888888889	3.1745312809
0.792592592593	3.1766021345
0.796296296296	3.1786819179
0.8	3.1807706426
0.803703703704	3.1828683200
0.807407407407	3.1849749612
0.811111111111	3.1870905770
0.814814814815	3.1892151780
0.818518518519	3.1913487746
0.822222222222	3.1934913768
0.825925925926	3.1956429946
0.82962962963	3.1978036374
0.833333333333	3.1999733146
0.837037037037	3.2021520353
0.840740740741	3.2043398083
0.844444444444	3.2065366422
0.848148148148	3.2087425453
0.851851851852	3.2109575256
0.855555555556	3.2131815909
0.859259259259	3.2154147488
0.862962962963	3.2176570065
0.866666666667	3.2199083711
0.87037037037	3.2221688493
0.874074074074	3.2244384477
0.877777777778	3.2267171725
0.881481481481	3.2290050298
0.885185185185	3.2313020252
0.888888888889	3.2336081642
0.892592592593	3.2359234521
0.896296296296	3.2382478939
0.9	3.2405814943
0.903703703704	3.2429242577
0.907407407407	3.2452761884
0.911111111111	3.2476372904
0.914814814815	3.2500075673
0.918518518519	3.2523870226
0.922222222222	3.2547756596
0.925925925926	3.2571734812
0.92962962963	3.2595804901
0.933333333333	3.2619966888
0.937037037037	3.2644220795
0.940740740741	3.2668566641
0.944444444444	3.2693004445
0.948148148148	3.2717534221
0.951851851852	3.2742155981
0.955555555556	3.2766869735
0.959259259259	3.2791675492
0.962962962963	3.2816573255
0.966666666667	3.2841563029
0.97037037037	3.2866644813
0.974074074074	3.2891818606
0.977777777778	3.2917084404
0.981481481481	3.2942442199
0.985185185185	3.2967891984
0.988888888889	3.2993433746
0.992592592593	3.3019067473
0.996296296296	3.3044793148
1.0	3.3070610755
1.0037037037	3.3096520272
1.00740740741	3.3122521677
1.01111111111	3.3148614946
1.01481481481	3.3174800051
1.01851851852	3.3201076965
1.02222222222	3.3227445655
1.02592592593	3.3253906088
1.02962962963	3.3280458229
1.03333333333	3.3307102041
1.03703703704	3.3333837483
1.04074074074	3.3360664514
1.04444444444	3.3387583091
1.04814814815	3.3414593167
1.05185185185	3.3441694694
1.05555555556	3.3468887623
1.05925925926	3.3496171901
1.06296296296	3.3523547476
1.06666666667	3.3551014290
1.07037037037	3.3578572287
1.07407407407	3.3606221407
1.07777777778	3.3633961587
1.08148148148	3.3661792764
1.08518518519	3.3689714874
1.08888888889	3.3717727848
1.09259259259	3.3745831617
1.0962962963	3.3774026111
1.1	3.3802311257
1.1037037037	3.3830686979
1.10740740741	3.3859153202
1.11111111111	3.3887709847
1.11481481481	3.3916356835
1.11851851852	3.3945094083
1.12222222222	3.3973921508
1.12592592593	3.4002839024
1.12962962963	3.4031846546
1.13333333333	3.4060943984
1.13703703704	3.4090131248
1.14074074074	3.4119408246
1.14444444444	3.4148774883
1.14814814815	3.4178231066
1.15185185185	3.4207776697
1.15555555556	3.4237411676
1.15925925926	3.4267135905
1.16296296296	3.4296949282
1.16666666667	3.4326851701
1.17037037037	3.4356843060
1.17407407407	3.4386923251
1.17777777778	3.4417092166
1.18148148148	3.4447349695
1.18518518519	3.4477695727
1.18888888889	3.4508130149
1.19259259259	3.4538652847
1.1962962963	3.4569263705
1.2	3.4599962605
1.2037037037	3.4630749429
1.20740740741	3.4661624056
1.21111111111	3.4692586363
1.21481481481	3.4723636229
1.21851851852	3.4754773527
1.22222222222	3.4785998132
1.22592592593	3.4817309915
1.22962962963	3.4848708747
1.23333333333	3.4880194497
1.23703703704	3.4911767033
1.24074074074	3.4943426221
1.24444444444	3.4975171926
1.24814814815	3.5007004011
1.25185185185	3.5038922338
1.25555555556	3.5070926767
1.25925925926	3.5103017158
1.26296296296	3.5135193367
1.26666666667	3.5167455252
1.27037037037	3.5199802666
1.27407407407	3.5232235463
1.27777777778	3.5264753494
1.28148148148	3.5297356610
1.28518518519	3.5330044659
1.28888888889	3.5362817489
1.29259259259	3.5395674947
1.2962962963	3.5428616876
1.3	3.5461643119
1.3037037037	3.5494753519
1.30740740741	3.5527947915
1.31111111111	3.5561226147
1.31481481481	3.5594588051
1.31851851852	3.5628033464
1.32222222222	3.5661562220
1.32592592593	3.5695174153
1.32962962963	3.5728869092
1.33333333333	3.5762646870
1.33703703704	3.5796507315
1.34074074074	3.5830450253
1.34444444444	3.5864475511
1.34814814815	3.5898582913
1.35185185185	3.5932772282
1.35555555556	3.5967043440
1.35925925926	3.6001396206
1.36296296296	3.6035830399
1.36666666667	3.6070345837
1.37037037037	3.6104942335
1.37407407407	3.6139619707
1.37777777778	3.6174377766
1.38148148148	3.6209216324
1.38518518519	3.6244135190
1.38888888889	3.6279134173
1.39259259259	3.6314213079
1.3962962963	3.6349371715
1.4	3.6384609884
1.4037037037	3.6419927390
1.40740740741	3.6455324032
1.41111111111	3.6490799612
1.41481481481	3.6526353927
1.41851851852	3.6561986773
1.42222222222	3.6597697948
1.42592592593	3.6633487243
1.42962962963	3.6669354453
1.43333333333	3.6705299368
1.43703703704	3.6741321777
1.44074074074	3.6777421469
1.44444444444	3.6813598230
1.44814814815	3.6849851846
1.45185185185	3.6886182100
1.45555555556	3.6922588776
1.45925925926	3.6959071653
1.46296296296	3.6995630512
1.46666666667	3.7032265131
1.47037037037	3.7068975286
1.47407407407	3.7105760752
1.47777777778	3.7142621304
1.48148148148	3.7179556715
1.48518518519	3.7216566754
1.48888888889	3.7253651193
1.49259259259	3.7290809798
1.4962962963	3.7328042338
1.5	3.7365348578
1.5037037037	3.7402728281
1.50740740741	3.7440181211
1.51111111111	3.7477707129
1.51481481481	3.7515305795
1.51851851852	3.7552976969
1.52222222222	3.7590720406
1.52592592593	3.7628535864
1.52962962963	3.7666423098
1.53333333333	3.7704381859
1.53703703704	3.7742411902
1.54074074074	3.7780512976
1.54444444444	3.7818684832
1.54814814815	3.7856927216
1.55185185185	3.7895239877
1.55555555556	3.7933622561
1.55925925926	3.7972075010
1.56296296296	3.8010596970
1.56666666667	3.8049188181
1.57037037037	3.8087848385
1.57407407407	3.8126577321
1.57777777778	3.8165374727
1.58148148148	3.8204240341
1.58518518519	3.8243173898
1.58888888889	3.8282175134
1.59259259259	3.8321243781
1.5962962963	3.8360379574
1.6	3.8399582242
1.6037037037	3.8438851516
1.60740740741	3.8478187125
1.61111111111	3.8517588797
1.61481481481	3.8557056260
1.61851851852	3.8596589238
1.62222222222	3.8636187457
1.62592592593	3.8675850641
1.62962962963	3.8715578512
1.63333333333	3.8755370792
1.63703703704	3.8795227201
1.64074074074	3.8835147460
1.64444444444	3.8875131286
1.64814814815	3.8915178399
1.65185185185	3.8955288513
1.65555555556	3.8995461346
1.65925925926	3.9035696612
1.66296296296	3.9075994024
1.66666666667	3.9116353297
1.67037037037	3.9156774142
1.67407407407	3.9197256271
1.67777777778	3.9237799394
1.68148148148	3.9278403220
1.68518518519	3.9319067458
1.68888888889	3.9359791817
1.69259259259	3.9400576003
1.6962962963	3.9441419722
1.7	3.9482322681
1.7037037037	3.9523284584
1.70740740741	3.9564305135
1.71111111111	3.9605384037
1.71481481481	3.9646520993
1.71851851852	3.9687715705
1.72222222222	3.9728967874
1.72592592593	3.9770277200
1.72962962963	3.9811643384
1.73333333333	3.9853066124
1.73703703704	3.9894545119
1.74074074074	3.9936080068
1.74444444444	3.9977670666
1.74814814815	4.0019316612
1.75185185185	4.0061017601
1.75555555556	4.0102773329
1.75925925926	4.0144583491
1.76296296296	4.0186447782
1.76666666667	4.0228365894
1.77037037037	4.0270337523
1.77407407407	4.0312362361
1.77777777778	4.0354440101
1.78148148148	4.0396570434
1.78518518519	4.0438753052
1.78888888889	4.0480987646
1.79259259259	4.0523273908
1.7962962963	4.0565611527
1.8	4.0608000193
1.8037037037	4.0650439596
1.80740740741	4.0692929426
1.81111111111	4.0735469370
1.81481481481	4.0778059118
1.81851851852	4.0820698357
1.82222222222	4.0863386776
1.82592592593	4.0906124062
1.82962962963	4.0948909902
1.83333333333	4.0991743983
1.83703703704	4.1034625993
1.84074074074	4.1077555616
1.84444444444	4.1120532541
1.84814814815	4.1163556452
1.85185185185	4.1206627035
1.85555555556	4.1249743976
1.85925925926	4.1292906961
1.86296296296	4.1336115675
1.86666666667	4.1379369802
1.87037037037	4.1422669028
1.87407407407	4.1466013037
1.87777777778	4.1509401514
1.88148148148	4.1552834144
1.88518518519	4.1596310610
1.88888888889	4.1639830598
1.89259259259	4.1683393791
1.8962962963	4.1726999874
1.9	4.1770648531
1.9037037037	4.1814339445
1.90740740741	4.1858072302
1.91111111111	4.1901846784
1.91481481481	4.1945662576
1.91851851852	4.1989519362
1.92222222222	4.2033416825
1.92592592593	4.2077354651
1.92962962963	4.2121332522
1.93333333333	4.2165350123
1.93703703704	4.2209407138
1.94074074074	4.2253503251
1.94444444444	4.2297638147
1.94814814815	4.2341811509
1.95185185185	4.2386023023
1.95555555556	4.2430272372
1.95925925926	4.2474559241
1.96296296296	4.2518883316
1.96666666667	4.2563244280
1.97037037037	4.2607641819
1.97407407407	4.2652075618
1.97777777778	4.2696545362
1.98148148148	4.2741050737
1.98518518519	4.2785591428
1.98888888889	4.2830167121
1.99259259259	4.2874777502
1.9962962963	4.2919422257
2.0	4.2964101073
2.0037037037	4.3008813636
2.00740740741	4.3053559633
2.01111111111	4.3098338752
2.01481481481	4.3143150678
2.01851851852	4.3187995101
2.02222222222	4.3232871707
2.02592592593	4.3277780185
2.02962962963	4.3322720224
2.03333333333	4.3367691510
2.03703703704	4.3412693735
2.04074074074	4.3457726586
2.04444444444	4.3502789754
2.04814814815	4.3547882928
2.05185185185	4.3593005797
2.05555555556	4.3638158054
2.05925925926	4.3683339387
2.06296296296	4.3728549490
2.06666666667	4.3773788052
2.07037037037	4.3819054765
2.07407407407	4.3864349323
2.07777777778	4.3909671417
2.08148148148	4.3955020740
2.08518518519	4.4000396985
2.08888888889	4.4045799846
2.09259259259	4.4091229018
2.0962962963	4.4136684194
2.1	4.4182165069
2.1037037037	4.4227671339
2.10740740741	4.4273202699
2.11111111111	4.4318758845
2.11481481481	4.4364339474
2.11851851852	4.4409944282
2.12222222222	4.4455572967
2.12592592593	4.4501225227
2.12962962963	4.4546900760
2.13333333333	4.4592599265
2.13703703704	4.4638320440
2.14074074074	4.4684063986
2.14444444444	4.4729829602
2.14814814815	4.4775616989
2.15185185185	4.4821425848
2.15555555556	4.4867255881
2.15925925926	4.4913106789
2.16296296296	4.4958978275
2.16666666667	4.5004870042
2.17037037037	4.5050781794
2.17407407407	4.5096713234
2.17777777778	4.5142664068
2.18148148148	4.5188633999
2.18518518519	4.5234622734
2.18888888889	4.5280629979
2.19259259259	4.5326655440
2.1962962963	4.5372698825
2.2	4.5418759841
2.2037037037	4.5464838196
2.20740740741	4.5510933600
2.21111111111	4.5557045761
2.21481481481	4.5603174390
2.21851851852	4.5649319197
2.22222222222	4.5695479893
2.22592592593	4.5741656190
2.22962962963	4.5787847800
2.23333333333	4.5834054435
2.23703703704	4.5880275809
2.24074074074	4.5926511636
2.24444444444	4.5972761631
2.24814814815	4.6019025508
2.25185185185	4.6065302983
2.25555555556	4.6111593773
2.25925925926	4.6157897595
2.26296296296	4.6204214165
2.26666666667	4.6250543203
2.27037037037	4.6296884427
2.27407407407	4.6343237556
2.27777777778	4.6389602311
2.28148148148	4.6435978411
2.28518518519	4.6482365579
2.28888888889	4.6528763536
2.29259259259	4.6575172005
2.2962962963	4.6621590709
2.3	4.6668019371
2.3037037037	4.6714457716
2.30740740741	4.6760905470
2.31111111111	4.6807362358
2.31481481481	4.6853828107
2.31851851852	4.6900302443
2.32222222222	4.6946785094
2.32592592593	4.6993275789
2.32962962963	4.7039774257
2.33333333333	4.7086280227
2.33703703704	4.7132793430
2.34074074074	4.7179313598
2.34444444444	4.7225840461
2.34814814815	4.7272373752
2.35185185185	4.7318913205
2.35555555556	4.7365458553
2.35925925926	4.7412009531
2.36296296296	4.7458565874
2.36666666667	4.7505127318
2.37037037037	4.7551693599
2.37407407407	4.7598264456
2.37777777778	4.7644839625
2.38148148148	4.7691418845
2.38518518519	4.7738001857
2.38888888889	4.7784588399
2.39259259259	4.7831178213
2.3962962963	4.7877771041
2.4	4.7924366625
2.4037037037	4.7970964707
2.40740740741	4.8017565031
2.41111111111	4.8064167343
2.41481481481	4.8110771386
2.41851851852	4.8157376907
2.42222222222	4.8203983653
2.42592592593	4.8250591371
2.42962962963	4.8297199808
2.43333333333	4.8343808714
2.43703703704	4.8390417838
2.44074074074	4.8437026931
2.44444444444	4.8483635743
2.44814814815	4.8530244027
2.45185185185	4.8576851534
2.45555555556	4.8623458019
2.45925925926	4.8670063234
2.46296296296	4.8716666935
2.46666666667	4.8763268878
2.47037037037	4.8809868818
2.47407407407	4.8856466513
2.47777777778	4.8903061720
2.48148148148	4.8949654197
2.48518518519	4.8996243705
2.48888888889	4.9042830003
2.49259259259	4.9089412852
2.4962962963	4.9135992014
2.5	4.9182567250
2.5037037037	4.9229138325
2.50740740741	4.9275705001
2.51111111111	4.9322267043
2.51481481481	4.9368824218
2.51851851852	4.9415376290
2.52222222222	4.9461923027
2.52592592593	4.9508464197
2.52962962963	4.9554999568
2.53333333333	4.9601528909
2.53703703704	4.9648051991
2.54074074074	4.9694568584
2.54444444444	4.9741078460
2.54814814815	4.9787581391
2.55185185185	4.9834077150
2.55555555556	4.9880565512
2.55925925926	4.9927046250
2.56296296296	4.9973519141
2.56666666667	5.0019983961
2.57037037037	5.0066440486
2.57407407407	5.0112888495
2.57777777778	5.0159327767
2.58148148148	5.0205758080
2.58518518519	5.0252179215
2.58888888889	5.0298590953
2.59259259259	5.0344993076
2.5962962963	5.0391385366
2.6	5.0437767607
2.6037037037	5.0484139582
2.60740740741	5.0530501077
2.61111111111	5.0576851878
2.61481481481	5.0623191771
2.61851851852	5.0669520543
2.62222222222	5.0715837982
2.62592592593	5.0762143878
2.62962962963	5.0808438020
2.63333333333	5.0854720199
2.63703703704	5.0900990205
2.64074074074	5.0947247831
2.64444444444	5.0993492870
2.64814814815	5.1039725116
2.65185185185	5.1085944362
2.65555555556	5.1132150405
2.65925925926	5.1178343040
2.66296296296	5.1224522064
2.66666666667	5.1270687275
2.67037037037	5.1316838471
2.67407407407	5.1362975452
2.67777777778	5.1409098017
2.68148148148	5.1455205967
2.68518518519	5.1501299105
2.68888888889	5.1547377232
2.69259259259	5.1593440151
2.6962962963	5.1639487667
2.7	5.1685519585
2.7037037037	5.1731535709
2.70740740741	5.1777535847
2.71111111111	5.1823519806
2.71481481481	5.1869487394
2.71851851852	5.1915438418
2.72222222222	5.1961372690
2.72592592593	5.2007290020
2.72962962963	5.2053190218
2.73333333333	5.2099073097
2.73703703704	5.2144938469
2.74074074074	5.2190786147
2.74444444444	5.2236615948
2.74814814815	5.2282427684
2.75185185185	5.2328221173
2.75555555556	5.2373996231
2.75925925926	5.2419752676
2.76296296296	5.2465490325
2.76666666667	5.2511208999
2.77037037037	5.2556908516
2.77407407407	5.2602588698
2.77777777778	5.2648249366
2.78148148148	5.2693890342
2.78518518519	5.2739511450
2.78888888889	5.2785112513
2.79259259259	5.2830693356
2.7962962963	5.2876253803
2.8	5.2921793683
2.8037037037	5.2967312821
2.80740740741	5.3012811044
2.81111111111	5.3058288183
2.81481481481	5.3103744066
2.81851851852	5.3149178523
2.82222222222	5.3194591384
2.82592592593	5.3239982483
2.82962962963	5.3285351651
2.83333333333	5.3330698721
2.83703703704	5.3376023528
2.84074074074	5.3421325906
2.84444444444	5.3466605690
2.84814814815	5.3511862718
2.85185185185	5.3557096826
2.85555555556	5.3602307852
2.85925925926	5.3647495636
2.86296296296	5.3692660015
2.86666666667	5.3737800831
2.87037037037	5.3782917924
2.87407407407	5.3828011136
2.87777777778	5.3873080311
2.88148148148	5.3918125290
2.88518518519	5.3963145918
2.88888888889	5.4008142041
2.89259259259	5.4053113503
2.8962962963	5.4098060150
2.9	5.4142981831
2.9037037037	5.4187878393
2.90740740741	5.4232749684
2.91111111111	5.4277595554
2.91481481481	5.4322415853
2.91851851852	5.4367210432
2.92222222222	5.4411979143
2.92592592593	5.4456721837
2.92962962963	5.4501438370
2.93333333333	5.4546128593
2.93703703704	5.4590792362
2.94074074074	5.4635429533
2.94444444444	5.4680039961
2.94814814815	5.4724623503
2.95185185185	5.4769180018
2.95555555556	5.4813709364
2.95925925926	5.4858211399
2.96296296296	5.4902685984
2.96666666667	5.4947132979
2.97037037037	5.4991552246
2.97407407407	5.5035943647
2.97777777778	5.5080307045
2.98148148148	5.5124642303
2.98518518519	5.5168949286
2.98888888889	5.5213227859
2.99259259259	5.5257477888
2.9962962963	5.5301699239
3.0	5.5345891780
3.0037037037	5.5390055379
3.00740740741	5.5434189904
3.01111111111	5.5478295224
3.01481481481	5.5522371211
3.01851851852	5.5566417735
3.02222222222	5.5610434668
3.02592592593	5.5654421882
3.02962962963	5.5698379250
3.03333333333	5.5742306646
3.03703703704	5.5786203944
3.04074074074	5.5830071021
3.04444444444	5.5873907751
3.04814814815	5.5917714012
3.05185185185	5.5961489680
3.05555555556	5.6005234635
3.05925925926	5.6048948754
3.06296296296	5.6092631918
3.06666666667	5.6136284006
3.07037037037	5.6179904900
3.07407407407	5.6223494482
3.07777777778	5.6267052632
3.08148148148	5.6310579236
3.08518518519	5.6354074175
3.08888888889	5.6397537336
3.09259259259	5.6440968602
3.0962962963	5.6484367860
3.1	5.6527734997
3.1037037037	5.6571069899
3.10740740741	5.6614372455
3.11111111111	5.6657642553
3.11481481481	5.6700880082
3.11851851852	5.6744084932
3.12222222222	5.6787256995
3.12592592593	5.6830396161
3.12962962963	5.6873502323
3.13333333333	5.6916575373
3.13703703704	5.6959615204
3.14074074074	5.7002621711
3.14444444444	5.7045594788
3.14814814815	5.7088534332
3.15185185185	5.7131440237
3.15555555556	5.7174312401
3.15925925926	5.7217150721
3.16296296296	5.7259955095
3.16666666667	5.7302725423
3.17037037037	5.7345461603
3.17407407407	5.7388163535
3.17777777778	5.7430831121
3.18148148148	5.7473464262
3.18518518519	5.7516062860
3.18888888889	5.7558626817
3.19259259259	5.7601156038
3.1962962963	5.7643650425
3.2	5.7686109885
3.2037037037	5.7728534321
3.20740740741	5.7770923641
3.21111111111	5.7813277751
3.21481481481	5.7855596558
3.21851851852	5.7897879970
3.22222222222	5.7940127896
3.22592592593	5.7982340245
3.22962962963	5.8024516927
3.23333333333	5.8066657852
3.23703703704	5.8108762932
3.24074074074	5.8150832078
3.24444444444	5.8192865203
3.24814814815	5.8234862220
3.25185185185	5.8276823042
3.25555555556	5.8318747585
3.25925925926	5.8360635762
3.26296296296	5.8402487490
3.26666666667	5.8444302684
3.27037037037	5.8486081262
3.27407407407	5.8527823140
3.27777777778	5.8569528238
3.28148148148	5.8611196474
3.28518518519	5.8652827766
3.28888888889	5.8694422036
3.29259259259	5.8735979202
3.2962962963	5.8777499188
3.3	5.8818981914
3.3037037037	5.8860427303
3.30740740741	5.8901835277
3.31111111111	5.8943205761
3.31481481481	5.8984538678
3.31851851852	5.9025833954
3.32222222222	5.9067091514
3.32592592593	5.9108311283
3.32962962963	5.9149493188
3.33333333333	5.9190637157
3.33703703704	5.9231743118
3.34074074074	5.9272810998
3.34444444444	5.9313840727
3.34814814815	5.9354832234
3.35185185185	5.9395785450
3.35555555556	5.9436700304
3.35925925926	5.9477576730
3.36296296296	5.9518414657
3.36666666667	5.9559214020
3.37037037037	5.9599974750
3.37407407407	5.9640696783
3.37777777778	5.9681380051
3.38148148148	5.9722024490
3.38518518519	5.9762630035
3.38888888889	5.9803196622
3.39259259259	5.9843724188
3.3962962963	5.9884212670
3.4	5.9924662005
3.4037037037	5.9965072132
3.40740740741	6.0005442990
3.41111111111	6.0045774517
3.41481481481	6.0086066655
3.41851851852	6.0126319342
3.42222222222	6.0166532521
3.42592592593	6.0206706134
3.42962962963	6.0246840121
3.43333333333	6.0286934427
3.43703703704	6.0326988994
3.44074074074	6.0367003767
3.44444444444	6.0406978689
3.44814814815	6.0446913705
3.45185185185	6.0486808762
3.45555555556	6.0526663805
3.45925925926	6.0566478781
3.46296296296	6.0606253636
3.46666666667	6.0645988320
3.47037037037	6.0685682779
3.47407407407	6.0725336963
3.47777777778	6.0764950821
3.48148148148	6.0804524303
3.48518518519	6.0844057359
3.48888888889	6.0883549940
3.49259259259	6.0923001998
3.4962962963	6.0962413485
3.5	6.1001784352
3.5037037037	6.1041114555
3.50740740741	6.1080404045
3.51111111111	6.1119652777
3.51481481481	6.1158860705
3.51851851852	6.1198027786
3.52222222222	6.1237153974
3.52592592593	6.1276239226
3.52962962963	6.1315283498
3.53333333333	6.1354286748
3.53703703704	6.1393248933
3.54074074074	6.1432170013
3.54444444444	6.1471049945
3.54814814815	6.1509888689
3.55185185185	6.1548686205
3.55555555556	6.1587442453
3.55925925926	6.1626157394
3.56296296296	6.1664830990
3.56666666667	6.1703463202
3.57037037037	6.1742053993
3.57407407407	6.1780603325
3.57777777778	6.1819111163
3.58148148148	6.1857577470
3.58518518519	6.1896002210
3.58888888889	6.1934385348
3.59259259259	6.1972726850
3.5962962963	6.2011026682
3.6	6.2049284810
3.6037037037	6.2087501202
3.60740740741	6.2125675824
3.61111111111	6.2163808644
3.61481481481	6.2201899631
3.61851851852	6.2239948754
3.62222222222	6.2277955982
3.62592592593	6.2315921285
3.62962962963	6.2353844634
3.63333333333	6.2391725999
3.63703703704	6.2429565352
3.64074074074	6.2467362665
3.64444444444	6.2505117909
3.64814814815	6.2542831059
3.65185185185	6.2580502086
3.65555555556	6.2618130966
3.65925925926	6.2655717672
3.66296296296	6.2693262179
3.66666666667	6.2730764462
3.67037037037	6.2768224497
3.67407407407	6.2805642261
3.67777777778	6.2843017730
3.68148148148	6.2880350881
3.68518518519	6.2917641692
3.68888888889	6.2954890141
3.69259259259	6.2992096207
3.6962962963	6.3029259869
3.7	6.3066381106
3.7037037037	6.3103459898
3.70740740741	6.3140496227
3.71111111111	6.3177490073
3.71481481481	6.3214441418
3.71851851852	6.3251350243
3.72222222222	6.3288216531
3.72592592593	6.3325040265
3.72962962963	6.3361821429
3.73333333333	6.3398560006
3.73703703704	6.3435255981
3.74074074074	6.3471909338
3.74444444444	6.3508520063
3.74814814815	6.3545088141
3.75185185185	6.3581613559
3.75555555556	6.3618096304
3.75925925926	6.3654536363
3.76296296296	6.3690933723
3.76666666667	6.3727288372
3.77037037037	6.3763600300
3.77407407407	6.3799869495
3.77777777778	6.3836095947
3.78148148148	6.3872279646
3.78518518519	6.3908420582
3.78888888889	6.3944518747
3.79259259259	6.3980574132
3.7962962963	6.4016586728
3.8	6.4052556529
3.8037037037	6.4088483527
3.80740740741	6.4124367716
3.81111111111	6.4160209089
3.81481481481	6.4196007640
3.81851851852	6.4231763365
3.82222222222	6.4267476259
3.82592592593	6.4303146318
3.82962962963	6.4338773537
3.83333333333	6.4374357914
3.83703703704	6.4409899446
3.84074074074	6.4445398130
3.84444444444	6.4480853965
3.84814814815	6.4516266949
3.85185185185	6.4551637081
3.85555555556	6.4586964362
3.85925925926	6.4622248791
3.86296296296	6.4657490369
3.86666666667	6.4692689096
3.87037037037	6.4727844976
3.87407407407	6.4762958009
3.87777777778	6.4798028198
3.88148148148	6.4833055546
3.88518518519	6.4868040058
3.88888888889	6.4902981737
3.89259259259	6.4937880587
3.8962962963	6.4972736614
3.9	6.5007549824
3.9037037037	6.5042320222
3.90740740741	6.5077047816
3.91111111111	6.5111732612
3.91481481481	6.5146374618
3.91851851852	6.5180973842
3.92222222222	6.5215530294
3.92592592593	6.5250043982
3.92962962963	6.5284514916
3.93333333333	6.5318943107
3.93703703704	6.5353328565
3.94074074074	6.5387671302
3.94444444444	6.5421971329
3.94814814815	6.5456228660
3.95185185185	6.5490443308
3.95555555556	6.5524615285
3.95925925926	6.5558744607
3.96296296296	6.5592831288
3.96666666667	6.5626875343
3.97037037037	6.5660876788
3.97407407407	6.5694835641
3.97777777778	6.5728751917
3.98148148148	6.5762625635
3.98518518519	6.5796456812
3.98888888889	6.5830245468
3.99259259259	6.5863991623
3.9962962963	6.5897695296
4.0	6.5931356509
4.0037037037	6.5964975281
4.00740740741	6.5998551637
4.01111111111	6.6032085598
4.01481481481	6.6065577187
4.01851851852	6.6099026429
4.02222222222	6.6132433348
4.02592592593	6.6165797970
4.02962962963	6.6199120321
4.03333333333	6.6232400427
4.03703703704	6.6265638316
4.04074074074	6.6298834016
4.04444444444	6.6331987556
4.04814814815	6.6365098966
4.05185185185	6.6398168276
4.05555555556	6.6431195517
4.05925925926	6.6464180721
4.06296296296	6.6497123921
4.06666666667	6.6530025151
4.07037037037	6.6562884445
4.07407407407	6.6595701838
4.07777777778	6.6628477366
4.08148148148	6.6661211067
4.08518518519	6.6693902977
4.08888888889	6.6726553136
4.09259259259	6.6759161583
4.0962962963	6.6791728359
4.1	6.6824253506
4.1037037037	6.6856737066
4.10740740741	6.6889179082
4.11111111111	6.6921579599
4.11481481481	6.6953938663
4.11851851852	6.6986256320
4.12222222222	6.7018532619
4.12592592593	6.7050767607
4.12962962963	6.7082961335
4.13333333333	6.7115113854
4.13703703704	6.7147225217
4.14074074074	6.7179295477
4.14444444444	6.7211324689
4.14814814815	6.7243312909
4.15185185185	6.7275260196
4.15555555556	6.7307166607
4.15925925926	6.7339032204
4.16296296296	6.7370857048
4.16666666667	6.7402641202
4.17037037037	6.7434384732
4.17407407407	6.7466087704
4.17777777778	6.7497750186
4.18148148148	6.7529372248
4.18518518519	6.7560953961
4.18888888889	6.7592495400
4.19259259259	6.7623996639
4.1962962963	6.7655457755
4.2	6.7686878829
4.2037037037	6.7718259940
4.20740740741	6.7749601174
4.21111111111	6.7780902616
4.21481481481	6.7812164353
4.21851851852	6.7843386476
4.22222222222	6.7874569079
4.22592592593	6.7905712256
4.22962962963	6.7936816107
4.23333333333	6.7967880733
4.23703703704	6.7998906237
4.24074074074	6.8029892727
4.24444444444	6.8060840313
4.24814814815	6.8091749109
4.25185185185	6.8122619233
4.25555555556	6.8153450804
4.25925925926	6.8184243949
4.26296296296	6.8214998794
4.26666666667	6.8245715475
4.27037037037	6.8276394127
4.27407407407	6.8307034894
4.27777777778	6.8337637921
4.28148148148	6.8368203360
4.28518518519	6.8398731370
4.28888888889	6.8429222113
4.29259259259	6.8459675758
4.2962962963	6.8490092481
4.3	6.8520472463
4.3037037037	6.8550815894
4.30740740741	6.8581122971
4.31111111111	6.8611393897
4.31481481481	6.8641628888
4.31851851852	6.8671828163
4.32222222222	6.8701991956
4.32592592593	6.8732120508
4.32962962963	6.8762214072
4.33333333333	6.8792272913
4.33703703704	6.8822297307
4.34074074074	6.8852287546
4.34444444444	6.8882243934
4.34814814815	6.8912166792
4.35185185185	6.8942056456
4.35555555556	6.8971913282
4.35925925926	6.9001737645
4.36296296296	6.9031529941
4.36666666667	6.9061290589
4.37037037037	6.9091020032
4.37407407407	6.9120718743
4.37777777778	6.9150387222
4.38148148148	6.9180026003
4.38518518519	6.9209635658
4.38888888889	6.9239216797
4.39259259259	6.9268770073
4.3962962963	6.9298296190
4.4	6.9327795906
4.4037037037	6.9357270040
4.40740740741	6.9386719479
4.41111111111	6.9416145189
4.41481481481	6.9445548222
4.41851851852	6.9474929729
4.42222222222	6.9504290978
4.42592592593	6.9533633366
4.42962962963	6.9562958444
4.43333333333	6.9592267939
4.43703703704	6.9621563789
4.44074074074	6.9650848180
4.44444444444	6.9680123597
4.44814814815	6.9709392883
4.45185185185	6.9738659324
4.45555555556	6.9767926759
4.45925925926	6.9797199718
4.46296296296	6.9826483629
4.46666666667	6.9855785095
4.47037037037	6.9885112316
4.47407407407	6.9914475712
4.47777777778	6.9943888943
4.48148148148	6.9973370627
4.48518518519	7.0002947556
4.48888888889	7.0032661429
4.49259259259	7.0062585945
4.4962962963	7.0092888452
4.5	7.0125406637
4.5037037037	7.0159776924
4.50740740741	7.0193847858
4.51111111111	7.0227436121
4.51481481481	7.0260495545
4.51851851852	7.0293030991
4.52222222222	7.0325070793
4.52592592593	7.0356654334
4.52962962963	7.0387825425
4.53333333333	7.0418628453
4.53703703704	7.0449106069
4.54074074074	7.0479297818
4.54444444444	7.0509239382
4.54814814815	7.0538962236
4.55185185185	7.0568493602
4.55555555556	7.0597856590
4.55925925926	7.0627070484
4.56296296296	7.0656151103
4.56666666667	7.0685111210
4.57037037037	7.0713960938
4.57407407407	7.0742708210
4.57777777778	7.0771359145
4.58148148148	7.0799918418
4.58518518519	7.0828389600
4.58888888889	7.0856775436
4.59259259259	7.0885078094
4.5962962963	7.0913299358
4.6	7.0941440791
4.6037037037	7.0969503848
4.60740740741	7.0997489963
4.61111111111	7.1025400605
4.61481481481	7.1053237309
4.61851851852	7.1081001684
4.62222222222	7.1108695411
4.62592592593	7.1136320224
4.62962962963	7.1163877891
4.63333333333	7.1191370180
4.63703703704	7.1218798837
4.64074074074	7.1246165551
4.64444444444	7.1273471932
4.64814814815	7.1300719485
4.65185185185	7.1327909594
4.65555555556	7.1355043509
4.65925925926	7.1382122335
4.66296296296	7.1409147029
4.66666666667	7.1436118403
4.67037037037	7.1463037124
4.67407407407	7.1489903726
4.67777777778	7.1516718618
4.68148148148	7.1543482095
4.68518518519	7.1570194357
4.68888888889	7.1596855518
4.69259259259	7.1623465624
4.6962962963	7.1650024664
4.7	7.1676532589
4.7037037037	7.1702989320
4.70740740741	7.1729394759
4.71111111111	7.1755748805
4.71481481481	7.1782051355
4.71851851852	7.1808302316
4.72222222222	7.1834501609
4.72592592593	7.1860649171
4.72962962963	7.1886744962
4.73333333333	7.1912788963
4.73703703704	7.1938781178
4.74074074074	7.1964721634
4.74444444444	7.1990610377
4.74814814815	7.2016447475
4.75185185185	7.2042233013
4.75555555556	7.2067967091
4.75925925926	7.2093649823
4.76296296296	7.2119281331
4.76666666667	7.2144861747
4.77037037037	7.2170391210
4.77407407407	7.2195869859
4.77777777778	7.2221297837
4.78148148148	7.2246675288
4.78518518519	7.2272002352
4.78888888889	7.2297279170
4.79259259259	7.2322505877
4.7962962963	7.2347682605
4.8	7.2372809483
4.8037037037	7.2397886633
4.80740740741	7.2422914174
4.81111111111	7.2447892220
4.81481481481	7.2472820883
4.81851851852	7.2497700267
4.82222222222	7.2522530475
4.82592592593	7.2547311606
4.82962962963	7.2572043757
4.83333333333	7.2596727021
4.83703703704	7.2621361490
4.84074074074	7.2645947255
4.84444444444	7.2670484404
4.84814814815	7.2694973024
4.85185185185	7.2719413204
4.85555555556	7.2743805028
4.85925925926	7.2768148584
4.86296296296	7.2792443957
4.86666666667	7.2816691233
4.87037037037	7.2840890498
4.87407407407	7.2865041838
4.87777777778	7.2889145338
4.88148148148	7.2913201085
4.88518518519	7.2937209164
4.88888888889	7.2961169662
4.89259259259	7.2985082665
4.8962962963	7.3008948259
4.9	7.3032766531
4.9037037037	7.3056537566
4.90740740741	7.3080261451
4.91111111111	7.3103938270
4.91481481481	7.3127568111
4.91851851852	7.3151151058
4.92222222222	7.3174687197
4.92592592593	7.3198176613
4.92962962963	7.3221619391
4.93333333333	7.3245015616
4.93703703704	7.3268365371
4.94074074074	7.3291668743
4.94444444444	7.3314925814
4.94814814815	7.3338136668
4.95185185185	7.3361301390
4.95555555556	7.3384420063
4.95925925926	7.3407492771
4.96296296296	7.3430519596
4.96666666667	7.3453500622
4.97037037037	7.3476435933
4.97407407407	7.3499325611
4.97777777778	7.3522169739
4.98148148148	7.3544968400
4.98518518519	7.3567721678
4.98888888889	7.3590429654
4.99259259259	7.3613092411
4.9962962963	7.3635710033
5.0	7.3658282602
5.0037037037	7.3680810199
5.00740740741	7.3703292909
5.01111111111	7.3725730813
5.01481481481	7.3748123993
5.01851851852	7.3770472533
5.02222222222	7.3792776513
5.02592592593	7.3815036018
5.02962962963	7.3837251128
5.03333333333	7.3859421926
5.03703703704	7.3881548494
5.04074074074	7.3903630914
5.04444444444	7.3925669267
5.04814814815	7.3947663637
5.05185185185	7.3969614104
5.05555555556	7.3991520750
5.05925925926	7.4013383657
5.06296296296	7.4035202906
5.06666666667	7.4056978579
5.07037037037	7.4078710757
5.07407407407	7.4100399522
5.07777777778	7.4122044954
5.08148148148	7.4143647136
5.08518518519	7.4165206147
5.08888888889	7.4186722070
5.09259259259	7.4208194984
5.0962962963	7.4229624971
5.1	7.4251012111
5.1037037037	7.4272356486
5.10740740741	7.4293658175
5.11111111111	7.4314917259
5.11481481481	7.4336133819
5.11851851852	7.4357307935
5.12222222222	7.4378439687
5.12592592593	7.4399529155
5.12962962963	7.4420576419
5.13333333333	7.4441581560
5.13703703704	7.4462544657
5.14074074074	7.4483465790
5.14444444444	7.4504345039
5.14814814815	7.4525182483
5.15185185185	7.4545978202
5.15555555556	7.4566732276
5.15925925926	7.4587444783
5.16296296296	7.4608115803
5.16666666667	7.4628745415
5.17037037037	7.4649333698
5.17407407407	7.4669880732
5.17777777778	7.4690386595
5.18148148148	7.4710851366
5.18518518519	7.4731275123
5.18888888889	7.4751657945
5.19259259259	7.4771999912
5.1962962963	7.4792301100
5.2	7.4812561589
5.2037037037	7.4832781457
5.20740740741	7.4852960782
5.21111111111	7.4873099642
5.21481481481	7.4893198114
5.21851851852	7.4913256277
5.22222222222	7.4933274209
5.22592592593	7.4953251987
5.22962962963	7.4973189688
5.23333333333	7.4993087391
5.23703703704	7.5012945172
5.24074074074	7.5032763108
5.24444444444	7.5052541278
5.24814814815	7.5072279757
5.25185185185	7.5091978623
5.25555555556	7.5111637952
5.25925925926	7.5131257822
5.26296296296	7.5150838309
5.26666666667	7.5170379489
5.27037037037	7.5189881439
5.27407407407	7.5209344236
5.27777777778	7.5228767955
5.28148148148	7.5248152672
5.28518518519	7.5267498464
5.28888888889	7.5286805406
5.29259259259	7.5306073574
5.2962962963	7.5325303044
5.3	7.5344493892
5.3037037037	7.5363646192
5.30740740741	7.5382760021
5.31111111111	7.5401835453
5.31481481481	7.5420872564
5.31851851852	7.5439871428
5.32222222222	7.5458832121
5.32592592593	7.5477754717
5.32962962963	7.5496639291
5.33333333333	7.5515485918
5.33703703704	7.5534294672
5.34074074074	7.5553065627
5.34444444444	7.5571798858
5.34814814815	7.5590494439
5.35185185185	7.5609152444
5.35555555556	7.5627772946
5.35925925926	7.5646356021
5.36296296296	7.5664901740
5.36666666667	7.5683410179
5.37037037037	7.5701881410
5.37407407407	7.5720315506
5.37777777778	7.5738712542
5.38148148148	7.5757072589
5.38518518519	7.5775395722
5.38888888889	7.5793682013
5.39259259259	7.5811931534
5.3962962963	7.5830144359
5.4	7.5848320560
5.4037037037	7.5866460210
5.40740740741	7.5884563380
5.41111111111	7.5902630144
5.41481481481	7.5920660572
5.41851851852	7.5938654738
5.42222222222	7.5956612713
5.42592592593	7.5974534568
5.42962962963	7.5992420376
5.43333333333	7.6010270208
5.43703703704	7.6028084135
5.44074074074	7.6045862228
5.44444444444	7.6063604560
5.44814814815	7.6081311200
5.45185185185	7.6098982220
5.45555555556	7.6116617691
5.45925925926	7.6134217683
5.46296296296	7.6151782266
5.46666666667	7.6169311513
5.47037037037	7.6186805491
5.47407407407	7.6204264273
5.47777777778	7.6221687928
5.48148148148	7.6239076526
5.48518518519	7.6256430138
5.48888888889	7.6273748831
5.49259259259	7.6291032678
5.4962962963	7.6308281746
5.5	7.6325495813
5.5037037037	7.6342668321
5.50740740741	7.6359800250
5.51111111111	7.6376892480
5.51481481481	7.6393945793
5.51851851852	7.6410960880
5.52222222222	7.6427938344
5.52592592593	7.6444878713
5.52962962963	7.6461782440
5.53333333333	7.6478649919
5.53703703704	7.6495481484
5.54074074074	7.6512277423
5.54444444444	7.6529037983
5.54814814815	7.6545763375
5.55185185185	7.6562453780
5.55555555556	7.6579109359
5.55925925926	7.6595730251
5.56296296296	7.6612316583
5.56666666667	7.6628868469
5.57037037037	7.6645386017
5.57407407407	7.6661869328
5.57777777778	7.6678318500
5.58148148148	7.6694733628
5.58518518519	7.6711114806
5.58888888889	7.6727462128
5.59259259259	7.6743775687
5.5962962963	7.6760055577
5.6	7.6776301890
5.6037037037	7.6792514719
5.60740740741	7.6808694158
5.61111111111	7.6824840299
5.61481481481	7.6840953233
5.61851851852	7.6857033050
5.62222222222	7.6873079839
5.62592592593	7.6889093687
5.62962962963	7.6905074682
5.63333333333	7.6921022905
5.63703703704	7.6936938441
5.64074074074	7.6952821368
5.64444444444	7.6968671766
5.64814814815	7.6984489712
5.65185185185	7.7000275281
5.65555555556	7.7016028547
5.65925925926	7.7031749583
5.66296296296	7.7047438460
5.66666666667	7.7063095249
5.67037037037	7.7078720020
5.67407407407	7.7094312841
5.67777777778	7.7109873782
5.68148148148	7.7125402911
5.68518518519	7.7140900296
5.68888888889	7.7156366006
5.69259259259	7.7171800107
5.6962962963	7.7187202670
5.7	7.7202573761
5.7037037037	7.7217913449
5.70740740741	7.7233221802
5.71111111111	7.7248498890
5.71481481481	7.7263744780
5.71851851852	7.7278959543
5.72222222222	7.7294143246
5.72592592593	7.7309295959
5.72962962963	7.7324417751
5.73333333333	7.7339508690
5.73703703704	7.7354568847
5.74074074074	7.7369598290
5.74444444444	7.7384597087
5.74814814815	7.7399565308
5.75185185185	7.7414503021
5.75555555556	7.7429410294
5.75925925926	7.7444287196
5.76296296296	7.7459133794
5.76666666667	7.7473950157
5.77037037037	7.7488736351
5.77407407407	7.7503492443
5.77777777778	7.7518218501
5.78148148148	7.7532914592
5.78518518519	7.7547580781
5.78888888889	7.7562217136
5.79259259259	7.7576823721
5.7962962963	7.7591400603
5.8	7.7605947847
5.8037037037	7.7620465518
5.80740740741	7.7634953682
5.81111111111	7.7649412403
5.81481481481	7.7663841746
5.81851851852	7.7678241776
5.82222222222	7.7692612557
5.82592592593	7.7706954153
5.82962962963	7.7721266627
5.83333333333	7.7735550045
5.83703703704	7.7749804469
5.84074074074	7.7764029962
5.84444444444	7.7778226589
5.84814814815	7.7792394413
5.85185185185	7.7806533495
5.85555555556	7.7820643900
5.85925925926	7.7834725689
5.86296296296	7.7848778926
5.86666666667	7.7862803672
5.87037037037	7.7876799991
5.87407407407	7.7890767943
5.87777777778	7.7904707590
5.88148148148	7.7918618996
5.88518518519	7.7932502220
5.88888888889	7.7946357324
5.89259259259	7.7960184370
5.8962962963	7.7973983419
5.9	7.7987754531
5.9037037037	7.8001497768
5.90740740741	7.8015213189
5.91111111111	7.8028900856
5.91481481481	7.8042560828
5.91851851852	7.8056193166
5.92222222222	7.8069797929
5.92592592593	7.8083375178
5.92962962963	7.8096924972
5.93333333333	7.8110447371
5.93703703704	7.8123942433
5.94074074074	7.8137410219
5.94444444444	7.8150850786
5.94814814815	7.8164264195
5.95185185185	7.8177650504
5.95555555556	7.8191009771
5.95925925926	7.8204342054
5.96296296296	7.8217647413
5.96666666667	7.8230925906
5.97037037037	7.8244177589
5.97407407407	7.8257402522
5.97777777778	7.8270600762
5.98148148148	7.8283772366
5.98518518519	7.8296917392
5.98888888889	7.8310035897
5.99259259259	7.8323127939
5.9962962963	7.8336193574
6.0	7.8349232859
6.0037037037	7.8362245852
6.00740740741	7.8375232607
6.01111111111	7.8388193183
6.01481481481	7.8401127636
6.01851851852	7.8414036020
6.02222222222	7.8426918393
6.02592592593	7.8439774811
6.02962962963	7.8452605328
6.03333333333	7.8465410002
6.03703703704	7.8478188886
6.04074074074	7.8490942037
6.04444444444	7.8503669510
6.04814814815	7.8516371359
6.05185185185	7.8529047640
6.05555555556	7.8541698408
6.05925925926	7.8554323717
6.06296296296	7.8566923621
6.06666666667	7.8579498176
6.07037037037	7.8592047435
6.07407407407	7.8604571452
6.07777777778	7.8617070281
6.08148148148	7.8629543977
6.08518518519	7.8641992593
6.08888888889	7.8654416182
6.09259259259	7.8666814798
6.0962962963	7.8679188495
6.1	7.8691537325
6.1037037037	7.8703861342
6.10740740741	7.8716160598
6.11111111111	7.8728435146
6.11481481481	7.8740685040
6.11851851852	7.8752910331
6.12222222222	7.8765111072
6.12592592593	7.8777287316
6.12962962963	7.8789439114
6.13333333333	7.8801566518
6.13703703704	7.8813669581
6.14074074074	7.8825748354
6.14444444444	7.8837802889
6.14814814815	7.8849833237
6.15185185185	7.8861839450
6.15555555556	7.8873821579
6.15925925926	7.8885779676
6.16296296296	7.8897713790
6.16666666667	7.8909623975
6.17037037037	7.8921510279
6.17407407407	7.8933372754
6.17777777778	7.8945211450
6.18148148148	7.8957026418
6.18518518519	7.8968817708
6.18888888889	7.8980585370
6.19259259259	7.8992329454
6.1962962963	7.9004050011
6.2	7.9015747090
6.2037037037	7.9027420741
6.20740740741	7.9039071013
6.21111111111	7.9050697956
6.21481481481	7.9062301619
6.21851851852	7.9073882052
6.22222222222	7.9085439303
6.22592592593	7.9096973422
6.22962962963	7.9108484457
6.23333333333	7.9119972458
6.23703703704	7.9131437472
6.24074074074	7.9142879549
6.24444444444	7.9154298737
6.24814814815	7.9165695084
6.25185185185	7.9177068638
6.25555555556	7.9188419448
6.25925925926	7.9199747562
6.26296296296	7.9211053026
6.26666666667	7.9222335890
6.27037037037	7.9233596201
6.27407407407	7.9244834005
6.27777777778	7.9256049351
6.28148148148	7.9267242286
6.28518518519	7.9278412857
6.28888888889	7.9289561112
6.29259259259	7.9300687096
6.2962962963	7.9311790857
6.3	7.9322872442
6.3037037037	7.9333931897
6.30740740741	7.9344969269
6.31111111111	7.9355984605
6.31481481481	7.9366977949
6.31851851852	7.9377949350
6.32222222222	7.9388898852
6.32592592593	7.9399826502
6.32962962963	7.9410732346
6.33333333333	7.9421616429
6.33703703704	7.9432478797
6.34074074074	7.9443319496
6.34444444444	7.9454138570
6.34814814815	7.9464936066
6.35185185185	7.9475712029
6.35555555556	7.9486466503
6.35925925926	7.9497199534
6.36296296296	7.9507911167
6.36666666667	7.9518601446
6.37037037037	7.9529270417
6.37407407407	7.9539918123
6.37777777778	7.9550544609
6.38148148148	7.9561149920
6.38518518519	7.9571734099
6.38888888889	7.9582297192
6.39259259259	7.9592839242
6.3962962963	7.9603360294
6.4	7.9613860390
6.4037037037	7.9624339575
6.40740740741	7.9634797892
6.41111111111	7.9645235386
6.41481481481	7.9655652099
6.41851851852	7.9666048075
6.42222222222	7.9676423357
6.42592592593	7.9686777988
6.42962962963	7.9697112012
6.43333333333	7.9707425472
6.43703703704	7.9717718409
6.44074074074	7.9727990868
6.44444444444	7.9738242890
6.44814814815	7.9748474518
6.45185185185	7.9758685796
6.45555555556	7.9768876764
6.45925925926	7.9779047466
6.46296296296	7.9789197944
6.46666666667	7.9799328239
6.47037037037	7.9809438394
6.47407407407	7.9819528450
6.47777777778	7.9829598450
6.48148148148	7.9839648435
6.48518518519	7.9849678447
6.48888888889	7.9859688527
6.49259259259	7.9869678716
6.4962962963	7.9879649057
6.5	7.9889599589
6.5037037037	7.9899530355
6.50740740741	7.9909441396
6.51111111111	7.9919332752
6.51481481481	7.9929204464
6.51851851852	7.9939056572
6.52222222222	7.9948889119
6.52592592593	7.9958702144
6.52962962963	7.9968495687
6.53333333333	7.9978269789
6.53703703704	7.9988024491
6.54074074074	7.9997759832
6.54444444444	8.0007475853
6.54814814815	8.0017172594
6.55185185185	8.0026850094
6.55555555556	8.0036508394
6.55925925926	8.0046147533
6.56296296296	8.0055767550
6.56666666667	8.0065368487
6.57037037037	8.0074950381
6.57407407407	8.0084513272
6.57777777778	8.0094057200
6.58148148148	8.0103582204
6.58518518519	8.0113088323
6.58888888889	8.0122575596
6.59259259259	8.0132044062
6.5962962963	8.0141493760
6.6	8.0150924728
6.6037037037	8.0160337006
6.60740740741	8.0169730631
6.61111111111	8.0179105643
6.61481481481	8.0188462080
6.61851851852	8.0197799979
6.62222222222	8.0207119380
6.62592592593	8.0216420321
6.62962962963	8.0225702839
6.63333333333	8.0234966973
6.63703703704	8.0244212761
6.64074074074	8.0253440239
6.64444444444	8.0262649447
6.64814814815	8.0271840422
6.65185185185	8.0281013201
6.65555555556	8.0290167821
6.65925925926	8.0299304321
6.66296296296	8.0308422738
6.66666666667	8.0317523108
6.67037037037	8.0326605469
6.67407407407	8.0335669858
6.67777777778	8.0344716311
6.68148148148	8.0353744867
6.68518518519	8.0362755561
6.68888888889	8.0371748431
6.69259259259	8.0380723512
6.6962962963	8.0389680843
6.7	8.0398620458
6.7037037037	8.0407542395
6.70740740741	8.0416446689
6.71111111111	8.0425333378
6.71481481481	8.0434202497
6.71851851852	8.0443054082
6.72222222222	8.0451888169
6.72592592593	8.0460704795
6.72962962963	8.0469503995
6.73333333333	8.0478285804
6.73703703704	8.0487050259
6.74074074074	8.0495797395
6.74444444444	8.0504527248
6.74814814815	8.0513239853
6.75185185185	8.0521935245
6.75555555556	8.0530613460
6.75925925926	8.0539274533
6.76296296296	8.0547918499
6.76666666667	8.0556545393
6.77037037037	8.0565155250
6.77407407407	8.0573748105
6.77777777778	8.0582323993
6.78148148148	8.0590882949
6.78518518519	8.0599425007
6.78888888889	8.0607950201
6.79259259259	8.0616458567
6.7962962963	8.0624950138
6.8	8.0633424950
6.8037037037	8.0641883036
6.80740740741	8.0650324431
6.81111111111	8.0658749168
6.81481481481	8.0667157282
6.81851851852	8.0675548807
6.82222222222	8.0683923777
6.82592592593	8.0692282225
6.82962962963	8.0700624186
6.83333333333	8.0708949692
6.83703703704	8.0717258778
6.84074074074	8.0725551477
6.84444444444	8.0733827822
6.84814814815	8.0742087848
6.85185185185	8.0750331587
6.85555555556	8.0758559072
6.85925925926	8.0766770337
6.86296296296	8.0774965414
6.86666666667	8.0783144338
6.87037037037	8.0791307140
6.87407407407	8.0799453854
6.87777777778	8.0807584512
6.88148148148	8.0815699147
6.88518518519	8.0823797792
6.88888888889	8.0831880480
6.89259259259	8.0839947242
6.8962962963	8.0847998112
6.9	8.0856033121
6.9037037037	8.0864052303
6.90740740741	8.0872055689
6.91111111111	8.0880043311
6.91481481481	8.0888015202
6.91851851852	8.0895971393
6.92222222222	8.0903911917
6.92592592593	8.0911836805
6.92962962963	8.0919746089
6.93333333333	8.0927639801
6.93703703704	8.0935517973
6.94074074074	8.0943380636
6.94444444444	8.0951227822
6.94814814815	8.0959059562
6.95185185185	8.0966875888
6.95555555556	8.0974676830
6.95925925926	8.0982462421
6.96296296296	8.0990232691
6.96666666667	8.0997987672
6.97037037037	8.1005727394
6.97407407407	8.1013451889
6.97777777778	8.1021161188
6.98148148148	8.1028855320
6.98518518519	8.1036534318
6.98888888889	8.1044198212
6.99259259259	8.1051847032
6.9962962963	8.1059480810
7.0	8.1067099575
7.0037037037	8.1074703358
7.00740740741	8.1082292189
7.01111111111	8.1089866100
7.01481481481	8.1097425119
7.01851851852	8.1104969278
7.02222222222	8.1112498606
7.02592592593	8.1120013133
7.02962962963	8.1127512890
7.03333333333	8.1134997907
7.03703703704	8.1142468212
7.04074074074	8.1149923837
7.04444444444	8.1157364810
7.04814814815	8.1164791162
7.05185185185	8.1172202922
7.05555555556	8.1179600119
7.05925925926	8.1186982784
7.06296296296	8.1194350945
7.06666666667	8.1201704631
7.07037037037	8.1209043873
7.07407407407	8.1216368700
7.07777777778	8.1223679140
7.08148148148	8.1230975222
7.08518518519	8.1238256976
7.08888888889	8.1245524431
7.09259259259	8.1252777616
7.0962962963	8.1260016558
7.1	8.1267241289
7.1037037037	8.1274451834
7.10740740741	8.1281648225
7.11111111111	8.1288830489
7.11481481481	8.1295998654
7.11851851852	8.1303152750
7.12222222222	8.1310292804
7.12592592593	8.1317418846
7.12962962963	8.1324530903
7.13333333333	8.1331629003
7.13703703704	8.1338713175
7.14074074074	8.1345783446
7.14444444444	8.1352839846
7.14814814815	8.1359882402
7.15185185185	8.1366911141
7.15555555556	8.1373926092
7.15925925926	8.1380927283
7.16296296296	8.1387914740
7.16666666667	8.1394888493
7.17037037037	8.1401848568
7.17407407407	8.1408794994
7.17777777778	8.1415727797
7.18148148148	8.1422647005
7.18518518519	8.1429552646
7.18888888889	8.1436444747
7.19259259259	8.1443323335
7.1962962963	8.1450188438
7.2	8.1457040081
7.2037037037	8.1463878294
7.20740740741	8.1470703102
7.21111111111	8.1477514534
7.21481481481	8.1484312614
7.21851851852	8.1491097372
7.22222222222	8.1497868832
7.22592592593	8.1504627023
7.22962962963	8.1511371971
7.23333333333	8.1518103702
7.23703703704	8.1524822243
7.24074074074	8.1531527621
7.24444444444	8.1538219861
7.24814814815	8.1544898992
7.25185185185	8.1551565038
7.25555555556	8.1558218026
7.25925925926	8.1564857983
7.26296296296	8.1571484935
7.26666666667	8.1578098907
7.27037037037	8.1584699926
7.27407407407	8.1591288019
7.27777777778	8.1597863210
7.28148148148	8.1604425525
7.28518518519	8.1610974992
7.28888888889	8.1617511635
7.29259259259	8.1624035480
7.2962962963	8.1630546553
7.3	8.1637044880
7.3037037037	8.1643530486
7.30740740741	8.1650003397
7.31111111111	8.1656463638
7.31481481481	8.1662911234
7.31851851852	8.1669346212
7.32222222222	8.1675768596
7.32592592593	8.1682178411
7.32962962963	8.1688575684
7.33333333333	8.1694960438
7.33703703704	8.1701332699
7.34074074074	8.1707692493
7.34444444444	8.1714039844
7.34814814815	8.1720374777
7.35185185185	8.1726697317
7.35555555556	8.1733007489
7.35925925926	8.1739305317
7.36296296296	8.1745590827
7.36666666667	8.1751864043
7.37037037037	8.1758124989
7.37407407407	8.1764373691
7.37777777778	8.1770610173
7.38148148148	8.1776834459
7.38518518519	8.1783046574
7.38888888889	8.1789246542
7.39259259259	8.1795434387
7.3962962963	8.1801610134
7.4	8.1807773807
7.4037037037	8.1813925430
7.40740740741	8.1820065028
7.41111111111	8.1826192623
7.41481481481	8.1832308241
7.41851851852	8.1838411906
7.42222222222	8.1844503640
7.42592592593	8.1850583469
7.42962962963	8.1856651415
7.43333333333	8.1862707503
7.43703703704	8.1868751757
7.44074074074	8.1874784199
7.44444444444	8.1880804854
7.44814814815	8.1886813746
7.45185185185	8.1892810897
7.45555555556	8.1898796331
7.45925925926	8.1904770072
7.46296296296	8.1910732143
7.46666666667	8.1916682568
7.47037037037	8.1922621369
7.47407407407	8.1928548570
7.47777777778	8.1934464193
7.48148148148	8.1940368263
7.48518518519	8.1946260802
7.48888888889	8.1952141834
7.49259259259	8.1958011381
7.4962962963	8.1963869465
7.5	8.1969716111
7.5037037037	8.1975551341
7.50740740741	8.1981375177
7.51111111111	8.1987187643
7.51481481481	8.1992988761
7.51851851852	8.1998778554
7.52222222222	8.2004557044
7.52592592593	8.2010324254
7.52962962963	8.2016080206
7.53333333333	8.2021824923
7.53703703704	8.2027558428
7.54074074074	8.2033280742
7.54444444444	8.2038991888
7.54814814815	8.2044691888
7.55185185185	8.2050380765
7.55555555556	8.2056058541
7.55925925926	8.2061725237
7.56296296296	8.2067380876
7.56666666667	8.2073025480
7.57037037037	8.2078659071
7.57407407407	8.2084281670
7.57777777778	8.2089893301
7.58148148148	8.2095493984
7.58518518519	8.2101083741
7.58888888889	8.2106662595
7.59259259259	8.2112230566
7.5962962963	8.2117787677
7.6	8.2123333949
7.6037037037	8.2128869404
7.60740740741	8.2134394064
7.61111111111	8.2139907949
7.61481481481	8.2145411081
7.61851851852	8.2150903482
7.62222222222	8.2156385173
7.62592592593	8.2161856176
7.62962962963	8.2167316511
7.63333333333	8.2172766199
7.63703703704	8.2178205263
7.64074074074	8.2183633723
7.64444444444	8.2189051601
7.64814814815	8.2194458916
7.65185185185	8.2199855691
7.65555555556	8.2205241946
7.65925925926	8.2210617703
7.66296296296	8.2215982981
7.66666666667	8.2221337803
7.67037037037	8.2226682188
7.67407407407	8.2232016157
7.67777777778	8.2237339732
7.68148148148	8.2242652932
7.68518518519	8.2247955779
7.68888888889	8.2253248293
7.69259259259	8.2258530495
7.6962962963	8.2263802404
7.7	8.2269064042
7.7037037037	8.2274315429
7.70740740741	8.2279556585
7.71111111111	8.2284787531
7.71481481481	8.2290008287
7.71851851852	8.2295218872
7.72222222222	8.2300419308
7.72592592593	8.2305609615
7.72962962963	8.2310789812
7.73333333333	8.2315959919
7.73703703704	8.2321119958
7.74074074074	8.2326269947
7.74444444444	8.2331409906
7.74814814815	8.2336539856
7.75185185185	8.2341659816
7.75555555556	8.2346769807
7.75925925926	8.2351869847
7.76296296296	8.2356959958
7.76666666667	8.2362040157
7.77037037037	8.2367110466
7.77407407407	8.2372170903
7.77777777778	8.2377221489
7.78148148148	8.2382262242
7.78518518519	8.2387293183
7.78888888889	8.2392314330
7.79259259259	8.2397325704
7.7962962963	8.2402327323
7.8	8.2407319207
7.8037037037	8.2412301375
7.80740740741	8.2417273847
7.81111111111	8.2422236641
7.81481481481	8.2427189778
7.81851851852	8.2432133275
7.82222222222	8.2437067152
7.82592592593	8.2441991429
7.82962962963	8.2446906123
7.83333333333	8.2451811255
7.83703703704	8.2456706843
7.84074074074	8.2461592905
7.84444444444	8.2466469462
7.84814814815	8.2471336531
7.85185185185	8.2476194132
7.85555555556	8.2481042283
7.85925925926	8.2485881003
7.86296296296	8.2490710311
7.86666666667	8.2495530225
7.87037037037	8.2500340763
7.87407407407	8.2505141945
7.87777777778	8.2509933789
7.88148148148	8.2514716313
7.88518518519	8.2519489537
7.88888888889	8.2524253477
7.89259259259	8.2529008153
7.8962962963	8.2533753583
7.9	8.2538489785
7.9037037037	8.2543216778
7.90740740741	8.2547934579
7.91111111111	8.2552643207
7.91481481481	8.2557342680
7.91851851852	8.2562033017
7.92222222222	8.2566714234
7.92592592593	8.2571386351
7.92962962963	8.2576049385
7.93333333333	8.2580703354
7.93703703704	8.2585348277
7.94074074074	8.2589984170
7.94444444444	8.2594611052
7.94814814815	8.2599228941
7.95185185185	8.2603837854
7.95555555556	8.2608437809
7.95925925926	8.2613028824
7.96296296296	8.2617610917
7.96666666667	8.2622184105
7.97037037037	8.2626748405
7.97407407407	8.2631303836
7.97777777778	8.2635850415
7.98148148148	8.2640388159
7.98518518519	8.2644917086
7.98888888889	8.2649437212
7.99259259259	8.2653948557
7.9962962963	8.2658451136
8.0	8.2662944968
8.0037037037	8.2667430069
8.00740740741	8.2671906457
8.01111111111	8.2676374148
8.01481481481	8.2680833161
8.01851851852	8.2685283512
8.02222222222	8.2689725218
8.02592592593	8.2694158297
8.02962962963	8.2698582765
8.03333333333	8.2702998639
8.03703703704	8.2707405937
8.04074074074	8.2711804675
8.04444444444	8.2716194870
8.04814814815	8.2720576539
8.05185185185	8.2724949699
8.05555555556	8.2729314367
8.05925925926	8.2733670559
8.06296296296	8.2738018292
8.06666666667	8.2742357583
8.07037037037	8.2746688448
8.07407407407	8.2751010904
8.07777777778	8.2755324968
8.08148148148	8.2759630656
8.08518518519	8.2763927985
8.08888888889	8.2768216971
8.09259259259	8.2772497630
8.0962962963	8.2776769980
8.1	8.2781034036
8.1037037037	8.2785289814
8.10740740741	8.2789537332
8.11111111111	8.2793776605
8.11481481481	8.2798007650
8.11851851852	8.2802230482
8.12222222222	8.2806445118
8.12592592593	8.2810651575
8.12962962963	8.2814849867
8.13333333333	8.2819040012
8.13703703704	8.2823222026
8.14074074074	8.2827395924
8.14444444444	8.2831561722
8.14814814815	8.2835719436
8.15185185185	8.2839869083
8.15555555556	8.2844010678
8.15925925926	8.2848144237
8.16296296296	8.2852269776
8.16666666667	8.2856387310
8.17037037037	8.2860496856
8.17407407407	8.2864598428
8.17777777778	8.2868692044
8.18148148148	8.2872777718
8.18518518519	8.2876855466
8.18888888889	8.2880925304
8.19259259259	8.2884987247
8.1962962963	8.2889041310
8.2	8.2893087510
8.2037037037	8.2897125862
8.20740740741	8.2901156381
8.21111111111	8.2905179083
8.21481481481	8.2909193983
8.21851851852	8.2913201096
8.22222222222	8.2917200437
8.22592592593	8.2921192023
8.22962962963	8.2925175868
8.23333333333	8.2929151987
8.23703703704	8.2933120396
8.24074074074	8.2937081109
8.24444444444	8.2941034143
8.24814814815	8.2944979512
8.25185185185	8.2948917230
8.25555555556	8.2952847314
8.25925925926	8.2956769778
8.26296296296	8.2960684637
8.26666666667	8.2964591906
8.27037037037	8.2968491601
8.27407407407	8.2972383735
8.27777777778	8.2976268324
8.28148148148	8.2980145382
8.28518518519	8.2984014925
8.28888888889	8.2987876967
8.29259259259	8.2991731522
8.2962962963	8.2995578607
8.3	8.2999418234
8.3037037037	8.3003250420
8.30740740741	8.3007075178
8.31111111111	8.3010892524
8.31481481481	8.3014702470
8.31851851852	8.3018505034
8.32222222222	8.3022300228
8.32592592593	8.3026088067
8.32962962963	8.3029868566
8.33333333333	8.3033641739
8.33703703704	8.3037407600
8.34074074074	8.3041166164
8.34444444444	8.3044917445
8.34814814815	8.3048661458
8.35185185185	8.3052398217
8.35555555556	8.3056127735
8.35925925926	8.3059850028
8.36296296296	8.3063565109
8.36666666667	8.3067272992
8.37037037037	8.3070973692
8.37407407407	8.3074667223
8.37777777778	8.3078353599
8.38148148148	8.3082032833
8.38518518519	8.3085704941
8.38888888889	8.3089369935
8.39259259259	8.3093027830
8.3962962963	8.3096678640
8.4	8.3100322378
8.4037037037	8.3103959059
8.40740740741	8.3107588696
8.41111111111	8.3111211304
8.41481481481	8.3114826895
8.41851851852	8.3118435485
8.42222222222	8.3122037085
8.42592592593	8.3125631711
8.42962962963	8.3129219376
8.43333333333	8.3132800093
8.43703703704	8.3136373877
8.44074074074	8.3139940740
8.44444444444	8.3143500696
8.44814814815	8.3147053759
8.45185185185	8.3150599943
8.45555555556	8.3154139260
8.45925925926	8.3157671725
8.46296296296	8.3161197351
8.46666666667	8.3164716150
8.47037037037	8.3168228138
8.47407407407	8.3171733326
8.47777777778	8.3175231728
8.48148148148	8.3178723358
8.48518518519	8.3182208228
8.48888888889	8.3185686353
8.49259259259	8.3189157745
8.4962962963	8.3192622417
8.5	8.3196080383
8.5037037037	8.3199531656
8.50740740741	8.3202976248
8.51111111111	8.3206414174
8.51481481481	8.3209845445
8.51851851852	8.3213270076
8.52222222222	8.3216688079
8.52592592593	8.3220099466
8.52962962963	8.3223504252
8.53333333333	8.3226902449
8.53703703704	8.3230294069
8.54074074074	8.3233679126
8.54444444444	8.3237057633
8.54814814815	8.3240429602
8.55185185185	8.3243795047
8.55555555556	8.3247153979
8.55925925926	8.3250506412
8.56296296296	8.3253852359
8.56666666667	8.3257191831
8.57037037037	8.3260524843
8.57407407407	8.3263851406
8.57777777778	8.3267171533
8.58148148148	8.3270485237
8.58518518519	8.3273792530
8.58888888889	8.3277093425
8.59259259259	8.3280387934
8.5962962963	8.3283676070
8.6	8.3286957845
8.6037037037	8.3290233273
8.60740740741	8.3293502364
8.61111111111	8.3296765132
8.61481481481	8.3300021589
8.61851851852	8.3303271747
8.62222222222	8.3306515619
8.62592592593	8.3309753217
8.62962962963	8.3312984553
8.63333333333	8.3316209639
8.63703703704	8.3319428489
8.64074074074	8.3322641113
8.64444444444	8.3325847524
8.64814814815	8.3329047734
8.65185185185	8.3332241756
8.65555555556	8.3335429601
8.65925925926	8.3338611282
8.66296296296	8.3341786810
8.66666666667	8.3344956198
8.67037037037	8.3348119457
8.67407407407	8.3351276600
8.67777777778	8.3354427639
8.68148148148	8.3357572585
8.68518518519	8.3360711451
8.68888888889	8.3363844248
8.69259259259	8.3366970988
8.6962962963	8.3370091683
8.7	8.3373206345
8.7037037037	8.3376314985
8.70740740741	8.3379417616
8.71111111111	8.3382514249
8.71481481481	8.3385604896
8.71851851852	8.3388689569
8.72222222222	8.3391768278
8.72592592593	8.3394841037
8.72962962963	8.3397907856
8.73333333333	8.3400968748
8.73703703704	8.3404023723
8.74074074074	8.3407072793
8.74444444444	8.3410115970
8.74814814815	8.3413153265
8.75185185185	8.3416184691
8.75555555556	8.3419210257
8.75925925926	8.3422229977
8.76296296296	8.3425243860
8.76666666667	8.3428251919
8.77037037037	8.3431254165
8.77407407407	8.3434250609
8.77777777778	8.3437241263
8.78148148148	8.3440226138
8.78518518519	8.3443205245
8.78888888889	8.3446178596
8.79259259259	8.3449146201
8.7962962963	8.3452108072
8.8	8.3455064220
8.8037037037	8.3458014657
8.80740740741	8.3460959393
8.81111111111	8.3463898440
8.81481481481	8.3466831808
8.81851851852	8.3469759510
8.82222222222	8.3472681555
8.82592592593	8.3475597955
8.82962962963	8.3478508721
8.83333333333	8.3481413864
8.83703703704	8.3484313395
8.84074074074	8.3487207325
8.84444444444	8.3490095664
8.84814814815	8.3492978424
8.85185185185	8.3495855616
8.85555555556	8.3498727250
8.85925925926	8.3501593338
8.86296296296	8.3504453890
8.86666666667	8.3507308917
8.87037037037	8.3510158429
8.87407407407	8.3513002438
8.87777777778	8.3515840954
8.88148148148	8.3518673988
8.88518518519	8.3521501551
8.88888888889	8.3524323653
8.89259259259	8.3527140305
8.8962962963	8.3529951518
8.9	8.3532757302
8.9037037037	8.3535557667
8.90740740741	8.3538352625
8.91111111111	8.3541142186
8.91481481481	8.3543926361
8.91851851852	8.3546705159
8.92222222222	8.3549478592
8.92592592593	8.3552246670
8.92962962963	8.3555009403
8.93333333333	8.3557766802
8.93703703704	8.3560518877
8.94074074074	8.3563265639
8.94444444444	8.3566007098
8.94814814815	8.3568743263
8.95185185185	8.3571474147
8.95555555556	8.3574199758
8.95925925926	8.3576920108
8.96296296296	8.3579635206
8.96666666667	8.3582345063
8.97037037037	8.3585049688
8.97407407407	8.3587749093
8.97777777778	8.3590443287
8.98148148148	8.3593132281
8.98518518519	8.3595816083
8.98888888889	8.3598494706
8.99259259259	8.3601168159
8.9962962963	8.3603836451
9.0	8.3606499593
9.0037037037	8.3609157596
9.00740740741	8.3611810468
9.01111111111	8.3614458220
9.01481481481	8.3617100862
9.01851851852	8.3619738404
9.02222222222	8.3622370856
9.02592592593	8.3624998228
9.02962962963	8.3627620529
9.03333333333	8.3630237770
9.03703703704	8.3632849961
9.04074074074	8.3635457110
9.04444444444	8.3638059229
9.04814814815	8.3640656327
9.05185185185	8.3643248413
9.05555555556	8.3645835498
9.05925925926	8.3648417590
9.06296296296	8.3650994701
9.06666666667	8.3653566840
9.07037037037	8.3656134015
9.07407407407	8.3658696238
9.07777777778	8.3661253517
9.08148148148	8.3663805863
9.08518518519	8.3666353284
9.08888888889	8.3668895791
9.09259259259	8.3671433393
9.0962962963	8.3673966099
9.1	8.3676493920
9.1037037037	8.3679016864
9.10740740741	8.3681534941
9.11111111111	8.3684048161
9.11481481481	8.3686556533
9.11851851852	8.3689060066
9.12222222222	8.3691558770
9.12592592593	8.3694052655
9.12962962963	8.3696541729
9.13333333333	8.3699026003
9.13703703704	8.3701505485
9.14074074074	8.3703980184
9.14444444444	8.3706450111
9.14814814815	8.3708915274
9.15185185185	8.3711375682
9.15555555556	8.3713831346
9.15925925926	8.3716282273
9.16296296296	8.3718728474
9.16666666667	8.3721169958
9.17037037037	8.3723606733
9.17407407407	8.3726038809
9.17777777778	8.3728466195
9.18148148148	8.3730888900
9.18518518519	8.3733306934
9.18888888889	8.3735720305
9.19259259259	8.3738129022
9.1962962963	8.3740533095
9.2	8.3742932532
9.2037037037	8.3745327343
9.20740740741	8.3747717536
9.21111111111	8.3750103121
9.21481481481	8.3752484107
9.21851851852	8.3754860502
9.22222222222	8.3757232315
9.22592592593	8.3759599556
9.22962962963	8.3761962233
9.23333333333	8.3764320355
9.23703703704	8.3766673931
9.24074074074	8.3769022969
9.24444444444	8.3771367480
9.24814814815	8.3773707470
9.25185185185	8.3776042950
9.25555555556	8.3778373928
9.25925925926	8.3780700413
9.26296296296	8.3783022413
9.26666666667	8.3785339937
9.27037037037	8.3787652995
9.27407407407	8.3789961594
9.27777777778	8.3792265743
9.28148148148	8.3794565451
9.28518518519	8.3796860727
9.28888888889	8.3799151579
9.29259259259	8.3801438016
9.2962962963	8.3803720046
9.3	8.3805997678
9.3037037037	8.3808270920
9.30740740741	8.3810539782
9.31111111111	8.3812804271
9.31481481481	8.3815064397
9.31851851852	8.3817320166
9.32222222222	8.3819571589
9.32592592593	8.3821818674
9.32962962963	8.3824061428
9.33333333333	8.3826299860
9.33703703704	8.3828533980
9.34074074074	8.3830763794
9.34444444444	8.3832989312
9.34814814815	8.3835210542
9.35185185185	8.3837427492
9.35555555556	8.3839640170
9.35925925926	8.3841848585
9.36296296296	8.3844052746
9.36666666667	8.3846252659
9.37037037037	8.3848448335
9.37407407407	8.3850639780
9.37777777778	8.3852827003
9.38148148148	8.3855010012
9.38518518519	8.3857188816
9.38888888889	8.3859363423
9.39259259259	8.3861533840
9.3962962963	8.3863700077
9.4	8.3865862140
9.4037037037	8.3868020039
9.40740740741	8.3870173781
9.41111111111	8.3872323374
9.41481481481	8.3874468827
9.41851851852	8.3876610147
9.42222222222	8.3878747342
9.42592592593	8.3880880421
9.42962962963	8.3883009392
9.43333333333	8.3885134262
9.43703703704	8.3887255040
9.44074074074	8.3889371732
9.44444444444	8.3891484349
9.44814814815	8.3893592896
9.45185185185	8.3895697383
9.45555555556	8.3897797817
9.45925925926	8.3899894205
9.46296296296	8.3901986557
9.46666666667	8.3904074879
9.47037037037	8.3906159180
9.47407407407	8.3908239467
9.47777777778	8.3910315747
9.48148148148	8.3912388030
9.48518518519	8.3914456323
9.48888888889	8.3916520632
9.49259259259	8.3918580967
9.4962962963	8.3920637335
9.5	8.3922689743
9.5037037037	8.3924738200
9.50740740741	8.3926782712
9.51111111111	8.3928823288
9.51481481481	8.3930859935
9.51851851852	8.3932892661
9.52222222222	8.3934921473
9.52592592593	8.3936946379
9.52962962963	8.3938967387
9.53333333333	8.3940984505
9.53703703704	8.3942997739
9.54074074074	8.3945007097
9.54444444444	8.3947012587
9.54814814815	8.3949014216
9.55185185185	8.3951011993
9.55555555556	8.3953005923
9.55925925926	8.3954996016
9.56296296296	8.3956982277
9.56666666667	8.3958964715
9.57037037037	8.3960943338
9.57407407407	8.3962918152
9.57777777778	8.3964889164
9.58148148148	8.3966856383
9.58518518519	8.3968819816
9.58888888889	8.3970779470
9.59259259259	8.3972735352
9.5962962963	8.3974687469
9.6	8.3976635830
9.6037037037	8.3978580440
9.60740740741	8.3980521309
9.61111111111	8.3982458442
9.61481481481	8.3984391847
9.61851851852	8.3986321531
9.62222222222	8.3988247502
9.62592592593	8.3990169767
9.62962962963	8.3992088333
9.63333333333	8.3994003206
9.63703703704	8.3995914395
9.64074074074	8.3997821906
9.64444444444	8.3999725747
9.64814814815	8.4001625924
9.65185185185	8.4003522446
9.65555555556	8.4005415318
9.65925925926	8.4007304548
9.66296296296	8.4009190143
9.66666666667	8.4011072110
9.67037037037	8.4012950456
9.67407407407	8.4014825188
9.67777777778	8.4016696313
9.68148148148	8.4018563839
9.68518518519	8.4020427772
9.68888888889	8.4022288118
9.69259259259	8.4024144886
9.6962962963	8.4025998082
9.7	8.4027847713
9.7037037037	8.4029693785
9.70740740741	8.4031536307
9.71111111111	8.4033375284
9.71481481481	8.4035210723
9.71851851852	8.4037042632
9.72222222222	8.4038871017
9.72592592593	8.4040695885
9.72962962963	8.4042517243
9.73333333333	8.4044335098
9.73703703704	8.4046149456
9.74074074074	8.4047960325
9.74444444444	8.4049767710
9.74814814815	8.4051571619
9.75185185185	8.4053372059
9.75555555556	8.4055169036
9.75925925926	8.4056962557
9.76296296296	8.4058752629
9.76666666667	8.4060539258
9.77037037037	8.4062322452
9.77407407407	8.4064102215
9.77777777778	8.4065878557
9.78148148148	8.4067651482
9.78518518519	8.4069420998
9.78888888889	8.4071187111
9.79259259259	8.4072949828
9.7962962963	8.4074709156
9.8	8.4076465100
9.8037037037	8.4078217668
9.80740740741	8.4079966866
9.81111111111	8.4081712701
9.81481481481	8.4083455179
9.81851851852	8.4085194306
9.82222222222	8.4086930090
9.82592592593	8.4088662536
9.82962962963	8.4090391652
9.83333333333	8.4092117443
9.83703703704	8.4093839916
9.84074074074	8.4095559078
9.84444444444	8.4097274934
9.84814814815	8.4098987492
9.85185185185	8.4100696758
9.85555555556	8.4102402737
9.85925925926	8.4104105437
9.86296296296	8.4105804864
9.86666666667	8.4107501024
9.87037037037	8.4109193923
9.87407407407	8.4110883568
9.87777777778	8.4112569965
9.88148148148	8.4114253121
9.88518518519	8.4115933041
9.88888888889	8.4117609733
9.89259259259	8.4119283201
9.8962962963	8.4120953453
9.9	8.4122620495
9.9037037037	8.4124284333
9.90740740741	8.4125944972
9.91111111111	8.4127602420
9.91481481481	8.4129256683
9.91851851852	8.4130907766
9.92222222222	8.4132555676
9.92592592593	8.4134200419
9.92962962963	8.4135842002
9.93333333333	8.4137480429
9.93703703704	8.4139115708
9.94074074074	8.4140747844
9.94444444444	8.4142376844
9.94814814815	8.4144002714
9.95185185185	8.4145625459
9.95555555556	8.4147245086
9.95925925926	8.4148861601
9.96296296296	8.4150475010
9.96666666667	8.4152085318
9.97037037037	8.4153692533
9.97407407407	8.4155296659
9.97777777778	8.4156897703
9.98148148148	8.4158495671
9.98518518519	8.4160090569
9.98888888889	8.4161682403
9.99259259259	8.4163271178
9.9962962963	8.4164856900
