0.0	2.9091196405
0.02	2.9115154585
0.04	2.9143116272
0.06	2.9174275129
0.08	2.9208030618
0.1	2.9243927589
0.12	2.9281618936
0.14	2.9320838499
0.16	2.9361380928
0.18	2.9403086731
0.2	2.9445831154
0.22	2.9489515881
0.24	2.9534062823
0.26	2.9579409451
0.28	2.9625505275
0.3	2.9672309174
0.32	2.9719787361
0.34	2.9767911826
0.36	2.9816659136
0.38	2.9866009504
0.4	2.9915946068
0.42	2.9966454318
0.44	3.0017521657
0.46	3.0069137038
0.48	3.0121290685
0.5	3.0173973870
0.52	3.0227178724
0.54	3.0280898094
0.56	3.0335125418
0.58	3.0389854634
0.6	3.0445080091
0.62	3.0500796486
0.64	3.0556998812
0.66	3.0613682304
0.68	3.0670842409
0.7	3.0728474749
0.72	3.0786575095
0.74	3.0845139345
0.76	3.0904163504
0.78	3.0963643670
0.8	3.1023576016
0.82	3.1083956783
0.84	3.1144782266
0.86	3.1206048810
0.88	3.1267752798
0.9	3.1329890649
0.92	3.1392458810
0.94	3.1455453753
0.96	3.1518871972
0.98	3.1582709976
1.0	3.1646964293
1.02	3.1711631459
1.04	3.1776708025
1.06	3.1842190549
1.08	3.1908075599
1.1	3.1974359748
1.12	3.2041039575
1.14	3.2108111667
1.16	3.2175572614
1.18	3.2243419011
1.2	3.2311647458
1.22	3.2380254557
1.24	3.2449236919
1.26	3.2518591153
1.28	3.2588313879
1.3	3.2658401716
1.32	3.2728851291
1.34	3.2799659234
1.36	3.2870822184
1.38	3.2942336781
1.4	3.3014199675
1.42	3.3086407521
1.44	3.3158956979
1.46	3.3231844721
1.48	3.3305067423
1.5	3.3378621770
1.52	3.3452504457
1.54	3.3526712189
1.56	3.3601241678
1.58	3.3676089649
1.6	3.3751252837
1.62	3.3826727987
1.64	3.3902511859
1.66	3.3978601222
1.68	3.4054992861
1.7	3.4131683572
1.72	3.4208670167
1.74	3.4285949471
1.76	3.4363518324
1.78	3.4441373583
1.8	3.4519512121
1.82	3.4597930824
1.84	3.4676626600
1.86	3.4755596372
1.88	3.4834837080
1.9	3.4914345685
1.92	3.4994119165
1.94	3.5074154518
1.96	3.5154448764
1.98	3.5234998940
2.0	3.5315802106
2.02	3.5396855342
2.04	3.5478155753
2.06	3.5559700462
2.08	3.5641486617
2.1	3.5723511390
2.12	3.5805771974
2.14	3.5888265589
2.16	3.5970989478
2.18	3.6053940909
2.2	3.6137117176
2.22	3.6220515597
2.24	3.6304133520
2.26	3.6387968317
2.28	3.6472017386
2.3	3.6556278157
2.32	3.6640748085
2.34	3.6725424653
2.36	3.6810305375
2.38	3.6895387793
2.4	3.6980669481
2.42	3.7066148041
2.44	3.7151821107
2.46	3.7237686344
2.48	3.7323741450
2.5	3.7409984154
2.52	3.7496412218
2.54	3.7583023439
2.56	3.7669815645
2.58	3.7756786700
2.6	3.7843934505
2.62	3.7931256993
2.64	3.8018752135
2.66	3.8106417939
2.68	3.8194252449
2.7	3.8282253749
2.72	3.8370419960
2.74	3.8458749243
2.76	3.8547239799
2.78	3.8635889869
2.8	3.8724697737
2.82	3.8813661728
2.84	3.8902780211
2.86	3.8992051599
2.88	3.9081474350
2.9	3.9171046967
2.92	3.9260768000
2.94	3.9350636048
2.96	3.9440649758
2.98	3.9530807827
3.0	3.9621109004
3.02	3.9711552089
3.04	3.9802135937
3.06	3.9892859459
3.08	3.9983721621
3.1	4.0074721447
3.12	4.0165858023
3.14	4.0257130495
3.16	4.0348538071
3.18	4.0440080027
3.2	4.0531755706
3.22	4.0623564518
3.24	4.0715505947
3.26	4.0807579551
3.28	4.0899784964
3.3	4.0992121900
3.32	4.1084590157
3.34	4.1177189617
3.36	4.1269920252
3.38	4.1362782126
3.4	4.1455775401
3.42	4.1548900339
3.44	4.1642157308
3.46	4.1735546785
3.48	4.1829069365
3.5	4.1922725761
3.52	4.2016516814
3.54	4.2110443500
3.56	4.2204506934
3.58	4.2298708381
3.6	4.2393049261
3.62	4.2487531161
3.64	4.2582155843
3.66	4.2676925256
3.68	4.2771841548
3.7	4.2866907078
3.72	4.2962124430
3.74	4.3057496430
3.76	4.3153026164
3.78	4.3248716994
3.8	4.3344572582
3.82	4.3440596913
3.84	4.3536794322
3.86	4.3633169524
3.88	4.3729727644
3.9	4.3826474257
3.92	4.3923415433
3.94	4.4020557780
3.96	4.4117908500
3.98	4.4215475455
4.0	4.4313267236
4.02	4.4411293248
4.04	4.4509563804
4.06	4.4608090246
4.08	4.4706885070
4.1	4.4805962089
4.12	4.4905336626
4.14	4.5005025737
4.16	4.5105048491
4.18	4.5205426316
4.2	4.5306183423
4.22	4.5407347347
4.24	4.5508949630
4.26	4.5611026728
4.28	4.5713621196
4.3	4.5816783310
4.32	4.5920573332
4.34	4.6025064772
4.36	4.6130349279
4.38	4.6236544362
4.4	4.6343806339
4.42	4.6452354048
4.44	4.6562517814
4.46	4.6674861701
4.48	4.6790618263
4.5	4.6922651521
4.52	4.7068356712
4.54	4.7214221046
4.56	4.7360321231
4.58	4.7506503898
4.6	4.7652610204
4.62	4.7798506963
4.64	4.7944087386
4.66	4.8089266093
4.68	4.8233974341
4.7	4.8378156262
4.72	4.8521766065
4.74	4.8664765956
4.76	4.8807124575
4.78	4.8948815812
4.8	4.9089817892
4.82	4.9230112653
4.84	4.9369684982
4.86	4.9508522349
4.88	4.9646614435
4.9	4.9783952826
4.92	4.9920530752
4.94	5.0056342875
4.96	5.0191385109
4.98	5.0325654463
5.0	5.0459148906
5.02	5.0591867262
5.04	5.0723809101
5.06	5.0854974660
5.08	5.0985364765
5.1	5.1114980766
5.12	5.1243824480
5.14	5.1371898136
5.16	5.1499204334
5.18	5.1625746001
5.2	5.1751526360
5.22	5.1876548890
5.24	5.2000817304
5.26	5.2124335521
5.28	5.2247107641
5.3	5.2369137926
5.32	5.2490430779
5.34	5.2610990732
5.36	5.2730822423
5.38	5.2849930587
5.4	5.2968320043
5.42	5.3085995682
5.44	5.3202962454
5.46	5.3319225363
5.48	5.3434789454
5.5	5.3549657902
5.52	5.3663595688
5.54	5.3776642909
5.56	5.3888819479
5.58	5.4000141171
5.6	5.4110622086
5.62	5.4220275418
5.64	5.4329113740
5.66	5.4437149145
5.68	5.4544393317
5.7	5.4650857586
5.72	5.4756552960
5.74	5.4861490151
5.76	5.4965679592
5.78	5.5069131459
5.8	5.5171855683
5.82	5.5273861958
5.84	5.5375159758
5.86	5.5475758343
5.88	5.5575666767
5.9	5.5674893890
5.92	5.5773448381
5.94	5.5871338726
5.96	5.5968573234
5.98	5.6065160046
6.0	5.6161107136
6.02	5.6256422320
6.04	5.6351113258
6.06	5.6445187460
6.08	5.6538652292
6.1	5.6631514978
6.12	5.6723782604
6.14	5.6815462124
6.16	5.6906560362
6.18	5.6997084016
6.2	5.7087039662
6.22	5.7176433756
6.24	5.7265272639
6.26	5.7353562537
6.28	5.7441309568
6.3	5.7528519743
6.32	5.7615198965
6.34	5.7701353038
6.36	5.7786987667
6.38	5.7872108458
6.4	5.7956720922
6.42	5.8040830481
6.44	5.8124442463
6.46	5.8207562110
6.48	5.8290194578
6.5	5.8372344937
6.52	5.8454018179
6.54	5.8535219211
6.56	5.8615952864
6.58	5.8696223894
6.6	5.8776036979
6.62	5.8855396726
6.64	5.8934307669
6.66	5.9012774272
6.68	5.9090800932
6.7	5.9168391976
6.72	5.9245551669
6.74	5.9322284209
6.76	5.9398593731
6.78	5.9474484311
6.8	5.9549959961
6.82	5.9625024637
6.84	5.9699682236
6.86	5.9773936598
6.88	5.9847791508
6.9	5.9921250695
6.92	5.9994317837
6.94	6.0066996558
6.96	6.0139290432
6.98	6.0211202982
7.0	6.0282737681
7.02	6.0353897954
7.04	6.0424687181
7.06	6.0495108691
7.08	6.0565165771
7.1	6.0634861663
7.12	6.0704199562
7.14	6.0773182625
7.16	6.0841813961
7.18	6.0910096641
7.2	6.0978033696
7.22	6.1045628114
7.24	6.1112882845
7.26	6.1179800802
7.28	6.1246384858
7.3	6.1312637849
7.32	6.1378562576
7.34	6.1444161803
7.36	6.1509438259
7.38	6.1574394637
7.4	6.1639033599
7.42	6.1703357770
7.44	6.1767369746
7.46	6.1831072086
7.48	6.1894467321
7.5	6.1957557950
7.52	6.2020346441
7.54	6.2082835230
7.56	6.2145026727
7.58	6.2206923310
7.6	6.2268527329
7.62	6.2329841107
7.64	6.2390866937
7.66	6.2451607086
7.68	6.2512063794
7.7	6.2572239275
7.72	6.2632135717
7.74	6.2691755281
7.76	6.2751100105
7.78	6.2810172300
7.8	6.2868973954
7.82	6.2927507131
7.84	6.2985773871
7.86	6.3043776191
7.88	6.3101516084
7.9	6.3158995523
7.92	6.3216216455
7.94	6.3273180810
7.96	6.3329890492
7.98	6.3386347386
8.0	6.3442553356
8.02	6.3498510246
8.04	6.3554219877
8.06	6.3609684054
8.08	6.3664904560
8.1	6.3719883158
8.12	6.3774621594
8.14	6.3829121595
8.16	6.3883384867
8.18	6.3937413100
8.2	6.3991207965
8.22	6.4044771117
8.24	6.4098104192
8.26	6.4151208809
8.28	6.4204086569
8.3	6.4256739059
8.32	6.4309167847
8.34	6.4361374486
8.36	6.4413360513
8.38	6.4465127448
8.4	6.4516676797
8.42	6.4568010049
8.44	6.4619128680
8.46	6.4670034148
8.48	6.4720727900
8.5	6.4771211366
8.52	6.4821485962
8.54	6.4871553089
8.56	6.4921414137
8.58	6.4971070479
8.6	6.5020523477
8.62	6.5069774477
8.64	6.5118824814
8.66	6.5167675809
8.68	6.5216328770
8.7	6.5264784993
8.72	6.5313045760
8.74	6.5361112343
8.76	6.5408986000
8.78	6.5456667977
8.8	6.5504159509
8.82	6.5551461819
8.84	6.5598576117
8.86	6.5645503604
8.88	6.5692245468
8.9	6.5738802887
8.92	6.5785177026
8.94	6.5831369041
8.96	6.5877380077
8.98	6.5923211267
9.0	6.5968863737
9.02	6.6014338598
9.04	6.6059636954
9.06	6.6104759899
9.08	6.6149708514
9.1	6.6194483874
9.12	6.6239087042
9.14	6.6283519072
9.16	6.6327781008
9.18	6.6371873886
9.2	6.6415798731
9.22	6.6459556561
9.24	6.6503148382
9.26	6.6546575194
9.28	6.6589837986
9.3	6.6632937741
9.32	6.6675875430
9.34	6.6718652018
9.36	6.6761268460
9.38	6.6803725704
9.4	6.6846024690
9.42	6.6888166348
9.44	6.6930151602
9.46	6.6971981367
9.48	6.7013656550
9.5	6.7055178050
9.52	6.7096546761
9.54	6.7137763566
9.56	6.7178829342
9.58	6.7219744960
9.6	6.7260511280
9.62	6.7301129158
9.64	6.7341599443
9.66	6.7381922974
9.68	6.7422100587
9.7	6.7462133107
9.72	6.7502021355
9.74	6.7541766144
9.76	6.7581368281
9.78	6.7620828566
9.8	6.7660147792
9.82	6.7699326747
9.84	6.7738366212
9.86	6.7777266960
9.88	6.7816029760
9.9	6.7854655373
9.92	6.7893144557
9.94	6.7931498059
9.96	6.7969716625
9.98	6.8007800992
