0.0	2.9091196405
0.0025	2.9093936316
0.005	2.9096751187
0.0075	2.9099639175
0.01	2.9102598638
0.0125	2.9105628000
0.015	2.9108725749
0.0175	2.9111890435
0.02	2.9115120667
0.0225	2.9118415109
0.025	2.9121772483
0.0275	2.9125191561
0.03	2.9128671165
0.0325	2.9132210169
0.035	2.9135807490
0.0375	2.9139462093
0.04	2.9143172984
0.0425	2.9146939214
0.045	2.9150759871
0.0475	2.9154634082
0.05	2.9158561014
0.0525	2.9162539867
0.055	2.9166569877
0.0575	2.9170650312
0.06	2.9174780474
0.0625	2.9178959695
0.065	2.9183187335
0.0675	2.9187462785
0.07	2.9191785463
0.0725	2.9196154813
0.075	2.9200570305
0.0775	2.9205031434
0.08	2.9209537718
0.0825	2.9214088698
0.085	2.9218683939
0.0875	2.9223323025
0.09	2.9228005561
0.0925	2.9232731173
0.095	2.9237499505
0.0975	2.9242310220
0.1	2.9247162999
0.1025	2.9252057539
0.105	2.9256993556
0.1075	2.9261970780
0.11	2.9266988956
0.1125	2.9272047846
0.115	2.9277147224
0.1175	2.9282286881
0.12	2.9287466619
0.1225	2.9292686253
0.125	2.9297945612
0.1275	2.9303244536
0.13	2.9308582877
0.1325	2.9313960499
0.135	2.9319377276
0.1375	2.9324833093
0.14	2.9330327846
0.1425	2.9335861439
0.145	2.9341433788
0.1475	2.9347044816
0.15	2.9352694457
0.1525	2.9358382652
0.155	2.9364109351
0.1575	2.9369874514
0.16	2.9375678106
0.1625	2.9381520101
0.165	2.9387400482
0.1675	2.9393319235
0.17	2.9399276358
0.1725	2.9405271852
0.175	2.9411305726
0.1775	2.9417377997
0.18	2.9423488684
0.1825	2.9429637817
0.185	2.9435825428
0.1875	2.9442051556
0.19	2.9448316246
0.1925	2.9454619548
0.195	2.9460961516
0.1975	2.9467342212
0.2	2.9473761700
0.2025	2.9480220050
0.205	2.9486717336
0.2075	2.9493253638
0.21	2.9499829038
0.2125	2.9506443625
0.215	2.9513097491
0.2175	2.9519790731
0.22	2.9526523445
0.2225	2.9533295737
0.225	2.9540107714
0.2275	2.9546959488
0.23	2.9553851173
0.2325	2.9560782888
0.235	2.9567754754
0.2375	2.9574766895
0.24	2.9581819441
0.2425	2.9588912522
0.245	2.9596046272
0.2475	2.9603220830
0.25	2.9610436335
0.2525	2.9617692931
0.255	2.9624990764
0.2575	2.9632329981
0.26	2.9639710736
0.2625	2.9647133181
0.265	2.9654597473
0.2675	2.9662103772
0.27	2.9669652239
0.2725	2.9677243038
0.275	2.9684876336
0.2775	2.9692552300
0.28	2.9700271101
0.2825	2.9708032914
0.285	2.9715837912
0.2875	2.9723686274
0.29	2.9731578178
0.2925	2.9739513806
0.295	2.9747493341
0.2975	2.9755516969
0.3	2.9763584876
0.3025	2.9771697253
0.305	2.9779854289
0.3075	2.9788056178
0.31	2.9796303114
0.3125	2.9804595293
0.315	2.9812932912
0.3175	2.9821316172
0.32	2.9829745273
0.3225	2.9838220419
0.325	2.9846741812
0.3275	2.9855309660
0.33	2.9863924169
0.3325	2.9872585548
0.335	2.9881294007
0.3375	2.9890049758
0.34	2.9898853013
0.3425	2.9907703986
0.345	2.9916602894
0.3475	2.9925549953
0.35	2.9934545381
0.3525	2.9943589397
0.355	2.9952682221
0.3575	2.9961824077
0.36	2.9971015185
0.3625	2.9980255771
0.365	2.9989546059
0.3675	2.9998886275
0.37	3.0008276647
0.3725	3.0017717402
0.375	3.0027208770
0.3775	3.0036750980
0.38	3.0046344265
0.3825	3.0055988855
0.385	3.0065684984
0.3875	3.0075432886
0.39	3.0085232794
0.3925	3.0095084945
0.395	3.0104989575
0.3975	3.0114946920
0.4	3.0124957218
0.4025	3.0135020707
0.405	3.0145137627
0.4075	3.0155308218
0.41	3.0165532720
0.4125	3.0175811373
0.415	3.0186144420
0.4175	3.0196532102
0.42	3.0206974663
0.4225	3.0217472346
0.425	3.0228025393
0.4275	3.0238634051
0.43	3.0249298563
0.4325	3.0260019174
0.435	3.0270796130
0.4375	3.0281629676
0.44	3.0292520060
0.4425	3.0303467526
0.445	3.0314472323
0.4475	3.0325534697
0.45	3.0336654895
0.4525	3.0347833166
0.455	3.0359069756
0.4575	3.0370364913
0.46	3.0381718887
0.4625	3.0393131923
0.465	3.0404604272
0.4675	3.0416136180
0.47	3.0427727897
0.4725	3.0439379670
0.475	3.0451091748
0.4775	3.0462864379
0.48	3.0474697811
0.4825	3.0486592292
0.485	3.0498548070
0.4875	3.0510565392
0.49	3.0522644507
0.4925	3.0534785660
0.495	3.0546989101
0.4975	3.0559255074
0.5	3.0571583827
0.5025	3.0583975605
0.505	3.0596430656
0.5075	3.0608949222
0.51	3.0621531551
0.5125	3.0634177886
0.515	3.0646888471
0.5175	3.0659663550
0.52	3.0672503366
0.5225	3.0685408161
0.525	3.0698378177
0.5275	3.0711413656
0.53	3.0724514837
0.5325	3.0737681961
0.535	3.0750915267
0.5375	3.0764214994
0.54	3.0777581378
0.5425	3.0791014658
0.545	3.0804515068
0.5475	3.0818082845
0.55	3.0831718222
0.5525	3.0845421433
0.555	3.0859192710
0.5575	3.0873032286
0.56	3.0886940389
0.5625	3.0900917251
0.565	3.0914963099
0.5675	3.0929078161
0.57	3.0943262662
0.5725	3.0957516829
0.575	3.0971840884
0.5775	3.0986235051
0.58	3.1000699551
0.5825	3.1015234605
0.585	3.1029840430
0.5875	3.1044517246
0.59	3.1059265268
0.5925	3.1074084711
0.595	3.1088975788
0.5975	3.1103938713
0.6	3.1118973695
0.6025	3.1134080944
0.605	3.1149260668
0.6075	3.1164513072
0.61	3.1179838362
0.6125	3.1195236740
0.615	3.1210708409
0.6175	3.1226253568
0.62	3.1241872415
0.6225	3.1257565146
0.625	3.1273331958
0.6275	3.1289173043
0.63	3.1305088592
0.6325	3.1321078795
0.635	3.1337143840
0.6375	3.1353283914
0.64	3.1369499201
0.6425	3.1385789883
0.645	3.1402156140
0.6475	3.1418598152
0.65	3.1435116096
0.6525	3.1451710147
0.655	3.1468380477
0.6575	3.1485127257
0.66	3.1501950658
0.6625	3.1518850846
0.665	3.1535827987
0.6675	3.1552882243
0.67	3.1570013776
0.6725	3.1587222745
0.675	3.1604509307
0.6775	3.1621873618
0.68	3.1639315831
0.6825	3.1656836095
0.685	3.1674434562
0.6875	3.1692111376
0.69	3.1709866684
0.6925	3.1727700627
0.695	3.1745613346
0.6975	3.1763604981
0.7	3.1781675666
0.7025	3.1799825537
0.705	3.1818054725
0.7075	3.1836363360
0.71	3.1854751571
0.7125	3.1873219482
0.715	3.1891767218
0.7175	3.1910394901
0.72	3.1929102649
0.7225	3.1947890579
0.725	3.1966758808
0.7275	3.1985707447
0.73	3.2004736608
0.7325	3.2023846400
0.735	3.2043036930
0.7375	3.2062308301
0.74	3.2081660617
0.7425	3.2101093978
0.745	3.2120608483
0.7475	3.2140204228
0.75	3.2159881307
0.7525	3.2179639813
0.755	3.2199479836
0.7575	3.2219401465
0.76	3.2239404785
0.7625	3.2259489881
0.765	3.2279656835
0.7675	3.2299905729
0.77	3.2320236640
0.7725	3.2340649645
0.775	3.2361144819
0.7775	3.2381722234
0.78	3.2402381963
0.7825	3.2423124073
0.785	3.2443948633
0.7875	3.2464855708
0.79	3.2485845361
0.7925	3.2506917656
0.795	3.2528072652
0.7975	3.2549310407
0.8	3.2570630980
0.8025	3.2592034425
0.805	3.2613520796
0.8075	3.2635090145
0.81	3.2656742522
0.8125	3.2678477977
0.815	3.2700296556
0.8175	3.2722198307
0.82	3.2744183273
0.8225	3.2766251497
0.825	3.2788403020
0.8275	3.2810637884
0.83	3.2832956126
0.8325	3.2855357784
0.835	3.2877842895
0.8375	3.2900411492
0.84	3.2923063609
0.8425	3.2945799279
0.845	3.2968618532
0.8475	3.2991521399
0.85	3.3014507907
0.8525	3.3037578085
0.855	3.3060731959
0.8575	3.3083969554
0.86	3.3107290893
0.8625	3.3130696001
0.865	3.3154184900
0.8675	3.3177757609
0.87	3.3201414150
0.8725	3.3225154541
0.875	3.3248978801
0.8775	3.3272886947
0.88	3.3296878994
0.8825	3.3320954959
0.885	3.3345114856
0.8875	3.3369358699
0.89	3.3393686500
0.8925	3.3418098272
0.895	3.3442594025
0.8975	3.3467173771
0.9	3.3491837518
0.9025	3.3516585276
0.905	3.3541417052
0.9075	3.3566332855
0.91	3.3591332690
0.9125	3.3616416564
0.915	3.3641584482
0.9175	3.3666836448
0.92	3.3692172466
0.9225	3.3717592539
0.925	3.3743096669
0.9275	3.3768684859
0.93	3.3794357109
0.9325	3.3820113420
0.935	3.3845953790
0.9375	3.3871878220
0.94	3.3897886707
0.9425	3.3923979248
0.945	3.3950155841
0.9475	3.3976416482
0.95	3.4002761166
0.9525	3.4029189888
0.955	3.4055702641
0.9575	3.4082299420
0.96	3.4108980215
0.9625	3.4135745020
0.965	3.4162593825
0.9675	3.4189526620
0.97	3.4216543394
0.9725	3.4243644136
0.975	3.4270828834
0.9775	3.4298097474
0.98	3.4325450042
0.9825	3.4352886523
0.985	3.4380406902
0.9875	3.4408011161
0.99	3.4435699282
0.9925	3.4463471248
0.995	3.4491327038
0.9975	3.4519266631
1.0	3.4547290005
1.0025	3.4575397138
1.005	3.4603588005
1.0075	3.4631862581
1.01	3.4660220840
1.0125	3.4688662754
1.015	3.4717188294
1.0175	3.4745797431
1.02	3.4774490133
1.0225	3.4803266367
1.025	3.4832126100
1.0275	3.4861069296
1.03	3.4890095919
1.0325	3.4919205929
1.035	3.4948399289
1.0375	3.4977675956
1.04	3.5007035888
1.0425	3.5036479042
1.045	3.5066005370
1.0475	3.5095614826
1.05	3.5125307362
1.0525	3.5155082925
1.055	3.5184941465
1.0575	3.5214882926
1.06	3.5244907254
1.0625	3.5275014390
1.065	3.5305204275
1.0675	3.5335476849
1.07	3.5365832047
1.0725	3.5396269805
1.075	3.5426790056
1.0775	3.5457392731
1.08	3.5488077759
1.0825	3.5518845068
1.085	3.5549694583
1.0875	3.5580626226
1.09	3.5611639920
1.0925	3.5642735582
1.095	3.5673913131
1.0975	3.5705172480
1.1	3.5736513542
1.1025	3.5767936229
1.105	3.5799440447
1.1075	3.5831026104
1.11	3.5862693104
1.1125	3.5894441348
1.115	3.5926270736
1.1175	3.5958181164
1.12	3.5990172529
1.1225	3.6022244723
1.125	3.6054397636
1.1275	3.6086631157
1.13	3.6118945172
1.1325	3.6151339565
1.135	3.6183814216
1.1375	3.6216369006
1.14	3.6249003811
1.1425	3.6281718505
1.145	3.6314512961
1.1475	3.6347387050
1.15	3.6380340638
1.1525	3.6413373591
1.155	3.6446485772
1.1575	3.6479677043
1.16	3.6512947261
1.1625	3.6546296283
1.165	3.6579723964
1.1675	3.6613230155
1.17	3.6646814706
1.1725	3.6680477465
1.175	3.6714218275
1.1775	3.6748036981
1.18	3.6781933424
1.1825	3.6815907441
1.185	3.6849958870
1.1875	3.6884087545
1.19	3.6918293298
1.1925	3.6952575959
1.195	3.6986935357
1.1975	3.7021371316
1.2	3.7055883662
1.2025	3.7090472216
1.205	3.7125136798
1.2075	3.7159877225
1.21	3.7194693314
1.2125	3.7229584878
1.215	3.7264551730
1.2175	3.7299593679
1.22	3.7334710534
1.2225	3.7369902101
1.225	3.7405168185
1.2275	3.7440508587
1.23	3.7475923110
1.2325	3.7511411551
1.235	3.7546973709
1.2375	3.7582609378
1.24	3.7618318353
1.2425	3.7654100426
1.245	3.7689955387
1.2475	3.7725883024
1.25	3.7761883126
1.2525	3.7797955478
1.255	3.7834099864
1.2575	3.7870316066
1.26	3.7906603865
1.2625	3.7942963042
1.265	3.7979393372
1.2675	3.8015894635
1.27	3.8052466603
1.2725	3.8089109052
1.275	3.8125821753
1.2775	3.8162604477
1.28	3.8199456994
1.2825	3.8236379072
1.285	3.8273370478
1.2875	3.8310430978
1.29	3.8347560336
1.2925	3.8384758315
1.295	3.8422024677
1.2975	3.8459359183
1.3	3.8496761592
1.3025	3.8534231664
1.305	3.8571769155
1.3075	3.8609373821
1.31	3.8647045417
1.3125	3.8684783698
1.315	3.8722588417
1.3175	3.8760459324
1.32	3.8798396172
1.3225	3.8836398710
1.325	3.8874466687
1.3275	3.8912599851
1.33	3.8950797949
1.3325	3.8989060727
1.335	3.9027387929
1.3375	3.9065779301
1.34	3.9104234586
1.3425	3.9142753526
1.345	3.9181335863
1.3475	3.9219981337
1.35	3.9258689689
1.3525	3.9297460658
1.355	3.9336293982
1.3575	3.9375189400
1.36	3.9414146647
1.3625	3.9453165460
1.365	3.9492245575
1.3675	3.9531386726
1.37	3.9570588647
1.3725	3.9609851072
1.375	3.9649173734
1.3775	3.9688556364
1.38	3.9727998694
1.3825	3.9767500454
1.385	3.9807061376
1.3875	3.9846681188
1.39	3.9886359619
1.3925	3.9926096398
1.395	3.9965891253
1.3975	4.0005743911
1.4	4.0045654099
1.4025	4.0085621543
1.405	4.0125645969
1.4075	4.0165727102
1.41	4.0205864666
1.4125	4.0246058387
1.415	4.0286307988
1.4175	4.0326613192
1.42	4.0366973722
1.4225	4.0407389300
1.425	4.0447859650
1.4275	4.0488384492
1.43	4.0528963547
1.4325	4.0569596536
1.435	4.0610283180
1.4375	4.0651023200
1.44	4.0691816313
1.4425	4.0732662240
1.445	4.0773560701
1.4475	4.0814511412
1.45	4.0855514093
1.4525	4.0896568462
1.455	4.0937674236
1.4575	4.0978831133
1.46	4.1020038870
1.4625	4.1061297162
1.465	4.1102605728
1.4675	4.1143964283
1.47	4.1185372542
1.4725	4.1226830222
1.475	4.1268337038
1.4775	4.1309892705
1.48	4.1351496937
1.4825	4.1393149450
1.485	4.1434849958
1.4875	4.1476598174
1.49	4.1518393813
1.4925	4.1560236589
1.495	4.1602126215
1.4975	4.1644062403
1.5	4.1686044868
1.5025	4.1728073323
1.505	4.1770147478
1.5075	4.1812267049
1.51	4.1854431745
1.5125	4.1896641281
1.515	4.1938895367
1.5175	4.1981193715
1.52	4.2023536037
1.5225	4.2065922045
1.525	4.2108351449
1.5275	4.2150823962
1.53	4.2193339293
1.5325	4.2235897154
1.535	4.2278497256
1.5375	4.2321139309
1.54	4.2363823023
1.5425	4.2406548110
1.545	4.2449314278
1.5475	4.2492121239
1.55	4.2534968703
1.5525	4.2577856379
1.555	4.2620783977
1.5575	4.2663751207
1.56	4.2706757778
1.5625	4.2749803401
1.565	4.2792887784
1.5675	4.2836010638
1.57	4.2879171671
1.5725	4.2922370593
1.575	4.2965607113
1.5775	4.3008880940
1.58	4.3052191784
1.5825	4.3095539353
1.585	4.3138923357
1.5875	4.3182343505
1.59	4.3225799506
1.5925	4.3269291069
1.595	4.3312817902
1.5975	4.3356379716
1.6	4.3399976218
1.6025	4.3443607119
1.605	4.3487272126
1.6075	4.3530970950
1.61	4.3574703299
1.6125	4.3618468882
1.615	4.3662267409
1.6175	4.3706098589
1.62	4.3749962131
1.6225	4.3793857744
1.625	4.3837785138
1.6275	4.3881744022
1.63	4.3925734106
1.6325	4.3969755100
1.635	4.4013806713
1.6375	4.4057888655
1.64	4.4102000636
1.6425	4.4146142366
1.645	4.4190313555
1.6475	4.4234513914
1.65	4.4278743153
1.6525	4.4323000982
1.655	4.4367287113
1.6575	4.4411601256
1.66	4.4455943122
1.6625	4.4500312423
1.665	4.4544708869
1.6675	4.4589132173
1.67	4.4633582046
1.6725	4.4678058200
1.675	4.4722560347
1.6775	4.4767088201
1.68	4.4811641472
1.6825	4.4856219875
1.685	4.4900823121
1.6875	4.4945450926
1.69	4.4990103001
1.6925	4.5034779061
1.695	4.5079478820
1.6975	4.5124201992
1.7	4.5168948292
1.7025	4.5213717435
1.705	4.5258509136
1.7075	4.5303323110
1.71	4.5348159074
1.7125	4.5393016743
1.715	4.5437895833
1.7175	4.5482796062
1.72	4.5527717147
1.7225	4.5572658804
1.725	4.5617620753
1.7275	4.5662602710
1.73	4.5707604394
1.7325	4.5752625524
1.735	4.5797665820
1.7375	4.5842725001
1.74	4.5887802786
1.7425	4.5932898897
1.745	4.5978013054
1.7475	4.6023144977
1.75	4.6068294390
1.7525	4.6113461013
1.755	4.6158644569
1.7575	4.6203844781
1.76	4.6249061373
1.7625	4.6294294067
1.765	4.6339542588
1.7675	4.6384806661
1.77	4.6430086010
1.7725	4.6475380362
1.775	4.6520689442
1.7775	4.6566012976
1.78	4.6611350692
1.7825	4.6656702317
1.785	4.6702067579
1.7875	4.6747446206
1.79	4.6792837927
1.7925	4.6838242472
1.795	4.6883659571
1.7975	4.6929088953
1.8	4.6974530350
1.8025	4.7019983493
1.805	4.7065448115
1.8075	4.7110923948
1.81	4.7156410724
1.8125	4.7201908178
1.815	4.7247416044
1.8175	4.7292934056
1.82	4.7338461950
1.8225	4.7383999461
1.825	4.7429546326
1.8275	4.7475102281
1.83	4.7520667065
1.8325	4.7566240415
1.835	4.7611822070
1.8375	4.7657411769
1.84	4.7703009252
1.8425	4.7748614259
1.845	4.7794226532
1.8475	4.7839845811
1.85	4.7885471840
1.8525	4.7931104361
1.855	4.7976743117
1.8575	4.8022387852
1.86	4.8068038311
1.8625	4.8113694239
1.865	4.8159355381
1.8675	4.8205021485
1.87	4.8250692298
1.8725	4.8296367567
1.875	4.8342047039
1.8775	4.8387730466
1.88	4.8433417595
1.8825	4.8479108177
1.885	4.8524801963
1.8875	4.8570498704
1.89	4.8616198153
1.8925	4.8661900062
1.895	4.8707604184
1.8975	4.8753310275
1.9	4.8799018087
1.9025	4.8844727378
1.905	4.8890437902
1.9075	4.8936149417
1.91	4.8981861679
1.9125	4.9027574447
1.915	4.9073287480
1.9175	4.9119000536
1.92	4.9164713376
1.9225	4.9210425760
1.925	4.9256137449
1.9275	4.9301848206
1.93	4.9347557794
1.9325	4.9393265974
1.935	4.9438972513
1.9375	4.9484677173
1.94	4.9530379721
1.9425	4.9576079923
1.945	4.9621777545
1.9475	4.9667472355
1.95	4.9713164121
1.9525	4.9758852611
1.955	4.9804537596
1.9575	4.9850218844
1.96	4.9895896128
1.9625	4.9941569218
1.965	4.9987237887
1.9675	5.0032901908
1.97	5.0078561055
1.9725	5.0124215101
1.975	5.0169863822
1.9775	5.0215506994
1.98	5.0261144392
1.9825	5.0306775795
1.985	5.0352400979
1.9875	5.0398019724
1.99	5.0443631808
1.9925	5.0489237012
1.995	5.0534835117
1.9975	5.0580425903
2.0	5.0626009153
2.0025	5.0671584649
2.005	5.0717152175
2.0075	5.0762711516
2.01	5.0808262456
2.0125	5.0853804780
2.015	5.0899338276
2.0175	5.0944862730
2.02	5.0990377931
2.0225	5.1035883665
2.025	5.1081379724
2.0275	5.1126865896
2.03	5.1172341973
2.0325	5.1217807746
2.035	5.1263263006
2.0375	5.1308707548
2.04	5.1354141164
2.0425	5.1399563648
2.045	5.1444974796
2.0475	5.1490374404
2.05	5.1535762267
2.0525	5.1581138184
2.055	5.1626501951
2.0575	5.1671853369
2.06	5.1717192235
2.0625	5.1762518351
2.065	5.1807831516
2.0675	5.1853131533
2.07	5.1898418204
2.0725	5.1943691332
2.075	5.1988950720
2.0775	5.2034196174
2.08	5.2079427498
2.0825	5.2124644499
2.085	5.2169846982
2.0875	5.2215034756
2.09	5.2260207629
2.0925	5.2305365409
2.095	5.2350507906
2.0975	5.2395634931
2.1	5.2440746294
2.1025	5.2485841808
2.105	5.2530921285
2.1075	5.2575984538
2.11	5.2621031382
2.1125	5.2666061631
2.115	5.2711075100
2.1175	5.2756071606
2.12	5.2801050966
2.1225	5.2846012998
2.125	5.2890957519
2.1275	5.2935884350
2.13	5.2980793310
2.1325	5.3025684219
2.135	5.3070556900
2.1375	5.3115411174
2.14	5.3160246864
2.1425	5.3205063794
2.145	5.3249861788
2.1475	5.3294640671
2.15	5.3339400269
2.1525	5.3384140408
2.155	5.3428860916
2.1575	5.3473561620
2.16	5.3518242350
2.1625	5.3562902935
2.165	5.3607543205
2.1675	5.3652162991
2.17	5.3696762125
2.1725	5.3741340438
2.175	5.3785897765
2.1775	5.3830433939
2.18	5.3874948794
2.1825	5.3919442166
2.185	5.3963913891
2.1875	5.4008363806
2.19	5.4052791748
2.1925	5.4097197556
2.195	5.4141581068
2.1975	5.4185942124
2.2	5.4230280564
2.2025	5.4274596230
2.205	5.4318888964
2.2075	5.4363158607
2.21	5.4407405004
2.2125	5.4451627999
2.215	5.4495827435
2.2175	5.4540003159
2.22	5.4584155017
2.2225	5.4628282855
2.225	5.4672386522
2.2275	5.4716465866
2.23	5.4760520735
2.2325	5.4804550980
2.235	5.4848556451
2.2375	5.4892536999
2.24	5.4936492476
2.2425	5.4980422735
2.245	5.5024327629
2.2475	5.5068207013
2.25	5.5112060741
2.2525	5.5155888668
2.255	5.5199690651
2.2575	5.5243466547
2.26	5.5287216213
2.2625	5.5330939507
2.265	5.5374636290
2.2675	5.5418306420
2.27	5.5461949757
2.2725	5.5505566164
2.275	5.5549155501
2.2775	5.5592717632
2.28	5.5636252420
2.2825	5.5679759728
2.285	5.5723239421
2.2875	5.5766691365
2.29	5.5810115426
2.2925	5.5853511470
2.295	5.5896879364
2.2975	5.5940218978
2.3	5.5983530179
2.3025	5.6026812838
2.305	5.6070066824
2.3075	5.6113292009
2.31	5.6156488263
2.3125	5.6199655459
2.315	5.6242793471
2.3175	5.6285902171
2.32	5.6328981434
2.3225	5.6372031135
2.325	5.6415051150
2.3275	5.6458041354
2.33	5.6501001626
2.3325	5.6543931842
2.335	5.6586831881
2.3375	5.6629701623
2.34	5.6672540946
2.3425	5.6715349731
2.345	5.6758127860
2.3475	5.6800875214
2.35	5.6843591675
2.3525	5.6886277126
2.355	5.6928931451
2.3575	5.6971554535
2.36	5.7014146263
2.3625	5.7056706519
2.365	5.7099235192
2.3675	5.7141732167
2.37	5.7184197332
2.3725	5.7226630576
2.375	5.7269031787
2.3775	5.7311400856
2.38	5.7353737672
2.3825	5.7396042127
2.385	5.7438314112
2.3875	5.7480553519
2.39	5.7522760241
2.3925	5.7564934172
2.395	5.7607075206
2.3975	5.7649183238
2.4	5.7691258163
2.4025	5.7733299876
2.405	5.7775308276
2.4075	5.7817283259
2.41	5.7859224723
2.4125	5.7901132568
2.415	5.7943006691
2.4175	5.7984846993
2.42	5.8026653375
2.4225	5.8068425737
2.425	5.8110163982
2.4275	5.8151868011
2.43	5.8193537729
2.4325	5.8235173037
2.435	5.8276773842
2.4375	5.8318340047
2.44	5.8359871558
2.4425	5.8401368280
2.445	5.8442830122
2.4475	5.8484256990
2.45	5.8525648792
2.4525	5.8567005436
2.455	5.8608326832
2.4575	5.8649612890
2.46	5.8690863519
2.4625	5.8732078631
2.465	5.8773258137
2.4675	5.8814401950
2.47	5.8855509982
2.4725	5.8896582146
2.475	5.8937618357
2.4775	5.8978618529
2.48	5.9019582577
2.4825	5.9060510417
2.485	5.9101401965
2.4875	5.9142257138
2.49	5.9183075853
2.4925	5.9223858029
2.495	5.9264603585
2.4975	5.9305312438
2.5	5.9345984510
2.5025	5.9386619721
2.505	5.9427217991
2.5075	5.9467779242
2.51	5.9508303396
2.5125	5.9548790376
2.515	5.9589240105
2.5175	5.9629652508
2.52	5.9670027507
2.5225	5.9710365028
2.525	5.9750664998
2.5275	5.9790927340
2.53	5.9831151984
2.5325	5.9871338855
2.535	5.9911487881
2.5375	5.9951598990
2.54	5.9991672113
2.5425	6.0031707176
2.545	6.0071704112
2.5475	6.0111662850
2.55	6.0151583321
2.5525	6.0191465457
2.555	6.0231309190
2.5575	6.0271114453
2.56	6.0310881179
2.5625	6.0350609301
2.565	6.0390298754
2.5675	6.0429949473
2.57	6.0469561393
2.5725	6.0509134450
2.575	6.0548668581
2.5775	6.0588163721
2.58	6.0627619810
2.5825	6.0667036785
2.585	6.0706414584
2.5875	6.0745753146
2.59	6.0785052411
2.5925	6.0824312319
2.595	6.0863532811
2.5975	6.0902713828
2.6	6.0941855312
2.6025	6.0980957203
2.605	6.1020019447
2.6075	6.1059041984
2.61	6.1098024760
2.6125	6.1136967718
2.615	6.1175870803
2.6175	6.1214733960
2.62	6.1253557135
2.6225	6.1292340274
2.625	6.1331083324
2.6275	6.1369786231
2.63	6.1408448945
2.6325	6.1447071412
2.635	6.1485653581
2.6375	6.1524195403
2.64	6.1562696825
2.6425	6.1601157799
2.645	6.1639578275
2.6475	6.1677958204
2.65	6.1716297538
2.6525	6.1754596228
2.655	6.1792854228
2.6575	6.1831071490
2.66	6.1869247968
2.6625	6.1907383616
2.665	6.1945478388
2.6675	6.1983532239
2.67	6.2021545125
2.6725	6.2059517001
2.675	6.2097447823
2.6775	6.2135337549
2.68	6.2173186136
2.6825	6.2210993541
2.685	6.2248759723
2.6875	6.2286484640
2.69	6.2324168251
2.6925	6.2361810516
2.695	6.2399411394
2.6975	6.2436970847
2.7	6.2474488835
2.7025	6.2511965319
2.705	6.2549400261
2.7075	6.2586793624
2.71	6.2624145369
2.7125	6.2661455461
2.715	6.2698723862
2.7175	6.2735950537
2.72	6.2773135450
2.7225	6.2810278566
2.725	6.2847379851
2.7275	6.2884439269
2.73	6.2921456787
2.7325	6.2958432372
2.735	6.2995365990
2.7375	6.3032257609
2.74	6.3069107198
2.7425	6.3105914723
2.745	6.3142680155
2.7475	6.3179403461
2.75	6.3216084612
2.7525	6.3252723577
2.755	6.3289320327
2.7575	6.3325874833
2.76	6.3362387066
2.7625	6.3398856997
2.765	6.3435284598
2.7675	6.3471669842
2.77	6.3508012702
2.7725	6.3544313151
2.775	6.3580571162
2.7775	6.3616786710
2.78	6.3652959768
2.7825	6.3689090313
2.785	6.3725178318
2.7875	6.3761223760
2.79	6.3797226614
2.7925	6.3833186857
2.795	6.3869104466
2.7975	6.3904979418
2.8	6.3940811691
2.8025	6.3976601262
2.805	6.4012348109
2.8075	6.4048052212
2.81	6.4083713550
2.8125	6.4119332101
2.815	6.4154907846
2.8175	6.4190440766
2.82	6.4225930840
2.8225	6.4261378049
2.825	6.4296782376
2.8275	6.4332143801
2.83	6.4367462307
2.8325	6.4402737877
2.835	6.4437970492
2.8375	6.4473160136
2.84	6.4508306793
2.8425	6.4543410447
2.845	6.4578471082
2.8475	6.4613488682
2.85	6.4648463233
2.8525	6.4683394719
2.855	6.4718283127
2.8575	6.4753128442
2.86	6.4787930651
2.8625	6.4822689741
2.865	6.4857405699
2.8675	6.4892078511
2.87	6.4926708167
2.8725	6.4961294654
2.875	6.4995837960
2.8775	6.5030338074
2.88	6.5064794986
2.8825	6.5099208684
2.885	6.5133579160
2.8875	6.5167906402
2.89	6.5202190401
2.8925	6.5236431149
2.895	6.5270628635
2.8975	6.5304782853
2.9	6.5338893793
2.9025	6.5372961448
2.905	6.5406985810
2.9075	6.5440966871
2.91	6.5474904626
2.9125	6.5508799067
2.915	6.5542650188
2.9175	6.5576457984
2.92	6.5610222448
2.9225	6.5643943575
2.925	6.5677621360
2.9275	6.5711255799
2.93	6.5744846887
2.9325	6.5778394620
2.935	6.5811898995
2.9375	6.5845360007
2.94	6.5878777654
2.9425	6.5912151933
2.945	6.5945482841
2.9475	6.5978770376
2.95	6.6012014537
2.9525	6.6045215320
2.955	6.6078372726
2.9575	6.6111486754
2.96	6.6144557401
2.9625	6.6177584668
2.965	6.6210568555
2.9675	6.6243509062
2.97	6.6276406189
2.9725	6.6309259937
2.975	6.6342070307
2.9775	6.6374837300
2.98	6.6407560917
2.9825	6.6440241162
2.985	6.6472878035
2.9875	6.6505471539
2.99	6.6538021676
2.9925	6.6570528451
2.995	6.6602991865
2.9975	6.6635411923
3.0	6.6667788628
3.0025	6.6700121984
3.005	6.6732411996
3.0075	6.6764658668
3.01	6.6796862005
3.0125	6.6829022012
3.015	6.6861138695
3.0175	6.6893212058
3.02	6.6925242109
3.0225	6.6957228853
3.025	6.6989172297
3.0275	6.7021072448
3.03	6.7052929311
3.0325	6.7084742896
3.035	6.7116513208
3.0375	6.7148240256
3.04	6.7179924048
3.0425	6.7211564592
3.045	6.7243161896
3.0475	6.7274715970
3.05	6.7306226821
3.0525	6.7337694461
3.055	6.7369118897
3.0575	6.7400500139
3.06	6.7431838199
3.0625	6.7463133085
3.065	6.7494384808
3.0675	6.7525593379
3.07	6.7556758809
3.0725	6.7587881109
3.075	6.7618960291
3.0775	6.7649996365
3.08	6.7680989344
3.0825	6.7711939241
3.085	6.7742846066
3.0875	6.7773709834
3.09	6.7804530556
3.0925	6.7835308246
3.095	6.7866042916
3.0975	6.7896734582
3.1	6.7927383255
3.1025	6.7957988950
3.105	6.7988551682
3.1075	6.8019071464
3.11	6.8049548311
3.1125	6.8079982238
3.115	6.8110373260
3.1175	6.8140721392
3.12	6.8171026650
3.1225	6.8201289050
3.125	6.8231508606
3.1275	6.8261685335
3.13	6.8291819255
3.1325	6.8321910380
3.135	6.8351958728
3.1375	6.8381964316
3.14	6.8411927161
3.1425	6.8441847280
3.145	6.8471724690
3.1475	6.8501559411
3.15	6.8531351458
3.1525	6.8561100852
3.155	6.8590807609
3.1575	6.8620471749
3.16	6.8650093290
3.1625	6.8679672252
3.165	6.8709208653
3.1675	6.8738702512
3.17	6.8768153850
3.1725	6.8797562686
3.175	6.8826929040
3.1775	6.8856252932
3.18	6.8885534382
3.1825	6.8914773411
3.185	6.8943970039
3.1875	6.8973124288
3.19	6.9002236178
3.1925	6.9031305730
3.195	6.9060332967
3.1975	6.9089317910
3.2	6.9118260579
3.2025	6.9147160998
3.205	6.9176019189
3.2075	6.9204835173
3.21	6.9233608974
3.2125	6.9262340614
3.215	6.9291030115
3.2175	6.9319677501
3.22	6.9348282796
3.2225	6.9376846022
3.225	6.9405367202
3.2275	6.9433846361
3.23	6.9462283523
3.2325	6.9490678712
3.235	6.9519031951
3.2375	6.9547343265
3.24	6.9575612679
3.2425	6.9603840217
3.245	6.9632025905
3.2475	6.9660169767
3.25	6.9688271828
3.2525	6.9716332114
3.255	6.9744350651
3.2575	6.9772327463
3.26	6.9800262578
3.2625	6.9828156020
3.265	6.9856007817
3.2675	6.9883817993
3.27	6.9911586577
3.2725	6.9939313593
3.275	6.9966999070
3.2775	6.9994643034
3.28	7.0022245513
3.2825	7.0049806532
3.285	7.0077326120
3.2875	7.0104804305
3.29	7.0132241113
3.2925	7.0159636573
3.295	7.0186990712
3.2975	7.0214303559
3.3	7.0241575142
3.3025	7.0268805490
3.305	7.0295994630
3.3075	7.0323142592
3.31	7.0350249404
3.3125	7.0377315095
3.315	7.0404339695
3.3175	7.0431323232
3.32	7.0458265736
3.3225	7.0485167237
3.325	7.0512027763
3.3275	7.0538847345
3.33	7.0565626013
3.3325	7.0592363796
3.335	7.0619060726
3.3375	7.0645716831
3.34	7.0672332143
3.3425	7.0698906692
3.345	7.0725440509
3.3475	7.0751933624
3.35	7.0778386069
3.3525	7.0804797874
3.355	7.0831169071
3.3575	7.0857499690
3.36	7.0883789765
3.3625	7.0910039325
3.365	7.0936248402
3.3675	7.0962417030
3.37	7.0988545238
3.3725	7.1014633060
3.375	7.1040680527
3.3775	7.1066687672
3.38	7.1092654527
3.3825	7.1118581125
3.385	7.1144467498
3.3875	7.1170313679
3.39	7.1196119700
3.3925	7.1221885595
3.395	7.1247611398
3.3975	7.1273297140
3.4	7.1298942855
3.4025	7.1324548577
3.405	7.1350114339
3.4075	7.1375640175
3.41	7.1401126119
3.4125	7.1426572204
3.415	7.1451978464
3.4175	7.1477344933
3.42	7.1502671646
3.4225	7.1527958636
3.425	7.1553205939
3.4275	7.1578413588
3.43	7.1603581618
3.4325	7.1628710064
3.435	7.1653798960
3.4375	7.1678848342
3.44	7.1703858244
3.4425	7.1728828701
3.445	7.1753759749
3.4475	7.1778651423
3.45	7.1803503757
3.4525	7.1828316789
3.455	7.1853090552
3.4575	7.1877825083
3.46	7.1902520418
3.4625	7.1927176591
3.465	7.1951793640
3.4675	7.1976371601
3.47	7.2000910508
3.4725	7.2025410399
3.475	7.2049871310
3.4775	7.2074293276
3.48	7.2098676336
3.4825	7.2123020524
3.485	7.2147325878
3.4875	7.2171592435
3.49	7.2195820231
3.4925	7.2220009303
3.495	7.2244159687
3.4975	7.2268271423
3.5	7.2292344545
3.5025	7.2316379092
3.505	7.2340375100
3.5075	7.2364332608
3.51	7.2388251653
3.5125	7.2412132271
3.515	7.2435974501
3.5175	7.2459778381
3.52	7.2483543948
3.5225	7.2507271240
3.525	7.2530960295
3.5275	7.2554611152
3.53	7.2578223847
3.5325	7.2601798419
3.535	7.2625334908
3.5375	7.2648833350
3.54	7.2672293784
3.5425	7.2695716248
3.545	7.2719100782
3.5475	7.2742447424
3.55	7.2765756212
3.5525	7.2789027186
3.555	7.2812260383
3.5575	7.2835455843
3.56	7.2858613605
3.5625	7.2881733708
3.565	7.2904816191
3.5675	7.2927861092
3.57	7.2950868452
3.5725	7.2973838310
3.575	7.2996770705
3.5775	7.3019665676
3.58	7.3042523262
3.5825	7.3065343504
3.585	7.3088126441
3.5875	7.3110872113
3.59	7.3133580559
3.5925	7.3156251819
3.595	7.3178885933
3.5975	7.3201482941
3.6	7.3224042883
3.6025	7.3246565798
3.605	7.3269051728
3.6075	7.3291500712
3.61	7.3313912791
3.6125	7.3336288004
3.615	7.3358626391
3.6175	7.3380927995
3.62	7.3403192854
3.6225	7.3425421009
3.625	7.3447612502
3.6275	7.3469767371
3.63	7.3491885659
3.6325	7.3513967406
3.635	7.3536012652
3.6375	7.3558021439
3.64	7.3579993807
3.6425	7.3601929797
3.645	7.3623829450
3.6475	7.3645692808
3.65	7.3667519910
3.6525	7.3689310800
3.655	7.3711065517
3.6575	7.3732784102
3.66	7.3754466598
3.6625	7.3776113046
3.665	7.3797723486
3.6675	7.3819297960
3.67	7.3840836510
3.6725	7.3862339177
3.675	7.3883806003
3.6775	7.3905237030
3.68	7.3926632299
3.6825	7.3947991851
3.685	7.3969315729
3.6875	7.3990603974
3.69	7.4011856628
3.6925	7.4033073733
3.695	7.4054255331
3.6975	7.4075401464
3.7	7.4096512174
3.7025	7.4117587503
3.705	7.4138627493
3.7075	7.4159632186
3.71	7.4180601625
3.7125	7.4201535851
3.715	7.4222434906
3.7175	7.4243298834
3.72	7.4264127677
3.7225	7.4284921476
3.725	7.4305680274
3.7275	7.4326404114
3.73	7.4347093038
3.7325	7.4367747089
3.735	7.4388366309
3.7375	7.4408950741
3.74	7.4429500427
3.7425	7.4450015411
3.745	7.4470495734
3.7475	7.4490941440
3.75	7.4511352571
3.7525	7.4531729171
3.755	7.4552071281
3.7575	7.4572378946
3.76	7.4592652207
3.7625	7.4612891108
3.765	7.4633095692
3.7675	7.4653266002
3.77	7.4673402081
3.7725	7.4693503971
3.775	7.4713571717
3.7775	7.4733605361
3.78	7.4753604946
3.7825	7.4773570516
3.785	7.4793502114
3.7875	7.4813399783
3.79	7.4833263567
3.7925	7.4853093508
3.795	7.4872889651
3.7975	7.4892652038
3.8	7.4912380713
3.8025	7.4932075720
3.805	7.4951737102
3.8075	7.4971364902
3.81	7.4990959164
3.8125	7.5010519932
3.815	7.5030047250
3.8175	7.5049541160
3.82	7.5069001706
3.8225	7.5088428933
3.825	7.5107822884
3.8275	7.5127183603
3.83	7.5146511133
3.8325	7.5165805519
3.835	7.5185066804
3.8375	7.5204295031
3.84	7.5223490246
3.8425	7.5242652491
3.845	7.5261781812
3.8475	7.5280878251
3.85	7.5299941852
3.8525	7.5318972661
3.855	7.5337970720
3.8575	7.5356936075
3.86	7.5375868768
3.8625	7.5394768844
3.865	7.5413636348
3.8675	7.5432471323
3.87	7.5451273814
3.8725	7.5470043864
3.875	7.5488781519
3.8775	7.5507486823
3.88	7.5526159819
3.8825	7.5544800552
3.885	7.5563409066
3.8875	7.5581985407
3.89	7.5600529618
3.8925	7.5619041743
3.895	7.5637521827
3.8975	7.5655969916
3.9	7.5674386052
3.9025	7.5692770281
3.905	7.5711122647
3.9075	7.5729443195
3.91	7.5747731970
3.9125	7.5765989015
3.915	7.5784214377
3.9175	7.5802408098
3.92	7.5820570225
3.9225	7.5838700802
3.925	7.5856799874
3.9275	7.5874867485
3.93	7.5892903680
3.9325	7.5910908505
3.935	7.5928882003
3.9375	7.5946824221
3.94	7.5964735202
3.9425	7.5982614992
3.945	7.6000463636
3.9475	7.6018281179
3.95	7.6036067665
3.9525	7.6053823141
3.955	7.6071547650
3.9575	7.6089241238
3.96	7.6106903951
3.9625	7.6124535833
3.965	7.6142136930
3.9675	7.6159707286
3.97	7.6177246948
3.9725	7.6194755960
3.975	7.6212234368
3.9775	7.6229682217
3.98	7.6247099552
3.9825	7.6264486419
3.985	7.6281842864
3.9875	7.6299168931
3.99	7.6316464666
3.9925	7.6333730116
3.995	7.6350965325
3.9975	7.6368170338
4.0	7.6385345203
4.0025	7.6402489964
4.005	7.6419604666
4.0075	7.6436689357
4.01	7.6453744081
4.0125	7.6470768884
4.015	7.6487763813
4.0175	7.6504728913
4.02	7.6521664230
4.0225	7.6538569810
4.025	7.6555445699
4.0275	7.6572291943
4.03	7.6589108588
4.0325	7.6605895680
4.035	7.6622653266
4.0375	7.6639381391
4.04	7.6656080103
4.0425	7.6672749447
4.045	7.6689389469
4.0475	7.6706000216
4.05	7.6722581735
4.0525	7.6739134071
4.055	7.6755657272
4.0575	7.6772151384
4.06	7.6788616454
4.0625	7.6805052528
4.065	7.6821459653
4.0675	7.6837837877
4.07	7.6854187244
4.0725	7.6870507804
4.075	7.6886799603
4.0775	7.6903062687
4.08	7.6919297104
4.0825	7.6935502900
4.085	7.6951680125
4.0875	7.6967828823
4.09	7.6983949044
4.0925	7.7000040833
4.095	7.7016104240
4.0975	7.7032139311
4.1	7.7048146093
4.1025	7.7064124636
4.105	7.7080074986
4.1075	7.7095997191
4.11	7.7111891299
4.1125	7.7127757359
4.115	7.7143595419
4.1175	7.7159405526
4.12	7.7175187728
4.1225	7.7190942076
4.125	7.7206668616
4.1275	7.7222367397
4.13	7.7238038469
4.1325	7.7253681879
4.135	7.7269297677
4.1375	7.7284885912
4.14	7.7300446632
4.1425	7.7315979888
4.145	7.7331485728
4.1475	7.7346964201
4.15	7.7362415358
4.1525	7.7377839248
4.155	7.7393235921
4.1575	7.7408605427
4.16	7.7423947815
4.1625	7.7439263137
4.165	7.7454551442
4.1675	7.7469812782
4.17	7.7485047206
4.1725	7.7500254765
4.175	7.7515435511
4.1775	7.7530589495
4.18	7.7545716767
4.1825	7.7560817380
4.185	7.7575891385
4.1875	7.7590938835
4.19	7.7605959780
4.1925	7.7620954274
4.195	7.7635922369
4.1975	7.7650864117
4.2	7.7665779571
4.2025	7.7680668785
4.205	7.7695531812
4.2075	7.7710368705
4.21	7.7725179518
4.2125	7.7739964306
4.215	7.7754723122
4.2175	7.7769456022
4.22	7.7784163060
4.2225	7.7798844291
4.225	7.7813499770
4.2275	7.7828129555
4.23	7.7842733699
4.2325	7.7857312261
4.235	7.7871865297
4.2375	7.7886392863
4.24	7.7900895018
4.2425	7.7915371819
4.245	7.7929823324
4.2475	7.7944249592
4.25	7.7958650683
4.2525	7.7973026654
4.255	7.7987377568
4.2575	7.8001703482
4.26	7.8016004460
4.2625	7.8030280561
4.265	7.8044531848
4.2675	7.8058758384
4.27	7.8072960230
4.2725	7.8087137451
4.275	7.8101290111
4.2775	7.8115418274
4.28	7.8129522006
4.2825	7.8143601373
4.285	7.8157656441
4.2875	7.8171687278
4.29	7.8185693953
4.2925	7.8199676534
4.295	7.8213635090
4.2975	7.8227569694
4.3	7.8241480415
4.3025	7.8255367328
4.305	7.8269230504
4.3075	7.8283070019
4.31	7.8296885948
4.3125	7.8310678368
4.315	7.8324447356
4.3175	7.8338192991
4.32	7.8351915354
4.3225	7.8365614526
4.325	7.8379290589
4.3275	7.8392943629
4.33	7.8406573731
4.3325	7.8420180983
4.335	7.8433765473
4.3375	7.8447327293
4.34	7.8460866535
4.3425	7.8474383294
4.345	7.8487877666
4.3475	7.8501349751
4.35	7.8514799649
4.3525	7.8528227464
4.355	7.8541633303
4.3575	7.8555017273
4.36	7.8568379487
4.3625	7.8581720058
4.365	7.8595039106
4.3675	7.8608336750
4.37	7.8621613115
4.3725	7.8634868330
4.375	7.8648102528
4.3775	7.8661315845
4.38	7.8674508423
4.3825	7.8687680408
4.385	7.8700831952
4.3875	7.8713963212
4.39	7.8727074351
4.3925	7.8740165538
4.395	7.8753236952
4.3975	7.8766288775
4.4	7.8779321200
4.4025	7.8792334429
4.405	7.8805328670
4.4075	7.8818304146
4.41	7.8831261088
4.4125	7.8844199740
4.415	7.8857120359
4.4175	7.8870023217
4.42	7.8882908601
4.4225	7.8895776816
4.425	7.8908628187
4.4275	7.8921463058
4.43	7.8934281799
4.4325	7.8947084805
4.435	7.8959872499
4.4375	7.8972645341
4.44	7.8985403823
4.4425	7.8998148481
4.445	7.9010879900
4.4475	7.9023598715
4.45	7.9036305628
4.4525	7.9049001409
4.455	7.9061686913
4.4575	7.9074363093
4.46	7.9087031019
4.4625	7.9099691895
4.465	7.9112347097
4.4675	7.9124998200
4.47	7.9137647031
4.4725	7.9150295732
4.475	7.9162946849
4.4775	7.9175603453
4.48	7.9188269322
4.4825	7.9200949208
4.485	7.9213649271
4.4875	7.9226377799
4.49	7.9239146544
4.4925	7.9251973483
4.495	7.9264889721
4.4975	7.9277964021
4.5	7.9291915129
4.5025	7.9306663161
4.505	7.9321415757
4.5075	7.9336088685
4.51	7.9350644891
4.5125	7.9365065453
4.515	7.9379340778
4.5175	7.9393466789
4.52	7.9407442925
4.5225	7.9421270952
4.525	7.9434954188
4.5275	7.9448496969
4.53	7.9461904273
4.5325	7.9475181431
4.535	7.9488333927
4.5375	7.9501367238
4.54	7.9514286723
4.5425	7.9527097542
4.545	7.9539804608
4.5475	7.9552412547
4.55	7.9564925693
4.5525	7.9577348081
4.555	7.9589683462
4.5575	7.9601935320
4.56	7.9614106895
4.5625	7.9626201210
4.565	7.9638221103
4.5675	7.9650169252
4.57	7.9662048207
4.5725	7.9673860408
4.575	7.9685608215
4.5775	7.9697293918
4.58	7.9708919757
4.5825	7.9720487929
4.585	7.9732000595
4.5875	7.9743459880
4.59	7.9754867873
4.5925	7.9766226621
4.595	7.9777538123
4.5975	7.9788804323
4.6	7.9800027094
4.6025	7.9811208236
4.605	7.9822349458
4.6075	7.9833452371
4.61	7.9844518481
4.6125	7.9855549178
4.615	7.9866545733
4.6175	7.9877509293
4.62	7.9888440882
4.6225	7.9899341396
4.625	7.9910211615
4.6275	7.9921052199
4.63	7.9931863702
4.6325	7.9942646574
4.635	7.9953401178
4.6375	7.9964127796
4.64	7.9974826642
4.6425	7.9985497877
4.645	7.9996141617
4.6475	8.0006757946
4.65	8.0017346930
4.6525	8.0027908625
4.655	8.0038443088
4.6575	8.0048950384
4.66	8.0059430593
4.6625	8.0069883818
4.665	8.0080310187
4.6675	8.0090709855
4.67	8.0101083005
4.6725	8.0111429853
4.675	8.0121750638
4.6775	8.0132045627
4.68	8.0142315109
4.6825	8.0152559390
4.685	8.0162778791
4.6875	8.0172973640
4.69	8.0183144271
4.6925	8.0193291014
4.695	8.0203414197
4.6975	8.0213514136
4.7	8.0223591131
4.7025	8.0233645467
4.705	8.0243677408
4.7075	8.0253687194
4.71	8.0263675044
4.7125	8.0273641149
4.715	8.0283585676
4.7175	8.0293508769
4.72	8.0303410545
4.7225	8.0313291103
4.725	8.0323150517
4.7275	8.0332988849
4.73	8.0342806139
4.7325	8.0352602419
4.735	8.0362377709
4.7375	8.0372132022
4.74	8.0381865363
4.7425	8.0391577739
4.745	8.0401269152
4.7475	8.0410939610
4.75	8.0420589120
4.7525	8.0430217695
4.755	8.0439825354
4.7575	8.0449412121
4.76	8.0458978027
4.7625	8.0468523110
4.765	8.0478047413
4.7675	8.0487550987
4.77	8.0497033887
4.7725	8.0506496172
4.775	8.0515937908
4.7775	8.0525359160
4.78	8.0534759999
4.7825	8.0544140493
4.785	8.0553500715
4.7875	8.0562840734
4.79	8.0572160618
4.7925	8.0581460434
4.795	8.0590740247
4.7975	8.0600000118
4.8	8.0609240106
4.8025	8.0618460266
4.805	8.0627660651
4.8075	8.0636841309
4.81	8.0646002288
4.8125	8.0655143632
4.815	8.0664265382
4.8175	8.0673367579
4.82	8.0682450262
4.8225	8.0691513469
4.825	8.0700557238
4.8275	8.0709581608
4.83	8.0718586617
4.8325	8.0727572305
4.835	8.0736538712
4.8375	8.0745485881
4.84	8.0754413854
4.8425	8.0763322678
4.845	8.0772212400
4.8475	8.0781083068
4.85	8.0789934733
4.8525	8.0798767446
4.855	8.0807581260
4.8575	8.0816376229
4.86	8.0825152409
4.8625	8.0833909853
4.865	8.0842648619
4.8675	8.0851368760
4.87	8.0860070332
4.8725	8.0868753390
4.875	8.0877417987
4.8775	8.0886064175
4.88	8.0894692006
4.8825	8.0903301530
4.885	8.0911892795
4.8875	8.0920465849
4.89	8.0929020737
4.8925	8.0937557502
4.895	8.0946076188
4.8975	8.0954576836
4.9	8.0963059486
4.9025	8.0971524175
4.905	8.0979970943
4.9075	8.0988399825
4.91	8.0996810858
4.9125	8.1005204077
4.915	8.1013579518
4.9175	8.1021937214
4.92	8.1030277201
4.9225	8.1038599513
4.925	8.1046904184
4.9275	8.1055191250
4.93	8.1063460745
4.9325	8.1071712704
4.935	8.1079947163
4.9375	8.1088164157
4.94	8.1096363724
4.9425	8.1104545899
4.945	8.1112710720
4.9475	8.1120858222
4.95	8.1128988445
4.9525	8.1137101424
4.955	8.1145197198
4.9575	8.1153275805
4.96	8.1161337282
4.9625	8.1169381667
4.965	8.1177408997
4.9675	8.1185419311
4.97	8.1193412646
4.9725	8.1201389039
4.975	8.1209348527
4.9775	8.1217291148
4.98	8.1225216938
4.9825	8.1233125933
4.985	8.1241018171
4.9875	8.1248893687
4.99	8.1256752518
4.9925	8.1264594699
4.995	8.1272420266
4.9975	8.1280229255
5.0	8.1288021702
5.0025	8.1295797642
5.005	8.1303557111
5.0075	8.1311300143
5.01	8.1319026776
5.0125	8.1326737043
5.015	8.1334430982
5.0175	8.1342108626
5.02	8.1349770012
5.0225	8.1357415175
5.025	8.1365044151
5.0275	8.1372656975
5.03	8.1380253683
5.0325	8.1387834310
5.035	8.1395398892
5.0375	8.1402947465
5.04	8.1410480063
5.0425	8.1417996722
5.045	8.1425497478
5.0475	8.1432982364
5.05	8.1440451417
5.0525	8.1447904671
5.055	8.1455342161
5.0575	8.1462763922
5.06	8.1470169987
5.0625	8.1477560392
5.065	8.1484935169
5.0675	8.1492294354
5.07	8.1499637979
5.0725	8.1506966079
5.075	8.1514278687
5.0775	8.1521575836
5.08	8.1528857559
5.0825	8.1536123890
5.085	8.1543374861
5.0875	8.1550610505
5.09	8.1557830855
5.0925	8.1565035943
5.095	8.1572225802
5.0975	8.1579400465
5.1	8.1586559963
5.1025	8.1593704329
5.105	8.1600833595
5.1075	8.1607947793
5.11	8.1615046956
5.1125	8.1622131115
5.115	8.1629200302
5.1175	8.1636254550
5.12	8.1643293889
5.1225	8.1650318353
5.125	8.1657327972
5.1275	8.1664322779
5.13	8.1671302805
5.1325	8.1678268081
5.135	8.1685218640
5.1375	8.1692154512
5.14	8.1699075728
5.1425	8.1705982321
5.145	8.1712874322
5.1475	8.1719751761
5.15	8.1726614669
5.1525	8.1733463079
5.155	8.1740297019
5.1575	8.1747116523
5.16	8.1753921619
5.1625	8.1760712339
5.165	8.1767488713
5.1675	8.1774250773
5.17	8.1780998548
5.1725	8.1787732069
5.175	8.1794451366
5.1775	8.1801156470
5.18	8.1807847411
5.1825	8.1814524218
5.185	8.1821186923
5.1875	8.1827835554
5.19	8.1834470142
5.1925	8.1841090718
5.195	8.1847697310
5.1975	8.1854289948
5.2	8.1860868663
5.2025	8.1867433483
5.205	8.1873984440
5.2075	8.1880521561
5.21	8.1887044876
5.2125	8.1893554416
5.215	8.1900050209
5.2175	8.1906532285
5.22	8.1913000672
5.2225	8.1919455401
5.225	8.1925896499
5.2275	8.1932323997
5.23	8.1938737923
5.2325	8.1945138307
5.235	8.1951525176
5.2375	8.1957898560
5.24	8.1964258487
5.2425	8.1970604986
5.245	8.1976938086
5.2475	8.1983257816
5.25	8.1989564203
5.2525	8.1995857276
5.255	8.2002137063
5.2575	8.2008403593
5.26	8.2014656894
5.2625	8.2020896994
5.265	8.2027123921
5.2675	8.2033337702
5.27	8.2039538367
5.2725	8.2045725943
5.275	8.2051900458
5.2775	8.2058061939
5.28	8.2064210414
5.2825	8.2070345911
5.285	8.2076468458
5.2875	8.2082578082
5.29	8.2088674810
5.2925	8.2094758670
5.295	8.2100829689
5.2975	8.2106887895
5.3	8.2112933314
5.3025	8.2118965975
5.305	8.2124985904
5.3075	8.2130993128
5.31	8.2136987674
5.3125	8.2142969569
5.315	8.2148938840
5.3175	8.2154895514
5.32	8.2160839618
5.3225	8.2166771178
5.325	8.2172690221
5.3275	8.2178596774
5.33	8.2184490864
5.3325	8.2190372515
5.335	8.2196241756
5.3375	8.2202098613
5.34	8.2207943111
5.3425	8.2213775277
5.345	8.2219595138
5.3475	8.2225402719
5.35	8.2231198046
5.3525	8.2236981146
5.355	8.2242752045
5.3575	8.2248510768
5.36	8.2254257341
5.3625	8.2259991791
5.365	8.2265714142
5.3675	8.2271424421
5.37	8.2277122653
5.3725	8.2282808864
5.375	8.2288483080
5.3775	8.2294145325
5.38	8.2299795626
5.3825	8.2305434007
5.385	8.2311060494
5.3875	8.2316675112
5.39	8.2322277887
5.3925	8.2327868843
5.395	8.2333448006
5.3975	8.2339015401
5.4	8.2344571052
5.4025	8.2350114985
5.405	8.2355647225
5.4075	8.2361167796
5.41	8.2366676723
5.4125	8.2372174031
5.415	8.2377659745
5.4175	8.2383133889
5.42	8.2388596488
5.4225	8.2394047566
5.425	8.2399487147
5.4275	8.2404915257
5.43	8.2410331919
5.4325	8.2415737159
5.435	8.2421130999
5.4375	8.2426513464
5.44	8.2431884579
5.4425	8.2437244368
5.445	8.2442592854
5.4475	8.2447930062
5.45	8.2453256015
5.4525	8.2458570737
5.455	8.2463874253
5.4575	8.2469166586
5.46	8.2474447760
5.4625	8.2479717798
5.465	8.2484976724
5.4675	8.2490224562
5.47	8.2495461335
5.4725	8.2500687067
5.475	8.2505901781
5.4775	8.2511105501
5.48	8.2516298250
5.4825	8.2521480050
5.485	8.2526650927
5.4875	8.2531810902
5.49	8.2536959998
5.4925	8.2542098240
5.495	8.2547225649
5.4975	8.2552342250
5.5	8.2557447975
5.5025	8.2562541507
5.505	8.2567622976
5.5075	8.2572692504
5.51	8.2577750208
5.5125	8.2582796199
5.515	8.2587830584
5.5175	8.2592853462
5.52	8.2597864926
5.5225	8.2602865066
5.525	8.2607853965
5.5275	8.2612831700
5.53	8.2617798345
5.5325	8.2622753969
5.535	8.2627698635
5.5375	8.2632632406
5.54	8.2637555338
5.5425	8.2642467485
5.545	8.2647368899
5.5475	8.2652259630
5.55	8.2657139722
5.5525	8.2662009223
5.555	8.2666868174
5.5575	8.2671716618
5.56	8.2676554595
5.5625	8.2681382144
5.565	8.2686199305
5.5675	8.2691006114
5.57	8.2695802608
5.5725	8.2700588823
5.575	8.2705364794
5.5775	8.2710130556
5.58	8.2714886142
5.5825	8.2719631585
5.585	8.2724366917
5.5875	8.2729092169
5.59	8.2733807372
5.5925	8.2738512556
5.595	8.2743207749
5.5975	8.2747892979
5.6	8.2752568274
5.6025	8.2757233660
5.605	8.2761889163
5.6075	8.2766534808
5.61	8.2771170620
5.6125	8.2775796621
5.615	8.2780412836
5.6175	8.2785019287
5.62	8.2789615996
5.6225	8.2794202986
5.625	8.2798780277
5.6275	8.2803347892
5.63	8.2807905853
5.6325	8.2812454179
5.635	8.2816992892
5.6375	8.2821522014
5.64	8.2826041565
5.6425	8.2830551566
5.645	8.2835052040
5.6475	8.2839543008
5.65	8.2844024490
5.6525	8.2848496508
5.655	8.2852959084
5.6575	8.2857412241
5.66	8.2861855998
5.6625	8.2866290379
5.665	8.2870715406
5.6675	8.2875131098
5.67	8.2879537480
5.6725	8.2883934572
5.675	8.2888322395
5.6775	8.2892700972
5.68	8.2897070323
5.6825	8.2901430470
5.685	8.2905781434
5.6875	8.2910123234
5.69	8.2914455893
5.6925	8.2918779430
5.695	8.2923093866
5.6975	8.2927399221
5.7	8.2931695513
5.7025	8.2935982764
5.705	8.2940260992
5.7075	8.2944530218
5.71	8.2948790459
5.7125	8.2953041736
5.715	8.2957284067
5.7175	8.2961517471
5.72	8.2965741968
5.7225	8.2969957575
5.725	8.2974164313
5.7275	8.2978362198
5.73	8.2982551251
5.7325	8.2986731490
5.735	8.2990902934
5.7375	8.2995065601
5.74	8.2999219510
5.7425	8.3003364680
5.745	8.3007501130
5.7475	8.3011628878
5.75	8.3015747943
5.7525	8.3019858344
5.755	8.3023960099
5.7575	8.3028053228
5.76	8.3032137748
5.7625	8.3036213679
5.765	8.3040281039
5.7675	8.3044339847
5.77	8.3048390121
5.7725	8.3052431880
5.775	8.3056465141
5.7775	8.3060489924
5.78	8.3064506247
5.7825	8.3068514128
5.785	8.3072513585
5.7875	8.3076504636
5.79	8.3080487300
5.7925	8.3084461594
5.795	8.3088427537
5.7975	8.3092385146
5.8	8.3096334439
5.8025	8.3100275434
5.805	8.3104208149
5.8075	8.3108132602
5.81	8.3112048810
5.8125	8.3115956792
5.815	8.3119856564
5.8175	8.3123748144
5.82	8.3127631551
5.8225	8.3131506801
5.825	8.3135373912
5.8275	8.3139232903
5.83	8.3143083789
5.8325	8.3146926589
5.835	8.3150761320
5.8375	8.3154587999
5.84	8.3158406644
5.8425	8.3162217273
5.845	8.3166019902
5.8475	8.3169814548
5.85	8.3173601230
5.8525	8.3177379963
5.855	8.3181150766
5.8575	8.3184913654
5.86	8.3188668646
5.8625	8.3192415759
5.865	8.3196155008
5.8675	8.3199886411
5.87	8.3203609985
5.8725	8.3207325747
5.875	8.3211033713
5.8775	8.3214733900
5.88	8.3218426325
5.8825	8.3222111004
5.885	8.3225787953
5.8875	8.3229457190
5.89	8.3233118730
5.8925	8.3236772591
5.895	8.3240418788
5.8975	8.3244057339
5.9	8.3247688258
5.9025	8.3251311563
5.905	8.3254927269
5.9075	8.3258535394
5.91	8.3262135953
5.9125	8.3265728962
5.915	8.3269314437
5.9175	8.3272892395
5.92	8.3276462851
5.9225	8.3280025822
5.925	8.3283581324
5.9275	8.3287129372
5.93	8.3290669983
5.9325	8.3294203172
5.935	8.3297728956
5.9375	8.3301247349
5.94	8.3304758368
5.9425	8.3308262029
5.945	8.3311758348
5.9475	8.3315247339
5.95	8.3318729019
5.9525	8.3322203404
5.955	8.3325670508
5.9575	8.3329130348
5.96	8.3332582939
5.9625	8.3336028297
5.965	8.3339466437
5.9675	8.3342897374
5.97	8.3346321123
5.9725	8.3349737701
5.975	8.3353147123
5.9775	8.3356549403
5.98	8.3359944557
5.9825	8.3363332600
5.985	8.3366713548
5.9875	8.3370087415
5.99	8.3373454217
5.9925	8.3376813968
5.995	8.3380166685
5.9975	8.3383512381
6.0	8.3386851072
6.0025	8.3390182772
6.005	8.3393507498
6.0075	8.3396825263
6.01	8.3400136082
6.0125	8.3403439970
6.015	8.3406736943
6.0175	8.3410027014
6.02	8.3413310199
6.0225	8.3416586512
6.025	8.3419855967
6.0275	8.3423118581
6.03	8.3426374366
6.0325	8.3429623338
6.035	8.3432865511
6.0375	8.3436100900
6.04	8.3439329518
6.0425	8.3442551382
6.045	8.3445766504
6.0475	8.3448974900
6.05	8.3452176583
6.0525	8.3455371568
6.055	8.3458559869
6.0575	8.3461741501
6.06	8.3464916478
6.0625	8.3468084813
6.065	8.3471246521
6.0675	8.3474401616
6.07	8.3477550113
6.0725	8.3480692024
6.075	8.3483827365
6.0775	8.3486956149
6.08	8.3490078390
6.0825	8.3493194102
6.085	8.3496303299
6.0875	8.3499405995
6.09	8.3502502203
6.0925	8.3505591938
6.095	8.3508675213
6.0975	8.3511752042
6.1	8.3514822439
6.1025	8.3517886417
6.105	8.3520943990
6.1075	8.3523995171
6.11	8.3527039975
6.1125	8.3530078415
6.115	8.3533110504
6.1175	8.3536136255
6.12	8.3539155683
6.1225	8.3542168801
6.125	8.3545175622
6.1275	8.3548176159
6.13	8.3551170427
6.1325	8.3554158437
6.135	8.3557140204
6.1375	8.3560115741
6.14	8.3563085061
6.1425	8.3566048177
6.145	8.3569005102
6.1475	8.3571955850
6.15	8.3574900434
6.1525	8.3577838866
6.155	8.3580771160
6.1575	8.3583697329
6.16	8.3586617387
6.1625	8.3589531344
6.165	8.3592439216
6.1675	8.3595341015
6.17	8.3598236753
6.1725	8.3601126444
6.175	8.3604010100
6.1775	8.3606887734
6.18	8.3609759359
6.1825	8.3612624988
6.185	8.3615484633
6.1875	8.3618338308
6.19	8.3621186024
6.1925	8.3624027795
6.195	8.3626863633
6.1975	8.3629693550
6.2	8.3632517560
6.2025	8.3635335674
6.205	8.3638147906
6.2075	8.3640954268
6.21	8.3643754771
6.2125	8.3646549430
6.215	8.3649338255
6.2175	8.3652121260
6.22	8.3654898456
6.2225	8.3657669857
6.225	8.3660435474
6.2275	8.3663195319
6.23	8.3665949406
6.2325	8.3668697745
6.235	8.3671440350
6.2375	8.3674177232
6.24	8.3676908404
6.2425	8.3679633877
6.245	8.3682353665
6.2475	8.3685067777
6.25	8.3687776228
6.2525	8.3690479029
6.255	8.3693176191
6.2575	8.3695867727
6.26	8.3698553649
6.2625	8.3701233968
6.265	8.3703908696
6.2675	8.3706577846
6.27	8.3709241429
6.2725	8.3711899457
6.275	8.3714551941
6.2775	8.3717198894
6.28	8.3719840327
6.2825	8.3722476251
6.285	8.3725106679
6.2875	8.3727731623
6.29	8.3730351092
6.2925	8.3732965101
6.295	8.3735573659
6.2975	8.3738176778
6.3	8.3740774470
6.3025	8.3743366747
6.305	8.3745953619
6.3075	8.3748535099
6.31	8.3751111197
6.3125	8.3753681926
6.315	8.3756247296
6.3175	8.3758807319
6.32	8.3761362006
6.3225	8.3763911368
6.325	8.3766455417
6.3275	8.3768994164
6.33	8.3771527620
6.3325	8.3774055796
6.335	8.3776578704
6.3375	8.3779096354
6.34	8.3781608759
6.3425	8.3784115928
6.345	8.3786617872
6.3475	8.3789114604
6.35	8.3791606134
6.3525	8.3794092473
6.355	8.3796573632
6.3575	8.3799049622
6.36	8.3801520453
6.3625	8.3803986137
6.365	8.3806446685
6.3675	8.3808902108
6.37	8.3811352415
6.3725	8.3813797619
6.375	8.3816237730
6.3775	8.3818672758
6.38	8.3821102715
6.3825	8.3823527611
6.385	8.3825947457
6.3875	8.3828362263
6.39	8.3830772041
6.3925	8.3833176800
6.395	8.3835576552
6.3975	8.3837971306
6.4	8.3840361074
6.4025	8.3842745866
6.405	8.3845125693
6.4075	8.3847500564
6.41	8.3849870492
6.4125	8.3852235485
6.415	8.3854595554
6.4175	8.3856950711
6.42	8.3859300964
6.4225	8.3861646325
6.425	8.3863986803
6.4275	8.3866322410
6.43	8.3868653156
6.4325	8.3870979049
6.435	8.3873300102
6.4375	8.3875616324
6.44	8.3877927725
6.4425	8.3880234316
6.445	8.3882536107
6.4475	8.3884833107
6.45	8.3887125327
6.4525	8.3889412777
6.455	8.3891695467
6.4575	8.3893973408
6.46	8.3896246608
6.4625	8.3898515078
6.465	8.3900778829
6.4675	8.3903037870
6.47	8.3905292210
6.4725	8.3907541861
6.475	8.3909786831
6.4775	8.3912027131
6.48	8.3914262770
6.4825	8.3916493759
6.485	8.3918720107
6.4875	8.3920941824
6.49	8.3923158920
6.4925	8.3925371404
6.495	8.3927579286
6.4975	8.3929782576
6.5	8.3931981284
6.5025	8.3934175419
6.505	8.3936364990
6.5075	8.3938550009
6.51	8.3940730483
6.5125	8.3942906423
6.515	8.3945077838
6.5175	8.3947244738
6.52	8.3949407132
6.5225	8.3951565030
6.525	8.3953718441
6.5275	8.3955867375
6.53	8.3958011841
6.5325	8.3960151849
6.535	8.3962287407
6.5375	8.3964418526
6.54	8.3966545214
6.5425	8.3968667481
6.545	8.3970785337
6.5475	8.3972898790
6.55	8.3975007851
6.5525	8.3977112527
6.555	8.3979212829
6.5575	8.3981308765
6.56	8.3983400345
6.5625	8.3985487578
6.565	8.3987570473
6.5675	8.3989649039
6.57	8.3991723286
6.5725	8.3993793222
6.575	8.3995858856
6.5775	8.3997920198
6.58	8.3999977257
6.5825	8.4002030041
6.585	8.4004078560
6.5875	8.4006122823
6.59	8.4008162838
6.5925	8.4010198615
6.595	8.4012230162
6.5975	8.4014257488
6.6	8.4016280603
6.6025	8.4018299514
6.605	8.4020314232
6.6075	8.4022324764
6.61	8.4024331120
6.6125	8.4026333308
6.615	8.4028331338
6.6175	8.4030325217
6.62	8.4032314954
6.6225	8.4034300559
6.625	8.4036282040
6.6275	8.4038259406
6.63	8.4040232665
6.6325	8.4042201826
6.635	8.4044166898
6.6375	8.4046127889
6.64	8.4048084807
6.6425	8.4050037662
6.645	8.4051986462
6.6475	8.4053931215
6.65	8.4055871930
6.6525	8.4057808615
6.655	8.4059741280
6.6575	8.4061669931
6.66	8.4063594579
6.6625	8.4065515230
6.665	8.4067431894
6.6675	8.4069344580
6.67	8.4071253294
6.6725	8.4073158046
6.675	8.4075058845
6.6775	8.4076955697
6.68	8.4078848612
6.6825	8.4080737598
6.685	8.4082622663
6.6875	8.4084503816
6.69	8.4086381064
6.6925	8.4088254416
6.695	8.4090123880
6.6975	8.4091989464
6.7	8.4093851177
6.7025	8.4095709026
6.705	8.4097563019
6.7075	8.4099413165
6.71	8.4101259472
6.7125	8.4103101948
6.715	8.4104940601
6.7175	8.4106775438
6.72	8.4108606469
6.7225	8.4110433700
6.725	8.4112257140
6.7275	8.4114076797
6.73	8.4115892679
6.7325	8.4117704794
6.735	8.4119513149
6.7375	8.4121317753
6.74	8.4123118613
6.7425	8.4124915738
6.745	8.4126709134
6.7475	8.4128498811
6.75	8.4130284775
6.7525	8.4132067035
6.755	8.4133845598
6.7575	8.4135620472
6.76	8.4137391665
6.7625	8.4139159185
6.765	8.4140923039
6.7675	8.4142683235
6.77	8.4144439780
6.7725	8.4146192683
6.775	8.4147941951
6.7775	8.4149687591
6.78	8.4151429612
6.7825	8.4153168020
6.785	8.4154902824
6.7875	8.4156634030
6.79	8.4158361647
6.7925	8.4160085682
6.795	8.4161806143
6.7975	8.4163523036
6.8	8.4165236371
6.8025	8.4166946153
6.805	8.4168652390
6.8075	8.4170355091
6.81	8.4172054261
6.8125	8.4173749910
6.815	8.4175442043
6.8175	8.4177130669
6.82	8.4178815794
6.8225	8.4180497427
6.825	8.4182175575
6.8275	8.4183850244
6.83	8.4185521442
6.8325	8.4187189176
6.835	8.4188853454
6.8375	8.4190514283
6.84	8.4192171670
6.8425	8.4193825623
6.845	8.4195476148
6.8475	8.4197123252
6.85	8.4198766944
6.8525	8.4200407229
6.855	8.4202044116
6.8575	8.4203677611
6.86	8.4205307721
6.8625	8.4206934454
6.865	8.4208557816
6.8675	8.4210177815
6.87	8.4211794458
6.8725	8.4213407752
6.875	8.4215017703
6.8775	8.4216624319
6.88	8.4218227606
6.8825	8.4219827573
6.885	8.4221424225
6.8875	8.4223017570
6.89	8.4224607614
6.8925	8.4226194365
6.895	8.4227777829
6.8975	8.4229358013
6.9	8.4230934925
6.9025	8.4232508570
6.905	8.4234078956
6.9075	8.4235646090
6.91	8.4237209979
6.9125	8.4238770628
6.915	8.4240328046
6.9175	8.4241882238
6.92	8.4243433212
6.9225	8.4244980975
6.925	8.4246525532
6.9275	8.4248066891
6.93	8.4249605059
6.9325	8.4251140042
6.935	8.4252671846
6.9375	8.4254200479
6.94	8.4255725947
6.9425	8.4257248257
6.945	8.4258767415
6.9475	8.4260283428
6.95	8.4261796303
6.9525	8.4263306046
6.955	8.4264812663
6.9575	8.4266316162
6.96	8.4267816548
6.9625	8.4269313829
6.965	8.4270808010
6.9675	8.4272299098
6.97	8.4273787101
6.9725	8.4275272023
6.975	8.4276753872
6.9775	8.4278232654
6.98	8.4279708375
6.9825	8.4281181043
6.985	8.4282650662
6.9875	8.4284117241
6.99	8.4285580784
6.9925	8.4287041298
6.995	8.4288498791
6.9975	8.4289953267
7.0	8.4291404734
7.0025	8.4292853197
7.005	8.4294298663
7.0075	8.4295741138
7.01	8.4297180629
7.0125	8.4298617142
7.015	8.4300050682
7.0175	8.4301481256
7.02	8.4302908871
7.0225	8.4304333532
7.025	8.4305755247
7.0275	8.4307174019
7.03	8.4308589857
7.0325	8.4310002766
7.035	8.4311412753
7.0375	8.4312819822
7.04	8.4314223982
7.0425	8.4315625237
7.045	8.4317023593
7.0475	8.4318419057
7.05	8.4319811635
7.0525	8.4321201333
7.055	8.4322588157
7.0575	8.4323972112
7.06	8.4325353205
7.0625	8.4326731442
7.065	8.4328106829
7.0675	8.4329479372
7.07	8.4330849076
7.0725	8.4332215948
7.075	8.4333579994
7.0775	8.4334941218
7.08	8.4336299629
7.0825	8.4337655230
7.085	8.4339008029
7.0875	8.4340358031
7.09	8.4341705241
7.0925	8.4343049666
7.095	8.4344391312
7.0975	8.4345730183
7.1	8.4347066287
7.1025	8.4348399629
7.105	8.4349730214
7.1075	8.4351058049
7.11	8.4352383139
7.1125	8.4353705490
7.115	8.4355025107
7.1175	8.4356341997
7.12	8.4357656165
7.1225	8.4358967616
7.125	8.4360276357
7.1275	8.4361582393
7.13	8.4362885729
7.1325	8.4364186372
7.135	8.4365484327
7.1375	8.4366779599
7.14	8.4368072195
7.1425	8.4369362119
7.145	8.4370649378
7.1475	8.4371933976
7.15	8.4373215921
7.1525	8.4374495216
7.155	8.4375771867
7.1575	8.4377045881
7.16	8.4378317262
7.1625	8.4379586017
7.165	8.4380852149
7.1675	8.4382115666
7.17	8.4383376573
7.1725	8.4384634874
7.175	8.4385890576
7.1775	8.4387143684
7.18	8.4388394203
7.1825	8.4389642138
7.185	8.4390887496
7.1875	8.4392130281
7.19	8.4393370498
7.1925	8.4394608154
7.195	8.4395843254
7.1975	8.4397075802
7.2	8.4398305805
7.2025	8.4399533266
7.205	8.4400758193
7.2075	8.4401980590
7.21	8.4403200462
7.2125	8.4404417815
7.215	8.4405632653
7.2175	8.4406844983
7.22	8.4408054809
7.2225	8.4409262137
7.225	8.4410466972
7.2275	8.4411669318
7.23	8.4412869182
7.2325	8.4414066568
7.235	8.4415261482
7.2375	8.4416453928
7.24	8.4417643912
7.2425	8.4418831440
7.245	8.4420016515
7.2475	8.4421199144
7.25	8.4422379331
7.2525	8.4423557081
7.255	8.4424732400
7.2575	8.4425905293
7.26	8.4427075764
7.2625	8.4428243819
7.265	8.4429409463
7.2675	8.4430572700
7.27	8.4431733537
7.2725	8.4432891977
7.275	8.4434048026
7.2775	8.4435201689
7.28	8.4436352970
7.2825	8.4437501876
7.285	8.4438648410
7.2875	8.4439792577
7.29	8.4440934383
7.2925	8.4442073833
7.295	8.4443210931
7.2975	8.4444345683
7.3	8.4445478093
7.3025	8.4446608165
7.305	8.4447735906
7.3075	8.4448861320
7.31	8.4449984411
7.3125	8.4451105185
7.315	8.4452223647
7.3175	8.4453339800
7.32	8.4454453651
7.3225	8.4455565203
7.325	8.4456674462
7.3275	8.4457781432
7.33	8.4458886118
7.3325	8.4459988526
7.335	8.4461088659
7.3375	8.4462186522
7.34	8.4463282121
7.3425	8.4464375459
7.345	8.4465466542
7.3475	8.4466555375
7.35	8.4467641961
7.3525	8.4468726306
7.355	8.4469808414
7.3575	8.4470888290
7.36	8.4471965939
7.3625	8.4473041365
7.365	8.4474114573
7.3675	8.4475185568
7.37	8.4476254353
7.3725	8.4477320935
7.375	8.4478385316
7.3775	8.4479447503
7.38	8.4480507499
7.3825	8.4481565310
7.385	8.4482620939
7.3875	8.4483674391
7.39	8.4484725670
7.3925	8.4485774782
7.395	8.4486821731
7.3975	8.4487866521
7.4	8.4488909157
7.4025	8.4489949643
7.405	8.4490987983
7.4075	8.4492024183
7.41	8.4493058247
7.4125	8.4494090178
7.415	8.4495119982
7.4175	8.4496147664
7.42	8.4497173226
7.4225	8.4498196674
7.425	8.4499218013
7.4275	8.4500237246
7.43	8.4501254378
7.4325	8.4502269414
7.435	8.4503282357
7.4375	8.4504293212
7.44	8.4505301984
7.4425	8.4506308676
7.445	8.4507313294
7.4475	8.4508315841
7.45	8.4509316322
7.4525	8.4510314740
7.455	8.4511311102
7.4575	8.4512305409
7.46	8.4513297668
7.4625	8.4514287882
7.465	8.4515276055
7.4675	8.4516262192
7.47	8.4517246297
7.4725	8.4518228374
7.475	8.4519208427
7.4775	8.4520186461
7.48	8.4521162480
7.4825	8.4522136488
7.485	8.4523108489
7.4875	8.4524078487
7.49	8.4525046486
7.4925	8.4526012492
7.495	8.4526976507
7.4975	8.4527938536
7.5	8.4528898584
7.5025	8.4529856653
7.505	8.4530812749
7.5075	8.4531766875
7.51	8.4532719036
7.5125	8.4533669236
7.515	8.4534617478
7.5175	8.4535563767
7.52	8.4536508107
7.5225	8.4537450501
7.525	8.4538390955
7.5275	8.4539329472
7.53	8.4540266056
7.5325	8.4541200711
7.535	8.4542133441
7.5375	8.4543064250
7.54	8.4543993142
7.5425	8.4544920121
7.545	8.4545845191
7.5475	8.4546768356
7.55	8.4547689620
7.5525	8.4548608987
7.555	8.4549526461
7.5575	8.4550442046
7.56	8.4551355746
7.5625	8.4552267564
7.565	8.4553177505
7.5675	8.4554085572
7.57	8.4554991770
7.5725	8.4555896102
7.575	8.4556798572
7.5775	8.4557699184
7.58	8.4558597943
7.5825	8.4559494850
7.585	8.4560389912
7.5875	8.4561283131
7.59	8.4562174511
7.5925	8.4563064056
7.595	8.4563951771
7.5975	8.4564837657
7.6	8.4565721721
7.6025	8.4566603965
7.605	8.4567484393
7.6075	8.4568363008
7.61	8.4569239816
7.6125	8.4570114819
7.615	8.4570988021
7.6175	8.4571859426
7.62	8.4572729037
7.6225	8.4573596859
7.625	8.4574462895
7.6275	8.4575327149
7.63	8.4576189624
7.6325	8.4577050325
7.635	8.4577909254
7.6375	8.4578766416
7.64	8.4579621814
7.6425	8.4580475453
7.645	8.4581327334
7.6475	8.4582177463
7.65	8.4583025843
7.6525	8.4583872478
7.655	8.4584717370
7.6575	8.4585560525
7.66	8.4586401944
7.6625	8.4587241633
7.665	8.4588079594
7.6675	8.4588915832
7.67	8.4589750349
7.6725	8.4590583150
7.675	8.4591414237
7.6775	8.4592243615
7.68	8.4593071287
7.6825	8.4593897256
7.685	8.4594721527
7.6875	8.4595544102
7.69	8.4596364985
7.6925	8.4597184180
7.695	8.4598001691
7.6975	8.4598817520
7.7	8.4599631671
7.7025	8.4600444147
7.705	8.4601254953
7.7075	8.4602064092
7.71	8.4602871566
7.7125	8.4603677380
7.715	8.4604481537
7.7175	8.4605284041
7.72	8.4606084894
7.7225	8.4606884101
7.725	8.4607681664
7.7275	8.4608477587
7.73	8.4609271874
7.7325	8.4610064528
7.735	8.4610855552
7.7375	8.4611644950
7.74	8.4612432725
7.7425	8.4613218881
7.745	8.4614003420
7.7475	8.4614786346
7.75	8.4615567663
7.7525	8.4616347374
7.755	8.4617125482
7.7575	8.4617901991
7.76	8.4618676904
7.7625	8.4619450223
7.765	8.4620221953
7.7675	8.4620992097
7.77	8.4621760658
7.7725	8.4622527640
7.775	8.4623293045
7.7775	8.4624056877
7.78	8.4624819139
7.7825	8.4625579834
7.785	8.4626338967
7.7875	8.4627096539
7.79	8.4627852554
7.7925	8.4628607016
7.795	8.4629359928
7.7975	8.4630111292
7.8	8.4630861112
7.8025	8.4631609392
7.805	8.4632356134
7.8075	8.4633101342
7.81	8.4633845019
7.8125	8.4634587168
7.815	8.4635327791
7.8175	8.4636066894
7.82	8.4636804478
7.8225	8.4637540546
7.825	8.4638275103
7.8275	8.4639008150
7.83	8.4639739692
7.8325	8.4640469730
7.835	8.4641198269
7.8375	8.4641925312
7.84	8.4642650861
7.8425	8.4643374920
7.845	8.4644097491
7.8475	8.4644818579
7.85	8.4645538185
7.8525	8.4646256313
7.855	8.4646972967
7.8575	8.4647688148
7.86	8.4648401861
7.8625	8.4649114108
7.865	8.4649824892
7.8675	8.4650534217
7.87	8.4651242085
7.8725	8.4651948499
7.875	8.4652653463
7.8775	8.4653356979
7.88	8.4654059050
7.8825	8.4654759680
7.885	8.4655458871
7.8875	8.4656156627
7.89	8.4656852950
7.8925	8.4657547843
7.895	8.4658241310
7.8975	8.4658933352
7.9	8.4659623974
7.9025	8.4660313179
7.905	8.4661000968
7.9075	8.4661687345
7.91	8.4662372313
7.9125	8.4663055875
7.915	8.4663738034
7.9175	8.4664418793
7.92	8.4665098154
7.9225	8.4665776121
7.925	8.4666452696
7.9275	8.4667127883
7.93	8.4667801683
7.9325	8.4668474101
7.935	8.4669145139
7.9375	8.4669814799
7.94	8.4670483085
7.9425	8.4671150000
7.945	8.4671815545
7.9475	8.4672479725
7.95	8.4673142542
7.9525	8.4673803999
7.955	8.4674464099
7.9575	8.4675122844
7.96	8.4675780237
7.9625	8.4676436281
7.965	8.4677090979
7.9675	8.4677744334
7.97	8.4678396349
7.9725	8.4679047025
7.975	8.4679696367
7.9775	8.4680344376
7.98	8.4680991056
7.9825	8.4681636409
7.985	8.4682280438
7.9875	8.4682923146
7.99	8.4683564536
7.9925	8.4684204609
7.995	8.4684843370
7.9975	8.4685480821
8.0	8.4686116964
8.0025	8.4686751802
8.005	8.4687385338
8.0075	8.4688017574
8.01	8.4688648514
8.0125	8.4689278159
8.015	8.4689906513
8.0175	8.4690533579
8.02	8.4691159358
8.0225	8.4691783854
8.025	8.4692407070
8.0275	8.4693029007
8.03	8.4693649669
8.0325	8.4694269058
8.035	8.4694887177
8.0375	8.4695504029
8.04	8.4696119615
8.0425	8.4696733940
8.045	8.4697347004
8.0475	8.4697958812
8.05	8.4698569365
8.0525	8.4699178667
8.055	8.4699786719
8.0575	8.4700393525
8.06	8.4700999086
8.0625	8.4701603406
8.065	8.4702206487
8.0675	8.4702808332
8.07	8.4703408943
8.0725	8.4704008323
8.075	8.4704606475
8.0775	8.4705203400
8.08	8.4705799101
8.0825	8.4706393582
8.085	8.4706986844
8.0875	8.4707578890
8.09	8.4708169722
8.0925	8.4708759344
8.095	8.4709347757
8.0975	8.4709934964
8.1	8.4710520968
8.1025	8.4711105770
8.105	8.4711689375
8.1075	8.4712271783
8.11	8.4712852998
8.1125	8.4713433022
8.115	8.4714011857
8.1175	8.4714589506
8.12	8.4715165971
8.1225	8.4715741256
8.125	8.4716315361
8.1275	8.4716888291
8.13	8.4717460046
8.1325	8.4718030630
8.135	8.4718600045
8.1375	8.4719168293
8.14	8.4719735377
8.1425	8.4720301300
8.145	8.4720866063
8.1475	8.4721429669
8.15	8.4721992120
8.1525	8.4722553420
8.155	8.4723113569
8.1575	8.4723672572
8.16	8.4724230429
8.1625	8.4724787143
8.165	8.4725342718
8.1675	8.4725897154
8.17	8.4726450455
8.1725	8.4727002622
8.175	8.4727553659
8.1775	8.4728103567
8.18	8.4728652349
8.1825	8.4729200007
8.185	8.4729746544
8.1875	8.4730291961
8.19	8.4730836261
8.1925	8.4731379447
8.195	8.4731921521
8.1975	8.4732462484
8.2	8.4733002340
8.2025	8.4733541091
8.205	8.4734078738
8.2075	8.4734615285
8.21	8.4735150733
8.2125	8.4735685085
8.215	8.4736218343
8.2175	8.4736750509
8.22	8.4737281586
8.2225	8.4737811575
8.225	8.4738340480
8.2275	8.4738868301
8.23	8.4739395043
8.2325	8.4739920706
8.235	8.4740445293
8.2375	8.4740968806
8.24	8.4741491248
8.2425	8.4742012621
8.245	8.4742532926
8.2475	8.4743052166
8.25	8.4743570344
8.2525	8.4744087461
8.255	8.4744603520
8.2575	8.4745118523
8.26	8.4745632471
8.2625	8.4746145368
8.265	8.4746657216
8.2675	8.4747168016
8.27	8.4747677771
8.2725	8.4748186482
8.275	8.4748694153
8.2775	8.4749200785
8.28	8.4749706381
8.2825	8.4750210941
8.285	8.4750714470
8.2875	8.4751216968
8.29	8.4751718439
8.2925	8.4752218883
8.295	8.4752718304
8.2975	8.4753216702
8.3	8.4753714082
8.3025	8.4754210443
8.305	8.4754705790
8.3075	8.4755200123
8.31	8.4755693445
8.3125	8.4756185758
8.315	8.4756677064
8.3175	8.4757167365
8.32	8.4757656663
8.3225	8.4758144960
8.325	8.4758632259
8.3275	8.4759118561
8.33	8.4759603868
8.3325	8.4760088183
8.335	8.4760571508
8.3375	8.4761053844
8.34	8.4761535194
8.3425	8.4762015559
8.345	8.4762494942
8.3475	8.4762973345
8.35	8.4763450770
8.3525	8.4763927218
8.355	8.4764402692
8.3575	8.4764877194
8.36	8.4765350726
8.3625	8.4765823290
8.365	8.4766294888
8.3675	8.4766765521
8.37	8.4767235192
8.3725	8.4767703903
8.375	8.4768171656
8.3775	8.4768638453
8.38	8.4769104295
8.3825	8.4769569186
8.385	8.4770033126
8.3875	8.4770496117
8.39	8.4770958162
8.3925	8.4771419263
8.395	8.4771879422
8.3975	8.4772338640
8.4	8.4772796919
8.4025	8.4773254262
8.405	8.4773710670
8.4075	8.4774166145
8.41	8.4774620689
8.4125	8.4775074305
8.415	8.4775526993
8.4175	8.4775978757
8.42	8.4776429597
8.4225	8.4776879516
8.425	8.4777328516
8.4275	8.4777776598
8.43	8.4778223765
8.4325	8.4778670018
8.435	8.4779115359
8.4375	8.4779559791
8.44	8.4780003314
8.4425	8.4780445932
8.445	8.4780887645
8.4475	8.4781328456
8.45	8.4781768366
8.4525	8.4782207377
8.455	8.4782645492
8.4575	8.4783082712
8.46	8.4783519039
8.4625	8.4783954474
8.465	8.4784389020
8.4675	8.4784822679
8.47	8.4785255451
8.4725	8.4785687340
8.475	8.4786118347
8.4775	8.4786548473
8.48	8.4786977722
8.4825	8.4787406093
8.485	8.4787833590
8.4875	8.4788260213
8.49	8.4788685966
8.4925	8.4789110849
8.495	8.4789534864
8.4975	8.4789958014
8.5	8.4790380299
8.5025	8.4790801722
8.505	8.4791222285
8.5075	8.4791641990
8.51	8.4792060837
8.5125	8.4792478829
8.515	8.4792895968
8.5175	8.4793312255
8.52	8.4793727692
8.5225	8.4794142281
8.525	8.4794556024
8.5275	8.4794968923
8.53	8.4795380978
8.5325	8.4795792192
8.535	8.4796202567
8.5375	8.4796612105
8.54	8.4797020806
8.5425	8.4797428673
8.545	8.4797835708
8.5475	8.4798241912
8.55	8.4798647287
8.5525	8.4799051835
8.555	8.4799455557
8.5575	8.4799858455
8.56	8.4800260531
8.5625	8.4800661786
8.565	8.4801062223
8.5675	8.4801461842
8.57	8.4801860647
8.5725	8.4802258637
8.575	8.4802655815
8.5775	8.4803052183
8.58	8.4803447742
8.5825	8.4803842494
8.585	8.4804236441
8.5875	8.4804629584
8.59	8.4805021925
8.5925	8.4805413466
8.595	8.4805804208
8.5975	8.4806194152
8.6	8.4806583302
8.6025	8.4806971657
8.605	8.4807359220
8.6075	8.4807745993
8.61	8.4808131977
8.6125	8.4808517174
8.615	8.4808901585
8.6175	8.4809285211
8.62	8.4809668056
8.6225	8.4810050120
8.625	8.4810431404
8.6275	8.4810811911
8.63	8.4811191642
8.6325	8.4811570598
8.635	8.4811948782
8.6375	8.4812326195
8.64	8.4812702838
8.6425	8.4813078713
8.645	8.4813453821
8.6475	8.4813828165
8.65	8.4814201746
8.6525	8.4814574564
8.655	8.4814946623
8.6575	8.4815317923
8.66	8.4815688467
8.6625	8.4816058254
8.665	8.4816427288
8.6675	8.4816795570
8.67	8.4817163101
8.6725	8.4817529882
8.675	8.4817895916
8.6775	8.4818261204
8.68	8.4818625748
8.6825	8.4818989548
8.685	8.4819352607
8.6875	8.4819714926
8.69	8.4820076506
8.6925	8.4820437350
8.695	8.4820797458
8.6975	8.4821156832
8.7	8.4821515474
8.7025	8.4821873385
8.705	8.4822230566
8.7075	8.4822587020
8.71	8.4822942747
8.7125	8.4823297750
8.715	8.4823652029
8.7175	8.4824005586
8.72	8.4824358423
8.7225	8.4824710542
8.725	8.4825061942
8.7275	8.4825412627
8.73	8.4825762597
8.7325	8.4826111855
8.735	8.4826460400
8.7375	8.4826808236
8.74	8.4827155363
8.7425	8.4827501784
8.745	8.4827847498
8.7475	8.4828192508
8.75	8.4828536816
8.7525	8.4828880422
8.755	8.4829223328
8.7575	8.4829565536
8.76	8.4829907047
8.7625	8.4830247863
8.765	8.4830587984
8.7675	8.4830927413
8.77	8.4831266150
8.7725	8.4831604198
8.775	8.4831941557
8.7775	8.4832278229
8.78	8.4832614216
8.7825	8.4832949519
8.785	8.4833284139
8.7875	8.4833618077
8.79	8.4833951336
8.7925	8.4834283916
8.795	8.4834615819
8.7975	8.4834947046
8.8	8.4835277599
8.8025	8.4835607479
8.805	8.4835936687
8.8075	8.4836265226
8.81	8.4836593095
8.8125	8.4836920297
8.815	8.4837246833
8.8175	8.4837572705
8.82	8.4837897913
8.8225	8.4838222459
8.825	8.4838546345
8.8275	8.4838869571
8.83	8.4839192140
8.8325	8.4839514052
8.835	8.4839835309
8.8375	8.4840155912
8.84	8.4840475863
8.8425	8.4840795162
8.845	8.4841113812
8.8475	8.4841431814
8.85	8.4841749168
8.8525	8.4842065877
8.855	8.4842381941
8.8575	8.4842697362
8.86	8.4843012142
8.8625	8.4843326281
8.865	8.4843639780
8.8675	8.4843952643
8.87	8.4844264868
8.8725	8.4844576459
8.875	8.4844887415
8.8775	8.4845197739
8.88	8.4845507432
8.8825	8.4845816495
8.885	8.4846124929
8.8875	8.4846432736
8.89	8.4846739916
8.8925	8.4847046472
8.895	8.4847352405
8.8975	8.4847657715
8.9	8.4847962404
8.9025	8.4848266474
8.905	8.4848569925
8.9075	8.4848872760
8.91	8.4849174978
8.9125	8.4849476582
8.915	8.4849777572
8.9175	8.4850077951
8.92	8.4850377719
8.9225	8.4850676877
8.925	8.4850975427
8.9275	8.4851273370
8.93	8.4851570707
8.9325	8.4851867440
8.935	8.4852163569
8.9375	8.4852459096
8.94	8.4852754023
8.9425	8.4853048350
8.945	8.4853342079
8.9475	8.4853635211
8.95	8.4853927747
8.9525	8.4854219688
8.955	8.4854511036
8.9575	8.4854801791
8.96	8.4855091956
8.9625	8.4855381531
8.965	8.4855670518
8.9675	8.4855958917
8.97	8.4856246730
8.9725	8.4856533958
8.975	8.4856820602
8.9775	8.4857106664
8.98	8.4857392145
8.9825	8.4857677046
8.985	8.4857961367
8.9875	8.4858245111
8.99	8.4858528279
8.9925	8.4858810871
8.995	8.4859092889
8.9975	8.4859374334
9.0	8.4859655207
9.0025	8.4859935510
9.005	8.4860215243
9.0075	8.4860494408
9.01	8.4860773006
9.0125	8.4861051038
9.015	8.4861328505
9.0175	8.4861605408
9.02	8.4861881749
9.0225	8.4862157529
9.025	8.4862432749
9.0275	8.4862707410
9.03	8.4862981513
9.0325	8.4863255059
9.035	8.4863528049
9.0375	8.4863800486
9.04	8.4864072369
9.0425	8.4864343700
9.045	8.4864614480
9.0475	8.4864884710
9.05	8.4865154391
9.0525	8.4865423525
9.055	8.4865692112
9.0575	8.4865960154
9.06	8.4866227652
9.0625	8.4866494607
9.065	8.4866761020
9.0675	8.4867026892
9.07	8.4867292224
9.0725	8.4867557017
9.075	8.4867821273
9.0775	8.4868084993
9.08	8.4868348177
9.0825	8.4868610827
9.085	8.4868872944
9.0875	8.4869134529
9.09	8.4869395583
9.0925	8.4869656107
9.095	8.4869916103
9.0975	8.4870175570
9.1	8.4870434512
9.1025	8.4870692927
9.105	8.4870950819
9.1075	8.4871208187
9.11	8.4871465032
9.1125	8.4871721357
9.115	8.4871977161
9.1175	8.4872232447
9.12	8.4872487214
9.1225	8.4872741465
9.125	8.4872995199
9.1275	8.4873248419
9.13	8.4873501126
9.1325	8.4873753319
9.135	8.4874005001
9.1375	8.4874256172
9.14	8.4874506834
9.1425	8.4874756988
9.145	8.4875006633
9.1475	8.4875255773
9.15	8.4875504407
9.1525	8.4875752537
9.155	8.4876000164
9.1575	8.4876247288
9.16	8.4876493912
9.1625	8.4876740035
9.165	8.4876985659
9.1675	8.4877230785
9.17	8.4877475413
9.1725	8.4877719546
9.175	8.4877963184
9.1775	8.4878206328
9.18	8.4878448978
9.1825	8.4878691137
9.185	8.4878932805
9.1875	8.4879173982
9.19	8.4879414671
9.1925	8.4879654872
9.195	8.4879894586
9.1975	8.4880133813
9.2	8.4880372556
9.2025	8.4880610815
9.205	8.4880848591
9.2075	8.4881085885
9.21	8.4881322698
9.2125	8.4881559031
9.215	8.4881794885
9.2175	8.4882030261
9.22	8.4882265160
9.2225	8.4882499583
9.225	8.4882733531
9.2275	8.4882967004
9.23	8.4883200005
9.2325	8.4883432533
9.235	8.4883664590
9.2375	8.4883896177
9.24	8.4884127295
9.2425	8.4884357944
9.245	8.4884588126
9.2475	8.4884817842
9.25	8.4885047092
9.2525	8.4885275878
9.255	8.4885504200
9.2575	8.4885732060
9.26	8.4885959458
9.2625	8.4886186396
9.265	8.4886412873
9.2675	8.4886638892
9.27	8.4886864453
9.2725	8.4887089558
9.275	8.4887314206
9.2775	8.4887538399
9.28	8.4887762139
9.2825	8.4887985425
9.285	8.4888208259
9.2875	8.4888430641
9.29	8.4888652573
9.2925	8.4888874056
9.295	8.4889095091
9.2975	8.4889315677
9.3	8.4889535817
9.3025	8.4889755512
9.305	8.4889974761
9.3075	8.4890193567
9.31	8.4890411929
9.3125	8.4890629850
9.315	8.4890847329
9.3175	8.4891064368
9.32	8.4891280967
9.3225	8.4891497128
9.325	8.4891712852
9.3275	8.4891928139
9.33	8.4892142990
9.3325	8.4892357406
9.335	8.4892571388
9.3375	8.4892784937
9.34	8.4892998054
9.3425	8.4893210739
9.345	8.4893422994
9.3475	8.4893634820
9.35	8.4893846216
9.3525	8.4894057185
9.355	8.4894267727
9.3575	8.4894477843
9.36	8.4894687534
9.3625	8.4894896801
9.365	8.4895105644
9.3675	8.4895314064
9.37	8.4895522063
9.3725	8.4895729641
9.375	8.4895936799
9.3775	8.4896143538
9.38	8.4896349859
9.3825	8.4896555762
9.385	8.4896761249
9.3875	8.4896966320
9.39	8.4897170976
9.3925	8.4897375219
9.395	8.4897579048
9.3975	8.4897782465
9.4	8.4897985470
9.4025	8.4898188065
9.405	8.4898390250
9.4075	8.4898592027
9.41	8.4898793395
9.4125	8.4898994356
9.415	8.4899194911
9.4175	8.4899395060
9.42	8.4899594804
9.4225	8.4899794144
9.425	8.4899993082
9.4275	8.4900191617
9.43	8.4900389750
9.4325	8.4900587484
9.435	8.4900784817
9.4375	8.4900981751
9.44	8.4901178288
9.4425	8.4901374427
9.445	8.4901570169
9.4475	8.4901765516
9.45	8.4901960468
9.4525	8.4902155025
9.455	8.4902349190
9.4575	8.4902542962
9.46	8.4902736343
9.4625	8.4902929332
9.465	8.4903121932
9.4675	8.4903314142
9.47	8.4903505964
9.4725	8.4903697398
9.475	8.4903888446
9.4775	8.4904079107
9.48	8.4904269383
9.4825	8.4904459275
9.485	8.4904648783
9.4875	8.4904837908
9.49	8.4905026651
9.4925	8.4905215012
9.495	8.4905402993
9.4975	8.4905590595
9.5	8.4905777817
9.5025	8.4905964661
9.505	8.4906151128
9.5075	8.4906337217
9.51	8.4906522931
9.5125	8.4906708270
9.515	8.4906893235
9.5175	8.4907077826
9.52	8.4907262044
9.5225	8.4907445890
9.525	8.4907629365
9.5275	8.4907812469
9.53	8.4907995204
9.5325	8.4908177569
9.535	8.4908359566
9.5375	8.4908541196
9.54	8.4908722459
9.5425	8.4908903356
9.545	8.4909083888
9.5475	8.4909264055
9.55	8.4909443858
9.5525	8.4909623299
9.555	8.4909802377
9.5575	8.4909981093
9.56	8.4910159449
9.5625	8.4910337445
9.565	8.4910515081
9.5675	8.4910692359
9.57	8.4910869279
9.5725	8.4911045842
9.575	8.4911222049
9.5775	8.4911397900
9.58	8.4911573396
9.5825	8.4911748538
9.585	8.4911923326
9.5875	8.4912097762
9.59	8.4912271845
9.5925	8.4912445578
9.595	8.4912618959
9.5975	8.4912791991
9.6	8.4912964674
9.6025	8.4913137008
9.605	8.4913308995
9.6075	8.4913480635
9.61	8.4913651928
9.6125	8.4913822876
9.615	8.4913993478
9.6175	8.4914163737
9.62	8.4914333652
9.6225	8.4914503225
9.625	8.4914672455
9.6275	8.4914841344
9.63	8.4915009893
9.6325	8.4915178101
9.635	8.4915345970
9.6375	8.4915513501
9.64	8.4915680694
9.6425	8.4915847549
9.645	8.4916014068
9.6475	8.4916180252
9.65	8.4916346100
9.6525	8.4916511614
9.655	8.4916676794
9.6575	8.4916841640
9.66	8.4917006155
9.6625	8.4917170338
9.665	8.4917334190
9.6675	8.4917497711
9.67	8.4917660903
9.6725	8.4917823766
9.675	8.4917986300
9.6775	8.4918148507
9.68	8.4918310387
9.6825	8.4918471940
9.685	8.4918633168
9.6875	8.4918794071
9.69	8.4918954650
9.6925	8.4919114905
9.695	8.4919274837
9.6975	8.4919434446
9.7	8.4919593734
9.7025	8.4919752701
9.705	8.4919911348
9.7075	8.4920069675
9.71	8.4920227683
9.7125	8.4920385372
9.715	8.4920542744
9.7175	8.4920699799
9.72	8.4920856537
9.7225	8.4921012960
9.725	8.4921169067
9.7275	8.4921324860
9.73	8.4921480339
9.7325	8.4921635505
9.735	8.4921790358
9.7375	8.4921944899
9.74	8.4922099129
9.7425	8.4922253048
9.745	8.4922406658
9.7475	8.4922559958
9.75	8.4922712949
9.7525	8.4922865632
9.755	8.4923018007
9.7575	8.4923170076
9.76	8.4923321839
9.7625	8.4923473295
9.765	8.4923624447
9.7675	8.4923775295
9.77	8.4923925838
9.7725	8.4924076079
9.775	8.4924226017
9.7775	8.4924375654
9.78	8.4924524988
9.7825	8.4924674023
9.785	8.4924822757
9.7875	8.4924971192
9.79	8.4925119328
9.7925	8.4925267166
9.795	8.4925414706
9.7975	8.4925561950
9.8	8.4925708897
9.8025	8.4925855548
9.805	8.4926001904
9.8075	8.4926147965
9.81	8.4926293733
9.8125	8.4926439207
9.815	8.4926584388
9.8175	8.4926729278
9.82	8.4926873875
9.8225	8.4927018182
9.825	8.4927162199
9.8275	8.4927305925
9.83	8.4927449363
9.8325	8.4927592511
9.835	8.4927735372
9.8375	8.4927877946
9.84	8.4928020232
9.8425	8.4928162233
9.845	8.4928303947
9.8475	8.4928445377
9.85	8.4928586522
9.8525	8.4928727383
9.855	8.4928867961
9.8575	8.4929008256
9.86	8.4929148269
9.8625	8.4929288001
9.865	8.4929427451
9.8675	8.4929566621
9.87	8.4929705511
9.8725	8.4929844122
9.875	8.4929982454
9.8775	8.4930120508
9.88	8.4930258284
9.8825	8.4930395783
9.885	8.4930533006
9.8875	8.4930669953
9.89	8.4930806625
9.8925	8.4930943021
9.895	8.4931079144
9.8975	8.4931214993
9.9	8.4931350569
9.9025	8.4931485872
9.905	8.4931620904
9.9075	8.4931755664
9.91	8.4931890153
9.9125	8.4932024371
9.915	8.4932158320
9.9175	8.4932292000
9.92	8.4932425411
9.9225	8.4932558554
9.925	8.4932691430
9.9275	8.4932824038
9.93	8.4932956380
9.9325	8.4933088457
9.935	8.4933220267
9.9375	8.4933351813
9.94	8.4933483095
9.9425	8.4933614112
9.945	8.4933744867
9.9475	8.4933875359
9.95	8.4934005589
9.9525	8.4934135557
9.955	8.4934265264
9.9575	8.4934394710
9.96	8.4934523897
9.9625	8.4934652824
9.965	8.4934781492
9.9675	8.4934909902
9.97	8.4935038053
9.9725	8.4935165948
9.975	8.4935293585
9.9775	8.4935420966
9.98	8.4935548092
9.9825	8.4935674962
9.985	8.4935801577
9.9875	8.4935927938
9.99	8.4936054046
9.9925	8.4936179900
9.995	8.4936305501
9.9975	8.4936430851
