0.0	2.9091196405
0.00285714285714	2.9094334186
0.00571428571429	2.9097569486
0.00857142857143	2.9100899508
0.0114285714286	2.9104321745
0.0142857142857	2.9107833802
0.0171428571429	2.9111433394
0.02	2.9115118335
0.0228571428571	2.9118886540
0.0257142857143	2.9122736018
0.0285714285714	2.9126664867
0.0314285714286	2.9130671271
0.0342857142857	2.9134753498
0.0371428571429	2.9138909893
0.04	2.9143138877
0.0428571428571	2.9147438944
0.0457142857143	2.9151808656
0.0485714285714	2.9156246644
0.0514285714286	2.9160751598
0.0542857142857	2.9165322274
0.0571428571429	2.9169957481
0.06	2.9174656088
0.0628571428571	2.9179417015
0.0657142857143	2.9184239233
0.0685714285714	2.9189121764
0.0714285714286	2.9194063675
0.0742857142857	2.9199064079
0.0771428571429	2.9204122133
0.08	2.9209237032
0.0828571428571	2.9214408014
0.0857142857143	2.9219634355
0.0885714285714	2.9224915364
0.0914285714286	2.9230250389
0.0942857142857	2.9235638809
0.0971428571429	2.9241080036
0.1	2.9246573513
0.102857142857	2.9252118711
0.105714285714	2.9257715133
0.108571428571	2.9263362304
0.111428571429	2.9269059780
0.114285714286	2.9274807140
0.117142857143	2.9280603987
0.12	2.9286449947
0.122857142857	2.9292344668
0.125714285714	2.9298287822
0.128571428571	2.9304279098
0.131428571429	2.9310318206
0.134285714286	2.9316404875
0.137142857143	2.9322538854
0.14	2.9328719906
0.142857142857	2.9334947813
0.145714285714	2.9341222374
0.148571428571	2.9347543401
0.151428571429	2.9353910723
0.154285714286	2.9360324182
0.157142857143	2.9366783636
0.16	2.9373288955
0.162857142857	2.9379840020
0.165714285714	2.9386436728
0.168571428571	2.9393078986
0.171428571429	2.9399766711
0.174285714286	2.9406499835
0.177142857143	2.9413278297
0.18	2.9420102048
0.182857142857	2.9426971049
0.185714285714	2.9433885269
0.188571428571	2.9440844688
0.191428571429	2.9447849295
0.194285714286	2.9454899086
0.197142857143	2.9461994066
0.2	2.9469134249
0.202857142857	2.9476319655
0.205714285714	2.9483550312
0.208571428571	2.9490826257
0.211428571429	2.9498147531
0.214285714286	2.9505514185
0.217142857143	2.9512926272
0.22	2.9520383857
0.222857142857	2.9527887006
0.225714285714	2.9535435794
0.228571428571	2.9543030300
0.231428571429	2.9550670610
0.234285714286	2.9558356814
0.237142857143	2.9566089008
0.24	2.9573867293
0.242857142857	2.9581691774
0.245714285714	2.9589562561
0.248571428571	2.9597479770
0.251428571429	2.9605443519
0.254285714286	2.9613453932
0.257142857143	2.9621511137
0.26	2.9629615265
0.262857142857	2.9637766451
0.265714285714	2.9645964836
0.268571428571	2.9654210562
0.271428571429	2.9662503776
0.274285714286	2.9670844628
0.277142857143	2.9679233271
0.28	2.9687669862
0.282857142857	2.9696154561
0.285714285714	2.9704687530
0.288571428571	2.9713268936
0.291428571429	2.9721898947
0.294285714286	2.9730577735
0.297142857143	2.9739305475
0.3	2.9748082342
0.302857142857	2.9756908518
0.305714285714	2.9765784183
0.308571428571	2.9774709523
0.311428571429	2.9783684725
0.314285714286	2.9792709977
0.317142857143	2.9801785472
0.32	2.9810911402
0.322857142857	2.9820087964
0.325714285714	2.9829315356
0.328571428571	2.9838593778
0.331428571429	2.9847923430
0.334285714286	2.9857304518
0.337142857143	2.9866737246
0.34	2.9876221822
0.342857142857	2.9885758455
0.345714285714	2.9895347356
0.348571428571	2.9904988737
0.351428571429	2.9914682812
0.354285714286	2.9924429797
0.357142857143	2.9934229909
0.36	2.9944083366
0.362857142857	2.9953990388
0.365714285714	2.9963951198
0.368571428571	2.9973966016
0.371428571429	2.9984035067
0.374285714286	2.9994158577
0.377142857143	3.0004336771
0.38	3.0014569878
0.382857142857	3.0024858125
0.385714285714	3.0035201743
0.388571428571	3.0045600963
0.391428571429	3.0056056015
0.394285714286	3.0066567134
0.397142857143	3.0077134552
0.4	3.0087758506
0.402857142857	3.0098439229
0.405714285714	3.0109176958
0.408571428571	3.0119971931
0.411428571429	3.0130824385
0.414285714286	3.0141734560
0.417142857143	3.0152702694
0.42	3.0163729027
0.422857142857	3.0174813801
0.425714285714	3.0185957256
0.428571428571	3.0197159634
0.431428571429	3.0208421179
0.434285714286	3.0219742131
0.437142857143	3.0231122736
0.44	3.0242563237
0.442857142857	3.0254063877
0.445714285714	3.0265624902
0.448571428571	3.0277246556
0.451428571429	3.0288929085
0.454285714286	3.0300672734
0.457142857143	3.0312477749
0.46	3.0324344376
0.462857142857	3.0336272861
0.465714285714	3.0348263451
0.468571428571	3.0360316391
0.471428571429	3.0372431929
0.474285714286	3.0384610311
0.477142857143	3.0396851783
0.48	3.0409156593
0.482857142857	3.0421524987
0.485714285714	3.0433957211
0.488571428571	3.0446453513
0.491428571429	3.0459014138
0.494285714286	3.0471639332
0.497142857143	3.0484329342
0.5	3.0497084413
0.502857142857	3.0509904792
0.505714285714	3.0522790723
0.508571428571	3.0535742451
0.511428571429	3.0548760221
0.514285714286	3.0561844277
0.517142857143	3.0574994864
0.52	3.0588212224
0.522857142857	3.0601496601
0.525714285714	3.0614848237
0.528571428571	3.0628267374
0.531428571429	3.0641754254
0.534285714286	3.0655309117
0.537142857143	3.0668932205
0.54	3.0682623756
0.542857142857	3.0696384009
0.545714285714	3.0710213204
0.548571428571	3.0724111577
0.551428571429	3.0738079365
0.554285714286	3.0752116804
0.557142857143	3.0766224129
0.56	3.0780401576
0.562857142857	3.0794649376
0.565714285714	3.0808967763
0.568571428571	3.0823356969
0.571428571429	3.0837817224
0.574285714286	3.0852348757
0.577142857143	3.0866951798
0.58	3.0881626573
0.582857142857	3.0896373310
0.585714285714	3.0911192234
0.588571428571	3.0926083568
0.591428571429	3.0941047537
0.594285714286	3.0956084362
0.597142857143	3.0971194263
0.6	3.0986377460
0.602857142857	3.1001634172
0.605714285714	3.1016964614
0.608571428571	3.1032369002
0.611428571429	3.1047847551
0.614285714286	3.1063400473
0.617142857143	3.1079027979
0.62	3.1094730279
0.622857142857	3.1110507582
0.625714285714	3.1126360094
0.628571428571	3.1142288021
0.631428571429	3.1158291567
0.634285714286	3.1174370932
0.637142857143	3.1190526320
0.64	3.1206757927
0.642857142857	3.1223065952
0.645714285714	3.1239450590
0.648571428571	3.1255912035
0.651428571429	3.1272450479
0.654285714286	3.1289066114
0.657142857143	3.1305759127
0.66	3.1322529705
0.662857142857	3.1339378034
0.665714285714	3.1356304297
0.668571428571	3.1373308675
0.671428571429	3.1390391348
0.674285714286	3.1407552494
0.677142857143	3.1424792288
0.68	3.1442110905
0.682857142857	3.1459508515
0.685714285714	3.1476985290
0.688571428571	3.1494541397
0.691428571429	3.1512177001
0.694285714286	3.1529892268
0.697142857143	3.1547687358
0.7	3.1565562432
0.702857142857	3.1583517647
0.705714285714	3.1601553160
0.708571428571	3.1619669123
0.711428571429	3.1637865689
0.714285714286	3.1656143007
0.717142857143	3.1674501224
0.72	3.1692940485
0.722857142857	3.1711460933
0.725714285714	3.1730062709
0.728571428571	3.1748745953
0.731428571429	3.1767510799
0.734285714286	3.1786357384
0.737142857143	3.1805285838
0.74	3.1824296293
0.742857142857	3.1843388874
0.745714285714	3.1862563710
0.748571428571	3.1881820921
0.751428571429	3.1901160630
0.754285714286	3.1920582956
0.757142857143	3.1940088016
0.76	3.1959675923
0.762857142857	3.1979346790
0.765714285714	3.1999100727
0.768571428571	3.2018937843
0.771428571429	3.2038858241
0.774285714286	3.2058862027
0.777142857143	3.2078949301
0.78	3.2099120162
0.782857142857	3.2119374706
0.785714285714	3.2139713029
0.788571428571	3.2160135223
0.791428571429	3.2180641377
0.794285714286	3.2201231580
0.797142857143	3.2221905918
0.8	3.2242664474
0.802857142857	3.2263507329
0.805714285714	3.2284434563
0.808571428571	3.2305446253
0.811428571429	3.2326542473
0.814285714286	3.2347723298
0.817142857143	3.2368988797
0.82	3.2390339039
0.822857142857	3.2411774091
0.825714285714	3.2433294017
0.828571428571	3.2454898879
0.831428571429	3.2476588739
0.834285714286	3.2498363653
0.837142857143	3.2520223679
0.84	3.2542168871
0.842857142857	3.2564199281
0.845714285714	3.2586314959
0.848571428571	3.2608515954
0.851428571429	3.2630802312
0.854285714286	3.2653174078
0.857142857143	3.2675631294
0.86	3.2698174001
0.862857142857	3.2720802238
0.865714285714	3.2743516041
0.868571428571	3.2766315447
0.871428571429	3.2789200487
0.874285714286	3.2812171195
0.877142857143	3.2835227599
0.88	3.2858369727
0.882857142857	3.2881597606
0.885714285714	3.2904911261
0.888571428571	3.2928310714
0.891428571429	3.2951795986
0.894285714286	3.2975367098
0.897142857143	3.2999024066
0.9	3.3022766908
0.902857142857	3.3046595638
0.905714285714	3.3070510269
0.908571428571	3.3094510813
0.911428571429	3.3118597279
0.914285714286	3.3142769677
0.917142857143	3.3167028014
0.92	3.3191372295
0.922857142857	3.3215802524
0.925714285714	3.3240318704
0.928571428571	3.3264920836
0.931428571429	3.3289608921
0.934285714286	3.3314382956
0.937142857143	3.3339242940
0.94	3.3364188868
0.942857142857	3.3389220734
0.945714285714	3.3414338531
0.948571428571	3.3439542253
0.951428571429	3.3464831889
0.954285714286	3.3490207429
0.957142857143	3.3515668861
0.96	3.3541216172
0.962857142857	3.3566849348
0.965714285714	3.3592568374
0.968571428571	3.3618373233
0.971428571429	3.3644263906
0.974285714286	3.3670240377
0.977142857143	3.3696302623
0.98	3.3722450625
0.982857142857	3.3748684360
0.985714285714	3.3775003804
0.988571428571	3.3801408933
0.991428571429	3.3827899722
0.994285714286	3.3854476144
0.997142857143	3.3881138171
1.0	3.3907885774
1.00285714286	3.3934718924
1.00571428571	3.3961637589
1.00857142857	3.3988641738
1.01142857143	3.4015731337
1.01428571429	3.4042906353
1.01714285714	3.4070166751
1.02	3.4097512493
1.02285714286	3.4124943544
1.02571428571	3.4152459865
1.02857142857	3.4180061417
1.03142857143	3.4207748158
1.03428571429	3.4235520049
1.03714285714	3.4263377046
1.04	3.4291319107
1.04285714286	3.4319346186
1.04571428571	3.4347458238
1.04857142857	3.4375655216
1.05142857143	3.4403937074
1.05428571429	3.4432303761
1.05714285714	3.4460755228
1.06	3.4489291424
1.06285714286	3.4517912297
1.06571428571	3.4546617794
1.06857142857	3.4575407861
1.07142857143	3.4604282441
1.07428571429	3.4633241479
1.07714285714	3.4662284917
1.08	3.4691412696
1.08285714286	3.4720624755
1.08571428571	3.4749921033
1.08857142857	3.4779301469
1.09142857143	3.4808765997
1.09428571429	3.4838314554
1.09714285714	3.4867947073
1.1	3.4897663486
1.10285714286	3.4927463725
1.10571428571	3.4957347719
1.10857142857	3.4987315397
1.11142857143	3.5017366687
1.11428571429	3.5047501515
1.11714285714	3.5077719804
1.12	3.5108021479
1.12285714286	3.5138406460
1.12571428571	3.5168874668
1.12857142857	3.5199426023
1.13142857143	3.5230060441
1.13428571429	3.5260777839
1.13714285714	3.5291578130
1.14	3.5322461229
1.14285714286	3.5353427046
1.14571428571	3.5384475492
1.14857142857	3.5415606474
1.15142857143	3.5446819900
1.15428571429	3.5478115674
1.15714285714	3.5509493701
1.16	3.5540953882
1.16285714286	3.5572496117
1.16571428571	3.5604120306
1.16857142857	3.5635826345
1.17142857143	3.5667614129
1.17428571429	3.5699483552
1.17714285714	3.5731434506
1.18	3.5763466881
1.18285714286	3.5795580565
1.18571428571	3.5827775445
1.18857142857	3.5860051405
1.19142857143	3.5892408329
1.19428571429	3.5924846098
1.19714285714	3.5957364592
1.2	3.5989963687
1.20285714286	3.6022643259
1.20571428571	3.6055403183
1.20857142857	3.6088243331
1.21142857143	3.6121163572
1.21428571429	3.6154163775
1.21714285714	3.6187243806
1.22	3.6220403531
1.22285714286	3.6253642810
1.22571428571	3.6286961506
1.22857142857	3.6320359477
1.23142857143	3.6353836579
1.23428571429	3.6387392669
1.23714285714	3.6421027598
1.24	3.6454741219
1.24285714286	3.6488533380
1.24571428571	3.6522403928
1.24857142857	3.6556352709
1.25142857143	3.6590379566
1.25428571429	3.6624484341
1.25714285714	3.6658666874
1.26	3.6692927001
1.26285714286	3.6727264559
1.26571428571	3.6761679382
1.26857142857	3.6796171301
1.27142857143	3.6830740147
1.27428571429	3.6865385746
1.27714285714	3.6900107927
1.28	3.6934906512
1.28285714286	3.6969781325
1.28571428571	3.7004732185
1.28857142857	3.7039758912
1.29142857143	3.7074861321
1.29428571429	3.7110039229
1.29714285714	3.7145292448
1.3	3.7180620789
1.30285714286	3.7216024061
1.30571428571	3.7251502073
1.30857142857	3.7287054630
1.31142857143	3.7322681536
1.31428571429	3.7358382593
1.31714285714	3.7394157601
1.32	3.7430006359
1.32285714286	3.7465928665
1.32571428571	3.7501924313
1.32857142857	3.7537993097
1.33142857143	3.7574134808
1.33428571429	3.7610349237
1.33714285714	3.7646636172
1.34	3.7682995400
1.34285714286	3.7719426705
1.34571428571	3.7755929873
1.34857142857	3.7792504683
1.35142857143	3.7829150917
1.35428571429	3.7865868354
1.35714285714	3.7902656770
1.36	3.7939515942
1.36285714286	3.7976445643
1.36571428571	3.8013445645
1.36857142857	3.8050515721
1.37142857143	3.8087655640
1.37428571429	3.8124865170
1.37714285714	3.8162144077
1.38	3.8199492128
1.38285714286	3.8236909086
1.38571428571	3.8274394713
1.38857142857	3.8311948772
1.39142857143	3.8349571021
1.39428571429	3.8387261220
1.39714285714	3.8425019126
1.4	3.8462844494
1.40285714286	3.8500737079
1.40571428571	3.8538696636
1.40857142857	3.8576722916
1.41142857143	3.8614815669
1.41428571429	3.8652974647
1.41714285714	3.8691199598
1.42	3.8729490268
1.42285714286	3.8767846406
1.42571428571	3.8806267755
1.42857142857	3.8844754059
1.43142857143	3.8883305063
1.43428571429	3.8921920508
1.43714285714	3.8960600135
1.44	3.8999343684
1.44285714286	3.9038150894
1.44571428571	3.9077021503
1.44857142857	3.9115955247
1.45142857143	3.9154951863
1.45428571429	3.9194011086
1.45714285714	3.9233132649
1.46	3.9272316287
1.46285714286	3.9311561731
1.46571428571	3.9350868713
1.46857142857	3.9390236964
1.47142857143	3.9429666213
1.47428571429	3.9469156189
1.47714285714	3.9508706621
1.48	3.9548317235
1.48285714286	3.9587987759
1.48571428571	3.9627717918
1.48857142857	3.9667507437
1.49142857143	3.9707356041
1.49428571429	3.9747263453
1.49714285714	3.9787229397
1.5	3.9827253594
1.50285714286	3.9867335766
1.50571428571	3.9907475634
1.50857142857	3.9947672919
1.51142857143	3.9987927340
1.51428571429	4.0028238616
1.51714285714	4.0068606466
1.52	4.0109030608
1.52285714286	4.0149510759
1.52571428571	4.0190046636
1.52857142857	4.0230637955
1.53142857143	4.0271284433
1.53428571429	4.0311985784
1.53714285714	4.0352741724
1.54	4.0393551966
1.54285714286	4.0434416224
1.54571428571	4.0475334213
1.54857142857	4.0516305644
1.55142857143	4.0557330230
1.55428571429	4.0598407685
1.55714285714	4.0639537718
1.56	4.0680720042
1.56285714286	4.0721954367
1.56571428571	4.0763240405
1.56857142857	4.0804577864
1.57142857143	4.0845966457
1.57428571429	4.0887405890
1.57714285714	4.0928895875
1.58	4.0970436120
1.58285714286	4.1012026334
1.58571428571	4.1053666224
1.58857142857	4.1095355499
1.59142857143	4.1137093868
1.59428571429	4.1178881036
1.59714285714	4.1220716712
1.6	4.1262600603
1.60285714286	4.1304532416
1.60571428571	4.1346511856
1.60857142857	4.1388538631
1.61142857143	4.1430612447
1.61428571429	4.1472733010
1.61714285714	4.1514900025
1.62	4.1557113198
1.62285714286	4.1599372235
1.62571428571	4.1641676842
1.62857142857	4.1684026722
1.63142857143	4.1726421583
1.63428571429	4.1768861127
1.63714285714	4.1811345061
1.64	4.1853873088
1.64285714286	4.1896444914
1.64571428571	4.1939060243
1.64857142857	4.1981718780
1.65142857143	4.2024420228
1.65428571429	4.2067164292
1.65714285714	4.2109950676
1.66	4.2152779085
1.66285714286	4.2195649222
1.66571428571	4.2238560792
1.66857142857	4.2281513498
1.67142857143	4.2324507045
1.67428571429	4.2367541136
1.67714285714	4.2410615476
1.68	4.2453729768
1.68285714286	4.2496883716
1.68571428571	4.2540077024
1.68857142857	4.2583309397
1.69142857143	4.2626580537
1.69428571429	4.2669890149
1.69714285714	4.2713237938
1.7	4.2756623606
1.70285714286	4.2800046859
1.70571428571	4.2843507399
1.70857142857	4.2887004933
1.71142857143	4.2930539163
1.71428571429	4.2974109793
1.71714285714	4.3017716530
1.72	4.3061359075
1.72285714286	4.3105037136
1.72571428571	4.3148750415
1.72857142857	4.3192498617
1.73142857143	4.3236281449
1.73428571429	4.3280098613
1.73714285714	4.3323949816
1.74	4.3367834762
1.74285714286	4.3411753157
1.74571428571	4.3455704707
1.74857142857	4.3499689116
1.75142857143	4.3543706090
1.75428571429	4.3587755335
1.75714285714	4.3631836558
1.76	4.3675949464
1.76285714286	4.3720093759
1.76571428571	4.3764269150
1.76857142857	4.3808475344
1.77142857143	4.3852712047
1.77428571429	4.3896978966
1.77714285714	4.3941275809
1.78	4.3985602283
1.78285714286	4.4029958095
1.78571428571	4.4074342953
1.78857142857	4.4118756565
1.79142857143	4.4163198640
1.79428571429	4.4207668885
1.79714285714	4.4252167010
1.8	4.4296692723
1.80285714286	4.4341245733
1.80571428571	4.4385825750
1.80857142857	4.4430432483
1.81142857143	4.4475065642
1.81428571429	4.4519724938
1.81714285714	4.4564410080
1.82	4.4609120779
1.82285714286	4.4653856746
1.82571428571	4.4698617693
1.82857142857	4.4743403330
1.83142857143	4.4788213370
1.83428571429	4.4833047525
1.83714285714	4.4877905507
1.84	4.4922787029
1.84285714286	4.4967691803
1.84571428571	4.5012619543
1.84857142857	4.5057569963
1.85142857143	4.5102542777
1.85428571429	4.5147537698
1.85714285714	4.5192554443
1.86	4.5237592724
1.86285714286	4.5282652259
1.86571428571	4.5327732762
1.86857142857	4.5372833950
1.87142857143	4.5417955539
1.87428571429	4.5463097246
1.87714285714	4.5508258789
1.88	4.5553439883
1.88285714286	4.5598640249
1.88571428571	4.5643859603
1.88857142857	4.5689097665
1.89142857143	4.5734354153
1.89428571429	4.5779628788
1.89714285714	4.5824921289
1.9	4.5870231377
1.90285714286	4.5915558772
1.90571428571	4.5960903196
1.90857142857	4.6006264371
1.91142857143	4.6051642018
1.91428571429	4.6097035859
1.91714285714	4.6142445619
1.92	4.6187871020
1.92285714286	4.6233311787
1.92571428571	4.6278767643
1.92857142857	4.6324238314
1.93142857143	4.6369723524
1.93428571429	4.6415223001
1.93714285714	4.6460736469
1.94	4.6506263656
1.94285714286	4.6551804289
1.94571428571	4.6597358095
1.94857142857	4.6642924804
1.95142857143	4.6688504143
1.95428571429	4.6734095842
1.95714285714	4.6779699630
1.96	4.6825315239
1.96285714286	4.6870942399
1.96571428571	4.6916580840
1.96857142857	4.6962230296
1.97142857143	4.7007890498
1.97428571429	4.7053561180
1.97714285714	4.7099242075
1.98	4.7144932916
1.98285714286	4.7190633439
1.98571428571	4.7236343379
1.98857142857	4.7282062472
1.99142857143	4.7327790453
1.99428571429	4.7373527059
1.99714285714	4.7419272029
2.0	4.7465025100
2.00285714286	4.7510786011
2.00571428571	4.7556554500
2.00857142857	4.7602330308
2.01142857143	4.7648113174
2.01428571429	4.7693902841
2.01714285714	4.7739699049
2.02	4.7785501540
2.02285714286	4.7831310058
2.02571428571	4.7877124345
2.02857142857	4.7922944146
2.03142857143	4.7968769205
2.03428571429	4.8014599268
2.03714285714	4.8060434079
2.04	4.8106273387
2.04285714286	4.8152116937
2.04571428571	4.8197964477
2.04857142857	4.8243815757
2.05142857143	4.8289670524
2.05428571429	4.8335528528
2.05714285714	4.8381389520
2.06	4.8427253251
2.06285714286	4.8473119471
2.06571428571	4.8518987934
2.06857142857	4.8564858393
2.07142857143	4.8610730599
2.07428571429	4.8656604309
2.07714285714	4.8702479276
2.08	4.8748355257
2.08285714286	4.8794232007
2.08571428571	4.8840109282
2.08857142857	4.8885986842
2.09142857143	4.8931864443
2.09428571429	4.8977741845
2.09714285714	4.9023618808
2.1	4.9069495090
2.10285714286	4.9115370454
2.10571428571	4.9161244661
2.10857142857	4.9207117473
2.11142857143	4.9252988653
2.11428571429	4.9298857964
2.11714285714	4.9344725171
2.12	4.9390590040
2.12285714286	4.9436452335
2.12571428571	4.9482311823
2.12857142857	4.9528168272
2.13142857143	4.9574021448
2.13428571429	4.9619871121
2.13714285714	4.9665717060
2.14	4.9711559034
2.14285714286	4.9757396815
2.14571428571	4.9803230173
2.14857142857	4.9849058880
2.15142857143	4.9894882710
2.15428571429	4.9940701436
2.15714285714	4.9986514832
2.16	5.0032322672
2.16285714286	5.0078124733
2.16571428571	5.0123920791
2.16857142857	5.0169710623
2.17142857143	5.0215494006
2.17428571429	5.0261270719
2.17714285714	5.0307040541
2.18	5.0352803253
2.18285714286	5.0398558634
2.18571428571	5.0444306466
2.18857142857	5.0490046532
2.19142857143	5.0535778614
2.19428571429	5.0581502495
2.19714285714	5.0627217960
2.2	5.0672924794
2.20285714286	5.0718622783
2.20571428571	5.0764311712
2.20857142857	5.0809991370
2.21142857143	5.0855661544
2.21428571429	5.0901322023
2.21714285714	5.0946972596
2.22	5.0992613054
2.22285714286	5.1038243187
2.22571428571	5.1083862786
2.22857142857	5.1129471645
2.23142857143	5.1175069556
2.23428571429	5.1220656314
2.23714285714	5.1266231711
2.24	5.1311795545
2.24285714286	5.1357347611
2.24571428571	5.1402887705
2.24857142857	5.1448415625
2.25142857143	5.1493931170
2.25428571429	5.1539434139
2.25714285714	5.1584924330
2.26	5.1630401546
2.26285714286	5.1675865586
2.26571428571	5.1721316252
2.26857142857	5.1766753349
2.27142857143	5.1812176678
2.27428571429	5.1857586044
2.27714285714	5.1902981252
2.28	5.1948362108
2.28285714286	5.1993728418
2.28571428571	5.2039079989
2.28857142857	5.2084416630
2.29142857143	5.2129738148
2.29428571429	5.2175044353
2.29714285714	5.2220335056
2.3	5.2265610066
2.30285714286	5.2310869197
2.30571428571	5.2356112259
2.30857142857	5.2401339066
2.31142857143	5.2446549433
2.31428571429	5.2491743173
2.31714285714	5.2536920102
2.32	5.2582080036
2.32285714286	5.2627222792
2.32571428571	5.2672348187
2.32857142857	5.2717456040
2.33142857143	5.2762546169
2.33428571429	5.2807618395
2.33714285714	5.2852672538
2.34	5.2897708419
2.34285714286	5.2942725860
2.34571428571	5.2987724684
2.34857142857	5.3032704715
2.35142857143	5.3077665776
2.35428571429	5.3122607693
2.35714285714	5.3167530291
2.36	5.3212433397
2.36285714286	5.3257316838
2.36571428571	5.3302180442
2.36857142857	5.3347024038
2.37142857143	5.3391847454
2.37428571429	5.3436650522
2.37714285714	5.3481433071
2.38	5.3526194934
2.38285714286	5.3570935943
2.38571428571	5.3615655931
2.38857142857	5.3660354732
2.39142857143	5.3705032180
2.39428571429	5.3749688110
2.39714285714	5.3794322360
2.4	5.3838934764
2.40285714286	5.3883525162
2.40571428571	5.3928093391
2.40857142857	5.3972639290
2.41142857143	5.4017162698
2.41428571429	5.4061663457
2.41714285714	5.4106141406
2.42	5.4150596389
2.42285714286	5.4195028248
2.42571428571	5.4239436826
2.42857142857	5.4283821966
2.43142857143	5.4328183515
2.43428571429	5.4372521317
2.43714285714	5.4416835218
2.44	5.4461125066
2.44285714286	5.4505390708
2.44571428571	5.4549631992
2.44857142857	5.4593848768
2.45142857143	5.4638040885
2.45428571429	5.4682208195
2.45714285714	5.4726350547
2.46	5.4770467795
2.46285714286	5.4814559791
2.46571428571	5.4858626388
2.46857142857	5.4902667440
2.47142857143	5.4946682803
2.47428571429	5.4990672332
2.47714285714	5.5034635882
2.48	5.5078573312
2.48285714286	5.5122484479
2.48571428571	5.5166369240
2.48857142857	5.5210227456
2.49142857143	5.5254058986
2.49428571429	5.5297863690
2.49714285714	5.5341641430
2.5	5.5385392068
2.50285714286	5.5429115466
2.50571428571	5.5472811488
2.50857142857	5.5516479997
2.51142857143	5.5560120859
2.51428571429	5.5603733938
2.51714285714	5.5647319102
2.52	5.5690876216
2.52285714286	5.5734405149
2.52571428571	5.5777905768
2.52857142857	5.5821377942
2.53142857143	5.5864821541
2.53428571429	5.5908236436
2.53714285714	5.5951622497
2.54	5.5994979596
2.54285714286	5.6038307605
2.54571428571	5.6081606397
2.54857142857	5.6124875846
2.55142857143	5.6168115827
2.55428571429	5.6211326214
2.55714285714	5.6254506883
2.56	5.6297657711
2.56285714286	5.6340778575
2.56571428571	5.6383869352
2.56857142857	5.6426929922
2.57142857143	5.6469960163
2.57428571429	5.6512959955
2.57714285714	5.6555929178
2.58	5.6598867715
2.58285714286	5.6641775445
2.58571428571	5.6684652253
2.58857142857	5.6727498022
2.59142857143	5.6770312634
2.59428571429	5.6813095975
2.59714285714	5.6855847930
2.6	5.6898568385
2.60285714286	5.6941257225
2.60571428571	5.6983914339
2.60857142857	5.7026539614
2.61142857143	5.7069132939
2.61428571429	5.7111694202
2.61714285714	5.7154223293
2.62	5.7196720104
2.62285714286	5.7239184524
2.62571428571	5.7281616447
2.62857142857	5.7324015763
2.63142857143	5.7366382366
2.63428571429	5.7408716150
2.63714285714	5.7451017009
2.64	5.7493284838
2.64285714286	5.7535519533
2.64571428571	5.7577720989
2.64857142857	5.7619889104
2.65142857143	5.7662023776
2.65428571429	5.7704124901
2.65714285714	5.7746192380
2.66	5.7788226112
2.66285714286	5.7830225995
2.66571428571	5.7872191932
2.66857142857	5.7914123824
2.67142857143	5.7956021572
2.67428571429	5.7997885079
2.67714285714	5.8039714248
2.68	5.8081508984
2.68285714286	5.8123269189
2.68571428571	5.8164994770
2.68857142857	5.8206685632
2.69142857143	5.8248341681
2.69428571429	5.8289962824
2.69714285714	5.8331548969
2.7	5.8373100024
2.70285714286	5.8414615897
2.70571428571	5.8456096498
2.70857142857	5.8497541736
2.71142857143	5.8538951523
2.71428571429	5.8580325769
2.71714285714	5.8621664387
2.72	5.8662967287
2.72285714286	5.8704234384
2.72571428571	5.8745465591
2.72857142857	5.8786660822
2.73142857143	5.8827819991
2.73428571429	5.8868943015
2.73714285714	5.8910029808
2.74	5.8951080288
2.74285714286	5.8992094371
2.74571428571	5.9033071976
2.74857142857	5.9074013020
2.75142857143	5.9114917422
2.75428571429	5.9155785101
2.75714285714	5.9196615979
2.76	5.9237409974
2.76285714286	5.9278167009
2.76571428571	5.9318887005
2.76857142857	5.9359569884
2.77142857143	5.9400215569
2.77428571429	5.9440823984
2.77714285714	5.9481395052
2.78	5.9521928699
2.78285714286	5.9562424849
2.78571428571	5.9602883428
2.78857142857	5.9643304363
2.79142857143	5.9683687579
2.79428571429	5.9724033005
2.79714285714	5.9764340569
2.8	5.9804610198
2.80285714286	5.9844841823
2.80571428571	5.9885035372
2.80857142857	5.9925190775
2.81142857143	5.9965307964
2.81428571429	6.0005386870
2.81714285714	6.0045427424
2.82	6.0085429559
2.82285714286	6.0125393207
2.82571428571	6.0165318303
2.82857142857	6.0205204780
2.83142857143	6.0245052572
2.83428571429	6.0284861614
2.83714285714	6.0324631843
2.84	6.0364363194
2.84285714286	6.0404055604
2.84571428571	6.0443709010
2.84857142857	6.0483323349
2.85142857143	6.0522898561
2.85428571429	6.0562434583
2.85714285714	6.0601931355
2.86	6.0641388816
2.86285714286	6.0680806908
2.86571428571	6.0720185570
2.86857142857	6.0759524745
2.87142857143	6.0798824373
2.87428571429	6.0838084398
2.87714285714	6.0877304762
2.88	6.0916485409
2.88285714286	6.0955626282
2.88571428571	6.0994727326
2.88857142857	6.1033788485
2.89142857143	6.1072809706
2.89428571429	6.1111790934
2.89714285714	6.1150732116
2.9	6.1189633198
2.90285714286	6.1228494128
2.90571428571	6.1267314853
2.90857142857	6.1306095323
2.91142857143	6.1344835485
2.91428571429	6.1383535290
2.91714285714	6.1422194688
2.92	6.1460813627
2.92285714286	6.1499392060
2.92571428571	6.1537929938
2.92857142857	6.1576427213
2.93142857143	6.1614883836
2.93428571429	6.1653299761
2.93714285714	6.1691674941
2.94	6.1730009329
2.94285714286	6.1768302880
2.94571428571	6.1806555548
2.94857142857	6.1844767289
2.95142857143	6.1882938058
2.95428571429	6.1921067811
2.95714285714	6.1959156505
2.96	6.1997204097
2.96285714286	6.2035210543
2.96571428571	6.2073175803
2.96857142857	6.2111099834
2.97142857143	6.2148982596
2.97428571429	6.2186824047
2.97714285714	6.2224624148
2.98	6.2262382858
2.98285714286	6.2300100139
2.98571428571	6.2337775950
2.98857142857	6.2375410255
2.99142857143	6.2413003015
2.99428571429	6.2450554191
2.99714285714	6.2488063748
3.0	6.2525531649
3.00285714286	6.2562957857
3.00571428571	6.2600342337
3.00857142857	6.2637685052
3.01142857143	6.2674985969
3.01428571429	6.2712245053
3.01714285714	6.2749462269
3.02	6.2786637585
3.02285714286	6.2823770966
3.02571428571	6.2860862381
3.02857142857	6.2897911796
3.03142857143	6.2934919181
3.03428571429	6.2971884502
3.03714285714	6.3008807731
3.04	6.3045688834
3.04285714286	6.3082527784
3.04571428571	6.3119324549
3.04857142857	6.3156079100
3.05142857143	6.3192791409
3.05428571429	6.3229461446
3.05714285714	6.3266089184
3.06	6.3302674594
3.06285714286	6.3339217650
3.06571428571	6.3375718325
3.06857142857	6.3412176591
3.07142857143	6.3448592424
3.07428571429	6.3484965796
3.07714285714	6.3521296684
3.08	6.3557585061
3.08285714286	6.3593830903
3.08571428571	6.3630034187
3.08857142857	6.3666194888
3.09142857143	6.3702312983
3.09428571429	6.3738388450
3.09714285714	6.3774421265
3.1	6.3810411406
3.10285714286	6.3846358852
3.10571428571	6.3882263581
3.10857142857	6.3918125572
3.11142857143	6.3953944804
3.11428571429	6.3989721258
3.11714285714	6.4025454913
3.12	6.4061145750
3.12285714286	6.4096793749
3.12571428571	6.4132398893
3.12857142857	6.4167961161
3.13142857143	6.4203480538
3.13428571429	6.4238957004
3.13714285714	6.4274390542
3.14	6.4309781137
3.14285714286	6.4345128770
3.14571428571	6.4380433426
3.14857142857	6.4415695089
3.15142857143	6.4450913744
3.15428571429	6.4486089375
3.15714285714	6.4521221968
3.16	6.4556311509
3.16285714286	6.4591357982
3.16571428571	6.4626361375
3.16857142857	6.4661321675
3.17142857143	6.4696238868
3.17428571429	6.4731112941
3.17714285714	6.4765943883
3.18	6.4800731681
3.18285714286	6.4835476324
3.18571428571	6.4870177801
3.18857142857	6.4904836101
3.19142857143	6.4939451212
3.19428571429	6.4974023126
3.19714285714	6.5008551831
3.2	6.5043037319
3.20285714286	6.5077479581
3.20571428571	6.5111878606
3.20857142857	6.5146234388
3.21142857143	6.5180546917
3.21428571429	6.5214816186
3.21714285714	6.5249042186
3.22	6.5283224912
3.22285714286	6.5317364356
3.22571428571	6.5351460511
3.22857142857	6.5385513372
3.23142857143	6.5419522932
3.23428571429	6.5453489185
3.23714285714	6.5487412126
3.24	6.5521291751
3.24285714286	6.5555128055
3.24571428571	6.5588921032
3.24857142857	6.5622670680
3.25142857143	6.5656376995
3.25428571429	6.5690039972
3.25714285714	6.5723659610
3.26	6.5757235904
3.26285714286	6.5790768853
3.26571428571	6.5824258455
3.26857142857	6.5857704707
3.27142857143	6.5891107609
3.27428571429	6.5924467158
3.27714285714	6.5957783353
3.28	6.5991056195
3.28285714286	6.6024285682
3.28571428571	6.6057471815
3.28857142857	6.6090614593
3.29142857143	6.6123714018
3.29428571429	6.6156770090
3.29714285714	6.6189782809
3.3	6.6222752178
3.30285714286	6.6255678199
3.30571428571	6.6288560872
3.30857142857	6.6321400200
3.31142857143	6.6354196186
3.31428571429	6.6386948833
3.31714285714	6.6419658143
3.32	6.6452324121
3.32285714286	6.6484946768
3.32571428571	6.6517526091
3.32857142857	6.6550062092
3.33142857143	6.6582554776
3.33428571429	6.6615004148
3.33714285714	6.6647410212
3.34	6.6679772975
3.34285714286	6.6712092442
3.34571428571	6.6744368618
3.34857142857	6.6776601510
3.35142857143	6.6808791124
3.35428571429	6.6840937466
3.35714285714	6.6873040544
3.36	6.6905100364
3.36285714286	6.6937116934
3.36571428571	6.6969090262
3.36857142857	6.7001020356
3.37142857143	6.7032907223
3.37428571429	6.7064750872
3.37714285714	6.7096551313
3.38	6.7128308553
3.38285714286	6.7160022603
3.38571428571	6.7191693470
3.38857142857	6.7223321167
3.39142857143	6.7254905701
3.39428571429	6.7286447084
3.39714285714	6.7317945325
3.4	6.7349400436
3.40285714286	6.7380812428
3.40571428571	6.7412181311
3.40857142857	6.7443507098
3.41142857143	6.7474789799
3.41428571429	6.7506029427
3.41714285714	6.7537225994
3.42	6.7568379512
3.42285714286	6.7599489995
3.42571428571	6.7630557453
3.42857142857	6.7661581902
3.43142857143	6.7692563354
3.43428571429	6.7723501823
3.43714285714	6.7754397322
3.44	6.7785249867
3.44285714286	6.7816059469
3.44571428571	6.7846826146
3.44857142857	6.7877549910
3.45142857143	6.7908230778
3.45428571429	6.7938868763
3.45714285714	6.7969463883
3.46	6.8000016151
3.46285714286	6.8030525585
3.46571428571	6.8060992200
3.46857142857	6.8091416012
3.47142857143	6.8121797038
3.47428571429	6.8152135294
3.47714285714	6.8182430799
3.48	6.8212683568
3.48285714286	6.8242893619
3.48571428571	6.8273060970
3.48857142857	6.8303185638
3.49142857143	6.8333267642
3.49428571429	6.8363306999
3.49714285714	6.8393303728
3.5	6.8423257849
3.50285714286	6.8453169378
3.50571428571	6.8483038337
3.50857142857	6.8512864743
3.51142857143	6.8542648616
3.51428571429	6.8572389977
3.51714285714	6.8602088844
3.52	6.8631745239
3.52285714286	6.8661359180
3.52571428571	6.8690930689
3.52857142857	6.8720459787
3.53142857143	6.8749946493
3.53428571429	6.8779390830
3.53714285714	6.8808792819
3.54	6.8838152480
3.54285714286	6.8867469836
3.54571428571	6.8896744908
3.54857142857	6.8925977719
3.55142857143	6.8955168290
3.55428571429	6.8984316644
3.55714285714	6.9013422804
3.56	6.9042486793
3.56285714286	6.9071508633
3.56571428571	6.9100488347
3.56857142857	6.9129425960
3.57142857143	6.9158321494
3.57428571429	6.9187174973
3.57714285714	6.9215986421
3.58	6.9244755863
3.58285714286	6.9273483322
3.58571428571	6.9302168822
3.58857142857	6.9330812390
3.59142857143	6.9359414048
3.59428571429	6.9387973823
3.59714285714	6.9416491739
3.6	6.9444967823
3.60285714286	6.9473402098
3.60571428571	6.9501794591
3.60857142857	6.9530145328
3.61142857143	6.9558454335
3.61428571429	6.9586721638
3.61714285714	6.9614947264
3.62	6.9643131238
3.62285714286	6.9671273588
3.62571428571	6.9699374341
3.62857142857	6.9727433523
3.63142857143	6.9755451162
3.63428571429	6.9783427286
3.63714285714	6.9811361921
3.64	6.9839255095
3.64285714286	6.9867106837
3.64571428571	6.9894917174
3.64857142857	6.9922686135
3.65142857143	6.9950413748
3.65428571429	6.9978100041
3.65714285714	7.0005745044
3.66	7.0033348784
3.66285714286	7.0060911292
3.66571428571	7.0088432595
3.66857142857	7.0115912724
3.67142857143	7.0143351708
3.67428571429	7.0170749577
3.67714285714	7.0198106360
3.68	7.0225422088
3.68285714286	7.0252696790
3.68571428571	7.0279930496
3.68857142857	7.0307123238
3.69142857143	7.0334275045
3.69428571429	7.0361385949
3.69714285714	7.0388455980
3.7	7.0415485169
3.70285714286	7.0442473547
3.70571428571	7.0469421147
3.70857142857	7.0496327998
3.71142857143	7.0523194133
3.71428571429	7.0550019583
3.71714285714	7.0576804381
3.72	7.0603548558
3.72285714286	7.0630252147
3.72571428571	7.0656915180
3.72857142857	7.0683537689
3.73142857143	7.0710119707
3.73428571429	7.0736661267
3.73714285714	7.0763162402
3.74	7.0789623144
3.74285714286	7.0816043528
3.74571428571	7.0842423585
3.74857142857	7.0868763350
3.75142857143	7.0895062857
3.75428571429	7.0921322138
3.75714285714	7.0947541228
3.76	7.0973720162
3.76285714286	7.0999858972
3.76571428571	7.1025957694
3.76857142857	7.1052016361
3.77142857143	7.1078035009
3.77428571429	7.1104013672
3.77714285714	7.1129952385
3.78	7.1155851183
3.78285714286	7.1181710101
3.78571428571	7.1207529174
3.78857142857	7.1233308438
3.79142857143	7.1259047928
3.79428571429	7.1284747679
3.79714285714	7.1310407728
3.8	7.1336028111
3.80285714286	7.1361608863
3.80571428571	7.1387150020
3.80857142857	7.1412651620
3.81142857143	7.1438113698
3.81428571429	7.1463536291
3.81714285714	7.1488919435
3.82	7.1514263168
3.82285714286	7.1539567527
3.82571428571	7.1564832548
3.82857142857	7.1590058268
3.83142857143	7.1615244726
3.83428571429	7.1640391957
3.83714285714	7.1665500002
3.84	7.1690568895
3.84285714286	7.1715598677
3.84571428571	7.1740589384
3.84857142857	7.1765541055
3.85142857143	7.1790453727
3.85428571429	7.1815327440
3.85714285714	7.1840162232
3.86	7.1864958141
3.86285714286	7.1889715207
3.86571428571	7.1914433467
3.86857142857	7.1939112961
3.87142857143	7.1963753729
3.87428571429	7.1988355809
3.87714285714	7.2012919240
3.88	7.2037444063
3.88285714286	7.2061930317
3.88571428571	7.2086378041
3.88857142857	7.2110787276
3.89142857143	7.2135158061
3.89428571429	7.2159490437
3.89714285714	7.2183784443
3.9	7.2208040121
3.90285714286	7.2232257511
3.90571428571	7.2256436653
3.90857142857	7.2280577589
3.91142857143	7.2304680358
3.91428571429	7.2328745003
3.91714285714	7.2352771563
3.92	7.2376760082
3.92285714286	7.2400710599
3.92571428571	7.2424623157
3.92857142857	7.2448497796
3.93142857143	7.2472334560
3.93428571429	7.2496133490
3.93714285714	7.2519894627
3.94	7.2543618015
3.94285714286	7.2567303695
3.94571428571	7.2590951710
3.94857142857	7.2614562102
3.95142857143	7.2638134914
3.95428571429	7.2661670190
3.95714285714	7.2685167971
3.96	7.2708628302
3.96285714286	7.2732051224
3.96571428571	7.2755436783
3.96857142857	7.2778785021
3.97142857143	7.2802095981
3.97428571429	7.2825369708
3.97714285714	7.2848606246
3.98	7.2871805639
3.98285714286	7.2894967931
3.98571428571	7.2918093165
3.98857142857	7.2941181388
3.99142857143	7.2964232643
3.99428571429	7.2987246975
3.99714285714	7.3010224430
4.0	7.3033165051
4.00285714286	7.3056068885
4.00571428571	7.3078935977
4.00857142857	7.3101766372
4.01142857143	7.3124560116
4.01428571429	7.3147317255
4.01714285714	7.3170037835
4.02	7.3192721902
4.02285714286	7.3215369502
4.02571428571	7.3237980682
4.02857142857	7.3260555488
4.03142857143	7.3283093968
4.03428571429	7.3305596167
4.03714285714	7.3328062134
4.04	7.3350491915
4.04285714286	7.3372885558
4.04571428571	7.3395243111
4.04857142857	7.3417564621
4.05142857143	7.3439850136
4.05428571429	7.3462099705
4.05714285714	7.3484313376
4.06	7.3506491197
4.06285714286	7.3528633217
4.06571428571	7.3550739485
4.06857142857	7.3572810050
4.07142857143	7.3594844961
4.07428571429	7.3616844269
4.07714285714	7.3638808022
4.08	7.3660736270
4.08285714286	7.3682629063
4.08571428571	7.3704486453
4.08857142857	7.3726308488
4.09142857143	7.3748095221
4.09428571429	7.3769846701
4.09714285714	7.3791562981
4.1	7.3813244111
4.10285714286	7.3834890144
4.10571428571	7.3856501130
4.10857142857	7.3878077123
4.11142857143	7.3899618174
4.11428571429	7.3921124337
4.11714285714	7.3942595663
4.12	7.3964032207
4.12285714286	7.3985434021
4.12571428571	7.4006801160
4.12857142857	7.4028133677
4.13142857143	7.4049431626
4.13428571429	7.4070695062
4.13714285714	7.4091924040
4.14	7.4113118615
4.14285714286	7.4134278842
4.14571428571	7.4155404778
4.14857142857	7.4176496477
4.15142857143	7.4197553998
4.15428571429	7.4218577395
4.15714285714	7.4239566727
4.16	7.4260522051
4.16285714286	7.4281443425
4.16571428571	7.4302330907
4.16857142857	7.4323184555
4.17142857143	7.4344004429
4.17428571429	7.4364790588
4.17714285714	7.4385543091
4.18	7.4406261999
4.18285714286	7.4426947373
4.18571428571	7.4447599274
4.18857142857	7.4468217762
4.19142857143	7.4488802901
4.19428571429	7.4509354754
4.19714285714	7.4529873381
4.2	7.4550358849
4.20285714286	7.4570811220
4.20571428571	7.4591230559
4.20857142857	7.4611616932
4.21142857143	7.4631970405
4.21428571429	7.4652291043
4.21714285714	7.4672578913
4.22	7.4692834085
4.22285714286	7.4713056625
4.22571428571	7.4733246603
4.22857142857	7.4753404089
4.23142857143	7.4773529152
4.23428571429	7.4793621866
4.23714285714	7.4813682300
4.24	7.4833710529
4.24285714286	7.4853706626
4.24571428571	7.4873670666
4.24857142857	7.4893602723
4.25142857143	7.4913502875
4.25428571429	7.4933371199
4.25714285714	7.4953207773
4.26	7.4973012677
4.26285714286	7.4992785991
4.26571428571	7.5012527796
4.26857142857	7.5032238177
4.27142857143	7.5051917216
4.27428571429	7.5071564999
4.27714285714	7.5091181614
4.28	7.5110767147
4.28285714286	7.5130321688
4.28571428571	7.5149845329
4.28857142857	7.5169338162
4.29142857143	7.5188800282
4.29428571429	7.5208231783
4.29714285714	7.5227632765
4.3	7.5247003326
4.30285714286	7.5266343568
4.30571428571	7.5285653595
4.30857142857	7.5304933513
4.31142857143	7.5324183430
4.31428571429	7.5343403456
4.31714285714	7.5362593703
4.32	7.5381754289
4.32285714286	7.5400885331
4.32571428571	7.5419986950
4.32857142857	7.5439059271
4.33142857143	7.5458102421
4.33428571429	7.5477116531
4.33714285714	7.5496101736
4.34	7.5515058174
4.34285714286	7.5533985988
4.34571428571	7.5552885324
4.34857142857	7.5571756334
4.35142857143	7.5590599173
4.35428571429	7.5609414003
4.35714285714	7.5628200991
4.36	7.5646960308
4.36285714286	7.5665692134
4.36571428571	7.5684396654
4.36857142857	7.5703074059
4.37142857143	7.5721724550
4.37428571429	7.5740348335
4.37714285714	7.5758945630
4.38	7.5777516662
4.38285714286	7.5796061666
4.38571428571	7.5814580890
4.38857142857	7.5833074592
4.39142857143	7.5851543044
4.39428571429	7.5869986530
4.39714285714	7.5888405352
4.4	7.5906799826
4.40285714286	7.5925170286
4.40571428571	7.5943517087
4.40857142857	7.5961840604
4.41142857143	7.5980141235
4.41428571429	7.5998419407
4.41714285714	7.6016675573
4.42	7.6034910219
4.42285714286	7.6053123867
4.42571428571	7.6071317077
4.42857142857	7.6089490455
4.43142857143	7.6107644659
4.43428571429	7.6125780400
4.43714285714	7.6143898457
4.44	7.6161999682
4.44285714286	7.6180085012
4.44571428571	7.6198155483
4.44857142857	7.6216212245
4.45142857143	7.6234256584
4.45428571429	7.6252289945
4.45714285714	7.6270313964
4.46	7.6288330509
4.46285714286	7.6306341729
4.46571428571	7.6324350121
4.46857142857	7.6342358624
4.47142857143	7.6360370742
4.47428571429	7.6378390718
4.47714285714	7.6396423787
4.48	7.6414476570
4.48285714286	7.6432557682
4.48571428571	7.6450678778
4.48857142857	7.6468856476
4.49142857143	7.6487116367
4.49428571429	7.6505503084
4.49714285714	7.6524116240
4.5	7.6544014911
4.50285714286	7.6565052913
4.50571428571	7.6586038300
4.50857142857	7.6606849396
4.51142857143	7.6627437307
4.51428571429	7.6647781258
4.51714285714	7.6667874800
4.52	7.6687719741
4.52285714286	7.6707322893
4.52571428571	7.6726694111
4.52857142857	7.6745845020
4.53142857143	7.6764788134
4.53428571429	7.6783536243
4.53714285714	7.6802101976
4.54	7.6820497496
4.54285714286	7.6838734290
4.54571428571	7.6856823040
4.54857142857	7.6874773555
4.55142857143	7.6892594740
4.55428571429	7.6910294619
4.55714285714	7.6927880364
4.56	7.6945358365
4.56285714286	7.6962734298
4.56571428571	7.6980013211
4.56857142857	7.6997199604
4.57142857143	7.7014297520
4.57428571429	7.7031310619
4.57714285714	7.7048242258
4.58	7.7065095553
4.58285714286	7.7081873437
4.58571428571	7.7098578707
4.58857142857	7.7115214063
4.59142857143	7.7131782130
4.59428571429	7.7148285478
4.59714285714	7.7164726632
4.6	7.7181108072
4.60285714286	7.7197432230
4.60571428571	7.7213701478
4.60857142857	7.7229918119
4.61142857143	7.7246084369
4.61428571429	7.7262202344
4.61714285714	7.7278274039
4.62	7.7294301322
4.62285714286	7.7310285910
4.62571428571	7.7326229369
4.62857142857	7.7342133101
4.63142857143	7.7357998339
4.63428571429	7.7373826150
4.63714285714	7.7389617435
4.64	7.7405372935
4.64285714286	7.7421093242
4.64571428571	7.7436778804
4.64857142857	7.7452429946
4.65142857143	7.7468046880
4.65428571429	7.7483629723
4.65714285714	7.7499178510
4.66	7.7514693219
4.66285714286	7.7530173777
4.66571428571	7.7545620084
4.66857142857	7.7561032025
4.67142857143	7.7576409481
4.67428571429	7.7591752344
4.67714285714	7.7607060526
4.68	7.7622333963
4.68285714286	7.7637572628
4.68571428571	7.7652776531
4.68857142857	7.7667945718
4.69142857143	7.7683080281
4.69428571429	7.7698180347
4.69714285714	7.7713246082
4.7	7.7728277685
4.70285714286	7.7743275385
4.70571428571	7.7758239435
4.70857142857	7.7773170108
4.71142857143	7.7788067691
4.71428571429	7.7802932478
4.71714285714	7.7817764767
4.72	7.7832564852
4.72285714286	7.7847333023
4.72571428571	7.7862069556
4.72857142857	7.7876774714
4.73142857143	7.7891448743
4.73428571429	7.7906091871
4.73714285714	7.7920704304
4.74	7.7935286228
4.74285714286	7.7949837806
4.74571428571	7.7964359182
4.74857142857	7.7978850480
4.75142857143	7.7993311805
4.75428571429	7.8007743246
4.75714285714	7.8022144876
4.76	7.8036516758
4.76285714286	7.8050858942
4.76571428571	7.8065171470
4.76857142857	7.8079454380
4.77142857143	7.8093707704
4.77428571429	7.8107931472
4.77714285714	7.8122125713
4.78	7.8136290459
4.78285714286	7.8150425741
4.78571428571	7.8164531596
4.78857142857	7.8178608061
4.79142857143	7.8192655182
4.79428571429	7.8206673005
4.79714285714	7.8220661582
4.8	7.8234620969
4.80285714286	7.8248551226
4.80571428571	7.8262452418
4.80857142857	7.8276324610
4.81142857143	7.8290167872
4.81428571429	7.8303982275
4.81714285714	7.8317767890
4.82	7.8331524792
4.82285714286	7.8345253053
4.82571428571	7.8358952747
4.82857142857	7.8372623944
4.83142857143	7.8386266717
4.83428571429	7.8399881134
4.83714285714	7.8413467265
4.84	7.8427025175
4.84285714286	7.8440554929
4.84571428571	7.8454056591
4.84857142857	7.8467530220
4.85142857143	7.8480975878
4.85428571429	7.8494393623
4.85714285714	7.8507783511
4.86	7.8521145600
4.86285714286	7.8534479945
4.86571428571	7.8547786602
4.86857142857	7.8561065625
4.87142857143	7.8574317070
4.87428571429	7.8587540991
4.87714285714	7.8600737444
4.88	7.8613906485
4.88285714286	7.8627048171
4.88571428571	7.8640162559
4.88857142857	7.8653249705
4.89142857143	7.8666309670
4.89428571429	7.8679342511
4.89714285714	7.8692348289
4.9	7.8705327063
4.90285714286	7.8718278895
4.90571428571	7.8731203844
4.90857142857	7.8744101974
4.91142857143	7.8756973344
4.91428571429	7.8769818017
4.91714285714	7.8782636053
4.92	7.8795427514
4.92285714286	7.8808192461
4.92571428571	7.8820930954
4.92857142857	7.8833643053
4.93142857143	7.8846328818
4.93428571429	7.8858988308
4.93714285714	7.8871621581
4.94	7.8884228695
4.94285714286	7.8896809707
4.94571428571	7.8909364674
4.94857142857	7.8921893652
4.95142857143	7.8934396696
4.95428571429	7.8946873862
4.95714285714	7.8959325204
4.96	7.8971750775
4.96285714286	7.8984150630
4.96571428571	7.8996524822
4.96857142857	7.9008873403
4.97142857143	7.9021196426
4.97428571429	7.9033493944
4.97714285714	7.9045766009
4.98	7.9058012674
4.98285714286	7.9070233989
4.98571428571	7.9082430007
4.98857142857	7.9094600780
4.99142857143	7.9106746360
4.99428571429	7.9118866797
4.99714285714	7.9130962145
5.0	7.9143032454
5.00285714286	7.9155077777
5.00571428571	7.9167098163
5.00857142857	7.9179093666
5.01142857143	7.9191064337
5.01428571429	7.9203010226
5.01714285714	7.9214931386
5.02	7.9226827866
5.02285714286	7.9238699720
5.02571428571	7.9250546996
5.02857142857	7.9262369747
5.03142857143	7.9274168023
5.03428571429	7.9285941874
5.03714285714	7.9297691352
5.04	7.9309416506
5.04285714286	7.9321117387
5.04571428571	7.9332794045
5.04857142857	7.9344446530
5.05142857143	7.9356074891
5.05428571429	7.9367679179
5.05714285714	7.9379259443
5.06	7.9390815733
5.06285714286	7.9402348097
5.06571428571	7.9413856586
5.06857142857	7.9425341248
5.07142857143	7.9436802133
5.07428571429	7.9448239289
5.07714285714	7.9459652766
5.08	7.9471042612
5.08285714286	7.9482408876
5.08571428571	7.9493751606
5.08857142857	7.9505070851
5.09142857143	7.9516366661
5.09428571429	7.9527639082
5.09714285714	7.9538888163
5.1	7.9550113953
5.10285714286	7.9561316500
5.10571428571	7.9572495851
5.10857142857	7.9583652055
5.11142857143	7.9594785160
5.11428571429	7.9605895213
5.11714285714	7.9616982262
5.12	7.9628046355
5.12285714286	7.9639087539
5.12571428571	7.9650105861
5.12857142857	7.9661101370
5.13142857143	7.9672074111
5.13428571429	7.9683024132
5.13714285714	7.9693951481
5.14	7.9704856204
5.14285714286	7.9715738347
5.14571428571	7.9726597958
5.14857142857	7.9737435082
5.15142857143	7.9748249768
5.15428571429	7.9759042060
5.15714285714	7.9769812005
5.16	7.9780559649
5.16285714286	7.9791285038
5.16571428571	7.9801988219
5.16857142857	7.9812669236
5.17142857143	7.9823328137
5.17428571429	7.9833964966
5.17714285714	7.9844579768
5.18	7.9855172591
5.18285714286	7.9865743478
5.18571428571	7.9876292475
5.18857142857	7.9886819628
5.19142857143	7.9897324980
5.19428571429	7.9907808579
5.19714285714	7.9918270467
5.2	7.9928710691
5.20285714286	7.9939129295
5.20571428571	7.9949526323
5.20857142857	7.9959901820
5.21142857143	7.9970255830
5.21428571429	7.9980588399
5.21714285714	7.9990899569
5.22	8.0001189386
5.22285714286	8.0011457893
5.22571428571	8.0021705135
5.22857142857	8.0031931155
5.23142857143	8.0042135998
5.23428571429	8.0052319706
5.23714285714	8.0062482324
5.24	8.0072623895
5.24285714286	8.0082744463
5.24571428571	8.0092844071
5.24857142857	8.0102922762
5.25142857143	8.0112980579
5.25428571429	8.0123017567
5.25714285714	8.0133033767
5.26	8.0143029223
5.26285714286	8.0153003977
5.26571428571	8.0162958072
5.26857142857	8.0172891552
5.27142857143	8.0182804458
5.27428571429	8.0192696833
5.27714285714	8.0202568720
5.28	8.0212420161
5.28285714286	8.0222251197
5.28571428571	8.0232061872
5.28857142857	8.0241852228
5.29142857143	8.0251622306
5.29428571429	8.0261372148
5.29714285714	8.0271101797
5.3	8.0280811293
5.30285714286	8.0290500679
5.30571428571	8.0300169996
5.30857142857	8.0309819286
5.31142857143	8.0319448590
5.31428571429	8.0329057949
5.31714285714	8.0338647406
5.32	8.0348217000
5.32285714286	8.0357766773
5.32571428571	8.0367296766
5.32857142857	8.0376807020
5.33142857143	8.0386297576
5.33428571429	8.0395768474
5.33714285714	8.0405219755
5.34	8.0414651461
5.34285714286	8.0424063630
5.34571428571	8.0433456305
5.34857142857	8.0442829524
5.35142857143	8.0452183329
5.35428571429	8.0461517759
5.35714285714	8.0470832855
5.36	8.0480128656
5.36285714286	8.0489405204
5.36571428571	8.0498662536
5.36857142857	8.0507900694
5.37142857143	8.0517119717
5.37428571429	8.0526319645
5.37714285714	8.0535500517
5.38	8.0544662372
5.38285714286	8.0553805250
5.38571428571	8.0562929191
5.38857142857	8.0572034233
5.39142857143	8.0581120416
5.39428571429	8.0590187779
5.39714285714	8.0599236360
5.4	8.0608266199
5.40285714286	8.0617277335
5.40571428571	8.0626269805
5.40857142857	8.0635243650
5.41142857143	8.0644198907
5.41428571429	8.0653135615
5.41714285714	8.0662053813
5.42	8.0670953538
5.42285714286	8.0679834830
5.42571428571	8.0688697726
5.42857142857	8.0697542264
5.43142857143	8.0706368483
5.43428571429	8.0715176421
5.43714285714	8.0723966115
5.44	8.0732737603
5.44285714286	8.0741490923
5.44571428571	8.0750226113
5.44857142857	8.0758943210
5.45142857143	8.0767642252
5.45428571429	8.0776323276
5.45714285714	8.0784986319
5.46	8.0793631420
5.46285714286	8.0802258614
5.46571428571	8.0810867940
5.46857142857	8.0819459434
5.47142857143	8.0828033134
5.47428571429	8.0836589075
5.47714285714	8.0845127296
5.48	8.0853647833
5.48285714286	8.0862150722
5.48571428571	8.0870636000
5.48857142857	8.0879103704
5.49142857143	8.0887553870
5.49428571429	8.0895986534
5.49714285714	8.0904401734
5.5	8.0912799359
5.50285714286	8.0921176930
5.50571428571	8.0929534728
5.50857142857	8.0937873016
5.51142857143	8.0946192040
5.51428571429	8.0954492032
5.51714285714	8.0962773203
5.52	8.0971035752
5.52285714286	8.0979279859
5.52571428571	8.0987505693
5.52857142857	8.0995713405
5.53142857143	8.1003903137
5.53428571429	8.1012075015
5.53714285714	8.1020229158
5.54	8.1028365672
5.54285714286	8.1036484658
5.54571428571	8.1044586205
5.54857142857	8.1052670399
5.55142857143	8.1060737319
5.55428571429	8.1068787038
5.55714285714	8.1076819627
5.56	8.1084835152
5.56285714286	8.1092833678
5.56571428571	8.1100815266
5.56857142857	8.1108779975
5.57142857143	8.1116727863
5.57428571429	8.1124658988
5.57714285714	8.1132573404
5.58	8.1140471167
5.58285714286	8.1148352328
5.58571428571	8.1156216941
5.58857142857	8.1164065057
5.59142857143	8.1171896726
5.59428571429	8.1179711997
5.59714285714	8.1187510919
5.6	8.1195293537
5.60285714286	8.1203059897
5.60571428571	8.1210810044
5.60857142857	8.1218544021
5.61142857143	8.1226261869
5.61428571429	8.1233963628
5.61714285714	8.1241649339
5.62	8.1249319038
5.62285714286	8.1256972764
5.62571428571	8.1264610553
5.62857142857	8.1272232439
5.63142857143	8.1279838457
5.63428571429	8.1287428642
5.63714285714	8.1295003027
5.64	8.1302561645
5.64285714286	8.1310104528
5.64571428571	8.1317631709
5.64857142857	8.1325143222
5.65142857143	8.1332639098
5.65428571429	8.1340119369
5.65714285714	8.1347584070
5.66	8.1355033232
5.66285714286	8.1362466889
5.66571428571	8.1369885073
5.66857142857	8.1377287819
5.67142857143	8.1384675161
5.67428571429	8.1392047132
5.67714285714	8.1399403766
5.68	8.1406745097
5.68285714286	8.1414071161
5.68571428571	8.1421381990
5.68857142857	8.1428677621
5.69142857143	8.1435958086
5.69428571429	8.1443223421
5.69714285714	8.1450473660
5.7	8.1457708836
5.70285714286	8.1464928984
5.70571428571	8.1472134138
5.70857142857	8.1479324330
5.71142857143	8.1486499595
5.71428571429	8.1493659965
5.71714285714	8.1500805473
5.72	8.1507936152
5.72285714286	8.1515052034
5.72571428571	8.1522153151
5.72857142857	8.1529239535
5.73142857143	8.1536311217
5.73428571429	8.1543368230
5.73714285714	8.1550410604
5.74	8.1557438371
5.74285714286	8.1564451561
5.74571428571	8.1571450206
5.74857142857	8.1578434336
5.75142857143	8.1585403982
5.75428571429	8.1592359175
5.75714285714	8.1599299945
5.76	8.1606226323
5.76285714286	8.1613138339
5.76571428571	8.1620036023
5.76857142857	8.1626919407
5.77142857143	8.1633788521
5.77428571429	8.1640643394
5.77714285714	8.1647484058
5.78	8.1654310542
5.78285714286	8.1661122878
5.78571428571	8.1667921095
5.78857142857	8.1674705223
5.79142857143	8.1681475293
5.79428571429	8.1688231334
5.79714285714	8.1694973377
5.8	8.1701701453
5.80285714286	8.1708415590
5.80571428571	8.1715115818
5.80857142857	8.1721802168
5.81142857143	8.1728474670
5.81428571429	8.1735133352
5.81714285714	8.1741778244
5.82	8.1748409376
5.82285714286	8.1755026778
5.82571428571	8.1761630478
5.82857142857	8.1768220506
5.83142857143	8.1774796891
5.83428571429	8.1781359662
5.83714285714	8.1787908848
5.84	8.1794444478
5.84285714286	8.1800966582
5.84571428571	8.1807475187
5.84857142857	8.1813970323
5.85142857143	8.1820452018
5.85428571429	8.1826920301
5.85714285714	8.1833375200
5.86	8.1839816745
5.86285714286	8.1846244964
5.86571428571	8.1852659884
5.86857142857	8.1859061535
5.87142857143	8.1865449944
5.87428571429	8.1871825141
5.87714285714	8.1878187152
5.88	8.1884536007
5.88285714286	8.1890871733
5.88571428571	8.1897194359
5.88857142857	8.1903503911
5.89142857143	8.1909800419
5.89428571429	8.1916083911
5.89714285714	8.1922354413
5.9	8.1928611953
5.90285714286	8.1934856559
5.90571428571	8.1941088260
5.90857142857	8.1947307081
5.91142857143	8.1953513051
5.91428571429	8.1959706197
5.91714285714	8.1965886547
5.92	8.1972054126
5.92285714286	8.1978208964
5.92571428571	8.1984351086
5.92857142857	8.1990480520
5.93142857143	8.1996597292
5.93428571429	8.2002701431
5.93714285714	8.2008792961
5.94	8.2014871911
5.94285714286	8.2020938307
5.94571428571	8.2026992175
5.94857142857	8.2033033542
5.95142857143	8.2039062435
5.95428571429	8.2045078880
5.95714285714	8.2051082904
5.96	8.2057074532
5.96285714286	8.2063053791
5.96571428571	8.2069020708
5.96857142857	8.2074975308
5.97142857143	8.2080917618
5.97428571429	8.2086847664
5.97714285714	8.2092765471
5.98	8.2098671065
5.98285714286	8.2104564473
5.98571428571	8.2110445721
5.98857142857	8.2116314833
5.99142857143	8.2122171836
5.99428571429	8.2128016755
5.99714285714	8.2133849617
6.0	8.2139670446
6.00285714286	8.2145479268
6.00571428571	8.2151276108
6.00857142857	8.2157060992
6.01142857143	8.2162833946
6.01428571429	8.2168594994
6.01714285714	8.2174344161
6.02	8.2180081473
6.02285714286	8.2185806954
6.02571428571	8.2191520631
6.02857142857	8.2197222527
6.03142857143	8.2202912668
6.03428571429	8.2208591079
6.03714285714	8.2214257784
6.04	8.2219912808
6.04285714286	8.2225556176
6.04571428571	8.2231187912
6.04857142857	8.2236808042
6.05142857143	8.2242416589
6.05428571429	8.2248013578
6.05714285714	8.2253599033
6.06	8.2259172979
6.06285714286	8.2264735441
6.06571428571	8.2270286442
6.06857142857	8.2275826006
6.07142857143	8.2281354158
6.07428571429	8.2286870923
6.07714285714	8.2292376323
6.08	8.2297870383
6.08285714286	8.2303353127
6.08571428571	8.2308824578
6.08857142857	8.2314284761
6.09142857143	8.2319733700
6.09428571429	8.2325171417
6.09714285714	8.2330597938
6.1	8.2336013285
6.10285714286	8.2341417481
6.10571428571	8.2346810552
6.10857142857	8.2352192519
6.11142857143	8.2357563406
6.11428571429	8.2362923238
6.11714285714	8.2368272036
6.12	8.2373609825
6.12285714286	8.2378936627
6.12571428571	8.2384252465
6.12857142857	8.2389557364
6.13142857143	8.2394851345
6.13428571429	8.2400134432
6.13714285714	8.2405406648
6.14	8.2410668016
6.14285714286	8.2415918558
6.14571428571	8.2421158297
6.14857142857	8.2426387257
6.15142857143	8.2431605459
6.15428571429	8.2436812926
6.15714285714	8.2442009682
6.16	8.2447195748
6.16285714286	8.2452371147
6.16571428571	8.2457535902
6.16857142857	8.2462690034
6.17142857143	8.2467833567
6.17428571429	8.2472966522
6.17714285714	8.2478088922
6.18	8.2483200789
6.18285714286	8.2488302146
6.18571428571	8.2493393013
6.18857142857	8.2498473414
6.19142857143	8.2503543370
6.19428571429	8.2508602903
6.19714285714	8.2513652036
6.2	8.2518690789
6.20285714286	8.2523719185
6.20571428571	8.2528737246
6.20857142857	8.2533744994
6.21142857143	8.2538742449
6.21428571429	8.2543729634
6.21714285714	8.2548706570
6.22	8.2553673279
6.22285714286	8.2558629782
6.22571428571	8.2563576101
6.22857142857	8.2568512256
6.23142857143	8.2573438270
6.23428571429	8.2578354164
6.23714285714	8.2583259959
6.24	8.2588155676
6.24285714286	8.2593041336
6.24571428571	8.2597916960
6.24857142857	8.2602782570
6.25142857143	8.2607638186
6.25428571429	8.2612483829
6.25714285714	8.2617319521
6.26	8.2622145282
6.26285714286	8.2626961134
6.26571428571	8.2631767095
6.26857142857	8.2636563189
6.27142857143	8.2641349435
6.27428571429	8.2646125853
6.27714285714	8.2650892465
6.28	8.2655649292
6.28285714286	8.2660396352
6.28571428571	8.2665133668
6.28857142857	8.2669861259
6.29142857143	8.2674579147
6.29428571429	8.2679287350
6.29714285714	8.2683985889
6.3	8.2688674786
6.30285714286	8.2693354059
6.30571428571	8.2698023730
6.30857142857	8.2702683817
6.31142857143	8.2707334342
6.31428571429	8.2711975324
6.31714285714	8.2716606784
6.32	8.2721228740
6.32285714286	8.2725841214
6.32571428571	8.2730444224
6.32857142857	8.2735037792
6.33142857143	8.2739621936
6.33428571429	8.2744196676
6.33714285714	8.2748762032
6.34	8.2753318023
6.34285714286	8.2757864670
6.34571428571	8.2762401992
6.34857142857	8.2766930007
6.35142857143	8.2771448737
6.35428571429	8.2775958199
6.35714285714	8.2780458414
6.36	8.2784949401
6.36285714286	8.2789431179
6.36571428571	8.2793903767
6.36857142857	8.2798367185
6.37142857143	8.2802821451
6.37428571429	8.2807266586
6.37714285714	8.2811702607
6.38	8.2816129534
6.38285714286	8.2820547387
6.38571428571	8.2824956183
6.38857142857	8.2829355943
6.39142857143	8.2833746684
6.39428571429	8.2838128426
6.39714285714	8.2842501187
6.4	8.2846864987
6.40285714286	8.2851219843
6.40571428571	8.2855565775
6.40857142857	8.2859902801
6.41142857143	8.2864230940
6.41428571429	8.2868550211
6.41714285714	8.2872860631
6.42	8.2877162220
6.42285714286	8.2881454995
6.42571428571	8.2885738976
6.42857142857	8.2890014181
6.43142857143	8.2894280627
6.43428571429	8.2898538333
6.43714285714	8.2902787318
6.44	8.2907027600
6.44285714286	8.2911259196
6.44571428571	8.2915482125
6.44857142857	8.2919696405
6.45142857143	8.2923902054
6.45428571429	8.2928099090
6.45714285714	8.2932287531
6.46	8.2936467395
6.46285714286	8.2940638700
6.46571428571	8.2944801463
6.46857142857	8.2948955703
6.47142857143	8.2953101437
6.47428571429	8.2957238683
6.47714285714	8.2961367458
6.48	8.2965487781
6.48285714286	8.2969599669
6.48571428571	8.2973703139
6.48857142857	8.2977798209
6.49142857143	8.2981884897
6.49428571429	8.2985963220
6.49714285714	8.2990033195
6.5	8.2994094840
6.50285714286	8.2998148172
6.50571428571	8.3002193209
6.50857142857	8.3006229967
6.51142857143	8.3010258465
6.51428571429	8.3014278718
6.51714285714	8.3018290746
6.52	8.3022294563
6.52285714286	8.3026290188
6.52571428571	8.3030277638
6.52857142857	8.3034256930
6.53142857143	8.3038228080
6.53428571429	8.3042191105
6.53714285714	8.3046146024
6.54	8.3050092851
6.54285714286	8.3054031605
6.54571428571	8.3057962302
6.54857142857	8.3061884959
6.55142857143	8.3065799592
6.55428571429	8.3069706218
6.55714285714	8.3073604855
6.56	8.3077495517
6.56285714286	8.3081378223
6.56571428571	8.3085252989
6.56857142857	8.3089119830
6.57142857143	8.3092978765
6.57428571429	8.3096829808
6.57714285714	8.3100672977
6.58	8.3104508287
6.58285714286	8.3108335756
6.58571428571	8.3112155399
6.58857142857	8.3115967233
6.59142857143	8.3119771274
6.59428571429	8.3123567539
6.59714285714	8.3127356042
6.6	8.3131136801
6.60285714286	8.3134909832
6.60571428571	8.3138675150
6.60857142857	8.3142432772
6.61142857143	8.3146182713
6.61428571429	8.3149924990
6.61714285714	8.3153659619
6.62	8.3157386615
6.62285714286	8.3161105994
6.62571428571	8.3164817773
6.62857142857	8.3168521966
6.63142857143	8.3172218590
6.63428571429	8.3175907660
6.63714285714	8.3179589192
6.64	8.3183263202
6.64285714286	8.3186929705
6.64571428571	8.3190588717
6.64857142857	8.3194240254
6.65142857143	8.3197884330
6.65428571429	8.3201520962
6.65714285714	8.3205150165
6.66	8.3208771954
6.66285714286	8.3212386345
6.66571428571	8.3215993353
6.66857142857	8.3219592993
6.67142857143	8.3223185280
6.67428571429	8.3226770231
6.67714285714	8.3230347860
6.68	8.3233918182
6.68285714286	8.3237481213
6.68571428571	8.3241036967
6.68857142857	8.3244585460
6.69142857143	8.3248126706
6.69428571429	8.3251660722
6.69714285714	8.3255187521
6.7	8.3258707119
6.70285714286	8.3262219530
6.70571428571	8.3265724770
6.70857142857	8.3269222854
6.71142857143	8.3272713796
6.71428571429	8.3276197611
6.71714285714	8.3279674313
6.72	8.3283143919
6.72285714286	8.3286606441
6.72571428571	8.3290061896
6.72857142857	8.3293510297
6.73142857143	8.3296951660
6.73428571429	8.3300385998
6.73714285714	8.3303813327
6.74	8.3307233660
6.74285714286	8.3310647013
6.74571428571	8.3314053400
6.74857142857	8.3317452835
6.75142857143	8.3320845333
6.75428571429	8.3324230908
6.75714285714	8.3327609574
6.76	8.3330981346
6.76285714286	8.3334346238
6.76571428571	8.3337704264
6.76857142857	8.3341055439
6.77142857143	8.3344399776
6.77428571429	8.3347737290
6.77714285714	8.3351067995
6.78	8.3354391905
6.78285714286	8.3357709034
6.78571428571	8.3361019396
6.78857142857	8.3364323006
6.79142857143	8.3367619876
6.79428571429	8.3370910022
6.79714285714	8.3374193456
6.8	8.3377470193
6.80285714286	8.3380740247
6.80571428571	8.3384003632
6.80857142857	8.3387260360
6.81142857143	8.3390510447
6.81428571429	8.3393753906
6.81714285714	8.3396990750
6.82	8.3400220994
6.82285714286	8.3403444651
6.82571428571	8.3406661734
6.82857142857	8.3409872257
6.83142857143	8.3413076233
6.83428571429	8.3416273677
6.83714285714	8.3419464602
6.84	8.3422649021
6.84285714286	8.3425826948
6.84571428571	8.3428998396
6.84857142857	8.3432163378
6.85142857143	8.3435321908
6.85428571429	8.3438473999
6.85714285714	8.3441619665
6.86	8.3444758918
6.86285714286	8.3447891773
6.86571428571	8.3451018242
6.86857142857	8.3454138338
6.87142857143	8.3457252075
6.87428571429	8.3460359465
6.87714285714	8.3463460523
6.88	8.3466555260
6.88285714286	8.3469643691
6.88571428571	8.3472725828
6.88857142857	8.3475801683
6.89142857143	8.3478871271
6.89428571429	8.3481934604
6.89714285714	8.3484991694
6.9	8.3488042556
6.90285714286	8.3491087201
6.90571428571	8.3494125642
6.90857142857	8.3497157893
6.91142857143	8.3500183966
6.91428571429	8.3503203874
6.91714285714	8.3506217629
6.92	8.3509225245
6.92285714286	8.3512226734
6.92571428571	8.3515222108
6.92857142857	8.3518211381
6.93142857143	8.3521194564
6.93428571429	8.3524171671
6.93714285714	8.3527142713
6.94	8.3530107705
6.94285714286	8.3533066657
6.94571428571	8.3536019582
6.94857142857	8.3538966494
6.95142857143	8.3541907404
6.95428571429	8.3544842324
6.95714285714	8.3547771268
6.96	8.3550694246
6.96285714286	8.3553611273
6.96571428571	8.3556522359
6.96857142857	8.3559427518
6.97142857143	8.3562326761
6.97428571429	8.3565220100
6.97714285714	8.3568107549
6.98	8.3570989118
6.98285714286	8.3573864821
6.98571428571	8.3576734668
6.98857142857	8.3579598673
6.99142857143	8.3582456847
6.99428571429	8.3585309203
6.99714285714	8.3588155752
7.0	8.3590996506
7.00285714286	8.3593831477
7.00571428571	8.3596660678
7.00857142857	8.3599484120
7.01142857143	8.3602301814
7.01428571429	8.3605113774
7.01714285714	8.3607920010
7.02	8.3610720535
7.02285714286	8.3613515359
7.02571428571	8.3616304496
7.02857142857	8.3619087956
7.03142857143	8.3621865752
7.03428571429	8.3624637894
7.03714285714	8.3627404396
7.04	8.3630165268
7.04285714286	8.3632920521
7.04571428571	8.3635670168
7.04857142857	8.3638414220
7.05142857143	8.3641152689
7.05428571429	8.3643885586
7.05714285714	8.3646612922
7.06	8.3649334710
7.06285714286	8.3652050959
7.06571428571	8.3654761683
7.06857142857	8.3657466892
7.07142857143	8.3660166597
7.07428571429	8.3662860811
7.07714285714	8.3665549543
7.08	8.3668232806
7.08285714286	8.3670910611
7.08571428571	8.3673582969
7.08857142857	8.3676249891
7.09142857143	8.3678911389
7.09428571429	8.3681567473
7.09714285714	8.3684218155
7.1	8.3686863446
7.10285714286	8.3689503357
7.10571428571	8.3692137899
7.10857142857	8.3694767083
7.11142857143	8.3697390920
7.11428571429	8.3700009421
7.11714285714	8.3702622597
7.12	8.3705230460
7.12285714286	8.3707833019
7.12571428571	8.3710430286
7.12857142857	8.3713022273
7.13142857143	8.3715608989
7.13428571429	8.3718190445
7.13714285714	8.3720766653
7.14	8.3723337623
7.14285714286	8.3725903365
7.14571428571	8.3728463892
7.14857142857	8.3731019213
7.15142857143	8.3733569339
7.15428571429	8.3736114281
7.15714285714	8.3738654049
7.16	8.3741188655
7.16285714286	8.3743718108
7.16571428571	8.3746242419
7.16857142857	8.3748761600
7.17142857143	8.3751275660
7.17428571429	8.3753784610
7.17714285714	8.3756288460
7.18	8.3758787222
7.18285714286	8.3761280905
7.18571428571	8.3763769520
7.18857142857	8.3766253077
7.19142857143	8.3768731587
7.19428571429	8.3771205060
7.19714285714	8.3773673506
7.2	8.3776136936
7.20285714286	8.3778595361
7.20571428571	8.3781048789
7.20857142857	8.3783497233
7.21142857143	8.3785940701
7.21428571429	8.3788379204
7.21714285714	8.3790812753
7.22	8.3793241357
7.22285714286	8.3795665027
7.22571428571	8.3798083773
7.22857142857	8.3800497605
7.23142857143	8.3802906533
7.23428571429	8.3805310567
7.23714285714	8.3807709717
7.24	8.3810103993
7.24285714286	8.3812493406
7.24571428571	8.3814877965
7.24857142857	8.3817257680
7.25142857143	8.3819632561
7.25428571429	8.3822002618
7.25714285714	8.3824367861
7.26	8.3826728300
7.26285714286	8.3829083945
7.26571428571	8.3831434806
7.26857142857	8.3833780892
7.27142857143	8.3836122213
7.27428571429	8.3838458779
7.27714285714	8.3840790600
7.28	8.3843117685
7.28285714286	8.3845440045
7.28571428571	8.3847757689
7.28857142857	8.3850070626
7.29142857143	8.3852378866
7.29428571429	8.3854682420
7.29714285714	8.3856981296
7.3	8.3859275504
7.30285714286	8.3861565054
7.30571428571	8.3863849956
7.30857142857	8.3866130218
7.31142857143	8.3868405851
7.31428571429	8.3870676863
7.31714285714	8.3872943265
7.32	8.3875205066
7.32285714286	8.3877462275
7.32571428571	8.3879714902
7.32857142857	8.3881962956
7.33142857143	8.3884206446
7.33428571429	8.3886445382
7.33714285714	8.3888679774
7.34	8.3890909630
7.34285714286	8.3893134960
7.34571428571	8.3895355773
7.34857142857	8.3897572078
7.35142857143	8.3899783885
7.35428571429	8.3901991203
7.35714285714	8.3904194041
7.36	8.3906392408
7.36285714286	8.3908586314
7.36571428571	8.3910775768
7.36857142857	8.3912960778
7.37142857143	8.3915141354
7.37428571429	8.3917317505
7.37714285714	8.3919489240
7.38	8.3921656568
7.38285714286	8.3923819498
7.38571428571	8.3925978040
7.38857142857	8.3928132201
7.39142857143	8.3930281992
7.39428571429	8.3932427421
7.39714285714	8.3934568497
7.4	8.3936705228
7.40285714286	8.3938837625
7.40571428571	8.3940965696
7.40857142857	8.3943089449
7.41142857143	8.3945208893
7.41428571429	8.3947324038
7.41714285714	8.3949434892
7.42	8.3951541465
7.42285714286	8.3953643763
7.42571428571	8.3955741798
7.42857142857	8.3957835576
7.43142857143	8.3959925107
7.43428571429	8.3962010401
7.43714285714	8.3964091464
7.44	8.3966168306
7.44285714286	8.3968240937
7.44571428571	8.3970309363
7.44857142857	8.3972373594
7.45142857143	8.3974433639
7.45428571429	8.3976489506
7.45714285714	8.3978541204
7.46	8.3980588740
7.46285714286	8.3982632125
7.46571428571	8.3984671366
7.46857142857	8.3986706471
7.47142857143	8.3988737450
7.47428571429	8.3990764310
7.47714285714	8.3992787061
7.48	8.3994805710
7.48285714286	8.3996820266
7.48571428571	8.3998830737
7.48857142857	8.4000837132
7.49142857143	8.4002839459
7.49428571429	8.4004837726
7.49714285714	8.4006831942
7.5	8.4008822115
7.50285714286	8.4010808253
7.50571428571	8.4012790364
7.50857142857	8.4014768458
7.51142857143	8.4016742541
7.51428571429	8.4018712623
7.51714285714	8.4020678711
7.52	8.4022640814
7.52285714286	8.4024598939
7.52571428571	8.4026553095
7.52857142857	8.4028503291
7.53142857143	8.4030449533
7.53428571429	8.4032391831
7.53714285714	8.4034330192
7.54	8.4036264624
7.54285714286	8.4038195136
7.54571428571	8.4040121735
7.54857142857	8.4042044430
7.55142857143	8.4043963228
7.55428571429	8.4045878137
7.55714285714	8.4047789166
7.56	8.4049696322
7.56285714286	8.4051599614
7.56571428571	8.4053499048
7.56857142857	8.4055394634
7.57142857143	8.4057286379
7.57428571429	8.4059174290
7.57714285714	8.4061058376
7.58	8.4062938645
7.58285714286	8.4064815104
7.58571428571	8.4066687761
7.58857142857	8.4068556623
7.59142857143	8.4070421700
7.59428571429	8.4072282998
7.59714285714	8.4074140524
7.6	8.4075994288
7.60285714286	8.4077844296
7.60571428571	8.4079690557
7.60857142857	8.4081533077
7.61142857143	8.4083371865
7.61428571429	8.4085206928
7.61714285714	8.4087038274
7.62	8.4088865910
7.62285714286	8.4090689845
7.62571428571	8.4092510084
7.62857142857	8.4094326637
7.63142857143	8.4096139511
7.63428571429	8.4097948713
7.63714285714	8.4099754250
7.64	8.4101556131
7.64285714286	8.4103354362
7.64571428571	8.4105148952
7.64857142857	8.4106939907
7.65142857143	8.4108727235
7.65428571429	8.4110510944
7.65714285714	8.4112291040
7.66	8.4114067532
7.66285714286	8.4115840426
7.66571428571	8.4117609730
7.66857142857	8.4119375452
7.67142857143	8.4121137598
7.67428571429	8.4122896176
7.67714285714	8.4124651193
7.68	8.4126402657
7.68285714286	8.4128150575
7.68571428571	8.4129894953
7.68857142857	8.4131635800
7.69142857143	8.4133373123
7.69428571429	8.4135106928
7.69714285714	8.4136837223
7.7	8.4138564015
7.70285714286	8.4140287311
7.70571428571	8.4142007119
7.70857142857	8.4143723445
7.71142857143	8.4145436297
7.71428571429	8.4147145682
7.71714285714	8.4148851606
7.72	8.4150554077
7.72285714286	8.4152253102
7.72571428571	8.4153948689
7.72857142857	8.4155640843
7.73142857143	8.4157329572
7.73428571429	8.4159014883
7.73714285714	8.4160696784
7.74	8.4162375280
7.74285714286	8.4164050379
7.74571428571	8.4165722088
7.74857142857	8.4167390414
7.75142857143	8.4169055364
7.75428571429	8.4170716944
7.75714285714	8.4172375162
7.76	8.4174030024
7.76285714286	8.4175681537
7.76571428571	8.4177329709
7.76857142857	8.4178974545
7.77142857143	8.4180616053
7.77428571429	8.4182254240
7.77714285714	8.4183889112
7.78	8.4185520676
7.78285714286	8.4187148939
7.78571428571	8.4188773907
7.78857142857	8.4190395588
7.79142857143	8.4192013987
7.79428571429	8.4193629113
7.79714285714	8.4195240971
7.8	8.4196849568
7.80285714286	8.4198454911
7.80571428571	8.4200057006
7.80857142857	8.4201655860
7.81142857143	8.4203251480
7.81428571429	8.4204843872
7.81714285714	8.4206433043
7.82	8.4208018999
7.82285714286	8.4209601748
7.82571428571	8.4211181295
7.82857142857	8.4212757647
7.83142857143	8.4214330810
7.83428571429	8.4215900792
7.83714285714	8.4217467598
7.84	8.4219031236
7.84285714286	8.4220591711
7.84571428571	8.4222149030
7.84857142857	8.4223703200
7.85142857143	8.4225254226
7.85428571429	8.4226802116
7.85714285714	8.4228346875
7.86	8.4229888511
7.86285714286	8.4231427029
7.86571428571	8.4232962436
7.86857142857	8.4234494738
7.87142857143	8.4236023942
7.87428571429	8.4237550053
7.87714285714	8.4239073079
7.88	8.4240593026
7.88285714286	8.4242109899
7.88571428571	8.4243623705
7.88857142857	8.4245134450
7.89142857143	8.4246642141
7.89428571429	8.4248146784
7.89714285714	8.4249648384
7.9	8.4251146949
7.90285714286	8.4252642485
7.90571428571	8.4254134997
7.90857142857	8.4255624491
7.91142857143	8.4257110975
7.91428571429	8.4258594454
7.91714285714	8.4260074933
7.92	8.4261552421
7.92285714286	8.4263026921
7.92571428571	8.4264498441
7.92857142857	8.4265966987
7.93142857143	8.4267432565
7.93428571429	8.4268895180
7.93714285714	8.4270354839
7.94	8.4271811547
7.94285714286	8.4273265312
7.94571428571	8.4274716138
7.94857142857	8.4276164032
7.95142857143	8.4277609000
7.95428571429	8.4279051048
7.95714285714	8.4280490182
7.96	8.4281926407
7.96285714286	8.4283359730
7.96571428571	8.4284790156
7.96857142857	8.4286217692
7.97142857143	8.4287642343
7.97428571429	8.4289064115
7.97714285714	8.4290483015
7.98	8.4291899047
7.98285714286	8.4293312218
7.98571428571	8.4294722534
7.98857142857	8.4296130000
7.99142857143	8.4297534623
7.99428571429	8.4298936407
7.99714285714	8.4300335360
8.0	8.4301731486
8.00285714286	8.4303124791
8.00571428571	8.4304515282
8.00857142857	8.4305902963
8.01142857143	8.4307287842
8.01428571429	8.4308669922
8.01714285714	8.4310049211
8.02	8.4311425713
8.02285714286	8.4312799435
8.02571428571	8.4314170381
8.02857142857	8.4315538559
8.03142857143	8.4316903973
8.03428571429	8.4318266629
8.03714285714	8.4319626532
8.04	8.4320983689
8.04285714286	8.4322338105
8.04571428571	8.4323689785
8.04857142857	8.4325038735
8.05142857143	8.4326384961
8.05428571429	8.4327728468
8.05714285714	8.4329069261
8.06	8.4330407347
8.06285714286	8.4331742731
8.06571428571	8.4333075417
8.06857142857	8.4334405413
8.07142857143	8.4335732723
8.07428571429	8.4337057352
8.07714285714	8.4338379307
8.08	8.4339698592
8.08285714286	8.4341015213
8.08571428571	8.4342329176
8.08857142857	8.4343640486
8.09142857143	8.4344949148
8.09428571429	8.4346255168
8.09714285714	8.4347558550
8.1	8.4348859302
8.10285714286	8.4350157427
8.10571428571	8.4351452931
8.10857142857	8.4352745820
8.11142857143	8.4354036099
8.11428571429	8.4355323773
8.11714285714	8.4356608847
8.12	8.4357891327
8.12285714286	8.4359171218
8.12571428571	8.4360448526
8.12857142857	8.4361723255
8.13142857143	8.4362995411
8.13428571429	8.4364264999
8.13714285714	8.4365532025
8.14	8.4366796493
8.14285714286	8.4368058408
8.14571428571	8.4369317777
8.14857142857	8.4370574604
8.15142857143	8.4371828894
8.15428571429	8.4373080653
8.15714285714	8.4374329885
8.16	8.4375576596
8.16285714286	8.4376820792
8.16571428571	8.4378062476
8.16857142857	8.4379301654
8.17142857143	8.4380538332
8.17428571429	8.4381772514
8.17714285714	8.4383004205
8.18	8.4384233411
8.18285714286	8.4385460137
8.18571428571	8.4386684387
8.18857142857	8.4387906167
8.19142857143	8.4389125482
8.19428571429	8.4390342336
8.19714285714	8.4391556735
8.2	8.4392768684
8.20285714286	8.4393978188
8.20571428571	8.4395185251
8.20857142857	8.4396389879
8.21142857143	8.4397592077
8.21428571429	8.4398791849
8.21714285714	8.4399989201
8.22	8.4401184138
8.22285714286	8.4402376663
8.22571428571	8.4403566783
8.22857142857	8.4404754503
8.23142857143	8.4405939826
8.23428571429	8.4407122758
8.23714285714	8.4408303304
8.24	8.4409481469
8.24285714286	8.4410657257
8.24571428571	8.4411830674
8.24857142857	8.4413001724
8.25142857143	8.4414170412
8.25428571429	8.4415336743
8.25714285714	8.4416500721
8.26	8.4417662352
8.26285714286	8.4418821640
8.26571428571	8.4419978590
8.26857142857	8.4421133207
8.27142857143	8.4422285495
8.27428571429	8.4423435459
8.27714285714	8.4424583104
8.28	8.4425728435
8.28285714286	8.4426871457
8.28571428571	8.4428012173
8.28857142857	8.4429150590
8.29142857143	8.4430286710
8.29428571429	8.4431420540
8.29714285714	8.4432552084
8.3	8.4433681346
8.30285714286	8.4434808331
8.30571428571	8.4435933044
8.30857142857	8.4437055489
8.31142857143	8.4438175671
8.31428571429	8.4439293595
8.31714285714	8.4440409265
8.32	8.4441522685
8.32285714286	8.4442633861
8.32571428571	8.4443742797
8.32857142857	8.4444849498
8.33142857143	8.4445953967
8.33428571429	8.4447056210
8.33714285714	8.4448156231
8.34	8.4449254034
8.34285714286	8.4450349625
8.34571428571	8.4451443007
8.34857142857	8.4452534185
8.35142857143	8.4453623164
8.35428571429	8.4454709948
8.35714285714	8.4455794542
8.36	8.4456876949
8.36285714286	8.4457957175
8.36571428571	8.4459035224
8.36857142857	8.4460111100
8.37142857143	8.4461184808
8.37428571429	8.4462256352
8.37714285714	8.4463325736
8.38	8.4464392966
8.38285714286	8.4465458044
8.38571428571	8.4466520977
8.38857142857	8.4467581767
8.39142857143	8.4468640420
8.39428571429	8.4469696939
8.39714285714	8.4470751330
8.4	8.4471803596
8.40285714286	8.4472853742
8.40571428571	8.4473901772
8.40857142857	8.4474947690
8.41142857143	8.4475991501
8.41428571429	8.4477033209
8.41714285714	8.4478072818
8.42	8.4479110333
8.42285714286	8.4480145757
8.42571428571	8.4481179095
8.42857142857	8.4482210352
8.43142857143	8.4483239531
8.43428571429	8.4484266637
8.43714285714	8.4485291673
8.44	8.4486314645
8.44285714286	8.4487335556
8.44571428571	8.4488354411
8.44857142857	8.4489371213
8.45142857143	8.4490385967
8.45428571429	8.4491398677
8.45714285714	8.4492409348
8.46	8.4493417982
8.46285714286	8.4494424586
8.46571428571	8.4495429162
8.46857142857	8.4496431714
8.47142857143	8.4497432248
8.47428571429	8.4498430766
8.47714285714	8.4499427273
8.48	8.4500421774
8.48285714286	8.4501414272
8.48571428571	8.4502404771
8.48857142857	8.4503393275
8.49142857143	8.4504379789
8.49428571429	8.4505364316
8.49714285714	8.4506346861
8.5	8.4507327427
8.50285714286	8.4508306019
8.50571428571	8.4509282640
8.50857142857	8.4510257295
8.51142857143	8.4511229988
8.51428571429	8.4512200722
8.51714285714	8.4513169501
8.52	8.4514136330
8.52285714286	8.4515101213
8.52571428571	8.4516064153
8.52857142857	8.4517025154
8.53142857143	8.4517984221
8.53428571429	8.4518941357
8.53714285714	8.4519896566
8.54	8.4520849852
8.54285714286	8.4521801219
8.54571428571	8.4522750671
8.54857142857	8.4523698212
8.55142857143	8.4524643845
8.55428571429	8.4525587575
8.55714285714	8.4526529406
8.56	8.4527469340
8.56285714286	8.4528407383
8.56571428571	8.4529343538
8.56857142857	8.4530277809
8.57142857143	8.4531210199
8.57428571429	8.4532140713
8.57714285714	8.4533069354
8.58	8.4533996126
8.58285714286	8.4534921033
8.58571428571	8.4535844078
8.58857142857	8.4536765267
8.59142857143	8.4537684601
8.59428571429	8.4538602085
8.59714285714	8.4539517723
8.6	8.4540431519
8.60285714286	8.4541343475
8.60571428571	8.4542253597
8.60857142857	8.4543161888
8.61142857143	8.4544068351
8.61428571429	8.4544972990
8.61714285714	8.4545875808
8.62	8.4546776811
8.62285714286	8.4547676000
8.62571428571	8.4548573381
8.62857142857	8.4549468956
8.63142857143	8.4550362730
8.63428571429	8.4551254705
8.63714285714	8.4552144886
8.64	8.4553033276
8.64285714286	8.4553919879
8.64571428571	8.4554804698
8.64857142857	8.4555687738
8.65142857143	8.4556569001
8.65428571429	8.4557448492
8.65714285714	8.4558326213
8.66	8.4559202169
8.66285714286	8.4560076363
8.66571428571	8.4560948799
8.66857142857	8.4561819480
8.67142857143	8.4562688410
8.67428571429	8.4563555593
8.67714285714	8.4564421031
8.68	8.4565284729
8.68285714286	8.4566146689
8.68571428571	8.4567006917
8.68857142857	8.4567865414
8.69142857143	8.4568722185
8.69428571429	8.4569577233
8.69714285714	8.4570430561
8.7	8.4571282174
8.70285714286	8.4572132074
8.70571428571	8.4572980265
8.70857142857	8.4573826751
8.71142857143	8.4574671534
8.71428571429	8.4575514619
8.71714285714	8.4576356009
8.72	8.4577195708
8.72285714286	8.4578033717
8.72571428571	8.4578870043
8.72857142857	8.4579704686
8.73142857143	8.4580537652
8.73428571429	8.4581368943
8.73714285714	8.4582198563
8.74	8.4583026515
8.74285714286	8.4583852803
8.74571428571	8.4584677429
8.74857142857	8.4585500398
8.75142857143	8.4586321713
8.75428571429	8.4587141377
8.75714285714	8.4587959393
8.76	8.4588775765
8.76285714286	8.4589590496
8.76571428571	8.4590403590
8.76857142857	8.4591215049
8.77142857143	8.4592024877
8.77428571429	8.4592833078
8.77714285714	8.4593639654
8.78	8.4594444610
8.78285714286	8.4595247947
8.78571428571	8.4596049670
8.78857142857	8.4596849782
8.79142857143	8.4597648287
8.79428571429	8.4598445186
8.79714285714	8.4599240484
8.8	8.4600034184
8.80285714286	8.4600826289
8.80571428571	8.4601616803
8.80857142857	8.4602405728
8.81142857143	8.4603193068
8.81428571429	8.4603978826
8.81714285714	8.4604763005
8.82	8.4605545608
8.82285714286	8.4606326639
8.82571428571	8.4607106101
8.82857142857	8.4607883997
8.83142857143	8.4608660331
8.83428571429	8.4609435104
8.83714285714	8.4610208321
8.84	8.4610979985
8.84285714286	8.4611750099
8.84571428571	8.4612518665
8.84857142857	8.4613285688
8.85142857143	8.4614051170
8.85428571429	8.4614815114
8.85714285714	8.4615577524
8.86	8.4616338403
8.86285714286	8.4617097753
8.86571428571	8.4617855578
8.86857142857	8.4618611881
8.87142857143	8.4619366665
8.87428571429	8.4620119933
8.87714285714	8.4620871688
8.88	8.4621621934
8.88285714286	8.4622370672
8.88571428571	8.4623117907
8.88857142857	8.4623863642
8.89142857143	8.4624607879
8.89428571429	8.4625350621
8.89714285714	8.4626091872
8.9	8.4626831635
8.90285714286	8.4627569912
8.90571428571	8.4628306706
8.90857142857	8.4629042022
8.91142857143	8.4629775860
8.91428571429	8.4630508226
8.91714285714	8.4631239121
8.92	8.4631968548
8.92285714286	8.4632696511
8.92571428571	8.4633423012
8.92857142857	8.4634148055
8.93142857143	8.4634871643
8.93428571429	8.4635593777
8.93714285714	8.4636314463
8.94	8.4637033701
8.94285714286	8.4637751495
8.94571428571	8.4638467849
8.94857142857	8.4639182765
8.95142857143	8.4639896245
8.95428571429	8.4640608294
8.95714285714	8.4641318913
8.96	8.4642028106
8.96285714286	8.4642735875
8.96571428571	8.4643442224
8.96857142857	8.4644147155
8.97142857143	8.4644850672
8.97428571429	8.4645552776
8.97714285714	8.4646253472
8.98	8.4646952761
8.98285714286	8.4647650647
8.98571428571	8.4648347133
8.98857142857	8.4649042220
8.99142857143	8.4649735913
8.99428571429	8.4650428214
8.99714285714	8.4651119126
9.0	8.4651808651
9.00285714286	8.4652496793
9.00571428571	8.4653183554
9.00857142857	8.4653868937
9.01142857143	8.4654552945
9.01428571429	8.4655235581
9.01714285714	8.4655916847
9.02	8.4656596746
9.02285714286	8.4657275281
9.02571428571	8.4657952455
9.02857142857	8.4658628270
9.03142857143	8.4659302730
9.03428571429	8.4659975836
9.03714285714	8.4660647592
9.04	8.4661318001
9.04285714286	8.4661987065
9.04571428571	8.4662654787
9.04857142857	8.4663321170
9.05142857143	8.4663986215
9.05428571429	8.4664649927
9.05714285714	8.4665312308
9.06	8.4665973360
9.06285714286	8.4666633087
9.06571428571	8.4667291490
9.06857142857	8.4667948573
9.07142857143	8.4668604338
9.07428571429	8.4669258787
9.07714285714	8.4669911925
9.08	8.4670563752
9.08285714286	8.4671214273
9.08571428571	8.4671863489
9.08857142857	8.4672511403
9.09142857143	8.4673158018
9.09428571429	8.4673803336
9.09714285714	8.4674447361
9.1	8.4675090094
9.10285714286	8.4675731538
9.10571428571	8.4676371696
9.10857142857	8.4677010571
9.11142857143	8.4677648165
9.11428571429	8.4678284481
9.11714285714	8.4678919520
9.12	8.4679553287
9.12285714286	8.4680185783
9.12571428571	8.4680817012
9.12857142857	8.4681446975
9.13142857143	8.4682075675
9.13428571429	8.4682703114
9.13714285714	8.4683329297
9.14	8.4683954223
9.14285714286	8.4684577898
9.14571428571	8.4685200322
9.14857142857	8.4685821498
9.15142857143	8.4686441430
9.15428571429	8.4687060119
9.15714285714	8.4687677568
9.16	8.4688293780
9.16285714286	8.4688908756
9.16571428571	8.4689522501
9.16857142857	8.4690135015
9.17142857143	8.4690746302
9.17428571429	8.4691356363
9.17714285714	8.4691965202
9.18	8.4692572822
9.18285714286	8.4693179223
9.18571428571	8.4693784410
9.18857142857	8.4694388384
9.19142857143	8.4694991147
9.19428571429	8.4695592703
9.19714285714	8.4696193054
9.2	8.4696792202
9.20285714286	8.4697390149
9.20571428571	8.4697986899
9.20857142857	8.4698582453
9.21142857143	8.4699176814
9.21428571429	8.4699769984
9.21714285714	8.4700361966
9.22	8.4700952761
9.22285714286	8.4701542374
9.22571428571	8.4702130805
9.22857142857	8.4702718058
9.23142857143	8.4703304134
9.23428571429	8.4703889037
9.23714285714	8.4704472767
9.24	8.4705055329
9.24285714286	8.4705636724
9.24571428571	8.4706216954
9.24857142857	8.4706796023
9.25142857143	8.4707373931
9.25428571429	8.4707950682
9.25714285714	8.4708526278
9.26	8.4709100722
9.26285714286	8.4709674015
9.26571428571	8.4710246160
9.26857142857	8.4710817159
9.27142857143	8.4711387015
9.27428571429	8.4711955730
9.27714285714	8.4712523306
9.28	8.4713089745
9.28285714286	8.4713655051
9.28571428571	8.4714219224
9.28857142857	8.4714782268
9.29142857143	8.4715344185
9.29428571429	8.4715904977
9.29714285714	8.4716464646
9.3	8.4717023194
9.30285714286	8.4717580624
9.30571428571	8.4718136939
9.30857142857	8.4718692139
9.31142857143	8.4719246228
9.31428571429	8.4719799209
9.31714285714	8.4720351082
9.32	8.4720901850
9.32285714286	8.4721451516
9.32571428571	8.4722000082
9.32857142857	8.4722547550
9.33142857143	8.4723093922
9.33428571429	8.4723639201
9.33714285714	8.4724183388
9.34	8.4724726486
9.34285714286	8.4725268497
9.34571428571	8.4725809423
9.34857142857	8.4726349267
9.35142857143	8.4726888031
9.35428571429	8.4727425716
9.35714285714	8.4727962326
9.36	8.4728497862
9.36285714286	8.4729032326
9.36571428571	8.4729565721
9.36857142857	8.4730098048
9.37142857143	8.4730629310
9.37428571429	8.4731159509
9.37714285714	8.4731688648
9.38	8.4732216728
9.38285714286	8.4732743751
9.38571428571	8.4733269720
9.38857142857	8.4733794637
9.39142857143	8.4734318503
9.39428571429	8.4734841322
9.39714285714	8.4735363095
9.4	8.4735883824
9.40285714286	8.4736403511
9.40571428571	8.4736922159
9.40857142857	8.4737439769
9.41142857143	8.4737956344
9.41428571429	8.4738471886
9.41714285714	8.4738986396
9.42	8.4739499878
9.42285714286	8.4740012332
9.42571428571	8.4740523762
9.42857142857	8.4741034169
9.43142857143	8.4741543555
9.43428571429	8.4742051922
9.43714285714	8.4742559273
9.44	8.4743065609
9.44285714286	8.4743570933
9.44571428571	8.4744075246
9.44857142857	8.4744578550
9.45142857143	8.4745080849
9.45428571429	8.4745582143
9.45714285714	8.4746082434
9.46	8.4746581725
9.46285714286	8.4747080018
9.46571428571	8.4747577315
9.46857142857	8.4748073618
9.47142857143	8.4748568928
9.47428571429	8.4749063248
9.47714285714	8.4749556580
9.48	8.4750048926
9.48285714286	8.4750540287
9.48571428571	8.4751030666
9.48857142857	8.4751520065
9.49142857143	8.4752008486
9.49428571429	8.4752495930
9.49714285714	8.4752982400
9.5	8.4753467898
9.50285714286	8.4753952425
9.50571428571	8.4754435984
9.50857142857	8.4754918577
9.51142857143	8.4755400205
9.51428571429	8.4755880870
9.51714285714	8.4756360575
9.52	8.4756839321
9.52285714286	8.4757317110
9.52571428571	8.4757793945
9.52857142857	8.4758269827
9.53142857143	8.4758744758
9.53428571429	8.4759218739
9.53714285714	8.4759691774
9.54	8.4760163864
9.54285714286	8.4760635010
9.54571428571	8.4761105215
9.54857142857	8.4761574480
9.55142857143	8.4762042808
9.55428571429	8.4762510201
9.55714285714	8.4762976659
9.56	8.4763442186
9.56285714286	8.4763906782
9.56571428571	8.4764370451
9.56857142857	8.4764833193
9.57142857143	8.4765295011
9.57428571429	8.4765755906
9.57714285714	8.4766215881
9.58	8.4766674937
9.58285714286	8.4767133076
9.58571428571	8.4767590300
9.58857142857	8.4768046611
9.59142857143	8.4768502011
9.59428571429	8.4768956501
9.59714285714	8.4769410083
9.6	8.4769862759
9.60285714286	8.4770314532
9.60571428571	8.4770765402
9.60857142857	8.4771215372
9.61142857143	8.4771664443
9.61428571429	8.4772112618
9.61714285714	8.4772559897
9.62	8.4773006284
9.62285714286	8.4773451779
9.62571428571	8.4773896385
9.62857142857	8.4774340103
9.63142857143	8.4774782935
9.63428571429	8.4775224883
9.63714285714	8.4775665948
9.64	8.4776106134
9.64285714286	8.4776545440
9.64571428571	8.4776983869
9.64857142857	8.4777421423
9.65142857143	8.4777858104
9.65428571429	8.4778293913
9.65714285714	8.4778728852
9.66	8.4779162923
9.66285714286	8.4779596127
9.66571428571	8.4780028467
9.66857142857	8.4780459944
9.67142857143	8.4780890560
9.67428571429	8.4781320316
9.67714285714	8.4781749214
9.68	8.4782177257
9.68285714286	8.4782604445
9.68571428571	8.4783030781
9.68857142857	8.4783456266
9.69142857143	8.4783880902
9.69428571429	8.4784304691
9.69714285714	8.4784727634
9.7	8.4785149733
9.70285714286	8.4785570990
9.70571428571	8.4785991406
9.70857142857	8.4786410983
9.71142857143	8.4786829724
9.71428571429	8.4787247629
9.71714285714	8.4787664700
9.72	8.4788080939
9.72285714286	8.4788496347
9.72571428571	8.4788910927
9.72857142857	8.4789324680
9.73142857143	8.4789737608
9.73428571429	8.4790149712
9.73714285714	8.4790560994
9.74	8.4790971455
9.74285714286	8.4791381098
9.74571428571	8.4791789923
9.74857142857	8.4792197934
9.75142857143	8.4792605130
9.75428571429	8.4793011514
9.75714285714	8.4793417088
9.76	8.4793821853
9.76285714286	8.4794225811
9.76571428571	8.4794628963
9.76857142857	8.4795031311
9.77142857143	8.4795432857
9.77428571429	8.4795833603
9.77714285714	8.4796233549
9.78	8.4796632697
9.78285714286	8.4797031050
9.78571428571	8.4797428609
9.78857142857	8.4797825374
9.79142857143	8.4798221349
9.79428571429	8.4798616534
9.79714285714	8.4799010932
9.8	8.4799404543
9.80285714286	8.4799797369
9.80571428571	8.4800189413
9.80857142857	8.4800580674
9.81142857143	8.4800971156
9.81428571429	8.4801360860
9.81714285714	8.4801749786
9.82	8.4802137938
9.82285714286	8.4802525316
9.82571428571	8.4802911921
9.82857142857	8.4803297756
9.83142857143	8.4803682823
9.83428571429	8.4804067121
9.83714285714	8.4804450654
9.84	8.4804833422
9.84285714286	8.4805215428
9.84571428571	8.4805596672
9.84857142857	8.4805977157
9.85142857143	8.4806356884
9.85428571429	8.4806735853
9.85714285714	8.4807114068
9.86	8.4807491529
9.86285714286	8.4807868238
9.86571428571	8.4808244196
9.86857142857	8.4808619406
9.87142857143	8.4808993868
9.87428571429	8.4809367583
9.87714285714	8.4809740555
9.88	8.4810112783
9.88285714286	8.4810484269
9.88571428571	8.4810855016
9.88857142857	8.4811225024
9.89142857143	8.4811594295
9.89428571429	8.4811962831
9.89714285714	8.4812330632
9.9	8.4812697701
9.90285714286	8.4813064039
9.90571428571	8.4813429647
9.90857142857	8.4813794527
9.91142857143	8.4814158680
9.91428571429	8.4814522108
9.91714285714	8.4814884812
9.92	8.4815246794
9.92285714286	8.4815608055
9.92571428571	8.4815968596
9.92857142857	8.4816328420
9.93142857143	8.4816687527
9.93428571429	8.4817045919
9.93714285714	8.4817403598
9.94	8.4817760564
9.94285714286	8.4818116820
9.94571428571	8.4818472366
9.94857142857	8.4818827205
9.95142857143	8.4819181337
9.95428571429	8.4819534764
9.95714285714	8.4819887487
9.96	8.4820239508
9.96285714286	8.4820590829
9.96571428571	8.4820941450
9.96857142857	8.4821291373
9.97142857143	8.4821640600
9.97428571429	8.4821989132
9.97714285714	8.4822336969
9.98	8.4822684115
9.98285714286	8.4823030570
9.98571428571	8.4823376335
9.98857142857	8.4823721412
9.99142857143	8.4824065802
9.99428571429	8.4824409507
9.99714285714	8.4824752527
