0.0	2.9091196405
0.00344827586207	2.9094996212
0.00689655172414	2.9098937139
0.0103448275862	2.9103014189
0.0137931034483	2.9107222864
0.0172413793103	2.9111558902
0.0206896551724	2.9116018267
0.0241379310345	2.9120597130
0.0275862068966	2.9125291863
0.0310344827586	2.9130099029
0.0344827586207	2.9135015369
0.0379310344828	2.9140037796
0.0413793103448	2.9145163384
0.0448275862069	2.9150389362
0.048275862069	2.9155713103
0.051724137931	2.9161132120
0.0551724137931	2.9166644057
0.0586206896552	2.9172246681
0.0620689655172	2.9177937881
0.0655172413793	2.9183715655
0.0689655172414	2.9189578110
0.0724137931034	2.9195523453
0.0758620689655	2.9201549988
0.0793103448276	2.9207656110
0.0827586206897	2.9213840302
0.0862068965517	2.9220101129
0.0896551724138	2.9226437234
0.0931034482759	2.9232847335
0.0965517241379	2.9239330221
0.1	2.9245884748
0.103448275862	2.9252509836
0.106896551724	2.9259204468
0.110344827586	2.9265967682
0.113793103448	2.9272798573
0.11724137931	2.9279696288
0.120689655172	2.9286660023
0.124137931034	2.9293689023
0.127586206897	2.9300782579
0.131034482759	2.9307940021
0.134482758621	2.9315160725
0.137931034483	2.9322444103
0.141379310345	2.9329789604
0.144827586207	2.9337196715
0.148275862069	2.9344664954
0.151724137931	2.9352193872
0.155172413793	2.9359783052
0.158620689655	2.9367432105
0.162068965517	2.9375140670
0.165517241379	2.9382908412
0.168965517241	2.9390735024
0.172413793103	2.9398620219
0.175862068966	2.9406563737
0.179310344828	2.9414565337
0.18275862069	2.9422624802
0.186206896552	2.9430741933
0.189655172414	2.9438916551
0.193103448276	2.9447148495
0.196551724138	2.9455437621
0.2	2.9463783804
0.203448275862	2.9472186932
0.206896551724	2.9480646911
0.210344827586	2.9489163660
0.213793103448	2.9497737113
0.21724137931	2.9506367216
0.220689655172	2.9515053928
0.224137931034	2.9523797223
0.227586206897	2.9532597084
0.231034482759	2.9541453505
0.234482758621	2.9550366493
0.237931034483	2.9559336063
0.241379310345	2.9568362242
0.244827586207	2.9577445065
0.248275862069	2.9586584577
0.251724137931	2.9595780831
0.255172413793	2.9605033888
0.258620689655	2.9614343819
0.262068965517	2.9623710700
0.265517241379	2.9633134617
0.268965517241	2.9642615660
0.272413793103	2.9652153929
0.275862068966	2.9661749530
0.279310344828	2.9671402572
0.28275862069	2.9681113174
0.286206896552	2.9690881458
0.289655172414	2.9700707554
0.293103448276	2.9710591595
0.296551724138	2.9720533721
0.3	2.9730534075
0.303448275862	2.9740592807
0.306896551724	2.9750710069
0.310344827586	2.9760886019
0.313793103448	2.9771120819
0.31724137931	2.9781414635
0.320689655172	2.9791767636
0.324137931034	2.9802179996
0.327586206897	2.9812651892
0.331034482759	2.9823183504
0.334482758621	2.9833775016
0.337931034483	2.9844426614
0.341379310345	2.9855138489
0.344827586207	2.9865910834
0.348275862069	2.9876743843
0.351724137931	2.9887637715
0.355172413793	2.9898592652
0.358620689655	2.9909608855
0.362068965517	2.9920686532
0.365517241379	2.9931825890
0.368965517241	2.9943027138
0.372413793103	2.9954290490
0.375862068966	2.9965616160
0.379310344828	2.9977004363
0.38275862069	2.9988455317
0.386206896552	2.9999969243
0.389655172414	3.0011546361
0.393103448276	3.0023186894
0.396551724138	3.0034891068
0.4	3.0046659107
0.403448275862	3.0058491239
0.406896551724	3.0070387693
0.410344827586	3.0082348698
0.413793103448	3.0094374485
0.41724137931	3.0106465287
0.420689655172	3.0118621336
0.424137931034	3.0130842867
0.427586206897	3.0143130115
0.431034482759	3.0155483315
0.434482758621	3.0167902704
0.437931034483	3.0180388519
0.441379310345	3.0192940999
0.444827586207	3.0205560383
0.448275862069	3.0218246909
0.451724137931	3.0231000818
0.455172413793	3.0243822350
0.458620689655	3.0256711746
0.462068965517	3.0269669247
0.465517241379	3.0282695094
0.468965517241	3.0295789530
0.472413793103	3.0308952796
0.475862068966	3.0322185135
0.479310344828	3.0335486788
0.48275862069	3.0348858000
0.486206896552	3.0362299011
0.489655172414	3.0375810065
0.493103448276	3.0389391405
0.496551724138	3.0403043272
0.5	3.0416765910
0.503448275862	3.0430559559
0.506896551724	3.0444424464
0.510344827586	3.0458360864
0.513793103448	3.0472369002
0.51724137931	3.0486449120
0.520689655172	3.0500601457
0.524137931034	3.0514826254
0.527586206897	3.0529123752
0.531034482759	3.0543494190
0.534482758621	3.0557937806
0.537931034483	3.0572454840
0.541379310345	3.0587045530
0.544827586207	3.0601710112
0.548275862069	3.0616448824
0.551724137931	3.0631261900
0.555172413793	3.0646149578
0.558620689655	3.0661112090
0.562068965517	3.0676149670
0.565517241379	3.0691262553
0.568965517241	3.0706450968
0.572413793103	3.0721715148
0.575862068966	3.0737055322
0.579310344828	3.0752471720
0.58275862069	3.0767964569
0.586206896552	3.0783534097
0.589655172414	3.0799180530
0.593103448276	3.0814904092
0.596551724138	3.0830705007
0.6	3.0846583498
0.603448275862	3.0862539786
0.606896551724	3.0878574092
0.610344827586	3.0894686633
0.613793103448	3.0910877628
0.61724137931	3.0927147293
0.620689655172	3.0943495842
0.624137931034	3.0959923489
0.627586206897	3.0976430447
0.631034482759	3.0993016924
0.634482758621	3.1009683132
0.637931034483	3.1026429276
0.641379310345	3.1043255564
0.644827586207	3.1060162199
0.648275862069	3.1077149384
0.651724137931	3.1094217321
0.655172413793	3.1111366210
0.658620689655	3.1128596247
0.662068965517	3.1145907629
0.665517241379	3.1163300551
0.668965517241	3.1180775205
0.672413793103	3.1198331782
0.675862068966	3.1215970472
0.679310344828	3.1233691460
0.68275862069	3.1251494934
0.686206896552	3.1269381075
0.689655172414	3.1287350066
0.693103448276	3.1305402087
0.696551724138	3.1323537315
0.7	3.1341755925
0.703448275862	3.1360058092
0.706896551724	3.1378443986
0.710344827586	3.1396913779
0.713793103448	3.1415467636
0.71724137931	3.1434105724
0.720689655172	3.1452828206
0.724137931034	3.1471635244
0.727586206897	3.1490526996
0.731034482759	3.1509503619
0.734482758621	3.1528565268
0.737931034483	3.1547712096
0.741379310345	3.1566944252
0.744827586207	3.1586261886
0.748275862069	3.1605665143
0.751724137931	3.1625154166
0.755172413793	3.1644729097
0.758620689655	3.1664390075
0.762068965517	3.1684137237
0.765517241379	3.1703970717
0.768965517241	3.1723890647
0.772413793103	3.1743897157
0.775862068966	3.1763990375
0.779310344828	3.1784170425
0.78275862069	3.1804437430
0.786206896552	3.1824791511
0.789655172414	3.1845232786
0.793103448276	3.1865761369
0.796551724138	3.1886377375
0.8	3.1907080913
0.803448275862	3.1927872093
0.806896551724	3.1948751020
0.810344827586	3.1969717797
0.813793103448	3.1990772526
0.81724137931	3.2011915304
0.820689655172	3.2033146229
0.824137931034	3.2054465394
0.827586206897	3.2075872890
0.831034482759	3.2097368806
0.834482758621	3.2118953229
0.837931034483	3.2140626241
0.841379310345	3.2162387925
0.844827586207	3.2184238360
0.848275862069	3.2206177622
0.851724137931	3.2228205785
0.855172413793	3.2250322922
0.858620689655	3.2272529100
0.862068965517	3.2294824387
0.865517241379	3.2317208848
0.868965517241	3.2339682544
0.872413793103	3.2362245534
0.875862068966	3.2384897877
0.879310344828	3.2407639625
0.88275862069	3.2430470833
0.886206896552	3.2453391549
0.889655172414	3.2476401821
0.893103448276	3.2499501694
0.896551724138	3.2522691210
0.9	3.2545970411
0.903448275862	3.2569339334
0.906896551724	3.2592798015
0.910344827586	3.2616346487
0.913793103448	3.2639984780
0.91724137931	3.2663712925
0.920689655172	3.2687530946
0.924137931034	3.2711438869
0.927586206897	3.2735436714
0.931034482759	3.2759524502
0.934482758621	3.2783702249
0.937931034483	3.2807969971
0.941379310345	3.2832327681
0.944827586207	3.2856775389
0.948275862069	3.2881313103
0.951724137931	3.2905940830
0.955172413793	3.2930658574
0.958620689655	3.2955466337
0.962068965517	3.2980364118
0.965517241379	3.3005351915
0.968965517241	3.3030429724
0.972413793103	3.3055597538
0.975862068966	3.3080855348
0.979310344828	3.3106203144
0.98275862069	3.3131640914
0.986206896552	3.3157168641
0.989655172414	3.3182786311
0.993103448276	3.3208493903
0.996551724138	3.3234291397
1.0	3.3260178771
1.00344827586	3.3286155999
1.00689655172	3.3312223056
1.01034482759	3.3338379913
1.01379310345	3.3364626539
1.01724137931	3.3390962902
1.02068965517	3.3417388969
1.02413793103	3.3443904703
1.0275862069	3.3470510067
1.03103448276	3.3497205020
1.03448275862	3.3523989523
1.03793103448	3.3550863530
1.04137931034	3.3577826999
1.04482758621	3.3604879882
1.04827586207	3.3632022130
1.05172413793	3.3659253694
1.05517241379	3.3686574522
1.05862068966	3.3713984560
1.06206896552	3.3741483754
1.06551724138	3.3769072046
1.06896551724	3.3796749378
1.0724137931	3.3824515691
1.07586206897	3.3852370922
1.07931034483	3.3880315008
1.08275862069	3.3908347884
1.08620689655	3.3936469484
1.08965517241	3.3964679740
1.09310344828	3.3992978583
1.09655172414	3.4021365941
1.1	3.4049841741
1.10344827586	3.4078405910
1.10689655172	3.4107058372
1.11034482759	3.4135799050
1.11379310345	3.4164627865
1.11724137931	3.4193544737
1.12068965517	3.4222549585
1.12413793103	3.4251642325
1.1275862069	3.4280822873
1.13103448276	3.4310091143
1.13448275862	3.4339447048
1.13793103448	3.4368890499
1.14137931034	3.4398421405
1.14482758621	3.4428039676
1.14827586207	3.4457745217
1.15172413793	3.4487537935
1.15517241379	3.4517417734
1.15862068966	3.4547384516
1.16206896552	3.4577438182
1.16551724138	3.4607578634
1.16896551724	3.4637805768
1.1724137931	3.4668119483
1.17586206897	3.4698519674
1.17931034483	3.4729006235
1.18275862069	3.4759579060
1.18620689655	3.4790238040
1.18965517241	3.4820983065
1.19310344828	3.4851814024
1.19655172414	3.4882730806
1.2	3.4913733295
1.20344827586	3.4944821376
1.20689655172	3.4975994934
1.21034482759	3.5007253849
1.21379310345	3.5038598003
1.21724137931	3.5070027275
1.22068965517	3.5101541542
1.22413793103	3.5133140681
1.2275862069	3.5164824567
1.23103448276	3.5196593073
1.23448275862	3.5228446072
1.23793103448	3.5260383435
1.24137931034	3.5292405031
1.24482758621	3.5324510728
1.24827586207	3.5356700393
1.25172413793	3.5388973891
1.25517241379	3.5421331085
1.25862068966	3.5453771838
1.26206896552	3.5486296011
1.26551724138	3.5518903464
1.26896551724	3.5551594054
1.2724137931	3.5584367638
1.27586206897	3.5617224071
1.27931034483	3.5650163208
1.28275862069	3.5683184899
1.28620689655	3.5716288996
1.28965517241	3.5749475349
1.29310344828	3.5782743804
1.29655172414	3.5816094210
1.3	3.5849526409
1.30344827586	3.5883040246
1.30689655172	3.5916635563
1.31034482759	3.5950312200
1.31379310345	3.5984069996
1.31724137931	3.6017908789
1.32068965517	3.6051828414
1.32413793103	3.6085828705
1.3275862069	3.6119909496
1.33103448276	3.6154070618
1.33448275862	3.6188311901
1.33793103448	3.6222633173
1.34137931034	3.6257034261
1.34482758621	3.6291514990
1.34827586207	3.6326075185
1.35172413793	3.6360714666
1.35517241379	3.6395433255
1.35862068966	3.6430230770
1.36206896552	3.6465107030
1.36551724138	3.6500061851
1.36896551724	3.6535095046
1.3724137931	3.6570206429
1.37586206897	3.6605395811
1.37931034483	3.6640663003
1.38275862069	3.6676007811
1.38620689655	3.6711430044
1.38965517241	3.6746929505
1.39310344828	3.6782506000
1.39655172414	3.6818159329
1.4	3.6853889293
1.40344827586	3.6889695693
1.40689655172	3.6925578324
1.41034482759	3.6961536982
1.41379310345	3.6997571463
1.41724137931	3.7033681560
1.42068965517	3.7069867062
1.42413793103	3.7106127761
1.4275862069	3.7142463444
1.43103448276	3.7178873898
1.43448275862	3.7215358909
1.43793103448	3.7251918259
1.44137931034	3.7288551733
1.44482758621	3.7325259109
1.44827586207	3.7362040168
1.45172413793	3.7398894688
1.45517241379	3.7435822443
1.45862068966	3.7472823210
1.46206896552	3.7509896762
1.46551724138	3.7547042870
1.46896551724	3.7584261306
1.4724137931	3.7621551837
1.47586206897	3.7658914232
1.47931034483	3.7696348257
1.48275862069	3.7733853676
1.48620689655	3.7771430253
1.48965517241	3.7809077750
1.49310344828	3.7846795928
1.49655172414	3.7884584545
1.5	3.7922443359
1.50344827586	3.7960372128
1.50689655172	3.7998370605
1.51034482759	3.8036438545
1.51379310345	3.8074575700
1.51724137931	3.8112781822
1.52068965517	3.8151056660
1.52413793103	3.8189399963
1.5275862069	3.8227811479
1.53103448276	3.8266290952
1.53448275862	3.8304838129
1.53793103448	3.8343452752
1.54137931034	3.8382134564
1.54482758621	3.8420883306
1.54827586207	3.8459698719
1.55172413793	3.8498580540
1.55517241379	3.8537528507
1.55862068966	3.8576542357
1.56206896552	3.8615621826
1.56551724138	3.8654766646
1.56896551724	3.8693976552
1.5724137931	3.8733251275
1.57586206897	3.8772590546
1.57931034483	3.8811994096
1.58275862069	3.8851461651
1.58620689655	3.8890992941
1.58965517241	3.8930587692
1.59310344828	3.8970245630
1.59655172414	3.9009966478
1.6	3.9049749962
1.60344827586	3.9089595803
1.60689655172	3.9129503724
1.61034482759	3.9169473445
1.61379310345	3.9209504686
1.61724137931	3.9249597166
1.62068965517	3.9289750603
1.62413793103	3.9329964715
1.6275862069	3.9370239217
1.63103448276	3.9410573825
1.63448275862	3.9450968255
1.63793103448	3.9491422219
1.64137931034	3.9531935430
1.64482758621	3.9572507602
1.64827586207	3.9613138445
1.65172413793	3.9653827670
1.65517241379	3.9694574988
1.65862068966	3.9735380107
1.66206896552	3.9776242736
1.66551724138	3.9817162583
1.66896551724	3.9858139355
1.6724137931	3.9899172758
1.67586206897	3.9940262499
1.67931034483	3.9981408282
1.68275862069	4.0022609813
1.68620689655	4.0063866795
1.68965517241	4.0105178931
1.69310344828	4.0146545925
1.69655172414	4.0187967479
1.7	4.0229443294
1.70344827586	4.0270973071
1.70689655172	4.0312556512
1.71034482759	4.0354193316
1.71379310345	4.0395883183
1.71724137931	4.0437625812
1.72068965517	4.0479420902
1.72413793103	4.0521268151
1.7275862069	4.0563167258
1.73103448276	4.0605117918
1.73448275862	4.0647119830
1.73793103448	4.0689172690
1.74137931034	4.0731276194
1.74482758621	4.0773430039
1.74827586207	4.0815633919
1.75172413793	4.0857887529
1.75517241379	4.0900190565
1.75862068966	4.0942542722
1.76206896552	4.0984943692
1.76551724138	4.1027393171
1.76896551724	4.1069890852
1.7724137931	4.1112436428
1.77586206897	4.1155029592
1.77931034483	4.1197670038
1.78275862069	4.1240357457
1.78620689655	4.1283091543
1.78965517241	4.1325871988
1.79310344828	4.1368698484
1.79655172414	4.1411570722
1.8	4.1454488394
1.80344827586	4.1497451193
1.80689655172	4.1540458808
1.81034482759	4.1583510933
1.81379310345	4.1626607257
1.81724137931	4.1669747472
1.82068965517	4.1712931268
1.82413793103	4.1756158338
1.8275862069	4.1799428370
1.83103448276	4.1842741057
1.83448275862	4.1886096089
1.83793103448	4.1929493156
1.84137931034	4.1972931949
1.84482758621	4.2016412159
1.84827586207	4.2059933476
1.85172413793	4.2103495590
1.85517241379	4.2147098193
1.85862068966	4.2190740974
1.86206896552	4.2234423625
1.86551724138	4.2278145836
1.86896551724	4.2321907297
1.8724137931	4.2365707700
1.87586206897	4.2409546734
1.87931034483	4.2453424092
1.88275862069	4.2497339464
1.88620689655	4.2541292540
1.88965517241	4.2585283013
1.89310344828	4.2629310572
1.89655172414	4.2673374910
1.9	4.2717475719
1.90344827586	4.2761612688
1.90689655172	4.2805785511
1.91034482759	4.2849993880
1.91379310345	4.2894237485
1.91724137931	4.2938516020
1.92068965517	4.2982829177
1.92413793103	4.3027176648
1.9275862069	4.3071558126
1.93103448276	4.3115973304
1.93448275862	4.3160421876
1.93793103448	4.3204903533
1.94137931034	4.3249417971
1.94482758621	4.3293964883
1.94827586207	4.3338543963
1.95172413793	4.3383154905
1.95517241379	4.3427797403
1.95862068966	4.3472471153
1.96206896552	4.3517175849
1.96551724138	4.3561911187
1.96896551724	4.3606676863
1.9724137931	4.3651472571
1.97586206897	4.3696298009
1.97931034483	4.3741152873
1.98275862069	4.3786036859
1.98620689655	4.3830949664
1.98965517241	4.3875890987
1.99310344828	4.3920860523
1.99655172414	4.3965857973
2.0	4.4010883033
2.00344827586	4.4055935402
2.00689655172	4.4101014780
2.01034482759	4.4146120866
2.01379310345	4.4191253359
2.01724137931	4.4236411960
2.02068965517	4.4281596369
2.02413793103	4.4326806286
2.0275862069	4.4372041414
2.03103448276	4.4417301453
2.03448275862	4.4462586105
2.03793103448	4.4507895074
2.04137931034	4.4553228060
2.04482758621	4.4598584769
2.04827586207	4.4643964903
2.05172413793	4.4689368166
2.05517241379	4.4734794262
2.05862068966	4.4780242897
2.06206896552	4.4825713775
2.06551724138	4.4871206603
2.06896551724	4.4916721086
2.0724137931	4.4962256932
2.07586206897	4.5007813846
2.07931034483	4.5053391536
2.08275862069	4.5098989711
2.08620689655	4.5144608078
2.08965517241	4.5190246348
2.09310344828	4.5235904227
2.09655172414	4.5281581428
2.1	4.5327277660
2.10344827586	4.5372992633
2.10689655172	4.5418726059
2.11034482759	4.5464477650
2.11379310345	4.5510247117
2.11724137931	4.5556034175
2.12068965517	4.5601838535
2.12413793103	4.5647659912
2.1275862069	4.5693498020
2.13103448276	4.5739352574
2.13448275862	4.5785223289
2.13793103448	4.5831109881
2.14137931034	4.5877012066
2.14482758621	4.5922929561
2.14827586207	4.5968862084
2.15172413793	4.6014809353
2.15517241379	4.6060771086
2.15862068966	4.6106747003
2.16206896552	4.6152736823
2.16551724138	4.6198740265
2.16896551724	4.6244757052
2.1724137931	4.6290786904
2.17586206897	4.6336829544
2.17931034483	4.6382884693
2.18275862069	4.6428952075
2.18620689655	4.6475031414
2.18965517241	4.6521122434
2.19310344828	4.6567224859
2.19655172414	4.6613338415
2.2	4.6659462828
2.20344827586	4.6705597825
2.20689655172	4.6751743132
2.21034482759	4.6797898478
2.21379310345	4.6844063592
2.21724137931	4.6890238201
2.22068965517	4.6936422036
2.22413793103	4.6982614828
2.2275862069	4.7028816306
2.23103448276	4.7075026202
2.23448275862	4.7121244250
2.23793103448	4.7167470180
2.24137931034	4.7213703728
2.24482758621	4.7259944626
2.24827586207	4.7306192610
2.25172413793	4.7352447415
2.25517241379	4.7398708776
2.25862068966	4.7444976431
2.26206896552	4.7491250117
2.26551724138	4.7537529571
2.26896551724	4.7583814533
2.2724137931	4.7630104741
2.27586206897	4.7676399936
2.27931034483	4.7722699857
2.28275862069	4.7769004247
2.28620689655	4.7815312847
2.28965517241	4.7861625400
2.29310344828	4.7907941649
2.29655172414	4.7954261338
2.3	4.8000584211
2.30344827586	4.8046910014
2.30689655172	4.8093238493
2.31034482759	4.8139569395
2.31379310345	4.8185902467
2.31724137931	4.8232237456
2.32068965517	4.8278574113
2.32413793103	4.8324912185
2.3275862069	4.8371251424
2.33103448276	4.8417591580
2.33448275862	4.8463932405
2.33793103448	4.8510273651
2.34137931034	4.8556615071
2.34482758621	4.8602956418
2.34827586207	4.8649297448
2.35172413793	4.8695637914
2.35517241379	4.8741977574
2.35862068966	4.8788316183
2.36206896552	4.8834653499
2.36551724138	4.8880989280
2.36896551724	4.8927323285
2.3724137931	4.8973655272
2.37586206897	4.9019985002
2.37931034483	4.9066312237
2.38275862069	4.9112636736
2.38620689655	4.9158958264
2.38965517241	4.9205276583
2.39310344828	4.9251591457
2.39655172414	4.9297902649
2.4	4.9344209927
2.40344827586	4.9390513055
2.40689655172	4.9436811801
2.41034482759	4.9483105932
2.41379310345	4.9529395216
2.41724137931	4.9575679422
2.42068965517	4.9621958320
2.42413793103	4.9668231680
2.4275862069	4.9714499275
2.43103448276	4.9760760875
2.43448275862	4.9807016253
2.43793103448	4.9853265184
2.44137931034	4.9899507440
2.44482758621	4.9945742798
2.44827586207	4.9991971033
2.45172413793	5.0038191921
2.45517241379	5.0084405240
2.45862068966	5.0130610768
2.46206896552	5.0176808283
2.46551724138	5.0222997566
2.46896551724	5.0269178396
2.4724137931	5.0315350554
2.47586206897	5.0361513823
2.47931034483	5.0407667985
2.48275862069	5.0453812824
2.48620689655	5.0499948123
2.48965517241	5.0546073667
2.49310344828	5.0592189243
2.49655172414	5.0638294636
2.5	5.0684389633
2.50344827586	5.0730474024
2.50689655172	5.0776547596
2.51034482759	5.0822610139
2.51379310345	5.0868661443
2.51724137931	5.0914701300
2.52068965517	5.0960729500
2.52413793103	5.1006745838
2.5275862069	5.1052750106
2.53103448276	5.1098742098
2.53448275862	5.1144721609
2.53793103448	5.1190688435
2.54137931034	5.1236642372
2.54482758621	5.1282583218
2.54827586207	5.1328510771
2.55172413793	5.1374424829
2.55517241379	5.1420325192
2.55862068966	5.1466211660
2.56206896552	5.1512084035
2.56551724138	5.1557942118
2.56896551724	5.1603785712
2.5724137931	5.1649614621
2.57586206897	5.1695428648
2.57931034483	5.1741227599
2.58275862069	5.1787011279
2.58620689655	5.1832779495
2.58965517241	5.1878532054
2.59310344828	5.1924268765
2.59655172414	5.1969989436
2.6	5.2015693876
2.60344827586	5.2061381897
2.60689655172	5.2107053309
2.61034482759	5.2152707925
2.61379310345	5.2198345557
2.61724137931	5.2243966018
2.62068965517	5.2289569123
2.62413793103	5.2335154688
2.6275862069	5.2380722527
2.63103448276	5.2426272457
2.63448275862	5.2471804297
2.63793103448	5.2517317863
2.64137931034	5.2562812975
2.64482758621	5.2608289453
2.64827586207	5.2653747117
2.65172413793	5.2699185788
2.65517241379	5.2744605288
2.65862068966	5.2790005440
2.66206896552	5.2835386068
2.66551724138	5.2880746996
2.66896551724	5.2926088048
2.6724137931	5.2971409052
2.67586206897	5.3016709833
2.67931034483	5.3061990219
2.68275862069	5.3107250037
2.68620689655	5.3152489118
2.68965517241	5.3197707290
2.69310344828	5.3242904385
2.69655172414	5.3288080232
2.7	5.3333234665
2.70344827586	5.3378367515
2.70689655172	5.3423478617
2.71034482759	5.3468567805
2.71379310345	5.3513634913
2.71724137931	5.3558679778
2.72068965517	5.3603702236
2.72413793103	5.3648702124
2.7275862069	5.3693679280
2.73103448276	5.3738633544
2.73448275862	5.3783564754
2.73793103448	5.3828472751
2.74137931034	5.3873357376
2.74482758621	5.3918218472
2.74827586207	5.3963055879
2.75172413793	5.4007869443
2.75517241379	5.4052659006
2.75862068966	5.4097424414
2.76206896552	5.4142165513
2.76551724138	5.4186882148
2.76896551724	5.4231574166
2.7724137931	5.4276241416
2.77586206897	5.4320883746
2.77931034483	5.4365501006
2.78275862069	5.4410093045
2.78620689655	5.4454659714
2.78965517241	5.4499200864
2.79310344828	5.4543716349
2.79655172414	5.4588206020
2.8	5.4632669733
2.80344827586	5.4677107340
2.80689655172	5.4721518698
2.81034482759	5.4765903662
2.81379310345	5.4810262089
2.81724137931	5.4854593836
2.82068965517	5.4898898763
2.82413793103	5.4943176726
2.8275862069	5.4987427587
2.83103448276	5.5031651204
2.83448275862	5.5075847441
2.83793103448	5.5120016157
2.84137931034	5.5164157216
2.84482758621	5.5208270482
2.84827586207	5.5252355817
2.85172413793	5.5296413086
2.85517241379	5.5340442155
2.85862068966	5.5384442891
2.86206896552	5.5428415159
2.86551724138	5.5472358828
2.86896551724	5.5516273765
2.8724137931	5.5560159840
2.87586206897	5.5604016922
2.87931034483	5.5647844882
2.88275862069	5.5691643591
2.88620689655	5.5735412920
2.88965517241	5.5779152742
2.89310344828	5.5822862930
2.89655172414	5.5866543359
2.9	5.5910193902
2.90344827586	5.5953814436
2.90689655172	5.5997404835
2.91034482759	5.6040964978
2.91379310345	5.6084494740
2.91724137931	5.6127994002
2.92068965517	5.6171462640
2.92413793103	5.6214900535
2.9275862069	5.6258307567
2.93103448276	5.6301683616
2.93448275862	5.6345028565
2.93793103448	5.6388342295
2.94137931034	5.6431624690
2.94482758621	5.6474875633
2.94827586207	5.6518095009
2.95172413793	5.6561282702
2.95517241379	5.6604438598
2.95862068966	5.6647562583
2.96206896552	5.6690654545
2.96551724138	5.6733714371
2.96896551724	5.6776741949
2.9724137931	5.6819737169
2.97586206897	5.6862699921
2.97931034483	5.6905630094
2.98275862069	5.6948527580
2.98620689655	5.6991392270
2.98965517241	5.7034224057
2.99310344828	5.7077022834
2.99655172414	5.7119788495
3.0	5.7162520933
3.00344827586	5.7205220045
3.00689655172	5.7247885725
3.01034482759	5.7290517871
3.01379310345	5.7333116378
3.01724137931	5.7375681146
3.02068965517	5.7418212071
3.02413793103	5.7460709053
3.0275862069	5.7503171992
3.03103448276	5.7545600788
3.03448275862	5.7587995341
3.03793103448	5.7630355554
3.04137931034	5.7672681329
3.04482758621	5.7714972567
3.04827586207	5.7757229174
3.05172413793	5.7799451052
3.05517241379	5.7841638107
3.05862068966	5.7883790245
3.06206896552	5.7925907370
3.06551724138	5.7967989390
3.06896551724	5.8010036211
3.0724137931	5.8052047743
3.07586206897	5.8094023893
3.07931034483	5.8135964571
3.08275862069	5.8177869686
3.08620689655	5.8219739148
3.08965517241	5.8261572870
3.09310344828	5.8303370762
3.09655172414	5.8345132736
3.1	5.8386858706
3.10344827586	5.8428548585
3.10689655172	5.8470202287
3.11034482759	5.8511819726
3.11379310345	5.8553400819
3.11724137931	5.8594945481
3.12068965517	5.8636453629
3.12413793103	5.8677925179
3.1275862069	5.8719360050
3.13103448276	5.8760758159
3.13448275862	5.8802119426
3.13793103448	5.8843443771
3.14137931034	5.8884731113
3.14482758621	5.8925981373
3.14827586207	5.8967194472
3.15172413793	5.9008370333
3.15517241379	5.9049508878
3.15862068966	5.9090610030
3.16206896552	5.9131673712
3.16551724138	5.9172699850
3.16896551724	5.9213688367
3.1724137931	5.9254639189
3.17586206897	5.9295552243
3.17931034483	5.9336427454
3.18275862069	5.9377264750
3.18620689655	5.9418064060
3.18965517241	5.9458825310
3.19310344828	5.9499548430
3.19655172414	5.9540233349
3.2	5.9580879998
3.20344827586	5.9621488307
3.20689655172	5.9662058207
3.21034482759	5.9702589630
3.21379310345	5.9743082509
3.21724137931	5.9783536775
3.22068965517	5.9823952363
3.22413793103	5.9864329206
3.2275862069	5.9904667239
3.23103448276	5.9944966397
3.23448275862	5.9985226616
3.23793103448	6.0025447832
3.24137931034	6.0065629981
3.24482758621	6.0105773001
3.24827586207	6.0145876830
3.25172413793	6.0185941405
3.25517241379	6.0225966667
3.25862068966	6.0265952554
3.26206896552	6.0305899007
3.26551724138	6.0345805965
3.26896551724	6.0385673370
3.2724137931	6.0425501165
3.27586206897	6.0465289289
3.27931034483	6.0505037687
3.28275862069	6.0544746302
3.28620689655	6.0584415077
3.28965517241	6.0624043957
3.29310344828	6.0663632886
3.29655172414	6.0703181810
3.3	6.0742690674
3.30344827586	6.0782159426
3.30689655172	6.0821588011
3.31034482759	6.0860976377
3.31379310345	6.0900324472
3.31724137931	6.0939632244
3.32068965517	6.0978899643
3.32413793103	6.1018126618
3.3275862069	6.1057313118
3.33103448276	6.1096459095
3.33448275862	6.1135564499
3.33793103448	6.1174629281
3.34137931034	6.1213653394
3.34482758621	6.1252636790
3.34827586207	6.1291579422
3.35172413793	6.1330481244
3.35517241379	6.1369342210
3.35862068966	6.1408162273
3.36206896552	6.1446941389
3.36551724138	6.1485679514
3.36896551724	6.1524376603
3.3724137931	6.1563032613
3.37586206897	6.1601647500
3.37931034483	6.1640221223
3.38275862069	6.1678753738
3.38620689655	6.1717245005
3.38965517241	6.1755694983
3.39310344828	6.1794103629
3.39655172414	6.1832470906
3.4	6.1870796772
3.40344827586	6.1909081188
3.40689655172	6.1947324117
3.41034482759	6.1985525518
3.41379310345	6.2023685356
3.41724137931	6.2061803591
3.42068965517	6.2099880189
3.42413793103	6.2137915111
3.4275862069	6.2175908322
3.43103448276	6.2213859787
3.43448275862	6.2251769471
3.43793103448	6.2289637339
3.44137931034	6.2327463356
3.44482758621	6.2365247490
3.44827586207	6.2402989708
3.45172413793	6.2440689976
3.45517241379	6.2478348262
3.45862068966	6.2515964534
3.46206896552	6.2553538762
3.46551724138	6.2591070914
3.46896551724	6.2628560959
3.4724137931	6.2666008869
3.47586206897	6.2703414612
3.47931034483	6.2740778161
3.48275862069	6.2778099485
3.48620689655	6.2815378558
3.48965517241	6.2852615352
3.49310344828	6.2889809838
3.49655172414	6.2926961990
3.5	6.2964071782
3.50344827586	6.3001139187
3.50689655172	6.3038164180
3.51034482759	6.3075146736
3.51379310345	6.3112086830
3.51724137931	6.3148984438
3.52068965517	6.3185839536
3.52413793103	6.3222652099
3.5275862069	6.3259422106
3.53103448276	6.3296149534
3.53448275862	6.3332834360
3.53793103448	6.3369476563
3.54137931034	6.3406076121
3.54482758621	6.3442633014
3.54827586207	6.3479147220
3.55172413793	6.3515618720
3.55517241379	6.3552047495
3.55862068966	6.3588433524
3.56206896552	6.3624776790
3.56551724138	6.3661077273
3.56896551724	6.3697334955
3.5724137931	6.3733549820
3.57586206897	6.3769721849
3.57931034483	6.3805851026
3.58275862069	6.3841937335
3.58620689655	6.3877980759
3.58965517241	6.3913981283
3.59310344828	6.3949938892
3.59655172414	6.3985853571
3.6	6.4021725306
3.60344827586	6.4057554082
3.60689655172	6.4093339887
3.61034482759	6.4129082706
3.61379310345	6.4164782527
3.61724137931	6.4200439338
3.62068965517	6.4236053127
3.62413793103	6.4271623882
3.6275862069	6.4307151592
3.63103448276	6.4342636245
3.63448275862	6.4378077833
3.63793103448	6.4413476344
3.64137931034	6.4448831768
3.64482758621	6.4484144098
3.64827586207	6.4519413323
3.65172413793	6.4554639436
3.65517241379	6.4589822428
3.65862068966	6.4624962291
3.66206896552	6.4660059018
3.66551724138	6.4695112602
3.66896551724	6.4730123037
3.6724137931	6.4765090316
3.67586206897	6.4800014434
3.67931034483	6.4834895385
3.68275862069	6.4869733164
3.68620689655	6.4904527766
3.68965517241	6.4939279187
3.69310344828	6.4973987423
3.69655172414	6.5008652470
3.7	6.5043274326
3.70344827586	6.5077852987
3.70689655172	6.5112388451
3.71034482759	6.5146880716
3.71379310345	6.5181329781
3.71724137931	6.5215735643
3.72068965517	6.5250098302
3.72413793103	6.5284417757
3.7275862069	6.5318694009
3.73103448276	6.5352927057
3.73448275862	6.5387116901
3.73793103448	6.5421263543
3.74137931034	6.5455366984
3.74482758621	6.5489427225
3.74827586207	6.5523444269
3.75172413793	6.5557418117
3.75517241379	6.5591348773
3.75862068966	6.5625236240
3.76206896552	6.5659080520
3.76551724138	6.5692881618
3.76896551724	6.5726639538
3.7724137931	6.5760354284
3.77586206897	6.5794025861
3.77931034483	6.5827654275
3.78275862069	6.5861239531
3.78620689655	6.5894781635
3.78965517241	6.5928280594
3.79310344828	6.5961736413
3.79655172414	6.5995149101
3.8	6.6028518664
3.80344827586	6.6061845110
3.80689655172	6.6095128448
3.81034482759	6.6128368685
3.81379310345	6.6161565832
3.81724137931	6.6194719896
3.82068965517	6.6227830888
3.82413793103	6.6260898817
3.8275862069	6.6293923694
3.83103448276	6.6326905530
3.83448275862	6.6359844335
3.83793103448	6.6392740120
3.84137931034	6.6425592899
3.84482758621	6.6458402681
3.84827586207	6.6491169482
3.85172413793	6.6523893312
3.85517241379	6.6556574185
3.85862068966	6.6589212115
3.86206896552	6.6621807116
3.86551724138	6.6654359201
3.86896551724	6.6686868387
3.8724137931	6.6719334687
3.87586206897	6.6751758117
3.87931034483	6.6784138692
3.88275862069	6.6816476430
3.88620689655	6.6848771347
3.88965517241	6.6881023459
3.89310344828	6.6913232783
3.89655172414	6.6945399338
3.9	6.6977523141
3.90344827586	6.7009604210
3.90689655172	6.7041642565
3.91034482759	6.7073638225
3.91379310345	6.7105591209
3.91724137931	6.7137501537
3.92068965517	6.7169369229
3.92413793103	6.7201194306
3.9275862069	6.7232976789
3.93103448276	6.7264716700
3.93448275862	6.7296414060
3.93793103448	6.7328068892
3.94137931034	6.7359681218
3.94482758621	6.7391251061
3.94827586207	6.7422778445
3.95172413793	6.7454263394
3.95517241379	6.7485705931
3.95862068966	6.7517106082
3.96206896552	6.7548463871
3.96551724138	6.7579779325
3.96896551724	6.7611052468
3.9724137931	6.7642283328
3.97586206897	6.7673471930
3.97931034483	6.7704618303
3.98275862069	6.7735722474
3.98620689655	6.7766784470
3.98965517241	6.7797804321
3.99310344828	6.7828782054
3.99655172414	6.7859717701
4.0	6.7890611289
4.00344827586	6.7921462851
4.00689655172	6.7952272415
4.01034482759	6.7983040014
4.01379310345	6.8013765679
4.01724137931	6.8044449442
4.02068965517	6.8075091337
4.02413793103	6.8105691395
4.0275862069	6.8136249651
4.03103448276	6.8166766138
4.03448275862	6.8197240892
4.03793103448	6.8227673946
4.04137931034	6.8258065338
4.04482758621	6.8288415102
4.04827586207	6.8318723277
4.05172413793	6.8348989898
4.05517241379	6.8379215003
4.05862068966	6.8409398632
4.06206896552	6.8439540822
4.06551724138	6.8469641613
4.06896551724	6.8499701045
4.0724137931	6.8529719159
4.07586206897	6.8559695996
4.07931034483	6.8589631597
4.08275862069	6.8619526006
4.08620689655	6.8649379264
4.08965517241	6.8679191416
4.09310344828	6.8708962506
4.09655172414	6.8738692580
4.1	6.8768381682
4.10344827586	6.8798029859
4.10689655172	6.8827637158
4.11034482759	6.8857203627
4.11379310345	6.8886729315
4.11724137931	6.8916214270
4.12068965517	6.8945658543
4.12413793103	6.8975062185
4.1275862069	6.9004425247
4.13103448276	6.9033747782
4.13448275862	6.9063029842
4.13793103448	6.9092271483
4.14137931034	6.9121472759
4.14482758621	6.9150633725
4.14827586207	6.9179754440
4.15172413793	6.9208834960
4.15517241379	6.9237875345
4.15862068966	6.9266875654
4.16206896552	6.9295835948
4.16551724138	6.9324756288
4.16896551724	6.9353636739
4.1724137931	6.9382477363
4.17586206897	6.9411278227
4.17931034483	6.9440039395
4.18275862069	6.9468760937
4.18620689655	6.9497442921
4.18965517241	6.9526085416
4.19310344828	6.9554688495
4.19655172414	6.9583252231
4.2	6.9611776697
4.20344827586	6.9640261970
4.20689655172	6.9668708126
4.21034482759	6.9697115245
4.21379310345	6.9725483407
4.21724137931	6.9753812695
4.22068965517	6.9782103192
4.22413793103	6.9810354983
4.2275862069	6.9838568157
4.23103448276	6.9866742804
4.23448275862	6.9894879014
4.23793103448	6.9922976882
4.24137931034	6.9951036504
4.24482758621	6.9979057977
4.24827586207	7.0007041403
4.25172413793	7.0034986884
4.25517241379	7.0062894526
4.25862068966	7.0090764438
4.26206896552	7.0118596731
4.26551724138	7.0146391518
4.26896551724	7.0174148918
4.2724137931	7.0201869050
4.27586206897	7.0229552039
4.27931034483	7.0257198011
4.28275862069	7.0284807099
4.28620689655	7.0312379437
4.28965517241	7.0339915164
4.29310344828	7.0367414424
4.29655172414	7.0394877364
4.3	7.0422304139
4.30344827586	7.0449694904
4.30689655172	7.0477049825
4.31034482759	7.0504369069
4.31379310345	7.0531652811
4.31724137931	7.0558901233
4.32068965517	7.0586114523
4.32413793103	7.0613292876
4.3275862069	7.0640436493
4.33103448276	7.0667545587
4.33448275862	7.0694620375
4.33793103448	7.0721661088
4.34137931034	7.0748667962
4.34482758621	7.0775641247
4.34827586207	7.0802581202
4.35172413793	7.0829488099
4.35517241379	7.0856362224
4.35862068966	7.0883203875
4.36206896552	7.0910013367
4.36551724138	7.0936791028
4.36896551724	7.0963537208
4.3724137931	7.0990252272
4.37586206897	7.1016936609
4.37931034483	7.1043590628
4.38275862069	7.1070214764
4.38620689655	7.1096809479
4.38965517241	7.1123375265
4.39310344828	7.1149912644
4.39655172414	7.1176422177
4.4	7.1202904465
4.40344827586	7.1229360149
4.40689655172	7.1255789925
4.41034482759	7.1282194539
4.41379310345	7.1308574802
4.41724137931	7.1334931594
4.42068965517	7.1361265873
4.42413793103	7.1387578688
4.4275862069	7.1413871192
4.43103448276	7.1440144653
4.43448275862	7.1466400482
4.43793103448	7.1492640245
4.44137931034	7.1518865700
4.44482758621	7.1545078828
4.44827586207	7.1571281879
4.45172413793	7.1597477426
4.45517241379	7.1623668442
4.45862068966	7.1649858394
4.46206896552	7.1676051372
4.46551724138	7.1702252274
4.46896551724	7.1728467052
4.4724137931	7.1754703086
4.47586206897	7.1780969748
4.47931034483	7.1807279303
4.48275862069	7.1833648444
4.48620689655	7.1860101143
4.48965517241	7.1886674618
4.49310344828	7.1913434446
4.49655172414	7.1940528900
4.5	7.1969572731
4.50344827586	7.2000273681
4.50689655172	7.2030760268
4.51034482759	7.2060861915
4.51379310345	7.2090526289
4.51724137931	7.2119745938
4.52068965517	7.2148535016
4.52413793103	7.2176918803
4.5275862069	7.2204928055
4.53103448276	7.2232595646
4.53448275862	7.2259954463
4.53793103448	7.2287036063
4.54137931034	7.2313869839
4.54482758621	7.2340482533
4.54827586207	7.2366897998
4.55172413793	7.2393137148
4.55517241379	7.2419218030
4.55862068966	7.2445155991
4.56206896552	7.2470963910
4.56551724138	7.2496652459
4.56896551724	7.2522230390
4.5724137931	7.2547704819
4.57586206897	7.2573081507
4.57931034483	7.2598365116
4.58275862069	7.2623559450
4.58620689655	7.2648667659
4.58965517241	7.2673692420
4.59310344828	7.2698636089
4.59655172414	7.2723500813
4.6	7.2748288627
4.60344827586	7.2773001517
4.60689655172	7.2797641464
4.61034482759	7.2822210468
4.61379310345	7.2846710557
4.61724137931	7.2871143778
4.62068965517	7.2895512189
4.62413793103	7.2919817836
4.6275862069	7.2944062728
4.63103448276	7.2968248812
4.63448275862	7.2992377950
4.63793103448	7.3016451893
4.64137931034	7.3040472264
4.64482758621	7.3064440539
4.64827586207	7.3088358038
4.65172413793	7.3112225918
4.65517241379	7.3136045168
4.65862068966	7.3159816616
4.66206896552	7.3183540930
4.66551724138	7.3207218628
4.66896551724	7.3230850094
4.6724137931	7.3254435588
4.67586206897	7.3277975262
4.67931034483	7.3301469179
4.68275862069	7.3324917327
4.68620689655	7.3348319637
4.68965517241	7.3371675996
4.69310344828	7.3394986268
4.69655172414	7.3418250298
4.7	7.3441467931
4.70344827586	7.3464639020
4.70689655172	7.3487763432
4.71034482759	7.3510841056
4.71379310345	7.3533871808
4.71724137931	7.3556855634
4.72068965517	7.3579792510
4.72413793103	7.3602682445
4.7275862069	7.3625525476
4.73103448276	7.3648321670
4.73448275862	7.3671071121
4.73793103448	7.3693773945
4.74137931034	7.3716430279
4.74482758621	7.3739040275
4.74827586207	7.3761604099
4.75172413793	7.3784121925
4.75517241379	7.3806593934
4.75862068966	7.3829020310
4.76206896552	7.3851401235
4.76551724138	7.3873736890
4.76896551724	7.3896027454
4.7724137931	7.3918273096
4.77586206897	7.3940473981
4.77931034483	7.3962630266
4.78275862069	7.3984742097
4.78620689655	7.4006809616
4.78965517241	7.4028832951
4.79310344828	7.4050812227
4.79655172414	7.4072747559
4.8	7.4094639055
4.80344827586	7.4116486816
4.80689655172	7.4138290939
4.81034482759	7.4160051516
4.81379310345	7.4181768634
4.81724137931	7.4203442377
4.82068965517	7.4225072827
4.82413793103	7.4246660064
4.8275862069	7.4268204167
4.83103448276	7.4289705213
4.83448275862	7.4311163280
4.83793103448	7.4332578446
4.84137931034	7.4353950787
4.84482758621	7.4375280382
4.84827586207	7.4396567309
4.85172413793	7.4417811648
4.85517241379	7.4439013477
4.85862068966	7.4460172877
4.86206896552	7.4481289928
4.86551724138	7.4502364712
4.86896551724	7.4523397311
4.8724137931	7.4544387804
4.87586206897	7.4565336275
4.87931034483	7.4586242805
4.88275862069	7.4607107475
4.88620689655	7.4627930366
4.88965517241	7.4648711561
4.89310344828	7.4669451140
4.89655172414	7.4690149183
4.9	7.4710805770
4.90344827586	7.4731420981
4.90689655172	7.4751994895
4.91034482759	7.4772527591
4.91379310345	7.4793019148
4.91724137931	7.4813469643
4.92068965517	7.4833879154
4.92413793103	7.4854247758
4.9275862069	7.4874575533
4.93103448276	7.4894862555
4.93448275862	7.4915108901
4.93793103448	7.4935314648
4.94137931034	7.4955479871
4.94482758621	7.4975604647
4.94827586207	7.4995689052
4.95172413793	7.5015733161
4.95517241379	7.5035737052
4.95862068966	7.5055700798
4.96206896552	7.5075624478
4.96551724138	7.5095508165
4.96896551724	7.5115351936
4.9724137931	7.5135155868
4.97586206897	7.5154920034
4.97931034483	7.5174644512
4.98275862069	7.5194329377
4.98620689655	7.5213974704
4.98965517241	7.5233580569
4.99310344828	7.5253147047
4.99655172414	7.5272674214
5.0	7.5292162145
5.00344827586	7.5311610916
5.00689655172	7.5331020600
5.01034482759	7.5350391274
5.01379310345	7.5369723012
5.01724137931	7.5389015889
5.02068965517	7.5408269980
5.02413793103	7.5427485358
5.0275862069	7.5446662099
5.03103448276	7.5465800277
5.03448275862	7.5484899966
5.03793103448	7.5503961239
5.04137931034	7.5522984171
5.04482758621	7.5541968835
5.04827586207	7.5560915305
5.05172413793	7.5579823655
5.05517241379	7.5598693958
5.05862068966	7.5617526287
5.06206896552	7.5636320715
5.06551724138	7.5655077315
5.06896551724	7.5673796161
5.0724137931	7.5692477324
5.07586206897	7.5711120878
5.07931034483	7.5729726896
5.08275862069	7.5748295449
5.08620689655	7.5766826610
5.08965517241	7.5785320452
5.09310344828	7.5803777046
5.09655172414	7.5822196464
5.1	7.5840578779
5.10344827586	7.5858924062
5.10689655172	7.5877232386
5.11034482759	7.5895503820
5.11379310345	7.5913738438
5.11724137931	7.5931936311
5.12068965517	7.5950097509
5.12413793103	7.5968222104
5.1275862069	7.5986310168
5.13103448276	7.6004361770
5.13448275862	7.6022376982
5.13793103448	7.6040355875
5.14137931034	7.6058298520
5.14482758621	7.6076204986
5.14827586207	7.6094075345
5.15172413793	7.6111909667
5.15517241379	7.6129708021
5.15862068966	7.6147470479
5.16206896552	7.6165197110
5.16551724138	7.6182887983
5.16896551724	7.6200543170
5.1724137931	7.6218162739
5.17586206897	7.6235746760
5.17931034483	7.6253295303
5.18275862069	7.6270808437
5.18620689655	7.6288286231
5.18965517241	7.6305728755
5.19310344828	7.6323136077
5.19655172414	7.6340508266
5.2	7.6357845392
5.20344827586	7.6375147523
5.20689655172	7.6392414728
5.21034482759	7.6409647075
5.21379310345	7.6426844632
5.21724137931	7.6444007469
5.22068965517	7.6461135652
5.22413793103	7.6478229251
5.2275862069	7.6495288334
5.23103448276	7.6512312967
5.23448275862	7.6529303220
5.23793103448	7.6546259159
5.24137931034	7.6563180853
5.24482758621	7.6580068368
5.24827586207	7.6596921772
5.25172413793	7.6613741133
5.25517241379	7.6630526517
5.25862068966	7.6647277992
5.26206896552	7.6663995624
5.26551724138	7.6680679481
5.26896551724	7.6697329628
5.2724137931	7.6713946134
5.27586206897	7.6730529063
5.27931034483	7.6747078483
5.28275862069	7.6763594460
5.28620689655	7.6780077059
5.28965517241	7.6796526348
5.29310344828	7.6812942392
5.29655172414	7.6829325257
5.3	7.6845675008
5.30344827586	7.6861991712
5.30689655172	7.6878275434
5.31034482759	7.6894526239
5.31379310345	7.6910744192
5.31724137931	7.6926929359
5.32068965517	7.6943081805
5.32413793103	7.6959201595
5.3275862069	7.6975288794
5.33103448276	7.6991343467
5.33448275862	7.7007365677
5.33793103448	7.7023355491
5.34137931034	7.7039312971
5.34482758621	7.7055238183
5.34827586207	7.7071131191
5.35172413793	7.7086992059
5.35517241379	7.7102820851
5.35862068966	7.7118617631
5.36206896552	7.7134382462
5.36551724138	7.7150115409
5.36896551724	7.7165816535
5.3724137931	7.7181485903
5.37586206897	7.7197123577
5.37931034483	7.7212729619
5.38275862069	7.7228304095
5.38620689655	7.7243847065
5.38965517241	7.7259358593
5.39310344828	7.7274838743
5.39655172414	7.7290287576
5.4	7.7305705156
5.40344827586	7.7321091544
5.40689655172	7.7336446803
5.41034482759	7.7351770996
5.41379310345	7.7367064185
5.41724137931	7.7382326431
5.42068965517	7.7397557797
5.42413793103	7.7412758345
5.4275862069	7.7427928135
5.43103448276	7.7443067231
5.43448275862	7.7458175693
5.43793103448	7.7473253583
5.44137931034	7.7488300961
5.44482758621	7.7503317891
5.44827586207	7.7518304431
5.45172413793	7.7533260644
5.45517241379	7.7548186590
5.45862068966	7.7563082330
5.46206896552	7.7577947925
5.46551724138	7.7592783435
5.46896551724	7.7607588921
5.4724137931	7.7622364442
5.47586206897	7.7637110060
5.47931034483	7.7651825834
5.48275862069	7.7666511824
5.48620689655	7.7681168090
5.48965517241	7.7695794693
5.49310344828	7.7710391691
5.49655172414	7.7724959144
5.5	7.7739496864
5.50344827586	7.7753999683
5.50689655172	7.7768468319
5.51034482759	7.7782903429
5.51379310345	7.7797305601
5.51724137931	7.7811675369
5.52068965517	7.7826013206
5.52413793103	7.7840319531
5.5275862069	7.7854594716
5.53103448276	7.7868839086
5.53448275862	7.7883052925
5.53793103448	7.7897236483
5.54137931034	7.7911389978
5.54482758621	7.7925513599
5.54827586207	7.7939607513
5.55172413793	7.7953671867
5.55517241379	7.7967706794
5.55862068966	7.7981712413
5.56206896552	7.7995688831
5.56551724138	7.8009636150
5.56896551724	7.8023554465
5.5724137931	7.8037443865
5.57586206897	7.8051304440
5.57931034483	7.8065136273
5.58275862069	7.8078939448
5.58620689655	7.8092714050
5.58965517241	7.8106460159
5.59310344828	7.8120177858
5.59655172414	7.8133867227
5.6	7.8147528347
5.60344827586	7.8161161298
5.60689655172	7.8174766159
5.61034482759	7.8188343007
5.61379310345	7.8201891918
5.61724137931	7.8215412968
5.62068965517	7.8228906230
5.62413793103	7.8242371775
5.6275862069	7.8255809673
5.63103448276	7.8269219993
5.63448275862	7.8282602801
5.63793103448	7.8295958162
5.64137931034	7.8309286138
5.64482758621	7.8322586793
5.64827586207	7.8335860186
5.65172413793	7.8349106377
5.65517241379	7.8362325425
5.65862068966	7.8375517386
5.66206896552	7.8388682319
5.66551724138	7.8401820280
5.66896551724	7.8414931324
5.6724137931	7.8428015509
5.67586206897	7.8441072890
5.67931034483	7.8454103523
5.68275862069	7.8467107465
5.68620689655	7.8480084770
5.68965517241	7.8493035497
5.69310344828	7.8505959702
5.69655172414	7.8518857441
5.7	7.8531728772
5.70344827586	7.8544573753
5.70689655172	7.8557392440
5.71034482759	7.8570184892
5.71379310345	7.8582951166
5.71724137931	7.8595691320
5.72068965517	7.8608405413
5.72413793103	7.8621093502
5.7275862069	7.8633755645
5.73103448276	7.8646391900
5.73448275862	7.8659002325
5.73793103448	7.8671586977
5.74137931034	7.8684145913
5.74482758621	7.8696679191
5.74827586207	7.8709186868
5.75172413793	7.8721669000
5.75517241379	7.8734125643
5.75862068966	7.8746556854
5.76206896552	7.8758962689
5.76551724138	7.8771343203
5.76896551724	7.8783698452
5.7724137931	7.8796028490
5.77586206897	7.8808333374
5.77931034483	7.8820613157
5.78275862069	7.8832867894
5.78620689655	7.8845097640
5.78965517241	7.8857302448
5.79310344828	7.8869482373
5.79655172414	7.8881637469
5.8	7.8893767788
5.80344827586	7.8905873386
5.80689655172	7.8917954314
5.81034482759	7.8930010627
5.81379310345	7.8942042377
5.81724137931	7.8954049618
5.82068965517	7.8966032403
5.82413793103	7.8977990783
5.8275862069	7.8989924813
5.83103448276	7.9001834544
5.83448275862	7.9013720029
5.83793103448	7.9025581321
5.84137931034	7.9037418471
5.84482758621	7.9049231531
5.84827586207	7.9061020554
5.85172413793	7.9072785591
5.85517241379	7.9084526695
5.85862068966	7.9096243916
5.86206896552	7.9107937305
5.86551724138	7.9119606916
5.86896551724	7.9131252798
5.8724137931	7.9142875002
5.87586206897	7.9154473580
5.87931034483	7.9166048583
5.88275862069	7.9177600060
5.88620689655	7.9189128063
5.88965517241	7.9200632642
5.89310344828	7.9212113848
5.89655172414	7.9223571730
5.9	7.9235006338
5.90344827586	7.9246417722
5.90689655172	7.9257805933
5.91034482759	7.9269171020
5.91379310345	7.9280513032
5.91724137931	7.9291832019
5.92068965517	7.9303128030
5.92413793103	7.9314401115
5.9275862069	7.9325651322
5.93103448276	7.9336878700
5.93448275862	7.9348083299
5.93793103448	7.9359265166
5.94137931034	7.9370424352
5.94482758621	7.9381560903
5.94827586207	7.9392674869
5.95172413793	7.9403766298
5.95517241379	7.9414835237
5.95862068966	7.9425881736
5.96206896552	7.9436905841
5.96551724138	7.9447907602
5.96896551724	7.9458887064
5.9724137931	7.9469844277
5.97586206897	7.9480779287
5.97931034483	7.9491692142
5.98275862069	7.9502582889
5.98620689655	7.9513451576
5.98965517241	7.9524298248
5.99310344828	7.9535122954
5.99655172414	7.9545925740
6.0	7.9556706652
6.00344827586	7.9567465737
6.00689655172	7.9578203042
6.01034482759	7.9588918613
6.01379310345	7.9599612497
6.01724137931	7.9610284738
6.02068965517	7.9620935384
6.02413793103	7.9631564480
6.0275862069	7.9642172073
6.03103448276	7.9652758207
6.03448275862	7.9663322928
6.03793103448	7.9673866282
6.04137931034	7.9684388314
6.04482758621	7.9694889070
6.04827586207	7.9705368594
6.05172413793	7.9715826932
6.05517241379	7.9726264128
6.05862068966	7.9736680227
6.06206896552	7.9747075275
6.06551724138	7.9757449315
6.06896551724	7.9767802393
6.0724137931	7.9778134552
6.07586206897	7.9788445837
6.07931034483	7.9798736292
6.08275862069	7.9809005961
6.08620689655	7.9819254888
6.08965517241	7.9829483117
6.09310344828	7.9839690692
6.09655172414	7.9849877657
6.1	7.9860044055
6.10344827586	7.9870189929
6.10689655172	7.9880315323
6.11034482759	7.9890420281
6.11379310345	7.9900504844
6.11724137931	7.9910569057
6.12068965517	7.9920612963
6.12413793103	7.9930636604
6.1275862069	7.9940640023
6.13103448276	7.9950623262
6.13448275862	7.9960586365
6.13793103448	7.9970529374
6.14137931034	7.9980452331
6.14482758621	7.9990355278
6.14827586207	8.0000238257
6.15172413793	8.0010101312
6.15517241379	8.0019944482
6.15862068966	8.0029767812
6.16206896552	8.0039571341
6.16551724138	8.0049355113
6.16896551724	8.0059119168
6.1724137931	8.0068863548
6.17586206897	8.0078588295
6.17931034483	8.0088293449
6.18275862069	8.0097979053
6.18620689655	8.0107645146
6.18965517241	8.0117291770
6.19310344828	8.0126918967
6.19655172414	8.0136526776
6.2	8.0146115239
6.20344827586	8.0155684396
6.20689655172	8.0165234287
6.21034482759	8.0174764954
6.21379310345	8.0184276436
6.21724137931	8.0193768775
6.22068965517	8.0203242009
6.22413793103	8.0212696179
6.2275862069	8.0222131325
6.23103448276	8.0231547487
6.23448275862	8.0240944705
6.23793103448	8.0250323019
6.24137931034	8.0259682467
6.24482758621	8.0269023090
6.24827586207	8.0278344927
6.25172413793	8.0287648018
6.25517241379	8.0296932401
6.25862068966	8.0306198116
6.26206896552	8.0315445201
6.26551724138	8.0324673697
6.26896551724	8.0333883641
6.2724137931	8.0343075074
6.27586206897	8.0352248032
6.27931034483	8.0361402555
6.28275862069	8.0370538682
6.28620689655	8.0379656451
6.28965517241	8.0388755900
6.29310344828	8.0397837068
6.29655172414	8.0406899993
6.3	8.0415944712
6.30344827586	8.0424971265
6.30689655172	8.0433979688
6.31034482759	8.0442970020
6.31379310345	8.0451942299
6.31724137931	8.0460896562
6.32068965517	8.0469832846
6.32413793103	8.0478751190
6.3275862069	8.0487651631
6.33103448276	8.0496534206
6.33448275862	8.0505398952
6.33793103448	8.0514245906
6.34137931034	8.0523075106
6.34482758621	8.0531886589
6.34827586207	8.0540680391
6.35172413793	8.0549456549
6.35517241379	8.0558215100
6.35862068966	8.0566956081
6.36206896552	8.0575679529
6.36551724138	8.0584385479
6.36896551724	8.0593073968
6.3724137931	8.0601745033
6.37586206897	8.0610398710
6.37931034483	8.0619035035
6.38275862069	8.0627654044
6.38620689655	8.0636255773
6.38965517241	8.0644840258
6.39310344828	8.0653407535
6.39655172414	8.0661957639
6.4	8.0670490607
6.40344827586	8.0679006474
6.40689655172	8.0687505275
6.41034482759	8.0695987046
6.41379310345	8.0704451822
6.41724137931	8.0712899639
6.42068965517	8.0721330532
6.42413793103	8.0729744536
6.4275862069	8.0738141685
6.43103448276	8.0746522016
6.43448275862	8.0754885562
6.43793103448	8.0763232359
6.44137931034	8.0771562442
6.44482758621	8.0779875844
6.44827586207	8.0788172601
6.45172413793	8.0796452747
6.45517241379	8.0804716317
6.45862068966	8.0812963345
6.46206896552	8.0821193864
6.46551724138	8.0829407911
6.46896551724	8.0837605517
6.4724137931	8.0845786719
6.47586206897	8.0853951548
6.47931034483	8.0862100040
6.48275862069	8.0870232229
6.48620689655	8.0878348147
6.48965517241	8.0886447829
6.49310344828	8.0894531308
6.49655172414	8.0902598618
6.5	8.0910649792
6.50344827586	8.0918684864
6.50689655172	8.0926703867
6.51034482759	8.0934706833
6.51379310345	8.0942693797
6.51724137931	8.0950664791
6.52068965517	8.0958619849
6.52413793103	8.0966559003
6.5275862069	8.0974482285
6.53103448276	8.0982389730
6.53448275862	8.0990281369
6.53793103448	8.0998157236
6.54137931034	8.1006017362
6.54482758621	8.1013861780
6.54827586207	8.1021690524
6.55172413793	8.1029503624
6.55517241379	8.1037301113
6.55862068966	8.1045083024
6.56206896552	8.1052849389
6.56551724138	8.1060600239
6.56896551724	8.1068335607
6.5724137931	8.1076055525
6.57586206897	8.1083760024
6.57931034483	8.1091449136
6.58275862069	8.1099122894
6.58620689655	8.1106781327
6.58965517241	8.1114424470
6.59310344828	8.1122052351
6.59655172414	8.1129665004
6.6	8.1137262459
6.60344827586	8.1144844748
6.60689655172	8.1152411903
6.61034482759	8.1159963953
6.61379310345	8.1167500930
6.61724137931	8.1175022866
6.62068965517	8.1182529791
6.62413793103	8.1190021735
6.6275862069	8.1197498731
6.63103448276	8.1204960809
6.63448275862	8.1212407998
6.63793103448	8.1219840331
6.64137931034	8.1227257837
6.64482758621	8.1234660547
6.64827586207	8.1242048492
6.65172413793	8.1249421701
6.65517241379	8.1256780205
6.65862068966	8.1264124034
6.66206896552	8.1271453219
6.66551724138	8.1278767789
6.66896551724	8.1286067774
6.6724137931	8.1293353205
6.67586206897	8.1300624111
6.67931034483	8.1307880522
6.68275862069	8.1315122468
6.68620689655	8.1322349978
6.68965517241	8.1329563083
6.69310344828	8.1336761811
6.69655172414	8.1343946192
6.7	8.1351116257
6.70344827586	8.1358272032
6.70689655172	8.1365413550
6.71034482759	8.1372540837
6.71379310345	8.1379653925
6.71724137931	8.1386752841
6.72068965517	8.1393837615
6.72413793103	8.1400908276
6.7275862069	8.1407964853
6.73103448276	8.1415007374
6.73448275862	8.1422035868
6.73793103448	8.1429050365
6.74137931034	8.1436050892
6.74482758621	8.1443037479
6.74827586207	8.1450010154
6.75172413793	8.1456968945
6.75517241379	8.1463913880
6.75862068966	8.1470844990
6.76206896552	8.1477762300
6.76551724138	8.1484665840
6.76896551724	8.1491555638
6.7724137931	8.1498431722
6.77586206897	8.1505294120
6.77931034483	8.1512142861
6.78275862069	8.1518977971
6.78620689655	8.1525799479
6.78965517241	8.1532607412
6.79310344828	8.1539401799
6.79655172414	8.1546182667
6.8	8.1552950044
6.80344827586	8.1559703956
6.80689655172	8.1566444433
6.81034482759	8.1573171501
6.81379310345	8.1579885188
6.81724137931	8.1586585520
6.82068965517	8.1593272526
6.82413793103	8.1599946232
6.8275862069	8.1606606665
6.83103448276	8.1613253854
6.83448275862	8.1619887824
6.83793103448	8.1626508602
6.84137931034	8.1633116216
6.84482758621	8.1639710693
6.84827586207	8.1646292059
6.85172413793	8.1652860341
6.85517241379	8.1659415566
6.85862068966	8.1665957760
6.86206896552	8.1672486950
6.86551724138	8.1679003162
6.86896551724	8.1685506423
6.8724137931	8.1691996760
6.87586206897	8.1698474198
6.87931034483	8.1704938764
6.88275862069	8.1711390484
6.88620689655	8.1717829385
6.88965517241	8.1724255492
6.89310344828	8.1730668831
6.89655172414	8.1737069429
6.9	8.1743457311
6.90344827586	8.1749832504
6.90689655172	8.1756195033
6.91034482759	8.1762544924
6.91379310345	8.1768882202
6.91724137931	8.1775206894
6.92068965517	8.1781519025
6.92413793103	8.1787818621
6.9275862069	8.1794105706
6.93103448276	8.1800380307
6.93448275862	8.1806642449
6.93793103448	8.1812892157
6.94137931034	8.1819129457
6.94482758621	8.1825354374
6.94827586207	8.1831566932
6.95172413793	8.1837767158
6.95517241379	8.1843955076
6.95862068966	8.1850130711
6.96206896552	8.1856294088
6.96551724138	8.1862445232
6.96896551724	8.1868584168
6.9724137931	8.1874710921
6.97586206897	8.1880825515
6.97931034483	8.1886927976
6.98275862069	8.1893018327
6.98620689655	8.1899096594
6.98965517241	8.1905162801
6.99310344828	8.1911216973
6.99655172414	8.1917259133
7.0	8.1923289306
7.00344827586	8.1929307517
7.00689655172	8.1935313791
7.01034482759	8.1941308150
7.01379310345	8.1947290619
7.01724137931	8.1953261223
7.02068965517	8.1959219986
7.02413793103	8.1965166931
7.0275862069	8.1971102083
7.03103448276	8.1977025465
7.03448275862	8.1982937101
7.03793103448	8.1988837016
7.04137931034	8.1994725232
7.04482758621	8.2000601775
7.04827586207	8.2006466666
7.05172413793	8.2012319930
7.05517241379	8.2018161591
7.05862068966	8.2023991672
7.06206896552	8.2029810196
7.06551724138	8.2035617188
7.06896551724	8.2041412669
7.0724137931	8.2047196664
7.07586206897	8.2052969196
7.07931034483	8.2058730288
7.08275862069	8.2064479964
7.08620689655	8.2070218245
7.08965517241	8.2075945156
7.09310344828	8.2081660720
7.09655172414	8.2087364959
7.1	8.2093057896
7.10344827586	8.2098739555
7.10689655172	8.2104409958
7.11034482759	8.2110069127
7.11379310345	8.2115717087
7.11724137931	8.2121353858
7.12068965517	8.2126979464
7.12413793103	8.2132593928
7.1275862069	8.2138197272
7.13103448276	8.2143789519
7.13448275862	8.2149370690
7.13793103448	8.2154940809
7.14137931034	8.2160499898
7.14482758621	8.2166047978
7.14827586207	8.2171585073
7.15172413793	8.2177111204
7.15517241379	8.2182626394
7.15862068966	8.2188130665
7.16206896552	8.2193624039
7.16551724138	8.2199106537
7.16896551724	8.2204578183
7.1724137931	8.2210038997
7.17586206897	8.2215489002
7.17931034483	8.2220928219
7.18275862069	8.2226356671
7.18620689655	8.2231774378
7.18965517241	8.2237181363
7.19310344828	8.2242577648
7.19655172414	8.2247963254
7.2	8.2253338202
7.20344827586	8.2258702515
7.20689655172	8.2264056212
7.21034482759	8.2269399317
7.21379310345	8.2274731850
7.21724137931	8.2280053833
7.22068965517	8.2285365287
7.22413793103	8.2290666233
7.2275862069	8.2295956693
7.23103448276	8.2301236687
7.23448275862	8.2306506236
7.23793103448	8.2311765363
7.24137931034	8.2317014087
7.24482758621	8.2322252430
7.24827586207	8.2327480413
7.25172413793	8.2332698056
7.25517241379	8.2337905381
7.25862068966	8.2343102408
7.26206896552	8.2348289158
7.26551724138	8.2353465652
7.26896551724	8.2358631910
7.2724137931	8.2363787953
7.27586206897	8.2368933802
7.27931034483	8.2374069477
7.28275862069	8.2379194998
7.28620689655	8.2384310387
7.28965517241	8.2389415663
7.29310344828	8.2394510847
7.29655172414	8.2399595959
7.3	8.2404671020
7.30344827586	8.2409736050
7.30689655172	8.2414791068
7.31034482759	8.2419836096
7.31379310345	8.2424871153
7.31724137931	8.2429896259
7.32068965517	8.2434911434
7.32413793103	8.2439916699
7.3275862069	8.2444912073
7.33103448276	8.2449897576
7.33448275862	8.2454873228
7.33793103448	8.2459839050
7.34137931034	8.2464795059
7.34482758621	8.2469741277
7.34827586207	8.2474677724
7.35172413793	8.2479604418
7.35517241379	8.2484521379
7.35862068966	8.2489428627
7.36206896552	8.2494326182
7.36551724138	8.2499214063
7.36896551724	8.2504092289
7.3724137931	8.2508960880
7.37586206897	8.2513819856
7.37931034483	8.2518669234
7.38275862069	8.2523509036
7.38620689655	8.2528339280
7.38965517241	8.2533159985
7.39310344828	8.2537971170
7.39655172414	8.2542772855
7.4	8.2547565059
7.40344827586	8.2552347801
7.40689655172	8.2557121099
7.41034482759	8.2561884973
7.41379310345	8.2566639442
7.41724137931	8.2571384524
7.42068965517	8.2576120239
7.42413793103	8.2580846605
7.4275862069	8.2585563641
7.43103448276	8.2590271365
7.43448275862	8.2594969798
7.43793103448	8.2599658956
7.44137931034	8.2604338859
7.44482758621	8.2609009525
7.44827586207	8.2613670973
7.45172413793	8.2618323222
7.45517241379	8.2622966289
7.45862068966	8.2627600193
7.46206896552	8.2632224953
7.46551724138	8.2636840587
7.46896551724	8.2641447114
7.4724137931	8.2646044551
7.47586206897	8.2650632917
7.47931034483	8.2655212229
7.48275862069	8.2659782507
7.48620689655	8.2664343768
7.48965517241	8.2668896031
7.49310344828	8.2673439313
7.49655172414	8.2677973632
7.5	8.2682499007
7.50344827586	8.2687015455
7.50689655172	8.2691522995
7.51034482759	8.2696021643
7.51379310345	8.2700511419
7.51724137931	8.2704992339
7.52068965517	8.2709464421
7.52413793103	8.2713927684
7.5275862069	8.2718382145
7.53103448276	8.2722827821
7.53448275862	8.2727264730
7.53793103448	8.2731692890
7.54137931034	8.2736112318
7.54482758621	8.2740523032
7.54827586207	8.2744925049
7.55172413793	8.2749318386
7.55517241379	8.2753703062
7.55862068966	8.2758079093
7.56206896552	8.2762446496
7.56551724138	8.2766805289
7.56896551724	8.2771155490
7.5724137931	8.2775497115
7.57586206897	8.2779830181
7.57931034483	8.2784154706
7.58275862069	8.2788470707
7.58620689655	8.2792778200
7.58965517241	8.2797077204
7.59310344828	8.2801367734
7.59655172414	8.2805649808
7.6	8.2809923443
7.60344827586	8.2814188655
7.60689655172	8.2818445462
7.61034482759	8.2822693881
7.61379310345	8.2826933927
7.61724137931	8.2831165618
7.62068965517	8.2835388971
7.62413793103	8.2839604002
7.6275862069	8.2843810728
7.63103448276	8.2848009165
7.63448275862	8.2852199330
7.63793103448	8.2856381241
7.64137931034	8.2860554912
7.64482758621	8.2864720360
7.64827586207	8.2868877603
7.65172413793	8.2873026657
7.65517241379	8.2877167537
7.65862068966	8.2881300260
7.66206896552	8.2885424843
7.66551724138	8.2889541301
7.66896551724	8.2893649652
7.6724137931	8.2897749911
7.67586206897	8.2901842094
7.67931034483	8.2905926217
7.68275862069	8.2910002298
7.68620689655	8.2914070351
7.68965517241	8.2918130392
7.69310344828	8.2922182439
7.69655172414	8.2926226506
7.7	8.2930262610
7.70344827586	8.2934290766
7.70689655172	8.2938310991
7.71034482759	8.2942323300
7.71379310345	8.2946327709
7.71724137931	8.2950324234
7.72068965517	8.2954312891
7.72413793103	8.2958293695
7.7275862069	8.2962266662
7.73103448276	8.2966231808
7.73448275862	8.2970189148
7.73793103448	8.2974138698
7.74137931034	8.2978080473
7.74482758621	8.2982014489
7.74827586207	8.2985940762
7.75172413793	8.2989859307
7.75517241379	8.2993770139
7.75862068966	8.2997673273
7.76206896552	8.3001568726
7.76551724138	8.3005456512
7.76896551724	8.3009336647
7.7724137931	8.3013209146
7.77586206897	8.3017074024
7.77931034483	8.3020931296
7.78275862069	8.3024780978
7.78620689655	8.3028623085
7.78965517241	8.3032457631
7.79310344828	8.3036284633
7.79655172414	8.3040104104
7.8	8.3043916061
7.80344827586	8.3047720517
7.80689655172	8.3051517489
7.81034482759	8.3055306990
7.81379310345	8.3059089036
7.81724137931	8.3062863642
7.82068965517	8.3066630822
7.82413793103	8.3070390591
7.8275862069	8.3074142965
7.83103448276	8.3077887957
7.83448275862	8.3081625583
7.83793103448	8.3085355857
7.84137931034	8.3089078793
7.84482758621	8.3092794408
7.84827586207	8.3096502714
7.85172413793	8.3100203727
7.85517241379	8.3103897461
7.85862068966	8.3107583931
7.86206896552	8.3111263151
7.86551724138	8.3114935135
7.86896551724	8.3118599899
7.8724137931	8.3122257456
7.87586206897	8.3125907820
7.87931034483	8.3129551007
7.88275862069	8.3133187030
7.88620689655	8.3136815904
7.88965517241	8.3140437643
7.89310344828	8.3144052261
7.89655172414	8.3147659772
7.9	8.3151260190
7.90344827586	8.3154853530
7.90689655172	8.3158439806
7.91034482759	8.3162019031
7.91379310345	8.3165591220
7.91724137931	8.3169156387
7.92068965517	8.3172714546
7.92413793103	8.3176265710
7.9275862069	8.3179809895
7.93103448276	8.3183347112
7.93448275862	8.3186877377
7.93793103448	8.3190400703
7.94137931034	8.3193917104
7.94482758621	8.3197426594
7.94827586207	8.3200929187
7.95172413793	8.3204424896
7.95517241379	8.3207913735
7.95862068966	8.3211395718
7.96206896552	8.3214870857
7.96551724138	8.3218339168
7.96896551724	8.3221800664
7.9724137931	8.3225255357
7.97586206897	8.3228703262
7.97931034483	8.3232144392
7.98275862069	8.3235578761
7.98620689655	8.3239006382
7.98965517241	8.3242427268
7.99310344828	8.3245841433
7.99655172414	8.3249248891
8.0	8.3252649653
8.00344827586	8.3256043735
8.00689655172	8.3259431149
8.01034482759	8.3262811909
8.01379310345	8.3266186027
8.01724137931	8.3269553516
8.02068965517	8.3272914391
8.02413793103	8.3276268664
8.0275862069	8.3279616349
8.03103448276	8.3282957458
8.03448275862	8.3286292004
8.03793103448	8.3289620001
8.04137931034	8.3292941461
8.04482758621	8.3296256398
8.04827586207	8.3299564824
8.05172413793	8.3302866753
8.05517241379	8.3306162197
8.05862068966	8.3309451170
8.06206896552	8.3312733683
8.06551724138	8.3316009751
8.06896551724	8.3319279385
8.0724137931	8.3322542599
8.07586206897	8.3325799404
8.07931034483	8.3329049815
8.08275862069	8.3332293844
8.08620689655	8.3335531503
8.08965517241	8.3338762805
8.09310344828	8.3341987763
8.09655172414	8.3345206389
8.1	8.3348418696
8.10344827586	8.3351624697
8.10689655172	8.3354824403
8.11034482759	8.3358017827
8.11379310345	8.3361204983
8.11724137931	8.3364385882
8.12068965517	8.3367560537
8.12413793103	8.3370728960
8.1275862069	8.3373891163
8.13103448276	8.3377047159
8.13448275862	8.3380196961
8.13793103448	8.3383340580
8.14137931034	8.3386478029
8.14482758621	8.3389609319
8.14827586207	8.3392734464
8.15172413793	8.3395853476
8.15517241379	8.3398966366
8.15862068966	8.3402073147
8.16206896552	8.3405173831
8.16551724138	8.3408268430
8.16896551724	8.3411356956
8.1724137931	8.3414439421
8.17586206897	8.3417515837
8.17931034483	8.3420586216
8.18275862069	8.3423650571
8.18620689655	8.3426708912
8.18965517241	8.3429761253
8.19310344828	8.3432807605
8.19655172414	8.3435847979
8.2	8.3438882388
8.20344827586	8.3441910844
8.20689655172	8.3444933357
8.21034482759	8.3447949941
8.21379310345	8.3450960607
8.21724137931	8.3453965367
8.22068965517	8.3456964231
8.22413793103	8.3459957213
8.2275862069	8.3462944323
8.23103448276	8.3465925574
8.23448275862	8.3468900977
8.23793103448	8.3471870543
8.24137931034	8.3474834284
8.24482758621	8.3477792212
8.24827586207	8.3480744338
8.25172413793	8.3483690674
8.25517241379	8.3486631230
8.25862068966	8.3489566020
8.26206896552	8.3492495053
8.26551724138	8.3495418342
8.26896551724	8.3498335898
8.2724137931	8.3501247732
8.27586206897	8.3504153856
8.27931034483	8.3507054280
8.28275862069	8.3509949017
8.28620689655	8.3512838077
8.28965517241	8.3515721472
8.29310344828	8.3518599213
8.29655172414	8.3521471310
8.3	8.3524337777
8.30344827586	8.3527198622
8.30689655172	8.3530053858
8.31034482759	8.3532903496
8.31379310345	8.3535747547
8.31724137931	8.3538586021
8.32068965517	8.3541418931
8.32413793103	8.3544246286
8.3275862069	8.3547068099
8.33103448276	8.3549884379
8.33448275862	8.3552695138
8.33793103448	8.3555500387
8.34137931034	8.3558300137
8.34482758621	8.3561094398
8.34827586207	8.3563883182
8.35172413793	8.3566666499
8.35517241379	8.3569444360
8.35862068966	8.3572216777
8.36206896552	8.3574983759
8.36551724138	8.3577745318
8.36896551724	8.3580501463
8.3724137931	8.3583252207
8.37586206897	8.3585997560
8.37931034483	8.3588737532
8.38275862069	8.3591472134
8.38620689655	8.3594201376
8.38965517241	8.3596925270
8.39310344828	8.3599643826
8.39655172414	8.3602357054
8.4	8.3605064965
8.40344827586	8.3607767569
8.40689655172	8.3610464878
8.41034482759	8.3613156901
8.41379310345	8.3615843648
8.41724137931	8.3618525132
8.42068965517	8.3621201361
8.42413793103	8.3623872346
8.4275862069	8.3626538097
8.43103448276	8.3629198626
8.43448275862	8.3631853942
8.43793103448	8.3634504055
8.44137931034	8.3637148977
8.44482758621	8.3639788716
8.44827586207	8.3642423284
8.45172413793	8.3645052690
8.45517241379	8.3647676946
8.45862068966	8.3650296060
8.46206896552	8.3652910044
8.46551724138	8.3655518906
8.46896551724	8.3658122659
8.4724137931	8.3660721311
8.47586206897	8.3663314872
8.47931034483	8.3665903354
8.48275862069	8.3668486765
8.48620689655	8.3671065116
8.48965517241	8.3673638417
8.49310344828	8.3676206677
8.49655172414	8.3678769908
8.5	8.3681328118
8.50344827586	8.3683881318
8.50689655172	8.3686429517
8.51034482759	8.3688972726
8.51379310345	8.3691510954
8.51724137931	8.3694044211
8.52068965517	8.3696572508
8.52413793103	8.3699095853
8.5275862069	8.3701614257
8.53103448276	8.3704127729
8.53448275862	8.3706636279
8.53793103448	8.3709139917
8.54137931034	8.3711638653
8.54482758621	8.3714132496
8.54827586207	8.3716621456
8.55172413793	8.3719105543
8.55517241379	8.3721584765
8.55862068966	8.3724059134
8.56206896552	8.3726528658
8.56551724138	8.3728993347
8.56896551724	8.3731453211
8.5724137931	8.3733908258
8.57586206897	8.3736358499
8.57931034483	8.3738803944
8.58275862069	8.3741244601
8.58620689655	8.3743680480
8.58965517241	8.3746111590
8.59310344828	8.3748537942
8.59655172414	8.3750959544
8.6	8.3753376405
8.60344827586	8.3755788536
8.60689655172	8.3758195945
8.61034482759	8.3760598642
8.61379310345	8.3762996636
8.61724137931	8.3765389936
8.62068965517	8.3767778552
8.62413793103	8.3770162492
8.6275862069	8.3772541767
8.63103448276	8.3774916385
8.63448275862	8.3777286356
8.63793103448	8.3779651688
8.64137931034	8.3782012392
8.64482758621	8.3784368475
8.64827586207	8.3786719948
8.65172413793	8.3789066818
8.65517241379	8.3791409096
8.65862068966	8.3793746791
8.66206896552	8.3796079911
8.66551724138	8.3798408465
8.66896551724	8.3800732463
8.6724137931	8.3803051914
8.67586206897	8.3805366826
8.67931034483	8.3807677208
8.68275862069	8.3809983070
8.68620689655	8.3812284420
8.68965517241	8.3814581268
8.69310344828	8.3816873621
8.69655172414	8.3819161490
8.7	8.3821444883
8.70344827586	8.3823723808
8.70689655172	8.3825998274
8.71034482759	8.3828268291
8.71379310345	8.3830533867
8.71724137931	8.3832795011
8.72068965517	8.3835051732
8.72413793103	8.3837304038
8.7275862069	8.3839551938
8.73103448276	8.3841795441
8.73448275862	8.3844034555
8.73793103448	8.3846269289
8.74137931034	8.3848499652
8.74482758621	8.3850725653
8.74827586207	8.3852947299
8.75172413793	8.3855164600
8.75517241379	8.3857377564
8.75862068966	8.3859586200
8.76206896552	8.3861790516
8.76551724138	8.3863990521
8.76896551724	8.3866186224
8.7724137931	8.3868377632
8.77586206897	8.3870564754
8.77931034483	8.3872747599
8.78275862069	8.3874926175
8.78620689655	8.3877100491
8.78965517241	8.3879270554
8.79310344828	8.3881436374
8.79655172414	8.3883597959
8.8	8.3885755317
8.80344827586	8.3887908456
8.80689655172	8.3890057386
8.81034482759	8.3892202113
8.81379310345	8.3894342646
8.81724137931	8.3896478995
8.82068965517	8.3898611166
8.82413793103	8.3900739168
8.8275862069	8.3902863009
8.83103448276	8.3904982698
8.83448275862	8.3907098243
8.83793103448	8.3909209652
8.84137931034	8.3911316933
8.84482758621	8.3913420094
8.84827586207	8.3915519143
8.85172413793	8.3917614089
8.85517241379	8.3919704940
8.85862068966	8.3921791703
8.86206896552	8.3923874387
8.86551724138	8.3925952999
8.86896551724	8.3928027548
8.8724137931	8.3930098042
8.87586206897	8.3932164489
8.87931034483	8.3934226897
8.88275862069	8.3936285273
8.88620689655	8.3938339626
8.88965517241	8.3940389963
8.89310344828	8.3942436294
8.89655172414	8.3944478624
8.9	8.3946516963
8.90344827586	8.3948551318
8.90689655172	8.3950581697
8.91034482759	8.3952608108
8.91379310345	8.3954630558
8.91724137931	8.3956649056
8.92068965517	8.3958663609
8.92413793103	8.3960674226
8.9275862069	8.3962680913
8.93103448276	8.3964683679
8.93448275862	8.3966682531
8.93793103448	8.3968677477
8.94137931034	8.3970668525
8.94482758621	8.3972655682
8.94827586207	8.3974638956
8.95172413793	8.3976618355
8.95517241379	8.3978593886
8.95862068966	8.3980565558
8.96206896552	8.3982533376
8.96551724138	8.3984497351
8.96896551724	8.3986457487
8.9724137931	8.3988413794
8.97586206897	8.3990366279
8.97931034483	8.3992314950
8.98275862069	8.3994259813
8.98620689655	8.3996200877
8.98965517241	8.3998138149
8.99310344828	8.4000071636
8.99655172414	8.4002001345
9.0	8.4003927285
9.00344827586	8.4005849463
9.00689655172	8.4007767886
9.01034482759	8.4009682562
9.01379310345	8.4011593497
9.01724137931	8.4013500700
9.02068965517	8.4015404177
9.02413793103	8.4017303936
9.0275862069	8.4019199984
9.03103448276	8.4021092330
9.03448275862	8.4022980978
9.03793103448	8.4024865939
9.04137931034	8.4026747217
9.04482758621	8.4028624821
9.04827586207	8.4030498759
9.05172413793	8.4032369036
9.05517241379	8.4034235661
9.05862068966	8.4036098640
9.06206896552	8.4037957981
9.06551724138	8.4039813691
9.06896551724	8.4041665776
9.0724137931	8.4043514246
9.07586206897	8.4045359105
9.07931034483	8.4047200362
9.08275862069	8.4049038023
9.08620689655	8.4050872096
9.08965517241	8.4052702588
9.09310344828	8.4054529505
9.09655172414	8.4056352855
9.1	8.4058172645
9.10344827586	8.4059988882
9.10689655172	8.4061801572
9.11034482759	8.4063610723
9.11379310345	8.4065416342
9.11724137931	8.4067218436
9.12068965517	8.4069017011
9.12413793103	8.4070812075
9.1275862069	8.4072603634
9.13103448276	8.4074391696
9.13448275862	8.4076176267
9.13793103448	8.4077957354
9.14137931034	8.4079734964
9.14482758621	8.4081509104
9.14827586207	8.4083279780
9.15172413793	8.4085047000
9.15517241379	8.4086810771
9.15862068966	8.4088571098
9.16206896552	8.4090327990
9.16551724138	8.4092081451
9.16896551724	8.4093831491
9.1724137931	8.4095578114
9.17586206897	8.4097321328
9.17931034483	8.4099061140
9.18275862069	8.4100797556
9.18620689655	8.4102530583
9.18965517241	8.4104260228
9.19310344828	8.4105986497
9.19655172414	8.4107709396
9.2	8.4109428934
9.20344827586	8.4111145115
9.20689655172	8.4112857947
9.21034482759	8.4114567437
9.21379310345	8.4116273590
9.21724137931	8.4117976414
9.22068965517	8.4119675915
9.22413793103	8.4121372100
9.2275862069	8.4123064974
9.23103448276	8.4124754546
9.23448275862	8.4126440820
9.23793103448	8.4128123804
9.24137931034	8.4129803504
9.24482758621	8.4131479927
9.24827586207	8.4133153079
9.25172413793	8.4134822966
9.25517241379	8.4136489595
9.25862068966	8.4138152972
9.26206896552	8.4139813104
9.26551724138	8.4141469996
9.26896551724	8.4143123657
9.2724137931	8.4144774091
9.27586206897	8.4146421305
9.27931034483	8.4148065306
9.28275862069	8.4149706099
9.28620689655	8.4151343692
9.28965517241	8.4152978090
9.29310344828	8.4154609299
9.29655172414	8.4156237327
9.3	8.4157862179
9.30344827586	8.4159483861
9.30689655172	8.4161102380
9.31034482759	8.4162717742
9.31379310345	8.4164329953
9.31724137931	8.4165939019
9.32068965517	8.4167544947
9.32413793103	8.4169147742
9.3275862069	8.4170747411
9.33103448276	8.4172343961
9.33448275862	8.4173937396
9.33793103448	8.4175527724
9.34137931034	8.4177114950
9.34482758621	8.4178699080
9.34827586207	8.4180280121
9.35172413793	8.4181858079
9.35517241379	8.4183432959
9.35862068966	8.4185004768
9.36206896552	8.4186573512
9.36551724138	8.4188139197
9.36896551724	8.4189701828
9.3724137931	8.4191261412
9.37586206897	8.4192817956
9.37931034483	8.4194371464
9.38275862069	8.4195921942
9.38620689655	8.4197469398
9.38965517241	8.4199013836
9.39310344828	8.4200555262
9.39655172414	8.4202093684
9.4	8.4203629105
9.40344827586	8.4205161533
9.40689655172	8.4206690973
9.41034482759	8.4208217432
9.41379310345	8.4209740914
9.41724137931	8.4211261426
9.42068965517	8.4212778974
9.42413793103	8.4214293563
9.4275862069	8.4215805199
9.43103448276	8.4217313889
9.43448275862	8.4218819637
9.43793103448	8.4220322450
9.44137931034	8.4221822334
9.44482758621	8.4223319293
9.44827586207	8.4224813335
9.45172413793	8.4226304464
9.45517241379	8.4227792687
9.45862068966	8.4229278009
9.46206896552	8.4230760436
9.46551724138	8.4232239973
9.46896551724	8.4233716626
9.4724137931	8.4235190402
9.47586206897	8.4236661304
9.47931034483	8.4238129340
9.48275862069	8.4239594515
9.48620689655	8.4241056834
9.48965517241	8.4242516304
9.49310344828	8.4243972928
9.49655172414	8.4245426714
9.5	8.4246877667
9.50344827586	8.4248325793
9.50689655172	8.4249771096
9.51034482759	8.4251213582
9.51379310345	8.4252653258
9.51724137931	8.4254090128
9.52068965517	8.4255524199
9.52413793103	8.4256955474
9.5275862069	8.4258383961
9.53103448276	8.4259809665
9.53448275862	8.4261232590
9.53793103448	8.4262652743
9.54137931034	8.4264070129
9.54482758621	8.4265484753
9.54827586207	8.4266896621
9.55172413793	8.4268305738
9.55517241379	8.4269712109
9.55862068966	8.4271115741
9.56206896552	8.4272516638
9.56551724138	8.4273914806
9.56896551724	8.4275310249
9.5724137931	8.4276702975
9.57586206897	8.4278092987
9.57931034483	8.4279480291
9.58275862069	8.4280864893
9.58620689655	8.4282246797
9.58965517241	8.4283626009
9.59310344828	8.4285002535
9.59655172414	8.4286376379
9.6	8.4287747548
9.60344827586	8.4289116045
9.60689655172	8.4290481877
9.61034482759	8.4291845048
9.61379310345	8.4293205565
9.61724137931	8.4294563431
9.62068965517	8.4295918653
9.62413793103	8.4297271235
9.6275862069	8.4298621183
9.63103448276	8.4299968501
9.63448275862	8.4301313196
9.63793103448	8.4302655272
9.64137931034	8.4303994734
9.64482758621	8.4305331587
9.64827586207	8.4306665837
9.65172413793	8.4307997489
9.65517241379	8.4309326547
9.65862068966	8.4310653018
9.66206896552	8.4311976905
9.66551724138	8.4313298214
9.66896551724	8.4314616950
9.6724137931	8.4315933119
9.67586206897	8.4317246725
9.67931034483	8.4318557772
9.68275862069	8.4319866268
9.68620689655	8.4321172215
9.68965517241	8.4322475620
9.69310344828	8.4323776486
9.69655172414	8.4325074820
9.7	8.4326370627
9.70344827586	8.4327663910
9.70689655172	8.4328954676
9.71034482759	8.4330242928
9.71379310345	8.4331528673
9.71724137931	8.4332811915
9.72068965517	8.4334092658
9.72413793103	8.4335370908
9.7275862069	8.4336646670
9.73103448276	8.4337919948
9.73448275862	8.4339190748
9.73793103448	8.4340459074
9.74137931034	8.4341724931
9.74482758621	8.4342988324
9.74827586207	8.4344249258
9.75172413793	8.4345507737
9.75517241379	8.4346763767
9.75862068966	8.4348017353
9.76206896552	8.4349268498
9.76551724138	8.4350517208
9.76896551724	8.4351763488
9.7724137931	8.4353007342
9.77586206897	8.4354248775
9.77931034483	8.4355487793
9.78275862069	8.4356724399
9.78620689655	8.4357958598
9.78965517241	8.4359190396
9.79310344828	8.4360419796
9.79655172414	8.4361646804
9.8	8.4362871424
9.80344827586	8.4364093661
9.80689655172	8.4365313520
9.81034482759	8.4366531005
9.81379310345	8.4367746121
9.81724137931	8.4368958872
9.82068965517	8.4370169264
9.82413793103	8.4371377300
9.8275862069	8.4372582986
9.83103448276	8.4373786327
9.83448275862	8.4374987325
9.83793103448	8.4376185988
9.84137931034	8.4377382318
9.84482758621	8.4378576320
9.84827586207	8.4379768000
9.85172413793	8.4380957361
9.85517241379	8.4382144408
9.85862068966	8.4383329146
9.86206896552	8.4384511579
9.86551724138	8.4385691712
9.86896551724	8.4386869549
9.8724137931	8.4388045095
9.87586206897	8.4389218354
9.87931034483	8.4390389331
9.88275862069	8.4391558030
9.88620689655	8.4392724456
9.88965517241	8.4393888613
9.89310344828	8.4395050505
9.89655172414	8.4396210138
9.9	8.4397367515
9.90344827586	8.4398522641
9.90689655172	8.4399675520
9.91034482759	8.4400826157
9.91379310345	8.4401974556
9.91724137931	8.4403120722
9.92068965517	8.4404264659
9.92413793103	8.4405406371
9.9275862069	8.4406545862
9.93103448276	8.4407683138
9.93448275862	8.4408818201
9.93793103448	8.4409951058
9.94137931034	8.4411081712
9.94482758621	8.4412210167
9.94827586207	8.4413336427
9.95172413793	8.4414460498
9.95517241379	8.4415582382
9.95862068966	8.4416702086
9.96206896552	8.4417819612
9.96551724138	8.4418934965
9.96896551724	8.4420048150
9.9724137931	8.4421159170
9.97586206897	8.4422268030
9.97931034483	8.4423374734
9.98275862069	8.4424479287
9.98620689655	8.4425581692
9.98965517241	8.4426681954
9.99310344828	8.4427780077
9.99655172414	8.4428876065
