0.0	2.9091196405
0.002	2.9093381981
0.004	2.9095615799
0.006	2.9097896953
0.008	2.9100224647
0.01	2.9102598112
0.012	2.9105016609
0.014	2.9107479421
0.016	2.9109985857
0.018	2.9112535252
0.02	2.9115126962
0.022	2.9117760368
0.024	2.9120434872
0.026	2.9123149897
0.028	2.9125904888
0.03	2.9128699309
0.032	2.9131532645
0.034	2.9134404397
0.036	2.9137314088
0.038	2.9140261257
0.04	2.9143245460
0.042	2.9146266270
0.044	2.9149323277
0.046	2.9152416086
0.048	2.9155544319
0.05	2.9158707609
0.052	2.9161905608
0.054	2.9165137979
0.056	2.9168404401
0.058	2.9171704563
0.06	2.9175038170
0.062	2.9178404937
0.064	2.9181804593
0.066	2.9185236878
0.068	2.9188701544
0.07	2.9192198352
0.072	2.9195727076
0.074	2.9199287500
0.076	2.9202879417
0.078	2.9206502632
0.08	2.9210156957
0.082	2.9213842217
0.084	2.9217558241
0.086	2.9221304872
0.088	2.9225081959
0.09	2.9228889358
0.092	2.9232726936
0.094	2.9236594567
0.096	2.9240492132
0.098	2.9244419520
0.1	2.9248376627
0.102	2.9252363356
0.104	2.9256379618
0.106	2.9260425330
0.108	2.9264500414
0.11	2.9268604802
0.112	2.9272738428
0.114	2.9276901236
0.116	2.9281093173
0.118	2.9285314193
0.12	2.9289564257
0.122	2.9293843327
0.124	2.9298151376
0.126	2.9302488379
0.128	2.9306854316
0.13	2.9311249173
0.132	2.9315672940
0.134	2.9320125612
0.136	2.9324607190
0.138	2.9329117678
0.14	2.9333657084
0.142	2.9338225421
0.144	2.9342822708
0.146	2.9347448964
0.148	2.9352104216
0.15	2.9356788493
0.152	2.9361501828
0.154	2.9366244258
0.156	2.9371015824
0.158	2.9375816571
0.16	2.9380646545
0.162	2.9385505798
0.164	2.9390394385
0.166	2.9395312365
0.168	2.9400259797
0.17	2.9405236747
0.172	2.9410243282
0.174	2.9415279473
0.176	2.9420345394
0.178	2.9425441121
0.18	2.9430566733
0.182	2.9435722314
0.184	2.9440907948
0.186	2.9446123723
0.188	2.9451369730
0.19	2.9456646061
0.192	2.9461952814
0.194	2.9467290086
0.196	2.9472657979
0.198	2.9478056595
0.2	2.9483486041
0.202	2.9488946424
0.204	2.9494437856
0.206	2.9499960450
0.208	2.9505514320
0.21	2.9511099584
0.212	2.9516716361
0.214	2.9522364775
0.216	2.9528044948
0.218	2.9533757007
0.22	2.9539501080
0.222	2.9545277297
0.224	2.9551085791
0.226	2.9556926696
0.228	2.9562800149
0.23	2.9568706287
0.232	2.9574645251
0.234	2.9580617183
0.236	2.9586622227
0.238	2.9592660529
0.24	2.9598732237
0.242	2.9604837500
0.244	2.9610976469
0.246	2.9617149298
0.248	2.9623356141
0.25	2.9629597155
0.252	2.9635872498
0.254	2.9642182330
0.256	2.9648526813
0.258	2.9654906109
0.26	2.9661320385
0.262	2.9667769806
0.264	2.9674254541
0.266	2.9680774759
0.268	2.9687330632
0.27	2.9693922332
0.272	2.9700550034
0.274	2.9707213914
0.276	2.9713914149
0.278	2.9720650917
0.28	2.9727424401
0.282	2.9734234780
0.284	2.9741082239
0.286	2.9747966962
0.288	2.9754889135
0.29	2.9761848946
0.292	2.9768846584
0.294	2.9775882239
0.296	2.9782956102
0.298	2.9790068367
0.3	2.9797219228
0.302	2.9804408880
0.304	2.9811637521
0.306	2.9818905349
0.308	2.9826212563
0.31	2.9833559364
0.312	2.9840945954
0.314	2.9848372537
0.316	2.9855839317
0.318	2.9863346499
0.32	2.9870894291
0.322	2.9878482901
0.324	2.9886112537
0.326	2.9893783412
0.328	2.9901495735
0.33	2.9909249721
0.332	2.9917045582
0.334	2.9924883534
0.336	2.9932763793
0.338	2.9940686576
0.34	2.9948652101
0.342	2.9956660588
0.344	2.9964712257
0.346	2.9972807329
0.348	2.9980946027
0.35	2.9989128575
0.352	2.9997355195
0.354	3.0005626115
0.356	3.0013941560
0.358	3.0022301757
0.36	3.0030706936
0.362	3.0039157323
0.364	3.0047653151
0.366	3.0056194650
0.368	3.0064782051
0.37	3.0073415587
0.372	3.0082095491
0.374	3.0090821999
0.376	3.0099595344
0.378	3.0108415763
0.38	3.0117283492
0.382	3.0126198770
0.384	3.0135161833
0.386	3.0144172921
0.388	3.0153232274
0.39	3.0162340131
0.392	3.0171496734
0.394	3.0180702324
0.396	3.0189957143
0.398	3.0199261434
0.4	3.0208615441
0.402	3.0218019408
0.404	3.0227473579
0.406	3.0236978199
0.408	3.0246533513
0.41	3.0256139769
0.412	3.0265797212
0.414	3.0275506089
0.416	3.0285266649
0.418	3.0295079138
0.42	3.0304943805
0.422	3.0314860899
0.424	3.0324830669
0.426	3.0334853363
0.428	3.0344929232
0.43	3.0355058526
0.432	3.0365241494
0.434	3.0375478387
0.436	3.0385769455
0.438	3.0396114950
0.44	3.0406515122
0.442	3.0416970223
0.444	3.0427480503
0.446	3.0438046214
0.448	3.0448667606
0.45	3.0459344933
0.452	3.0470078444
0.454	3.0480868391
0.456	3.0491715026
0.458	3.0502618599
0.46	3.0513579363
0.462	3.0524597567
0.464	3.0535673463
0.466	3.0546807302
0.468	3.0557999333
0.47	3.0569249808
0.472	3.0580558977
0.474	3.0591927088
0.476	3.0603354392
0.478	3.0614841137
0.48	3.0626387573
0.482	3.0637993947
0.484	3.0649660507
0.486	3.0661387501
0.488	3.0673175176
0.49	3.0685023777
0.492	3.0696933551
0.494	3.0708904744
0.496	3.0720937599
0.498	3.0733032360
0.5	3.0745189272
0.502	3.0757408576
0.504	3.0769690515
0.506	3.0782035329
0.508	3.0794443259
0.51	3.0806914545
0.512	3.0819449425
0.514	3.0832048136
0.516	3.0844710916
0.518	3.0857438001
0.52	3.0870229625
0.522	3.0883086022
0.524	3.0896007426
0.526	3.0908994068
0.528	3.0922046179
0.53	3.0935163988
0.532	3.0948347724
0.534	3.0961597614
0.536	3.0974913884
0.538	3.0988296759
0.54	3.1001746463
0.542	3.1015263217
0.544	3.1028847242
0.546	3.1042498759
0.548	3.1056217984
0.55	3.1070005135
0.552	3.1083860427
0.554	3.1097784074
0.556	3.1111776288
0.558	3.1125837279
0.56	3.1139967258
0.562	3.1154166431
0.564	3.1168435005
0.566	3.1182773183
0.568	3.1197181169
0.57	3.1211659164
0.572	3.1226207367
0.574	3.1240825976
0.576	3.1255515186
0.578	3.1270275191
0.58	3.1285106184
0.582	3.1300008356
0.584	3.1314981895
0.586	3.1330026988
0.588	3.1345143819
0.59	3.1360332572
0.592	3.1375593428
0.594	3.1390926567
0.596	3.1406332164
0.598	3.1421810397
0.6	3.1437361438
0.602	3.1452985458
0.604	3.1468682628
0.606	3.1484453114
0.608	3.1500297081
0.61	3.1516214694
0.612	3.1532206113
0.614	3.1548271498
0.616	3.1564411006
0.618	3.1580624792
0.62	3.1596913009
0.622	3.1613275809
0.624	3.1629713340
0.626	3.1646225749
0.628	3.1662813181
0.63	3.1679475780
0.632	3.1696213684
0.634	3.1713027034
0.636	3.1729915966
0.638	3.1746880615
0.64	3.1763921112
0.642	3.1781037588
0.644	3.1798230172
0.646	3.1815498989
0.648	3.1832844165
0.65	3.1850265822
0.652	3.1867764079
0.654	3.1885339056
0.656	3.1902990867
0.658	3.1920719629
0.66	3.1938525453
0.662	3.1956408450
0.664	3.1974368728
0.666	3.1992406394
0.668	3.2010521553
0.67	3.2028714308
0.672	3.2046984760
0.674	3.2065333008
0.676	3.2083759150
0.678	3.2102263282
0.68	3.2120845497
0.682	3.2139505889
0.684	3.2158244548
0.686	3.2177061563
0.688	3.2195957021
0.69	3.2214931008
0.692	3.2233983609
0.694	3.2253114906
0.696	3.2272324981
0.698	3.2291613914
0.7	3.2310981783
0.702	3.2330428665
0.704	3.2349954635
0.706	3.2369559769
0.708	3.2389244139
0.71	3.2409007817
0.712	3.2428850874
0.714	3.2448773379
0.716	3.2468775402
0.718	3.2488857008
0.72	3.2509018264
0.722	3.2529259236
0.724	3.2549579988
0.726	3.2569980583
0.728	3.2590461083
0.73	3.2611021551
0.732	3.2631662046
0.734	3.2652382630
0.736	3.2673183361
0.738	3.2694064298
0.74	3.2715025498
0.742	3.2736067020
0.744	3.2757188920
0.746	3.2778391254
0.748	3.2799674077
0.75	3.2821037445
0.752	3.2842481414
0.754	3.2864006036
0.756	3.2885611366
0.758	3.2907297459
0.76	3.2929064366
0.762	3.2950912142
0.764	3.2972840839
0.766	3.2994850511
0.768	3.3016941208
0.77	3.3039112984
0.772	3.3061365892
0.774	3.3083699982
0.776	3.3106115308
0.778	3.3128611921
0.78	3.3151189873
0.782	3.3173849216
0.784	3.3196590002
0.786	3.3219412284
0.788	3.3242316112
0.79	3.3265301540
0.792	3.3288368619
0.794	3.3311517401
0.796	3.3334747940
0.798	3.3358060286
0.8	3.3381454493
0.802	3.3404930613
0.804	3.3428488699
0.806	3.3452128804
0.808	3.3475850979
0.81	3.3499655279
0.812	3.3523541757
0.814	3.3547510464
0.816	3.3571561455
0.818	3.3595694782
0.82	3.3619910498
0.822	3.3644208658
0.824	3.3668589313
0.826	3.3693052518
0.828	3.3717598325
0.83	3.3742226786
0.832	3.3766937956
0.834	3.3791731887
0.836	3.3816608631
0.838	3.3841568241
0.84	3.3866610769
0.842	3.3891736267
0.844	3.3916944786
0.846	3.3942236378
0.848	3.3967611094
0.85	3.3993068983
0.852	3.4018610097
0.854	3.4044234483
0.856	3.4069942193
0.858	3.4095733272
0.86	3.4121607770
0.862	3.4147565733
0.864	3.4173607206
0.866	3.4199732236
0.868	3.4225940867
0.87	3.4252233142
0.872	3.4278609103
0.874	3.4305068792
0.876	3.4331612249
0.878	3.4358239514
0.88	3.4384950623
0.882	3.4411745614
0.884	3.4438624522
0.886	3.4465587381
0.888	3.4492634222
0.89	3.4519765077
0.892	3.4546979975
0.894	3.4574278943
0.896	3.4601662008
0.898	3.4629129192
0.9	3.4656680519
0.902	3.4684316007
0.904	3.4712035677
0.906	3.4739839543
0.908	3.4767727621
0.91	3.4795699921
0.912	3.4823756454
0.914	3.4851897227
0.916	3.4880122245
0.918	3.4908431512
0.92	3.4936825027
0.922	3.4965302788
0.924	3.4993864792
0.926	3.5022511030
0.928	3.5051241493
0.93	3.5080056169
0.932	3.5108955041
0.934	3.5137938094
0.936	3.5167005304
0.938	3.5196156650
0.94	3.5225392104
0.942	3.5254711638
0.944	3.5284115218
0.946	3.5313602811
0.948	3.5343174377
0.95	3.5372829875
0.952	3.5402569262
0.954	3.5432392489
0.956	3.5462299507
0.958	3.5492290262
0.96	3.5522364697
0.962	3.5552522753
0.964	3.5582764367
0.966	3.5613089472
0.968	3.5643498001
0.97	3.5673989880
0.972	3.5704565033
0.974	3.5735223384
0.976	3.5765964849
0.978	3.5796789344
0.98	3.5827696781
0.982	3.5858687069
0.984	3.5889760114
0.986	3.5920915819
0.988	3.5952154083
0.99	3.5983474802
0.992	3.6014877872
0.994	3.6046363181
0.996	3.6077930618
0.998	3.6109580067
1.0	3.6141311411
1.002	3.6173124527
1.004	3.6205019293
1.006	3.6236995581
1.008	3.6269053261
1.01	3.6301192201
1.012	3.6333412266
1.014	3.6365713318
1.016	3.6398095217
1.018	3.6430557819
1.02	3.6463100979
1.022	3.6495724549
1.024	3.6528428378
1.026	3.6561212312
1.028	3.6594076196
1.03	3.6627019873
1.032	3.6660043182
1.034	3.6693145960
1.036	3.6726328043
1.038	3.6759589264
1.04	3.6792929453
1.042	3.6826348440
1.044	3.6859846052
1.046	3.6893422112
1.048	3.6927076444
1.05	3.6960808868
1.052	3.6994619205
1.054	3.7028507269
1.056	3.7062472878
1.058	3.7096515844
1.06	3.7130635980
1.062	3.7164833095
1.064	3.7199106997
1.066	3.7233457495
1.068	3.7267884392
1.07	3.7302387493
1.072	3.7336966600
1.074	3.7371621514
1.076	3.7406352034
1.078	3.7441157958
1.08	3.7476039083
1.082	3.7510995203
1.084	3.7546026113
1.086	3.7581131606
1.088	3.7616311472
1.09	3.7651565502
1.092	3.7686893485
1.094	3.7722295208
1.096	3.7757770458
1.098	3.7793319021
1.1	3.7828940681
1.102	3.7864635221
1.104	3.7900402424
1.106	3.7936242070
1.108	3.7972153939
1.11	3.8008137811
1.112	3.8044193463
1.114	3.8080320673
1.116	3.8116519217
1.118	3.8152788870
1.12	3.8189129406
1.122	3.8225540598
1.124	3.8262022219
1.126	3.8298574040
1.128	3.8335195832
1.13	3.8371887364
1.132	3.8408648406
1.134	3.8445478724
1.136	3.8482378087
1.138	3.8519346260
1.14	3.8556383008
1.142	3.8593488097
1.144	3.8630661291
1.146	3.8667902351
1.148	3.8705211041
1.15	3.8742587121
1.152	3.8780030353
1.154	3.8817540496
1.156	3.8855117310
1.158	3.8892760552
1.16	3.8930469980
1.162	3.8968245351
1.164	3.9006086422
1.166	3.9043992947
1.168	3.9081964682
1.17	3.9120001381
1.172	3.9158102796
1.174	3.9196268681
1.176	3.9234498787
1.178	3.9272792867
1.18	3.9311150669
1.182	3.9349571945
1.184	3.9388056444
1.186	3.9426603915
1.188	3.9465214105
1.19	3.9503886763
1.192	3.9542621634
1.194	3.9581418467
1.196	3.9620277005
1.198	3.9659196994
1.2	3.9698178179
1.202	3.9737220304
1.204	3.9776323112
1.206	3.9815486346
1.208	3.9854709748
1.21	3.9893993060
1.212	3.9933336023
1.214	3.9972738378
1.216	4.0012199865
1.218	4.0051720223
1.22	4.0091299192
1.222	4.0130936510
1.224	4.0170631915
1.226	4.0210385144
1.228	4.0250195936
1.23	4.0290064025
1.232	4.0329989149
1.234	4.0369971043
1.236	4.0410009441
1.238	4.0450104079
1.24	4.0490254690
1.242	4.0530461008
1.244	4.0570722766
1.246	4.0611039696
1.248	4.0651411531
1.25	4.0691838001
1.252	4.0732318840
1.254	4.0772853775
1.256	4.0813442539
1.258	4.0854084860
1.26	4.0894780467
1.262	4.0935529090
1.264	4.0976330455
1.266	4.1017184291
1.268	4.1058090326
1.27	4.1099048284
1.272	4.1140057893
1.274	4.1181118878
1.276	4.1222230964
1.278	4.1263393876
1.28	4.1304607337
1.282	4.1345871072
1.284	4.1387184803
1.286	4.1428548253
1.288	4.1469961143
1.29	4.1511423196
1.292	4.1552934132
1.294	4.1594493672
1.296	4.1636101535
1.298	4.1677757441
1.3	4.1719461110
1.302	4.1761212258
1.304	4.1803010606
1.306	4.1844855869
1.308	4.1886747765
1.31	4.1928686010
1.312	4.1970670321
1.314	4.2012700412
1.316	4.2054775999
1.318	4.2096896797
1.32	4.2139062518
1.322	4.2181272878
1.324	4.2223527589
1.326	4.2265826364
1.328	4.2308168916
1.33	4.2350554955
1.332	4.2392984195
1.334	4.2435456344
1.336	4.2477971116
1.338	4.2520528218
1.34	4.2563127363
1.342	4.2605768258
1.344	4.2648450614
1.346	4.2691174139
1.348	4.2733938541
1.35	4.2776743529
1.352	4.2819588811
1.354	4.2862474094
1.356	4.2905399086
1.358	4.2948363493
1.36	4.2991367022
1.362	4.3034409381
1.364	4.3077490274
1.366	4.3120609409
1.368	4.3163766491
1.37	4.3206961225
1.372	4.3250193318
1.374	4.3293462475
1.376	4.3336768400
1.378	4.3380110799
1.38	4.3423489377
1.382	4.3466903839
1.384	4.3510353889
1.386	4.3553839232
1.388	4.3597359573
1.39	4.3640914616
1.392	4.3684504065
1.394	4.3728127626
1.396	4.3771785002
1.398	4.3815475898
1.4	4.3859200019
1.402	4.3902957068
1.404	4.3946746751
1.406	4.3990568771
1.408	4.4034422834
1.41	4.4078308645
1.412	4.4122225907
1.414	4.4166174327
1.416	4.4210153608
1.418	4.4254163456
1.42	4.4298203576
1.422	4.4342273674
1.424	4.4386373455
1.426	4.4430502625
1.428	4.4474660889
1.43	4.4518847954
1.432	4.4563063527
1.434	4.4607307312
1.436	4.4651579018
1.438	4.4695878351
1.44	4.4740205018
1.442	4.4784558727
1.444	4.4828939185
1.446	4.4873346100
1.448	4.4917779181
1.45	4.4962238136
1.452	4.5006722674
1.454	4.5051232504
1.456	4.5095767335
1.458	4.5140326877
1.46	4.5184910840
1.462	4.5229518935
1.464	4.5274150873
1.466	4.5318806364
1.468	4.5363485120
1.47	4.5408186853
1.472	4.5452911275
1.474	4.5497658099
1.476	4.5542427038
1.478	4.5587217805
1.48	4.5632030115
1.482	4.5676863680
1.484	4.5721718217
1.486	4.5766593440
1.488	4.5811489065
1.49	4.5856404807
1.492	4.5901340383
1.494	4.5946295511
1.496	4.5991269906
1.498	4.6036263288
1.5	4.6081275373
1.502	4.6126305882
1.504	4.6171354532
1.506	4.6216421044
1.508	4.6261505138
1.51	4.6306606534
1.512	4.6351724954
1.514	4.6396860118
1.516	4.6442011750
1.518	4.6487179570
1.52	4.6532363304
1.522	4.6577562673
1.524	4.6622777402
1.526	4.6668007216
1.528	4.6713251839
1.53	4.6758510998
1.532	4.6803784417
1.534	4.6849071824
1.536	4.6894372946
1.538	4.6939687510
1.54	4.6985015244
1.542	4.7030355878
1.544	4.7075709139
1.546	4.7121074758
1.548	4.7166452465
1.55	4.7211841990
1.552	4.7257243066
1.554	4.7302655422
1.556	4.7348078793
1.558	4.7393512910
1.56	4.7438957507
1.562	4.7484412318
1.564	4.7529877078
1.566	4.7575351520
1.568	4.7620835381
1.57	4.7666328397
1.572	4.7711830305
1.574	4.7757340841
1.576	4.7802859742
1.578	4.7848386749
1.58	4.7893921598
1.582	4.7939464030
1.584	4.7985013785
1.586	4.8030570602
1.588	4.8076134224
1.59	4.8121704391
1.592	4.8167280845
1.594	4.8212863331
1.596	4.8258451589
1.598	4.8304045366
1.6	4.8349644404
1.602	4.8395248450
1.604	4.8440857249
1.606	4.8486470546
1.608	4.8532088090
1.61	4.8577709626
1.612	4.8623334904
1.614	4.8668963672
1.616	4.8714595678
1.618	4.8760230673
1.62	4.8805868408
1.622	4.8851508632
1.624	4.8897151099
1.626	4.8942795559
1.628	4.8988441767
1.63	4.9034089475
1.632	4.9079738437
1.634	4.9125388408
1.636	4.9171039144
1.638	4.9216690401
1.64	4.9262341935
1.642	4.9307993503
1.644	4.9353644863
1.646	4.9399295774
1.648	4.9444945995
1.65	4.9490595286
1.652	4.9536243408
1.654	4.9581890120
1.656	4.9627535186
1.658	4.9673178368
1.66	4.9718819429
1.662	4.9764458132
1.664	4.9810094242
1.666	4.9855727525
1.668	4.9901357745
1.67	4.9946984670
1.672	4.9992608066
1.674	5.0038227702
1.676	5.0083843346
1.678	5.0129454766
1.68	5.0175061734
1.682	5.0220664020
1.684	5.0266261394
1.686	5.0311853629
1.688	5.0357440497
1.69	5.0403021773
1.692	5.0448597229
1.694	5.0494166641
1.696	5.0539729784
1.698	5.0585286435
1.7	5.0630836369
1.702	5.0676379366
1.704	5.0721915202
1.706	5.0767443658
1.708	5.0812964513
1.71	5.0858477548
1.712	5.0903982543
1.714	5.0949479280
1.716	5.0994967543
1.718	5.1040447115
1.72	5.1085917779
1.722	5.1131379321
1.724	5.1176831526
1.726	5.1222274180
1.728	5.1267707071
1.73	5.1313129987
1.732	5.1358542715
1.734	5.1403945045
1.736	5.1449336767
1.738	5.1494717672
1.74	5.1540087551
1.742	5.1585446197
1.744	5.1630793402
1.746	5.1676128960
1.748	5.1721452666
1.75	5.1766764314
1.752	5.1812063701
1.754	5.1857350623
1.756	5.1902624879
1.758	5.1947886265
1.76	5.1993134581
1.762	5.2038369626
1.764	5.2083591202
1.766	5.2128799108
1.768	5.2173993148
1.77	5.2219173123
1.772	5.2264338837
1.774	5.2309490095
1.776	5.2354626701
1.778	5.2399748460
1.78	5.2444855180
1.782	5.2489946668
1.784	5.2535022730
1.786	5.2580083177
1.788	5.2625127818
1.79	5.2670156462
1.792	5.2715168920
1.794	5.2760165005
1.796	5.2805144529
1.798	5.2850107304
1.8	5.2895053145
1.802	5.2939981867
1.804	5.2984893285
1.806	5.3029787215
1.808	5.3074663474
1.81	5.3119521880
1.812	5.3164362252
1.814	5.3209184407
1.816	5.3253988167
1.818	5.3298773353
1.82	5.3343539785
1.822	5.3388287285
1.824	5.3433015678
1.826	5.3477724785
1.828	5.3522414433
1.83	5.3567084446
1.832	5.3611734650
1.834	5.3656364871
1.836	5.3700974938
1.838	5.3745564678
1.84	5.3790133921
1.842	5.3834682495
1.844	5.3879210232
1.846	5.3923716962
1.848	5.3968202517
1.85	5.4012666731
1.852	5.4057109437
1.854	5.4101530468
1.856	5.4145929659
1.858	5.4190306847
1.86	5.4234661867
1.862	5.4278994557
1.864	5.4323304754
1.866	5.4367592298
1.868	5.4411857026
1.87	5.4456098780
1.872	5.4500317400
1.874	5.4544512728
1.876	5.4588684606
1.878	5.4632832877
1.88	5.4676957384
1.882	5.4721057973
1.884	5.4765134488
1.886	5.4809186775
1.888	5.4853214680
1.89	5.4897218052
1.892	5.4941196739
1.894	5.4985150588
1.896	5.5029079450
1.898	5.5072983175
1.9	5.5116861614
1.902	5.5160714618
1.904	5.5204542040
1.906	5.5248343734
1.908	5.5292119553
1.91	5.5335869351
1.912	5.5379592985
1.914	5.5423290309
1.916	5.5466961181
1.918	5.5510605459
1.92	5.5554222999
1.922	5.5597813662
1.924	5.5641377307
1.926	5.5684913794
1.928	5.5728422984
1.93	5.5771904740
1.932	5.5815358922
1.934	5.5858785395
1.936	5.5902184022
1.938	5.5945554668
1.94	5.5988897199
1.942	5.6032211479
1.944	5.6075497376
1.946	5.6118754757
1.948	5.6161983490
1.95	5.6205183444
1.952	5.6248354488
1.954	5.6291496492
1.956	5.6334609328
1.958	5.6377692867
1.96	5.6420746980
1.962	5.6463771542
1.964	5.6506766425
1.966	5.6549731503
1.968	5.6592666653
1.97	5.6635571748
1.972	5.6678446667
1.974	5.6721291285
1.976	5.6764105481
1.978	5.6806889132
1.98	5.6849642118
1.982	5.6892364319
1.984	5.6935055615
1.986	5.6977715887
1.988	5.7020345017
1.99	5.7062942887
1.992	5.7105509381
1.994	5.7148044381
1.996	5.7190547774
1.998	5.7233019443
2.0	5.7275459275
2.002	5.7317867157
2.004	5.7360242974
2.006	5.7402586615
2.008	5.7444897969
2.01	5.7487176924
2.012	5.7529423371
2.014	5.7571637199
2.016	5.7613818300
2.018	5.7655966566
2.02	5.7698081889
2.022	5.7740164162
2.024	5.7782213278
2.026	5.7824229133
2.028	5.7866211620
2.03	5.7908160637
2.032	5.7950076078
2.034	5.7991957842
2.036	5.8033805825
2.038	5.8075619925
2.04	5.8117400043
2.042	5.8159146076
2.044	5.8200857926
2.046	5.8242535493
2.048	5.8284178679
2.05	5.8325787385
2.052	5.8367361514
2.054	5.8408900970
2.056	5.8450405656
2.058	5.8491875478
2.06	5.8533310339
2.062	5.8574710147
2.064	5.8616074807
2.066	5.8657404227
2.068	5.8698698314
2.07	5.8739956977
2.072	5.8781180124
2.074	5.8822367665
2.076	5.8863519510
2.078	5.8904635570
2.08	5.8945715756
2.082	5.8986759981
2.084	5.9027768157
2.086	5.9068740196
2.088	5.9109676013
2.09	5.9150575523
2.092	5.9191438640
2.094	5.9232265279
2.096	5.9273055358
2.098	5.9313808792
2.1	5.9354525500
2.102	5.9395205399
2.104	5.9435848407
2.106	5.9476454445
2.108	5.9517023431
2.11	5.9557555286
2.112	5.9598049931
2.114	5.9638507287
2.116	5.9678927277
2.118	5.9719309823
2.12	5.9759654848
2.122	5.9799962277
2.124	5.9840232033
2.126	5.9880464041
2.128	5.9920658228
2.13	5.9960814518
2.132	6.0000932840
2.134	6.0041013119
2.136	6.0081055285
2.138	6.0121059264
2.14	6.0161024987
2.142	6.0200952382
2.144	6.0240841380
2.146	6.0280691911
2.148	6.0320503907
2.15	6.0360277298
2.152	6.0400012018
2.154	6.0439707999
2.156	6.0479365175
2.158	6.0518983479
2.16	6.0558562845
2.162	6.0598103209
2.164	6.0637604507
2.166	6.0677066674
2.168	6.0716489647
2.17	6.0755873363
2.172	6.0795217759
2.174	6.0834522775
2.176	6.0873788348
2.178	6.0913014418
2.18	6.0952200924
2.182	6.0991347808
2.184	6.1030455009
2.186	6.1069522469
2.188	6.1108550131
2.19	6.1147537935
2.192	6.1186485826
2.194	6.1225393747
2.196	6.1264261641
2.198	6.1303089453
2.2	6.1341877129
2.202	6.1380624613
2.204	6.1419331851
2.206	6.1457998790
2.208	6.1496625377
2.21	6.1535211559
2.212	6.1573757285
2.214	6.1612262503
2.216	6.1650727161
2.218	6.1689151209
2.22	6.1727534598
2.222	6.1765877278
2.224	6.1804179199
2.226	6.1842440313
2.228	6.1880660571
2.23	6.1918839928
2.232	6.1956978334
2.234	6.1995075744
2.236	6.2033132112
2.238	6.2071147391
2.24	6.2109121537
2.242	6.2147054504
2.244	6.2184946249
2.246	6.2222796728
2.248	6.2260605898
2.25	6.2298373715
2.252	6.2336100137
2.254	6.2373785123
2.256	6.2411428630
2.258	6.2449030619
2.26	6.2486591047
2.262	6.2524109876
2.264	6.2561587066
2.266	6.2599022577
2.268	6.2636416372
2.27	6.2673768410
2.272	6.2711078656
2.274	6.2748347071
2.276	6.2785573618
2.278	6.2822758262
2.28	6.2859900965
2.282	6.2897001693
2.284	6.2934060410
2.286	6.2971077082
2.288	6.3008051675
2.29	6.3044984153
2.292	6.3081874486
2.294	6.3118722638
2.296	6.3155528578
2.298	6.3192292273
2.3	6.3229013693
2.302	6.3265692805
2.304	6.3302329579
2.306	6.3338923984
2.308	6.3375475991
2.31	6.3411985570
2.312	6.3448452691
2.314	6.3484877327
2.316	6.3521259448
2.318	6.3557599027
2.32	6.3593896037
2.322	6.3630150450
2.324	6.3666362240
2.326	6.3702531380
2.328	6.3738657844
2.33	6.3774741608
2.332	6.3810782645
2.334	6.3846780932
2.336	6.3882736444
2.338	6.3918649158
2.34	6.3954519049
2.342	6.3990346095
2.344	6.4026130273
2.346	6.4061871561
2.348	6.4097569937
2.35	6.4133225380
2.352	6.4168837867
2.354	6.4204407380
2.356	6.4239933896
2.358	6.4275417397
2.36	6.4310857863
2.362	6.4346255274
2.364	6.4381609611
2.366	6.4416920857
2.368	6.4452188994
2.37	6.4487414002
2.372	6.4522595866
2.374	6.4557734568
2.376	6.4592830091
2.378	6.4627882420
2.38	6.4662891538
2.382	6.4697857430
2.384	6.4732780081
2.386	6.4767659476
2.388	6.4802495601
2.39	6.4837288441
2.392	6.4872037982
2.394	6.4906744213
2.396	6.4941407119
2.398	6.4976026687
2.4	6.5010602906
2.402	6.5045135764
2.404	6.5079625249
2.406	6.5114071349
2.408	6.5148474054
2.41	6.5182833354
2.412	6.5217149237
2.414	6.5251421694
2.416	6.5285650716
2.418	6.5319836293
2.42	6.5353978417
2.422	6.5388077078
2.424	6.5422132269
2.426	6.5456143982
2.428	6.5490112209
2.43	6.5524036943
2.432	6.5557918177
2.434	6.5591755904
2.436	6.5625550118
2.438	6.5659300814
2.44	6.5693007985
2.442	6.5726671627
2.444	6.5760291734
2.446	6.5793868302
2.448	6.5827401326
2.45	6.5860890802
2.452	6.5894336727
2.454	6.5927739097
2.456	6.5961097909
2.458	6.5994413160
2.46	6.6027684848
2.462	6.6060912971
2.464	6.6094097526
2.466	6.6127238512
2.468	6.6160335928
2.47	6.6193389773
2.472	6.6226400046
2.474	6.6259366747
2.476	6.6292289876
2.478	6.6325169432
2.48	6.6358005416
2.482	6.6390797830
2.484	6.6423546674
2.486	6.6456251950
2.488	6.6488913658
2.49	6.6521531802
2.492	6.6554106383
2.494	6.6586637404
2.496	6.6619124868
2.498	6.6651568777
2.5	6.6683969135
2.502	6.6716325946
2.504	6.6748639214
2.506	6.6780908942
2.508	6.6813135136
2.51	6.6845317799
2.512	6.6877456937
2.514	6.6909552555
2.516	6.6941604659
2.518	6.6973613254
2.52	6.7005578347
2.522	6.7037499944
2.524	6.7069378051
2.526	6.7101212675
2.528	6.7133003823
2.53	6.7164751503
2.532	6.7196455723
2.534	6.7228116489
2.536	6.7259733811
2.538	6.7291307697
2.54	6.7322838155
2.542	6.7354325195
2.544	6.7385768824
2.546	6.7417169054
2.548	6.7448525893
2.55	6.7479839351
2.552	6.7511109439
2.554	6.7542336166
2.556	6.7573519544
2.558	6.7604659584
2.56	6.7635756295
2.562	6.7666809691
2.564	6.7697819782
2.566	6.7728786579
2.568	6.7759710097
2.57	6.7790590345
2.572	6.7821427338
2.574	6.7852221087
2.576	6.7882971606
2.578	6.7913678908
2.58	6.7944343007
2.582	6.7974963915
2.584	6.8005541648
2.586	6.8036076218
2.588	6.8066567641
2.59	6.8097015931
2.592	6.8127421102
2.594	6.8157783171
2.596	6.8188102151
2.598	6.8218378059
2.6	6.8248610910
2.602	6.8278800719
2.604	6.8308947504
2.606	6.8339051280
2.608	6.8369112064
2.61	6.8399129873
2.612	6.8429104723
2.614	6.8459036631
2.616	6.8488925616
2.618	6.8518771694
2.62	6.8548574884
2.622	6.8578335203
2.624	6.8608052669
2.626	6.8637727301
2.628	6.8667359118
2.63	6.8696948138
2.632	6.8726494379
2.634	6.8755997862
2.636	6.8785458606
2.638	6.8814876630
2.64	6.8844251954
2.642	6.8873584598
2.644	6.8902874582
2.646	6.8932121927
2.648	6.8961326652
2.65	6.8990488779
2.652	6.9019608328
2.654	6.9048685321
2.656	6.9077719779
2.658	6.9106711723
2.66	6.9135661175
2.662	6.9164568157
2.664	6.9193432691
2.666	6.9222254798
2.668	6.9251034502
2.67	6.9279771825
2.672	6.9308466789
2.674	6.9337119418
2.676	6.9365729734
2.678	6.9394297761
2.68	6.9422823522
2.682	6.9451307041
2.684	6.9479748342
2.686	6.9508147448
2.688	6.9536504383
2.69	6.9564819172
2.692	6.9593091840
2.694	6.9621322410
2.696	6.9649510908
2.698	6.9677657359
2.7	6.9705761787
2.702	6.9733824218
2.704	6.9761844677
2.706	6.9789823190
2.708	6.9817759783
2.71	6.9845654481
2.712	6.9873507311
2.714	6.9901318298
2.716	6.9929087470
2.718	6.9956814852
2.72	6.9984500472
2.722	7.0012144355
2.724	7.0039746530
2.726	7.0067307023
2.728	7.0094825861
2.73	7.0122303073
2.732	7.0149738685
2.734	7.0177132725
2.736	7.0204485221
2.738	7.0231796201
2.74	7.0259065693
2.742	7.0286293726
2.744	7.0313480328
2.746	7.0340625527
2.748	7.0367729353
2.75	7.0394791833
2.752	7.0421812998
2.754	7.0448792876
2.756	7.0475731497
2.758	7.0502628889
2.76	7.0529485083
2.762	7.0556300108
2.764	7.0583073994
2.766	7.0609806771
2.768	7.0636498469
2.77	7.0663149119
2.772	7.0689758749
2.774	7.0716327392
2.776	7.0742855077
2.778	7.0769341836
2.78	7.0795787699
2.782	7.0822192697
2.784	7.0848556861
2.786	7.0874880223
2.788	7.0901162813
2.79	7.0927404664
2.792	7.0953605806
2.794	7.0979766272
2.796	7.1005886094
2.798	7.1031965303
2.8	7.1058003931
2.802	7.1084002011
2.804	7.1109959575
2.806	7.1135876655
2.808	7.1161753284
2.81	7.1187589494
2.812	7.1213385319
2.814	7.1239140790
2.816	7.1264855942
2.818	7.1290530807
2.82	7.1316165419
2.822	7.1341759810
2.824	7.1367314014
2.826	7.1392828065
2.828	7.1418301996
2.83	7.1443735841
2.832	7.1469129634
2.834	7.1494483409
2.836	7.1519797199
2.838	7.1545071040
2.84	7.1570304965
2.842	7.1595499009
2.844	7.1620653205
2.846	7.1645767590
2.848	7.1670842196
2.85	7.1695877060
2.852	7.1720872216
2.854	7.1745827698
2.856	7.1770743543
2.858	7.1795619784
2.86	7.1820456458
2.862	7.1845253600
2.864	7.1870011244
2.866	7.1894729428
2.868	7.1919408185
2.87	7.1944047552
2.872	7.1968647565
2.874	7.1993208260
2.876	7.2017729672
2.878	7.2042211838
2.88	7.2066654794
2.882	7.2091058575
2.884	7.2115423219
2.886	7.2139748761
2.888	7.2164035239
2.89	7.2188282689
2.892	7.2212491147
2.894	7.2236660650
2.896	7.2260791235
2.898	7.2284882939
2.9	7.2308935799
2.902	7.2332949852
2.904	7.2356925135
2.906	7.2380861686
2.908	7.2404759541
2.91	7.2428618738
2.912	7.2452439314
2.914	7.2476221307
2.916	7.2499964755
2.918	7.2523669696
2.92	7.2547336166
2.922	7.2570964204
2.924	7.2594553848
2.926	7.2618105135
2.928	7.2641618105
2.93	7.2665092794
2.932	7.2688529241
2.934	7.2711927485
2.936	7.2735287563
2.938	7.2758609514
2.94	7.2781893377
2.942	7.2805139189
2.944	7.2828346991
2.946	7.2851516819
2.948	7.2874648714
2.95	7.2897742713
2.952	7.2920798856
2.954	7.2943817182
2.956	7.2966797729
2.958	7.2989740536
2.96	7.3012645643
2.962	7.3035513089
2.964	7.3058342914
2.966	7.3081135155
2.968	7.3103889853
2.97	7.3126607047
2.972	7.3149286777
2.974	7.3171929081
2.976	7.3194534001
2.978	7.3217101574
2.98	7.3239631842
2.982	7.3262124843
2.984	7.3284580617
2.986	7.3306999205
2.988	7.3329380646
2.99	7.3351724981
2.992	7.3374032248
2.994	7.3396302489
2.996	7.3418535743
2.998	7.3440732050
3.0	7.3462891452
3.002	7.3485013987
3.004	7.3507099697
3.006	7.3529148621
3.008	7.3551160800
3.01	7.3573136275
3.012	7.3595075085
3.014	7.3616977273
3.016	7.3638842877
3.018	7.3660671939
3.02	7.3682464500
3.022	7.3704220600
3.024	7.3725940280
3.026	7.3747623580
3.028	7.3769270543
3.03	7.3790881207
3.032	7.3812455616
3.034	7.3833993808
3.036	7.3855495827
3.038	7.3876961711
3.04	7.3898391504
3.042	7.3919785245
3.044	7.3941142976
3.046	7.3962464738
3.048	7.3983750573
3.05	7.4005000521
3.052	7.4026214625
3.054	7.4047392925
3.056	7.4068535463
3.058	7.4089642280
3.06	7.4110713418
3.062	7.4131748918
3.064	7.4152748822
3.066	7.4173713171
3.068	7.4194642007
3.07	7.4215535372
3.072	7.4236393307
3.074	7.4257215854
3.076	7.4278003054
3.078	7.4298754951
3.08	7.4319471584
3.082	7.4340152997
3.084	7.4360799230
3.086	7.4381410326
3.088	7.4401986327
3.09	7.4422527275
3.092	7.4443033211
3.094	7.4463504178
3.096	7.4483940218
3.098	7.4504341372
3.1	7.4524707683
3.102	7.4545039193
3.104	7.4565335944
3.106	7.4585597978
3.108	7.4605825337
3.11	7.4626018064
3.112	7.4646176200
3.114	7.4666299788
3.116	7.4686388871
3.118	7.4706443490
3.12	7.4726463687
3.122	7.4746449506
3.124	7.4766400988
3.126	7.4786318177
3.128	7.4806201113
3.13	7.4826049839
3.132	7.4845864399
3.134	7.4865644835
3.136	7.4885391188
3.138	7.4905103501
3.14	7.4924781818
3.142	7.4944426179
3.144	7.4964036629
3.146	7.4983613209
3.148	7.5003155962
3.15	7.5022664931
3.152	7.5042140158
3.154	7.5061581686
3.156	7.5080989557
3.158	7.5100363814
3.16	7.5119704500
3.162	7.5139011657
3.164	7.5158285328
3.166	7.5177525556
3.168	7.5196732383
3.17	7.5215905852
3.172	7.5235046007
3.174	7.5254152888
3.176	7.5273226540
3.178	7.5292267005
3.18	7.5311274326
3.182	7.5330248545
3.184	7.5349189706
3.186	7.5368097851
3.188	7.5386973022
3.19	7.5405815264
3.192	7.5424624618
3.194	7.5443401127
3.196	7.5462144835
3.198	7.5480855783
3.2	7.5499534015
3.202	7.5518179574
3.204	7.5536792503
3.206	7.5555372844
3.208	7.5573920640
3.21	7.5592435935
3.212	7.5610918770
3.214	7.5629369189
3.216	7.5647787235
3.218	7.5666172951
3.22	7.5684526379
3.222	7.5702847562
3.224	7.5721136544
3.226	7.5739393367
3.228	7.5757618074
3.23	7.5775810708
3.232	7.5793971311
3.234	7.5812099928
3.236	7.5830196600
3.238	7.5848261370
3.24	7.5866294282
3.242	7.5884295379
3.244	7.5902264702
3.246	7.5920202296
3.248	7.5938108203
3.25	7.5955982465
3.252	7.5973825127
3.254	7.5991636230
3.256	7.6009415817
3.258	7.6027163932
3.26	7.6044880617
3.262	7.6062565916
3.264	7.6080219870
3.266	7.6097842524
3.268	7.6115433919
3.27	7.6132994099
3.272	7.6150523106
3.274	7.6168020983
3.276	7.6185487774
3.278	7.6202923521
3.28	7.6220328266
3.282	7.6237702054
3.284	7.6255044925
3.286	7.6272356924
3.288	7.6289638093
3.29	7.6306888475
3.292	7.6324108113
3.294	7.6341297049
3.296	7.6358455326
3.298	7.6375582988
3.3	7.6392680076
3.302	7.6409746633
3.304	7.6426782703
3.306	7.6443788328
3.308	7.6460763550
3.31	7.6477708413
3.312	7.6494622959
3.314	7.6511507231
3.316	7.6528361271
3.318	7.6545185122
3.32	7.6561978827
3.322	7.6578742428
3.324	7.6595475969
3.326	7.6612179491
3.328	7.6628853037
3.33	7.6645496650
3.332	7.6662110373
3.334	7.6678694248
3.336	7.6695248317
3.338	7.6711772623
3.34	7.6728267209
3.342	7.6744732118
3.344	7.6761167390
3.346	7.6777573070
3.348	7.6793949200
3.35	7.6810295822
3.352	7.6826612978
3.354	7.6842900711
3.356	7.6859159064
3.358	7.6875388079
3.36	7.6891587797
3.362	7.6907758262
3.364	7.6923899516
3.366	7.6940011601
3.368	7.6956094560
3.37	7.6972148435
3.372	7.6988173267
3.374	7.7004169100
3.376	7.7020135976
3.378	7.7036073936
3.38	7.7051983024
3.382	7.7067863281
3.384	7.7083714749
3.386	7.7099537471
3.388	7.7115331489
3.39	7.7131096844
3.392	7.7146833579
3.394	7.7162541737
3.396	7.7178221358
3.398	7.7193872486
3.4	7.7209495162
3.402	7.7225089428
3.404	7.7240655326
3.406	7.7256192898
3.408	7.7271702187
3.41	7.7287183233
3.412	7.7302636079
3.414	7.7318060767
3.416	7.7333457339
3.418	7.7348825836
3.42	7.7364166300
3.422	7.7379478774
3.424	7.7394763298
3.426	7.7410019914
3.428	7.7425248665
3.43	7.7440449592
3.432	7.7455622737
3.434	7.7470768141
3.436	7.7485885846
3.438	7.7500975894
3.44	7.7516038325
3.442	7.7531073183
3.444	7.7546080507
3.446	7.7561060341
3.448	7.7576012725
3.45	7.7590937700
3.452	7.7605835309
3.454	7.7620705592
3.456	7.7635548591
3.458	7.7650364348
3.46	7.7665152903
3.462	7.7679914299
3.464	7.7694648575
3.466	7.7709355775
3.468	7.7724035938
3.47	7.7738689106
3.472	7.7753315320
3.474	7.7767914622
3.476	7.7782487052
3.478	7.7797032652
3.48	7.7811551462
3.482	7.7826043525
3.484	7.7840508880
3.486	7.7854947569
3.488	7.7869359632
3.49	7.7883745112
3.492	7.7898104048
3.494	7.7912436481
3.496	7.7926742453
3.498	7.7941022005
3.5	7.7955275176
3.502	7.7969502008
3.504	7.7983702542
3.506	7.7997876818
3.508	7.8012024877
3.51	7.8026146760
3.512	7.8040242507
3.514	7.8054312158
3.516	7.8068355756
3.518	7.8082373339
3.52	7.8096364949
3.522	7.8110330627
3.524	7.8124270411
3.526	7.8138184344
3.528	7.8152072465
3.53	7.8165934815
3.532	7.8179771433
3.534	7.8193582361
3.536	7.8207367639
3.538	7.8221127307
3.54	7.8234861405
3.542	7.8248569973
3.544	7.8262253052
3.546	7.8275910682
3.548	7.8289542902
3.55	7.8303149753
3.552	7.8316731274
3.554	7.8330287507
3.556	7.8343818490
3.558	7.8357324264
3.56	7.8370804869
3.562	7.8384260345
3.564	7.8397690730
3.566	7.8411096066
3.568	7.8424476392
3.57	7.8437831748
3.572	7.8451162173
3.574	7.8464467707
3.576	7.8477748390
3.578	7.8491004262
3.58	7.8504235361
3.582	7.8517441728
3.584	7.8530623402
3.586	7.8543780423
3.588	7.8556912830
3.59	7.8570020662
3.592	7.8583103959
3.594	7.8596162760
3.596	7.8609197105
3.598	7.8622207032
3.6	7.8635192582
3.602	7.8648153792
3.604	7.8661090704
3.606	7.8674003355
3.608	7.8686891784
3.61	7.8699756032
3.612	7.8712596136
3.614	7.8725412137
3.616	7.8738204072
3.618	7.8750971981
3.62	7.8763715903
3.622	7.8776435876
3.624	7.8789131940
3.626	7.8801804133
3.628	7.8814452495
3.63	7.8827077063
3.632	7.8839677877
3.634	7.8852254974
3.636	7.8864808395
3.638	7.8877338177
3.64	7.8889844360
3.642	7.8902326980
3.644	7.8914786078
3.646	7.8927221691
3.648	7.8939633859
3.65	7.8952022618
3.652	7.8964388008
3.654	7.8976730068
3.656	7.8989048834
3.658	7.9001344346
3.66	7.9013616642
3.662	7.9025865760
3.664	7.9038091737
3.666	7.9050294613
3.668	7.9062474425
3.67	7.9074631212
3.672	7.9086765011
3.674	7.9098875859
3.676	7.9110963797
3.678	7.9123028860
3.68	7.9135071087
3.682	7.9147090515
3.684	7.9159087183
3.686	7.9171061129
3.688	7.9183012389
3.69	7.9194941002
3.692	7.9206847005
3.694	7.9218730436
3.696	7.9230591333
3.698	7.9242429732
3.7	7.9254245672
3.702	7.9266039189
3.704	7.9277810322
3.706	7.9289559107
3.708	7.9301285583
3.71	7.9312989785
3.712	7.9324671752
3.714	7.9336331521
3.716	7.9347969129
3.718	7.9359584613
3.72	7.9371178010
3.722	7.9382749357
3.724	7.9394298692
3.726	7.9405826051
3.728	7.9417331471
3.73	7.9428814990
3.732	7.9440276644
3.734	7.9451716469
3.736	7.9463134504
3.738	7.9474530784
3.74	7.9485905346
3.742	7.9497258227
3.744	7.9508589464
3.746	7.9519899093
3.748	7.9531187151
3.75	7.9542453674
3.752	7.9553698700
3.754	7.9564922264
3.756	7.9576124402
3.758	7.9587305152
3.76	7.9598464550
3.762	7.9609602631
3.764	7.9620719433
3.766	7.9631814991
3.768	7.9642889342
3.77	7.9653942521
3.772	7.9664974566
3.774	7.9675985512
3.776	7.9686975395
3.778	7.9697944251
3.78	7.9708892116
3.782	7.9719819026
3.784	7.9730725018
3.786	7.9741610126
3.788	7.9752474387
3.79	7.9763317836
3.792	7.9774140510
3.794	7.9784942443
3.796	7.9795723673
3.798	7.9806484233
3.8	7.9817224161
3.802	7.9827943491
3.804	7.9838642259
3.806	7.9849320500
3.808	7.9859978250
3.81	7.9870615545
3.812	7.9881232420
3.814	7.9891828909
3.816	7.9902405049
3.818	7.9912960874
3.82	7.9923496421
3.822	7.9934011723
3.824	7.9944506816
3.826	7.9954981736
3.828	7.9965436517
3.83	7.9975871195
3.832	7.9986285804
3.834	7.9996680379
3.836	8.0007054955
3.838	8.0017409568
3.84	8.0027744251
3.842	8.0038059041
3.844	8.0048353971
3.846	8.0058629076
3.848	8.0068884391
3.85	8.0079119951
3.852	8.0089335790
3.854	8.0099531943
3.856	8.0109708444
3.858	8.0119865328
3.86	8.0130002630
3.862	8.0140120383
3.864	8.0150218622
3.866	8.0160297382
3.868	8.0170356697
3.87	8.0180396601
3.872	8.0190417128
3.874	8.0200418313
3.876	8.0210400190
3.878	8.0220362792
3.88	8.0230306154
3.882	8.0240230310
3.884	8.0250135295
3.886	8.0260021141
3.888	8.0269887883
3.89	8.0279735555
3.892	8.0289564191
3.894	8.0299373824
3.896	8.0309164489
3.898	8.0318936219
3.9	8.0328689047
3.902	8.0338423008
3.904	8.0348138136
3.906	8.0357834463
3.908	8.0367512023
3.91	8.0377170850
3.912	8.0386810978
3.914	8.0396432439
3.916	8.0406035268
3.918	8.0415619497
3.92	8.0425185160
3.922	8.0434732291
3.924	8.0444260922
3.926	8.0453771087
3.928	8.0463262820
3.93	8.0472736152
3.932	8.0482191118
3.934	8.0491627750
3.936	8.0501046082
3.938	8.0510446147
3.94	8.0519827977
3.942	8.0529191606
3.944	8.0538537066
3.946	8.0547864391
3.948	8.0557173612
3.95	8.0566464764
3.952	8.0575737879
3.954	8.0584992989
3.956	8.0594230128
3.958	8.0603449328
3.96	8.0612650621
3.962	8.0621834041
3.964	8.0630999619
3.966	8.0640147389
3.968	8.0649277383
3.97	8.0658389633
3.972	8.0667484172
3.974	8.0676561032
3.976	8.0685620246
3.978	8.0694661846
3.98	8.0703685864
3.982	8.0712692332
3.984	8.0721681284
3.986	8.0730652750
3.988	8.0739606763
3.99	8.0748543356
3.992	8.0757462560
3.994	8.0766364408
3.996	8.0775248931
3.998	8.0784116162
4.0	8.0792966133
4.002	8.0801798875
4.004	8.0810614420
4.006	8.0819412801
4.008	8.0828194048
4.01	8.0836958195
4.012	8.0845705273
4.014	8.0854435313
4.016	8.0863148347
4.018	8.0871844408
4.02	8.0880523526
4.022	8.0889185733
4.024	8.0897831062
4.026	8.0906459542
4.028	8.0915071207
4.03	8.0923666088
4.032	8.0932244215
4.034	8.0940805621
4.036	8.0949350337
4.038	8.0957878395
4.04	8.0966389825
4.042	8.0974884659
4.044	8.0983362929
4.046	8.0991824665
4.048	8.1000269899
4.05	8.1008698663
4.052	8.1017110987
4.054	8.1025506903
4.056	8.1033886442
4.058	8.1042249634
4.06	8.1050596512
4.062	8.1058927106
4.064	8.1067241447
4.066	8.1075539566
4.068	8.1083821494
4.07	8.1092087263
4.072	8.1100336903
4.074	8.1108570445
4.076	8.1116787920
4.078	8.1124989359
4.08	8.1133174793
4.082	8.1141344253
4.084	8.1149497769
4.086	8.1157635372
4.088	8.1165757093
4.09	8.1173862964
4.092	8.1181953014
4.094	8.1190027274
4.096	8.1198085775
4.098	8.1206128548
4.1	8.1214155623
4.102	8.1222167031
4.104	8.1230162803
4.106	8.1238142969
4.108	8.1246107559
4.11	8.1254056606
4.112	8.1261990138
4.114	8.1269908186
4.116	8.1277810782
4.118	8.1285697955
4.12	8.1293569736
4.122	8.1301426156
4.124	8.1309267244
4.126	8.1317093033
4.128	8.1324903550
4.13	8.1332698829
4.132	8.1340478898
4.134	8.1348243788
4.136	8.1355993529
4.138	8.1363728153
4.14	8.1371447689
4.142	8.1379152167
4.144	8.1386841619
4.146	8.1394516074
4.148	8.1402175562
4.15	8.1409820115
4.152	8.1417449763
4.154	8.1425064535
4.156	8.1432664462
4.158	8.1440249575
4.16	8.1447819903
4.162	8.1455375478
4.164	8.1462916329
4.166	8.1470442488
4.168	8.1477953983
4.17	8.1485450846
4.172	8.1492933106
4.174	8.1500400795
4.176	8.1507853943
4.178	8.1515292579
4.18	8.1522716735
4.182	8.1530126440
4.184	8.1537521726
4.186	8.1544902622
4.188	8.1552269158
4.19	8.1559621367
4.192	8.1566959277
4.194	8.1574282919
4.196	8.1581592324
4.198	8.1588887522
4.2	8.1596168544
4.202	8.1603435420
4.204	8.1610688181
4.206	8.1617926858
4.208	8.1625151480
4.21	8.1632362080
4.212	8.1639558686
4.214	8.1646741331
4.216	8.1653910045
4.218	8.1661064858
4.22	8.1668205801
4.222	8.1675332906
4.224	8.1682446203
4.226	8.1689545723
4.228	8.1696631497
4.23	8.1703703556
4.232	8.1710761931
4.234	8.1717806653
4.236	8.1724837754
4.238	8.1731855265
4.24	8.1738859216
4.242	8.1745849640
4.244	8.1752826567
4.246	8.1759790030
4.248	8.1766740060
4.25	8.1773676687
4.252	8.1780599945
4.254	8.1787509865
4.256	8.1794406478
4.258	8.1801289817
4.26	8.1808159914
4.262	8.1815016801
4.264	8.1821860509
4.266	8.1828691072
4.268	8.1835508522
4.27	8.1842312891
4.272	8.1849104212
4.274	8.1855882518
4.276	8.1862647842
4.278	8.1869400216
4.28	8.1876139674
4.282	8.1882866249
4.284	8.1889579975
4.286	8.1896280884
4.288	8.1902969012
4.29	8.1909644391
4.292	8.1916307056
4.294	8.1922957041
4.296	8.1929594381
4.298	8.1936219109
4.3	8.1942831262
4.302	8.1949430873
4.304	8.1956017978
4.306	8.1962592613
4.308	8.1969154813
4.31	8.1975704614
4.312	8.1982242052
4.314	8.1988767163
4.316	8.1995279985
4.318	8.2001780554
4.32	8.2008268908
4.322	8.2014745083
4.324	8.2021209118
4.326	8.2027661052
4.328	8.2034100921
4.33	8.2040528767
4.332	8.2046944626
4.334	8.2053348541
4.336	8.2059740549
4.338	8.2066120693
4.34	8.2072489012
4.342	8.2078845549
4.344	8.2085190344
4.346	8.2091523441
4.348	8.2097844882
4.35	8.2104154711
4.352	8.2110452972
4.354	8.2116739709
4.356	8.2123014968
4.358	8.2129278794
4.36	8.2135531234
4.362	8.2141772337
4.364	8.2148002148
4.366	8.2154220719
4.368	8.2160428098
4.37	8.2166624336
4.372	8.2172809484
4.374	8.2178983596
4.376	8.2185146724
4.378	8.2191298924
4.38	8.2197440252
4.382	8.2203570764
4.384	8.2209690518
4.386	8.2215799575
4.388	8.2221897996
4.39	8.2227985843
4.392	8.2234063181
4.394	8.2240130075
4.396	8.2246186593
4.398	8.2252232806
4.4	8.2258268784
4.402	8.2264294602
4.404	8.2270310335
4.406	8.2276316063
4.408	8.2282311868
4.41	8.2288297832
4.412	8.2294274044
4.414	8.2300240594
4.416	8.2306197575
4.418	8.2312145086
4.42	8.2318083229
4.422	8.2324012108
4.424	8.2329931837
4.426	8.2335842529
4.428	8.2341744307
4.43	8.2347637298
4.432	8.2353521636
4.434	8.2359397463
4.436	8.2365264928
4.438	8.2371124188
4.44	8.2376975410
4.442	8.2382818772
4.444	8.2388654464
4.446	8.2394482686
4.448	8.2400303656
4.45	8.2406117606
4.452	8.2411924785
4.454	8.2417725464
4.456	8.2423519937
4.458	8.2429308522
4.46	8.2435091570
4.462	8.2440869463
4.464	8.2446642626
4.466	8.2452411528
4.468	8.2458176695
4.47	8.2463938716
4.472	8.2469698260
4.474	8.2475456090
4.476	8.2481213088
4.478	8.2486970280
4.48	8.2492728879
4.482	8.2498490341
4.484	8.2504256442
4.486	8.2510029404
4.488	8.2515812083
4.49	8.2521608290
4.492	8.2527423378
4.494	8.2533265450
4.496	8.2539148357
4.498	8.2545102274
4.5	8.2551434898
4.502	8.2558122916
4.504	8.2564837027
4.506	8.2571541315
4.508	8.2578218825
4.51	8.2584859765
4.512	8.2591457998
4.514	8.2598009561
4.516	8.2604511910
4.518	8.2610963477
4.52	8.2617363400
4.522	8.2623711328
4.524	8.2630007294
4.526	8.2636251616
4.528	8.2642444821
4.53	8.2648587590
4.532	8.2654680713
4.534	8.2660725058
4.536	8.2666721538
4.538	8.2672671096
4.54	8.2678574690
4.542	8.2684433276
4.544	8.2690247809
4.546	8.2696019232
4.548	8.2701748477
4.55	8.2707436462
4.552	8.2713084095
4.554	8.2718692270
4.556	8.2724261876
4.558	8.2729793794
4.56	8.2735288901
4.562	8.2740748071
4.564	8.2746172181
4.566	8.2751562105
4.568	8.2756918720
4.57	8.2762242902
4.572	8.2767535526
4.574	8.2772797467
4.576	8.2778029591
4.578	8.2783232760
4.58	8.2788407821
4.582	8.2793555610
4.584	8.2798676940
4.586	8.2803772604
4.588	8.2808843367
4.59	8.2813889965
4.592	8.2818913101
4.594	8.2823913440
4.596	8.2828891611
4.598	8.2833848204
4.6	8.2838783766
4.602	8.2843698805
4.604	8.2848593790
4.606	8.2853469150
4.608	8.2858325276
4.61	8.2863162528
4.612	8.2867981231
4.614	8.2872781684
4.616	8.2877564159
4.618	8.2882328909
4.62	8.2887076169
4.622	8.2891806163
4.624	8.2896519102
4.626	8.2901215196
4.628	8.2905894647
4.63	8.2910557663
4.632	8.2915204451
4.634	8.2919835223
4.636	8.2924450200
4.638	8.2929049608
4.64	8.2933633682
4.642	8.2938202662
4.644	8.2942756797
4.646	8.2947296344
4.648	8.2951821562
4.65	8.2956332712
4.652	8.2960830061
4.654	8.2965313871
4.656	8.2969784402
4.658	8.2974241911
4.66	8.2978686645
4.662	8.2983118845
4.664	8.2987538738
4.666	8.2991946540
4.668	8.2996342453
4.67	8.3000726666
4.672	8.3005099350
4.674	8.3009460661
4.676	8.3013810739
4.678	8.3018149710
4.68	8.3022477683
4.682	8.3026794753
4.684	8.3031101004
4.686	8.3035396507
4.688	8.3039681321
4.69	8.3043955498
4.692	8.3048219083
4.694	8.3052472114
4.696	8.3056714626
4.698	8.3060946652
4.7	8.3065168223
4.702	8.3069379368
4.704	8.3073580121
4.706	8.3077770517
4.708	8.3081950591
4.71	8.3086120384
4.712	8.3090279941
4.714	8.3094429309
4.716	8.3098568538
4.718	8.3102697685
4.72	8.3106816805
4.722	8.3110925960
4.724	8.3115025211
4.726	8.3119114621
4.728	8.3123194254
4.73	8.3127264174
4.732	8.3131324443
4.734	8.3135375122
4.736	8.3139416271
4.738	8.3143447945
4.74	8.3147470199
4.742	8.3151483083
4.744	8.3155486642
4.746	8.3159480922
4.748	8.3163465960
4.75	8.3167441795
4.752	8.3171408457
4.754	8.3175365980
4.756	8.3179314389
4.758	8.3183253711
4.76	8.3187183971
4.762	8.3191105193
4.764	8.3195017398
4.766	8.3198920611
4.768	8.3202814854
4.77	8.3206700153
4.772	8.3210576533
4.774	8.3214444021
4.776	8.3218302646
4.778	8.3222152439
4.78	8.3225993433
4.782	8.3229825663
4.784	8.3233649165
4.786	8.3237463978
4.788	8.3241270143
4.79	8.3245067699
4.792	8.3248856689
4.794	8.3252637155
4.796	8.3256409141
4.798	8.3260172688
4.8	8.3263927838
4.802	8.3267674631
4.804	8.3271413108
4.806	8.3275143306
4.808	8.3278865260
4.81	8.3282579004
4.812	8.3286284570
4.814	8.3289981986
4.816	8.3293671279
4.818	8.3297352473
4.82	8.3301025589
4.822	8.3304690647
4.824	8.3308347663
4.826	8.3311996654
4.828	8.3315637633
4.83	8.3319270611
4.832	8.3322895600
4.834	8.3326512610
4.836	8.3330121651
4.838	8.3333722731
4.84	8.3337315860
4.842	8.3340901048
4.844	8.3344478303
4.846	8.3348047638
4.848	8.3351609061
4.85	8.3355162587
4.852	8.3358708227
4.854	8.3362245996
4.856	8.3365775909
4.858	8.3369297983
4.86	8.3372812233
4.862	8.3376318678
4.864	8.3379817337
4.866	8.3383308230
4.868	8.3386791377
4.87	8.3390266797
4.872	8.3393734512
4.874	8.3397194544
4.876	8.3400646913
4.878	8.3404091639
4.88	8.3407528745
4.882	8.3410958251
4.884	8.3414380177
4.886	8.3417794544
4.888	8.3421201370
4.89	8.3424600676
4.892	8.3427992479
4.894	8.3431376799
4.896	8.3434753654
4.898	8.3438123061
4.9	8.3441485038
4.902	8.3444839603
4.904	8.3448186773
4.906	8.3451526565
4.908	8.3454858996
4.91	8.3458184084
4.912	8.3461501847
4.914	8.3464812303
4.916	8.3468115468
4.918	8.3471411362
4.92	8.3474700004
4.922	8.3477981411
4.924	8.3481255604
4.926	8.3484522602
4.928	8.3487782423
4.93	8.3491035089
4.932	8.3494280619
4.934	8.3497519033
4.936	8.3500750350
4.938	8.3503974592
4.94	8.3507191777
4.942	8.3510401927
4.944	8.3513605059
4.946	8.3516801193
4.948	8.3519990348
4.95	8.3523172543
4.952	8.3526347795
4.954	8.3529516122
4.956	8.3532677541
4.958	8.3535832069
4.96	8.3538979722
4.962	8.3542120516
4.964	8.3545254465
4.966	8.3548381586
4.968	8.3551501892
4.97	8.3554615398
4.972	8.3557722118
4.974	8.3560822065
4.976	8.3563915253
4.978	8.3567001696
4.98	8.3570081406
4.982	8.3573154398
4.984	8.3576220684
4.986	8.3579280278
4.988	8.3582333193
4.99	8.3585379443
4.992	8.3588419041
4.994	8.3591452002
4.996	8.3594478338
4.998	8.3597498065
5.0	8.3600511197
5.002	8.3603517747
5.004	8.3606517731
5.006	8.3609511162
5.008	8.3612498056
5.01	8.3615478428
5.012	8.3618452292
5.014	8.3621419662
5.016	8.3624380555
5.018	8.3627334985
5.02	8.3630282966
5.022	8.3633224514
5.024	8.3636159643
5.026	8.3639088367
5.028	8.3642010702
5.03	8.3644926662
5.032	8.3647836260
5.034	8.3650739513
5.036	8.3653636432
5.038	8.3656527034
5.04	8.3659411332
5.042	8.3662289339
5.044	8.3665161071
5.046	8.3668026540
5.048	8.3670885761
5.05	8.3673738747
5.052	8.3676585512
5.054	8.3679426071
5.056	8.3682260437
5.058	8.3685088624
5.06	8.3687910646
5.062	8.3690726518
5.064	8.3693536252
5.066	8.3696339862
5.068	8.3699137364
5.07	8.3701928772
5.072	8.3704714098
5.074	8.3707493357
5.076	8.3710266564
5.078	8.3713033732
5.08	8.3715794876
5.082	8.3718550009
5.084	8.3721299146
5.086	8.3724042300
5.088	8.3726779485
5.09	8.3729510715
5.092	8.3732236004
5.094	8.3734955366
5.096	8.3737668813
5.098	8.3740376360
5.1	8.3743078019
5.102	8.3745773805
5.104	8.3748463730
5.106	8.3751147807
5.108	8.3753826049
5.11	8.3756498470
5.112	8.3759165081
5.114	8.3761825897
5.116	8.3764480930
5.118	8.3767130192
5.12	8.3769773696
5.122	8.3772411455
5.124	8.3775043481
5.126	8.3777669788
5.128	8.3780290386
5.13	8.3782905290
5.132	8.3785514512
5.134	8.3788118064
5.136	8.3790715959
5.138	8.3793308209
5.14	8.3795894827
5.142	8.3798475825
5.144	8.3801051217
5.146	8.3803621014
5.148	8.3806185229
5.15	8.3808743874
5.152	8.3811296962
5.154	8.3813844506
5.156	8.3816386518
5.158	8.3818923011
5.16	8.3821453995
5.162	8.3823979485
5.164	8.3826499493
5.166	8.3829014029
5.168	8.3831523108
5.17	8.3834026741
5.172	8.3836524939
5.174	8.3839017716
5.176	8.3841505083
5.178	8.3843987052
5.18	8.3846463635
5.182	8.3848934845
5.184	8.3851400692
5.186	8.3853861188
5.188	8.3856316346
5.19	8.3858766178
5.192	8.3861210694
5.194	8.3863649907
5.196	8.3866083828
5.198	8.3868512468
5.2	8.3870935841
5.202	8.3873353956
5.204	8.3875766826
5.206	8.3878174462
5.208	8.3880576876
5.21	8.3882974079
5.212	8.3885366083
5.214	8.3887752899
5.216	8.3890134539
5.218	8.3892511014
5.22	8.3894882335
5.222	8.3897248514
5.224	8.3899609563
5.226	8.3901965492
5.228	8.3904316313
5.23	8.3906662037
5.232	8.3909002675
5.234	8.3911338239
5.236	8.3913668740
5.238	8.3915994188
5.24	8.3918314596
5.242	8.3920629974
5.244	8.3922940333
5.246	8.3925245684
5.248	8.3927546038
5.25	8.3929841407
5.252	8.3932131801
5.254	8.3934417230
5.256	8.3936697707
5.258	8.3938973241
5.26	8.3941243844
5.262	8.3943509527
5.264	8.3945770299
5.266	8.3948026173
5.268	8.3950277158
5.27	8.3952523266
5.272	8.3954764506
5.274	8.3957000891
5.276	8.3959232430
5.278	8.3961459135
5.28	8.3963681015
5.282	8.3965898082
5.284	8.3968110345
5.286	8.3970317817
5.288	8.3972520507
5.29	8.3974718425
5.292	8.3976911583
5.294	8.3979099991
5.296	8.3981283659
5.298	8.3983462598
5.3	8.3985636818
5.302	8.3987806330
5.304	8.3989971144
5.306	8.3992131270
5.308	8.3994286720
5.31	8.3996437502
5.312	8.3998583628
5.314	8.4000725107
5.316	8.4002861951
5.318	8.4004994168
5.32	8.4007121770
5.322	8.4009244767
5.324	8.4011363168
5.326	8.4013476984
5.328	8.4015586225
5.33	8.4017690901
5.332	8.4019791021
5.334	8.4021886597
5.336	8.4023977638
5.338	8.4026064153
5.34	8.4028146154
5.342	8.4030223649
5.344	8.4032296649
5.346	8.4034365163
5.348	8.4036429202
5.35	8.4038488775
5.352	8.4040543892
5.354	8.4042594563
5.356	8.4044640798
5.358	8.4046682606
5.36	8.4048719997
5.362	8.4050752980
5.364	8.4052781567
5.366	8.4054805765
5.368	8.4056825585
5.37	8.4058841036
5.372	8.4060852129
5.374	8.4062858872
5.376	8.4064861274
5.378	8.4066859347
5.38	8.4068853098
5.382	8.4070842538
5.384	8.4072827676
5.386	8.4074808521
5.388	8.4076785083
5.39	8.4078757371
5.392	8.4080725395
5.394	8.4082689163
5.396	8.4084648686
5.398	8.4086603972
5.4	8.4088555030
5.402	8.4090501871
5.404	8.4092444503
5.406	8.4094382935
5.408	8.4096317177
5.41	8.4098247238
5.412	8.4100173126
5.414	8.4102094852
5.416	8.4104012423
5.418	8.4105925850
5.42	8.4107835141
5.422	8.4109740306
5.424	8.4111641353
5.426	8.4113538291
5.428	8.4115431129
5.43	8.4117319877
5.432	8.4119204544
5.434	8.4121085137
5.436	8.4122961667
5.438	8.4124834141
5.44	8.4126702570
5.442	8.4128566961
5.444	8.4130427324
5.446	8.4132283668
5.448	8.4134136000
5.45	8.4135984331
5.452	8.4137828668
5.454	8.4139669021
5.456	8.4141505398
5.458	8.4143337808
5.46	8.4145166260
5.462	8.4146990762
5.464	8.4148811322
5.466	8.4150627951
5.468	8.4152440655
5.47	8.4154249444
5.472	8.4156054326
5.474	8.4157855310
5.476	8.4159652404
5.478	8.4161445617
5.48	8.4163234958
5.482	8.4165020434
5.484	8.4166802054
5.486	8.4168579827
5.488	8.4170353761
5.49	8.4172123864
5.492	8.4173890146
5.494	8.4175652613
5.496	8.4177411275
5.498	8.4179166139
5.5	8.4180917184
5.502	8.4182664051
5.504	8.4184406769
5.506	8.4186145366
5.508	8.4187879868
5.51	8.4189610303
5.512	8.4191336695
5.514	8.4193059069
5.516	8.4194777449
5.518	8.4196491858
5.52	8.4198202319
5.522	8.4199908853
5.524	8.4201611480
5.526	8.4203310222
5.528	8.4205005097
5.53	8.4206696124
5.532	8.4208383321
5.534	8.4210066707
5.536	8.4211746297
5.538	8.4213422109
5.54	8.4215094158
5.542	8.4216762461
5.544	8.4218427033
5.546	8.4220087889
5.548	8.4221745042
5.55	8.4223398509
5.552	8.4225048302
5.554	8.4226694436
5.556	8.4228336924
5.558	8.4229975779
5.56	8.4231611015
5.562	8.4233242644
5.564	8.4234870679
5.566	8.4236495133
5.568	8.4238116017
5.57	8.4239733343
5.572	8.4241347124
5.574	8.4242957370
5.576	8.4244564094
5.578	8.4246167305
5.58	8.4247767015
5.582	8.4249363234
5.584	8.4250955972
5.586	8.4252545240
5.588	8.4254131048
5.59	8.4255713405
5.592	8.4257292321
5.594	8.4258867805
5.596	8.4260439866
5.598	8.4262008513
5.6	8.4263573756
5.602	8.4265135602
5.604	8.4266694061
5.606	8.4268249142
5.608	8.4269800852
5.61	8.4271349200
5.612	8.4272894195
5.614	8.4274435844
5.616	8.4275974157
5.618	8.4277509142
5.62	8.4279040806
5.622	8.4280569159
5.624	8.4282094208
5.626	8.4283615961
5.628	8.4285134428
5.63	8.4286649615
5.632	8.4288161532
5.634	8.4289670186
5.636	8.4291175585
5.638	8.4292677738
5.64	8.4294176653
5.642	8.4295672337
5.644	8.4297164799
5.646	8.4298654046
5.648	8.4300140086
5.65	8.4301622927
5.652	8.4303102577
5.654	8.4304579043
5.656	8.4306052332
5.658	8.4307522452
5.66	8.4308989411
5.662	8.4310453215
5.664	8.4311913871
5.666	8.4313371388
5.668	8.4314825771
5.67	8.4316277028
5.672	8.4317725166
5.674	8.4319170192
5.676	8.4320612112
5.678	8.4322050934
5.68	8.4323486664
5.682	8.4324919309
5.684	8.4326348875
5.686	8.4327775370
5.688	8.4329198800
5.69	8.4330619172
5.692	8.4332036493
5.694	8.4333450769
5.696	8.4334862007
5.698	8.4336270214
5.7	8.4337675396
5.702	8.4339077560
5.704	8.4340476714
5.706	8.4341872863
5.708	8.4343266014
5.71	8.4344656174
5.712	8.4346043350
5.714	8.4347427548
5.716	8.4348808775
5.718	8.4350187038
5.72	8.4351562343
5.722	8.4352934696
5.724	8.4354304105
5.726	8.4355670576
5.728	8.4357034115
5.73	8.4358394729
5.732	8.4359752424
5.734	8.4361107207
5.736	8.4362459085
5.738	8.4363808062
5.74	8.4365154147
5.742	8.4366497344
5.744	8.4367837662
5.746	8.4369175105
5.748	8.4370509680
5.75	8.4371841394
5.752	8.4373170252
5.754	8.4374496261
5.756	8.4375819428
5.758	8.4377139757
5.76	8.4378457257
5.762	8.4379771932
5.764	8.4381083789
5.766	8.4382392834
5.768	8.4383699074
5.77	8.4385002514
5.772	8.4386303161
5.774	8.4387601021
5.776	8.4388896100
5.778	8.4390188403
5.78	8.4391477938
5.782	8.4392764711
5.784	8.4394048727
5.786	8.4395329992
5.788	8.4396608512
5.79	8.4397884294
5.792	8.4399157344
5.794	8.4400427667
5.796	8.4401695269
5.798	8.4402960157
5.8	8.4404222336
5.802	8.4405481812
5.804	8.4406738591
5.806	8.4407992678
5.808	8.4409244080
5.81	8.4410492803
5.812	8.4411738852
5.814	8.4412982233
5.816	8.4414222951
5.818	8.4415461013
5.82	8.4416696424
5.822	8.4417929190
5.824	8.4419159317
5.826	8.4420386809
5.828	8.4421611674
5.83	8.4422833916
5.832	8.4424053542
5.834	8.4425270556
5.836	8.4426484966
5.838	8.4427696775
5.84	8.4428905990
5.842	8.4430112617
5.844	8.4431316661
5.846	8.4432518127
5.848	8.4433717022
5.85	8.4434913351
5.852	8.4436107119
5.854	8.4437298333
5.856	8.4438486997
5.858	8.4439673117
5.86	8.4440856699
5.862	8.4442037748
5.864	8.4443216271
5.866	8.4444392271
5.868	8.4445565755
5.87	8.4446736729
5.872	8.4447905197
5.874	8.4449071165
5.876	8.4450234639
5.878	8.4451395625
5.88	8.4452554126
5.882	8.4453710150
5.884	8.4454863700
5.886	8.4456014784
5.888	8.4457163405
5.89	8.4458309570
5.892	8.4459453283
5.894	8.4460594551
5.896	8.4461733377
5.898	8.4462869769
5.9	8.4464003730
5.902	8.4465135267
5.904	8.4466264384
5.906	8.4467391086
5.908	8.4468515380
5.91	8.4469637270
5.912	8.4470756761
5.914	8.4471873859
5.916	8.4472988569
5.918	8.4474100896
5.92	8.4475210845
5.922	8.4476318422
5.924	8.4477423631
5.926	8.4478526478
5.928	8.4479626967
5.93	8.4480725105
5.932	8.4481820896
5.934	8.4482914344
5.936	8.4484005456
5.938	8.4485094236
5.94	8.4486180690
5.942	8.4487264822
5.944	8.4488346637
5.946	8.4489426141
5.948	8.4490503338
5.95	8.4491578234
5.952	8.4492650833
5.954	8.4493721140
5.956	8.4494789160
5.958	8.4495854899
5.96	8.4496918361
5.962	8.4497979551
5.964	8.4499038474
5.966	8.4500095135
5.968	8.4501149538
5.97	8.4502201690
5.972	8.4503251594
5.974	8.4504299255
5.976	8.4505344678
5.978	8.4506387869
5.98	8.4507428831
5.982	8.4508467570
5.984	8.4509504091
5.986	8.4510538397
5.988	8.4511570495
5.99	8.4512600389
5.992	8.4513628084
5.994	8.4514653584
5.996	8.4515676894
5.998	8.4516698019
6.0	8.4517716964
6.002	8.4518733733
6.004	8.4519748331
6.006	8.4520760763
6.008	8.4521771033
6.01	8.4522779147
6.012	8.4523785108
6.014	8.4524788922
6.016	8.4525790593
6.018	8.4526790126
6.02	8.4527787525
6.022	8.4528782795
6.024	8.4529775940
6.026	8.4530766966
6.028	8.4531755877
6.03	8.4532742677
6.032	8.4533727371
6.034	8.4534709964
6.036	8.4535690459
6.038	8.4536668862
6.04	8.4537645178
6.042	8.4538619409
6.044	8.4539591562
6.046	8.4540561641
6.048	8.4541529650
6.05	8.4542495593
6.052	8.4543459475
6.054	8.4544421301
6.056	8.4545381075
6.058	8.4546338801
6.06	8.4547294484
6.062	8.4548248129
6.064	8.4549199739
6.066	8.4550149319
6.068	8.4551096873
6.07	8.4552042406
6.072	8.4552985923
6.074	8.4553927427
6.076	8.4554866923
6.078	8.4555804415
6.08	8.4556739908
6.082	8.4557673406
6.084	8.4558604913
6.086	8.4559534433
6.088	8.4560461972
6.09	8.4561387532
6.092	8.4562311119
6.094	8.4563232736
6.096	8.4564152388
6.098	8.4565070080
6.1	8.4565985815
6.102	8.4566899597
6.104	8.4567811431
6.106	8.4568721321
6.108	8.4569629272
6.11	8.4570535286
6.112	8.4571439370
6.114	8.4572341526
6.116	8.4573241759
6.118	8.4574140073
6.12	8.4575036472
6.122	8.4575930961
6.124	8.4576823543
6.126	8.4577714223
6.128	8.4578603004
6.13	8.4579489891
6.132	8.4580374888
6.134	8.4581257999
6.136	8.4582139228
6.138	8.4583018579
6.14	8.4583896056
6.142	8.4584771664
6.144	8.4585645405
6.146	8.4586517285
6.148	8.4587387307
6.15	8.4588255476
6.152	8.4589121795
6.154	8.4589986267
6.156	8.4590848899
6.158	8.4591709692
6.16	8.4592568652
6.162	8.4593425782
6.164	8.4594281086
6.166	8.4595134568
6.168	8.4595986231
6.17	8.4596836081
6.172	8.4597684121
6.174	8.4598530354
6.176	8.4599374785
6.178	8.4600217418
6.18	8.4601058255
6.182	8.4601897302
6.184	8.4602734563
6.186	8.4603570040
6.188	8.4604403737
6.19	8.4605235660
6.192	8.4606065811
6.194	8.4606894194
6.196	8.4607720814
6.198	8.4608545673
6.2	8.4609368776
6.202	8.4610190126
6.204	8.4611009728
6.206	8.4611827584
6.208	8.4612643700
6.21	8.4613458078
6.212	8.4614270722
6.214	8.4615081637
6.216	8.4615890825
6.218	8.4616698290
6.22	8.4617504037
6.222	8.4618308069
6.224	8.4619110389
6.226	8.4619911001
6.228	8.4620709910
6.23	8.4621507118
6.232	8.4622302629
6.234	8.4623096448
6.236	8.4623888577
6.238	8.4624679020
6.24	8.4625467781
6.242	8.4626254863
6.244	8.4627040271
6.246	8.4627824007
6.248	8.4628606076
6.25	8.4629386480
6.252	8.4630165225
6.254	8.4630942312
6.256	8.4631717745
6.258	8.4632491529
6.26	8.4633263667
6.262	8.4634034162
6.264	8.4634803018
6.266	8.4635570238
6.268	8.4636335827
6.27	8.4637099786
6.272	8.4637862121
6.274	8.4638622833
6.276	8.4639381928
6.278	8.4640139408
6.28	8.4640895278
6.282	8.4641649539
6.284	8.4642402196
6.286	8.4643153253
6.288	8.4643902712
6.29	8.4644650577
6.292	8.4645396852
6.294	8.4646141540
6.296	8.4646884644
6.298	8.4647626168
6.3	8.4648366116
6.302	8.4649104490
6.304	8.4649841294
6.306	8.4650576531
6.308	8.4651310205
6.31	8.4652042320
6.312	8.4652772877
6.314	8.4653501882
6.316	8.4654229337
6.318	8.4654955245
6.32	8.4655679610
6.322	8.4656402435
6.324	8.4657123724
6.326	8.4657843480
6.328	8.4658561705
6.33	8.4659278404
6.332	8.4659993580
6.334	8.4660707235
6.336	8.4661419374
6.338	8.4662129999
6.34	8.4662839114
6.342	8.4663546722
6.344	8.4664252826
6.346	8.4664957430
6.348	8.4665660536
6.35	8.4666362148
6.352	8.4667062269
6.354	8.4667760903
6.356	8.4668458052
6.358	8.4669153719
6.36	8.4669847909
6.362	8.4670540624
6.364	8.4671231866
6.366	8.4671921641
6.368	8.4672609950
6.37	8.4673296796
6.372	8.4673982184
6.374	8.4674666115
6.376	8.4675348594
6.378	8.4676029622
6.38	8.4676709205
6.382	8.4677387343
6.384	8.4678064041
6.386	8.4678739302
6.388	8.4679413129
6.39	8.4680085524
6.392	8.4680756492
6.394	8.4681426034
6.396	8.4682094154
6.398	8.4682760856
6.4	8.4683426142
6.402	8.4684090015
6.404	8.4684752478
6.406	8.4685413534
6.408	8.4686073187
6.41	8.4686731439
6.412	8.4687388293
6.414	8.4688043752
6.416	8.4688697820
6.418	8.4689350500
6.42	8.4690001793
6.422	8.4690651704
6.424	8.4691300235
6.426	8.4691947389
6.428	8.4692593169
6.43	8.4693237579
6.432	8.4693880620
6.434	8.4694522297
6.436	8.4695162611
6.438	8.4695801567
6.44	8.4696439166
6.442	8.4697075411
6.444	8.4697710307
6.446	8.4698343854
6.448	8.4698976058
6.45	8.4699606919
6.452	8.4700236442
6.454	8.4700864628
6.456	8.4701491482
6.458	8.4702117005
6.46	8.4702741201
6.462	8.4703364072
6.464	8.4703985622
6.466	8.4704605853
6.468	8.4705224768
6.47	8.4705842369
6.472	8.4706458660
6.474	8.4707073644
6.476	8.4707687323
6.478	8.4708299700
6.48	8.4708910777
6.482	8.4709520559
6.484	8.4710129047
6.486	8.4710736244
6.488	8.4711342153
6.49	8.4711946776
6.492	8.4712550117
6.494	8.4713152179
6.496	8.4713752963
6.498	8.4714352473
6.5	8.4714950712
6.502	8.4715547681
6.504	8.4716143385
6.506	8.4716737825
6.508	8.4717331005
6.51	8.4717922926
6.512	8.4718513592
6.514	8.4719103006
6.516	8.4719691170
6.518	8.4720278087
6.52	8.4720863759
6.522	8.4721448189
6.524	8.4722031380
6.526	8.4722613335
6.528	8.4723194055
6.53	8.4723773545
6.532	8.4724351806
6.534	8.4724928841
6.536	8.4725504652
6.538	8.4726079243
6.54	8.4726652616
6.542	8.4727224773
6.544	8.4727795717
6.546	8.4728365452
6.548	8.4728933978
6.55	8.4729501299
6.552	8.4730067418
6.554	8.4730632337
6.556	8.4731196059
6.558	8.4731758586
6.56	8.4732319920
6.562	8.4732880065
6.564	8.4733439023
6.566	8.4733996797
6.568	8.4734553388
6.57	8.4735108800
6.572	8.4735663034
6.574	8.4736216095
6.576	8.4736767983
6.578	8.4737318702
6.58	8.4737868254
6.582	8.4738416642
6.584	8.4738963868
6.586	8.4739509934
6.588	8.4740054844
6.59	8.4740598599
6.592	8.4741141202
6.594	8.4741682656
6.596	8.4742222962
6.598	8.4742762124
6.6	8.4743300144
6.602	8.4743837024
6.604	8.4744372767
6.606	8.4744907375
6.608	8.4745440851
6.61	8.4745973196
6.612	8.4746504415
6.614	8.4747034508
6.616	8.4747563478
6.618	8.4748091328
6.62	8.4748618060
6.622	8.4749143677
6.624	8.4749668181
6.626	8.4750191574
6.628	8.4750713858
6.63	8.4751235037
6.632	8.4751755112
6.634	8.4752274085
6.636	8.4752791960
6.638	8.4753308738
6.64	8.4753824423
6.642	8.4754339015
6.644	8.4754852518
6.646	8.4755364933
6.648	8.4755876264
6.65	8.4756386512
6.652	8.4756895680
6.654	8.4757403771
6.656	8.4757910785
6.658	8.4758416727
6.66	8.4758921597
6.662	8.4759425399
6.664	8.4759928134
6.666	8.4760429805
6.668	8.4760930415
6.67	8.4761429964
6.672	8.4761928457
6.674	8.4762425895
6.676	8.4762922279
6.678	8.4763417614
6.68	8.4763911900
6.682	8.4764405140
6.684	8.4764897336
6.686	8.4765388490
6.688	8.4765878606
6.69	8.4766367684
6.692	8.4766855727
6.694	8.4767342738
6.696	8.4767828718
6.698	8.4768313670
6.7	8.4768797596
6.702	8.4769280498
6.704	8.4769762379
6.706	8.4770243240
6.708	8.4770723084
6.71	8.4771201912
6.712	8.4771679728
6.714	8.4772156533
6.716	8.4772632329
6.718	8.4773107119
6.72	8.4773580905
6.722	8.4774053688
6.724	8.4774525471
6.726	8.4774996257
6.728	8.4775466047
6.73	8.4775934843
6.732	8.4776402648
6.734	8.4776869463
6.736	8.4777335291
6.738	8.4777800134
6.74	8.4778263994
6.742	8.4778726874
6.744	8.4779188774
6.746	8.4779649697
6.748	8.4780109646
6.75	8.4780568623
6.752	8.4781026629
6.754	8.4781483666
6.756	8.4781939738
6.758	8.4782394844
6.76	8.4782848989
6.762	8.4783302174
6.764	8.4783754400
6.766	8.4784205671
6.768	8.4784655988
6.77	8.4785105352
6.772	8.4785553767
6.774	8.4786001234
6.776	8.4786447755
6.778	8.4786893332
6.78	8.4787337967
6.782	8.4787781662
6.784	8.4788224420
6.786	8.4788666242
6.788	8.4789107130
6.79	8.4789547086
6.792	8.4789986113
6.794	8.4790424212
6.796	8.4790861385
6.798	8.4791297634
6.8	8.4791732961
6.802	8.4792167368
6.804	8.4792600857
6.806	8.4793033431
6.808	8.4793465090
6.81	8.4793895837
6.812	8.4794325674
6.814	8.4794754603
6.816	8.4795182626
6.818	8.4795609744
6.82	8.4796035961
6.822	8.4796461276
6.824	8.4796885693
6.826	8.4797309214
6.828	8.4797731840
6.83	8.4798153573
6.832	8.4798574415
6.834	8.4798994368
6.836	8.4799413435
6.838	8.4799831616
6.84	8.4800248914
6.842	8.4800665330
6.844	8.4801080867
6.846	8.4801495526
6.848	8.4801909310
6.85	8.4802322220
6.852	8.4802734257
6.854	8.4803145425
6.856	8.4803555724
6.858	8.4803965157
6.86	8.4804373725
6.862	8.4804781431
6.864	8.4805188275
6.866	8.4805594261
6.868	8.4805999389
6.87	8.4806403662
6.872	8.4806807082
6.874	8.4807209649
6.876	8.4807611367
6.878	8.4808012237
6.88	8.4808412260
6.882	8.4808811439
6.884	8.4809209775
6.886	8.4809607271
6.888	8.4810003927
6.89	8.4810399746
6.892	8.4810794729
6.894	8.4811188879
6.896	8.4811582197
6.898	8.4811974684
6.9	8.4812366344
6.902	8.4812757176
6.904	8.4813147184
6.906	8.4813536369
6.908	8.4813924732
6.91	8.4814312275
6.912	8.4814699001
6.914	8.4815084911
6.916	8.4815470006
6.918	8.4815854289
6.92	8.4816237761
6.922	8.4816620424
6.924	8.4817002279
6.926	8.4817383329
6.928	8.4817763574
6.93	8.4818143018
6.932	8.4818521660
6.934	8.4818899504
6.936	8.4819276551
6.938	8.4819652803
6.94	8.4820028260
6.942	8.4820402926
6.944	8.4820776801
6.946	8.4821149888
6.948	8.4821522187
6.95	8.4821893701
6.952	8.4822264432
6.954	8.4822634381
6.956	8.4823003549
6.958	8.4823371939
6.96	8.4823739551
6.962	8.4824106389
6.964	8.4824472453
6.966	8.4824837744
6.968	8.4825202266
6.97	8.4825566019
6.972	8.4825929004
6.974	8.4826291224
6.976	8.4826652681
6.978	8.4827013375
6.98	8.4827373309
6.982	8.4827732483
6.984	8.4828090901
6.986	8.4828448562
6.988	8.4828805470
6.99	8.4829161625
6.992	8.4829517029
6.994	8.4829871684
6.996	8.4830225591
6.998	8.4830578753
7.0	8.4830931169
7.002	8.4831282843
7.004	8.4831633776
7.006	8.4831983968
7.008	8.4832333423
7.01	8.4832682141
7.012	8.4833030124
7.014	8.4833377373
7.016	8.4833723891
7.018	8.4834069678
7.02	8.4834414737
7.022	8.4834759068
7.024	8.4835102674
7.026	8.4835445556
7.028	8.4835787715
7.03	8.4836129152
7.032	8.4836469871
7.034	8.4836809871
7.036	8.4837149155
7.038	8.4837487725
7.04	8.4837825580
7.042	8.4838162724
7.044	8.4838499158
7.046	8.4838834882
7.048	8.4839169900
7.05	8.4839504211
7.052	8.4839837819
7.054	8.4840170723
7.056	8.4840502926
7.058	8.4840834430
7.06	8.4841165235
7.062	8.4841495343
7.064	8.4841824756
7.066	8.4842153475
7.068	8.4842481501
7.07	8.4842808837
7.072	8.4843135483
7.074	8.4843461441
7.076	8.4843786713
7.078	8.4844111299
7.08	8.4844435202
7.082	8.4844758423
7.084	8.4845080964
7.086	8.4845402825
7.088	8.4845724008
7.09	8.4846044515
7.092	8.4846364347
7.094	8.4846683505
7.096	8.4847001992
7.098	8.4847319808
7.1	8.4847636954
7.102	8.4847953433
7.104	8.4848269246
7.106	8.4848584394
7.108	8.4848898878
7.11	8.4849212700
7.112	8.4849525862
7.114	8.4849838364
7.116	8.4850150209
7.118	8.4850461397
7.12	8.4850771930
7.122	8.4851081809
7.124	8.4851391036
7.126	8.4851699612
7.128	8.4852007539
7.13	8.4852314817
7.132	8.4852621449
7.134	8.4852927436
7.136	8.4853232778
7.138	8.4853537478
7.14	8.4853841537
7.142	8.4854144955
7.144	8.4854447736
7.146	8.4854749879
7.148	8.4855051386
7.15	8.4855352259
7.152	8.4855652499
7.154	8.4855952107
7.156	8.4856251084
7.158	8.4856549433
7.16	8.4856847154
7.162	8.4857144248
7.164	8.4857440718
7.166	8.4857736563
7.168	8.4858031787
7.17	8.4858326389
7.172	8.4858620371
7.174	8.4858913735
7.176	8.4859206482
7.178	8.4859498614
7.18	8.4859790130
7.182	8.4860081034
7.184	8.4860371325
7.186	8.4860661006
7.188	8.4860950078
7.19	8.4861238542
7.192	8.4861526399
7.194	8.4861813651
7.196	8.4862100298
7.198	8.4862386343
7.2	8.4862671786
7.202	8.4862956629
7.204	8.4863240873
7.206	8.4863524520
7.208	8.4863807570
7.21	8.4864090024
7.212	8.4864371885
7.214	8.4864653153
7.216	8.4864933830
7.218	8.4865213917
7.22	8.4865493414
7.222	8.4865772325
7.224	8.4866050649
7.226	8.4866328387
7.228	8.4866605542
7.23	8.4866882114
7.232	8.4867158105
7.234	8.4867433516
7.236	8.4867708348
7.238	8.4867982602
7.24	8.4868256279
7.242	8.4868529382
7.244	8.4868801910
7.246	8.4869073866
7.248	8.4869345250
7.25	8.4869616063
7.252	8.4869886308
7.254	8.4870155984
7.256	8.4870425094
7.258	8.4870693639
7.26	8.4870961619
7.262	8.4871229035
7.264	8.4871495890
7.266	8.4871762185
7.268	8.4872027919
7.27	8.4872293096
7.272	8.4872557715
7.274	8.4872821778
7.276	8.4873085287
7.278	8.4873348241
7.28	8.4873610644
7.282	8.4873872495
7.284	8.4874133796
7.286	8.4874394548
7.288	8.4874654752
7.29	8.4874914410
7.292	8.4875173523
7.294	8.4875432091
7.296	8.4875690116
7.298	8.4875947599
7.3	8.4876204541
7.302	8.4876460943
7.304	8.4876716807
7.306	8.4876972134
7.308	8.4877226924
7.31	8.4877481180
7.312	8.4877734901
7.314	8.4877988090
7.316	8.4878240747
7.318	8.4878492873
7.32	8.4878744470
7.322	8.4878995539
7.324	8.4879246080
7.326	8.4879496095
7.328	8.4879745586
7.33	8.4879994552
7.332	8.4880242996
7.334	8.4880490919
7.336	8.4880738320
7.338	8.4880985203
7.34	8.4881231567
7.342	8.4881477414
7.344	8.4881722745
7.346	8.4881967561
7.348	8.4882211863
7.35	8.4882455652
7.352	8.4882698929
7.354	8.4882941696
7.356	8.4883183954
7.358	8.4883425702
7.36	8.4883666944
7.362	8.4883907679
7.364	8.4884147909
7.366	8.4884387635
7.368	8.4884626857
7.37	8.4884865578
7.372	8.4885103798
7.374	8.4885341517
7.376	8.4885578738
7.378	8.4885815462
7.38	8.4886051688
7.382	8.4886287419
7.384	8.4886522655
7.386	8.4886757398
7.388	8.4886991648
7.39	8.4887225407
7.392	8.4887458675
7.394	8.4887691454
7.396	8.4887923745
7.398	8.4888155548
7.4	8.4888386865
7.402	8.4888617697
7.404	8.4888848045
7.406	8.4889077909
7.408	8.4889307291
7.41	8.4889536193
7.412	8.4889764614
7.414	8.4889992556
7.416	8.4890220019
7.418	8.4890447006
7.42	8.4890673517
7.422	8.4890899553
7.424	8.4891125115
7.426	8.4891350203
7.428	8.4891574820
7.43	8.4891798966
7.432	8.4892022641
7.434	8.4892245848
7.436	8.4892468587
7.438	8.4892690858
7.44	8.4892912664
7.442	8.4893134005
7.444	8.4893354881
7.446	8.4893575294
7.448	8.4893795246
7.45	8.4894014736
7.452	8.4894233766
7.454	8.4894452337
7.456	8.4894670450
7.458	8.4894888105
7.46	8.4895105304
7.462	8.4895322048
7.464	8.4895538338
7.466	8.4895754174
7.468	8.4895969558
7.47	8.4896184491
7.472	8.4896398973
7.474	8.4896613006
7.476	8.4896826590
7.478	8.4897039726
7.48	8.4897252416
7.482	8.4897464660
7.484	8.4897676459
7.486	8.4897887814
7.488	8.4898098727
7.49	8.4898309198
7.492	8.4898519227
7.494	8.4898728817
7.496	8.4898937967
7.498	8.4899146679
7.5	8.4899354954
7.502	8.4899562793
7.504	8.4899770196
7.506	8.4899977165
7.508	8.4900183700
7.51	8.4900389802
7.512	8.4900595473
7.514	8.4900800713
7.516	8.4901005523
7.518	8.4901209904
7.52	8.4901413857
7.522	8.4901617382
7.524	8.4901820482
7.526	8.4902023156
7.528	8.4902225405
7.53	8.4902427231
7.532	8.4902628635
7.534	8.4902829616
7.536	8.4903030177
7.538	8.4903230317
7.54	8.4903430039
7.542	8.4903629342
7.544	8.4903828228
7.546	8.4904026698
7.548	8.4904224752
7.55	8.4904422391
7.552	8.4904619617
7.554	8.4904816429
7.556	8.4905012830
7.558	8.4905208819
7.56	8.4905404398
7.562	8.4905599568
7.564	8.4905794329
7.566	8.4905988682
7.568	8.4906182629
7.57	8.4906376169
7.572	8.4906569304
7.574	8.4906762036
7.576	8.4906954363
7.578	8.4907146289
7.58	8.4907337812
7.582	8.4907528935
7.584	8.4907719657
7.586	8.4907909981
7.588	8.4908099906
7.59	8.4908289434
7.592	8.4908478565
7.594	8.4908667300
7.596	8.4908855641
7.598	8.4909043587
7.6	8.4909231140
7.602	8.4909418301
7.604	8.4909605070
7.606	8.4909791448
7.608	8.4909977437
7.61	8.4910163036
7.612	8.4910348247
7.614	8.4910533070
7.616	8.4910717507
7.618	8.4910901558
7.62	8.4911085224
7.622	8.4911268506
7.624	8.4911451404
7.626	8.4911633920
7.628	8.4911816054
7.63	8.4911997807
7.632	8.4912179180
7.634	8.4912360173
7.636	8.4912540788
7.638	8.4912721026
7.64	8.4912900886
7.642	8.4913080370
7.644	8.4913259479
7.646	8.4913438213
7.648	8.4913616574
7.65	8.4913794561
7.652	8.4913972177
7.654	8.4914149421
7.656	8.4914326294
7.658	8.4914502798
7.66	8.4914678932
7.662	8.4914854699
7.664	8.4915030097
7.666	8.4915205130
7.668	8.4915379796
7.67	8.4915554097
7.672	8.4915728034
7.674	8.4915901607
7.676	8.4916074817
7.678	8.4916247665
7.68	8.4916420152
7.682	8.4916592278
7.684	8.4916764045
7.686	8.4916935452
7.688	8.4917106502
7.69	8.4917277194
7.692	8.4917447529
7.694	8.4917617508
7.696	8.4917787132
7.698	8.4917956401
7.7	8.4918125317
7.702	8.4918293879
7.704	8.4918462090
7.706	8.4918629949
7.708	8.4918797457
7.71	8.4918964615
7.712	8.4919131424
7.714	8.4919297885
7.716	8.4919463997
7.718	8.4919629763
7.72	8.4919795182
7.722	8.4919960256
7.724	8.4920124985
7.726	8.4920289370
7.728	8.4920453411
7.73	8.4920617110
7.732	8.4920780466
7.734	8.4920943482
7.736	8.4921106157
7.738	8.4921268492
7.74	8.4921430488
7.742	8.4921592146
7.744	8.4921753466
7.746	8.4921914450
7.748	8.4922075097
7.75	8.4922235408
7.752	8.4922395385
7.754	8.4922555028
7.756	8.4922714338
7.758	8.4922873314
7.76	8.4923031959
7.762	8.4923190273
7.764	8.4923348256
7.766	8.4923505909
7.768	8.4923663233
7.77	8.4923820228
7.772	8.4923976896
7.774	8.4924133237
7.776	8.4924289251
7.778	8.4924444940
7.78	8.4924600303
7.782	8.4924755342
7.784	8.4924910058
7.786	8.4925064451
7.788	8.4925218521
7.79	8.4925372270
7.792	8.4925525698
7.794	8.4925678806
7.796	8.4925831594
7.798	8.4925984063
7.8	8.4926136214
7.802	8.4926288048
7.804	8.4926439564
7.806	8.4926590765
7.808	8.4926741650
7.81	8.4926892220
7.812	8.4927042476
7.814	8.4927192419
7.816	8.4927342048
7.818	8.4927491365
7.82	8.4927640371
7.822	8.4927789066
7.824	8.4927937451
7.826	8.4928085526
7.828	8.4928233292
7.83	8.4928380750
7.832	8.4928527901
7.834	8.4928674744
7.836	8.4928821281
7.838	8.4928967513
7.84	8.4929113439
7.842	8.4929259061
7.844	8.4929404380
7.846	8.4929549395
7.848	8.4929694108
7.85	8.4929838519
7.852	8.4929982628
7.854	8.4930126438
7.856	8.4930269947
7.858	8.4930413157
7.86	8.4930556068
7.862	8.4930698682
7.864	8.4930840998
7.866	8.4930983017
7.868	8.4931124740
7.87	8.4931266168
7.872	8.4931407301
7.874	8.4931548140
7.876	8.4931688685
7.878	8.4931828936
7.88	8.4931968896
7.882	8.4932108564
7.884	8.4932247940
7.886	8.4932387026
7.888	8.4932525823
7.89	8.4932664329
7.892	8.4932802548
7.894	8.4932940478
7.896	8.4933078120
7.898	8.4933215476
7.9	8.4933352545
7.902	8.4933489329
7.904	8.4933625827
7.906	8.4933762042
7.908	8.4933897972
7.91	8.4934033619
7.912	8.4934168983
7.914	8.4934304066
7.916	8.4934438867
7.918	8.4934573386
7.92	8.4934707626
7.922	8.4934841586
7.924	8.4934975267
7.926	8.4935108669
7.928	8.4935241794
7.93	8.4935374641
7.932	8.4935507211
7.934	8.4935639505
7.936	8.4935771524
7.938	8.4935903267
7.94	8.4936034736
7.942	8.4936165932
7.944	8.4936296854
7.946	8.4936427503
7.948	8.4936557880
7.95	8.4936687986
7.952	8.4936817820
7.954	8.4936947385
7.956	8.4937076679
7.958	8.4937205704
7.96	8.4937334461
7.962	8.4937462949
7.964	8.4937591170
7.966	8.4937719123
7.968	8.4937846811
7.97	8.4937974232
7.972	8.4938101388
7.974	8.4938228280
7.976	8.4938354907
7.978	8.4938481270
7.98	8.4938607371
7.982	8.4938733209
7.984	8.4938858785
7.986	8.4938984099
7.988	8.4939109153
7.99	8.4939233947
7.992	8.4939358480
7.994	8.4939482755
7.996	8.4939606770
7.998	8.4939730528
8.0	8.4939854028
8.002	8.4939977271
8.004	8.4940100257
8.006	8.4940222988
8.008	8.4940345463
8.01	8.4940467683
8.012	8.4940589649
8.014	8.4940711361
8.016	8.4940832820
8.018	8.4940954026
8.02	8.4941074980
8.022	8.4941195682
8.024	8.4941316133
8.026	8.4941436334
8.028	8.4941556284
8.03	8.4941675985
8.032	8.4941795437
8.034	8.4941914640
8.036	8.4942033595
8.038	8.4942152303
8.04	8.4942270764
8.042	8.4942388978
8.044	8.4942506947
8.046	8.4942624670
8.048	8.4942742148
8.05	8.4942859382
8.052	8.4942976373
8.054	8.4943093119
8.056	8.4943209623
8.058	8.4943325885
8.06	8.4943441905
8.062	8.4943557684
8.064	8.4943673222
8.066	8.4943788519
8.068	8.4943903577
8.07	8.4944018396
8.072	8.4944132976
8.074	8.4944247318
8.076	8.4944361422
8.078	8.4944475288
8.08	8.4944588918
8.082	8.4944702312
8.084	8.4944815470
8.086	8.4944928393
8.088	8.4945041081
8.09	8.4945153535
8.092	8.4945265755
8.094	8.4945377741
8.096	8.4945489495
8.098	8.4945601017
8.1	8.4945712307
8.102	8.4945823366
8.104	8.4945934193
8.106	8.4946044791
8.108	8.4946155158
8.11	8.4946265297
8.112	8.4946375206
8.114	8.4946484887
8.116	8.4946594340
8.118	8.4946703565
8.12	8.4946812564
8.122	8.4946921336
8.124	8.4947029882
8.126	8.4947138203
8.128	8.4947246298
8.13	8.4947354169
8.132	8.4947461816
8.134	8.4947569239
8.136	8.4947676440
8.138	8.4947783417
8.14	8.4947890172
8.142	8.4947996705
8.144	8.4948103018
8.146	8.4948209109
8.148	8.4948314980
8.15	8.4948420631
8.152	8.4948526062
8.154	8.4948631275
8.156	8.4948736269
8.158	8.4948841045
8.16	8.4948945603
8.162	8.4949049945
8.164	8.4949154069
8.166	8.4949257978
8.168	8.4949361671
8.17	8.4949465148
8.172	8.4949568410
8.174	8.4949671458
8.176	8.4949774293
8.178	8.4949876913
8.18	8.4949979321
8.182	8.4950081516
8.184	8.4950183499
8.186	8.4950285270
8.188	8.4950386829
8.19	8.4950488178
8.192	8.4950589317
8.194	8.4950690246
8.196	8.4950790965
8.198	8.4950891475
8.2	8.4950991777
8.202	8.4951091870
8.204	8.4951191756
8.206	8.4951291434
8.208	8.4951390905
8.21	8.4951490170
8.212	8.4951589229
8.214	8.4951688083
8.216	8.4951786731
8.218	8.4951885175
8.22	8.4951983414
8.222	8.4952081450
8.224	8.4952179282
8.226	8.4952276911
8.228	8.4952374337
8.23	8.4952471562
8.232	8.4952568585
8.234	8.4952665406
8.236	8.4952762027
8.238	8.4952858447
8.24	8.4952954667
8.242	8.4953050688
8.244	8.4953146509
8.246	8.4953242132
8.248	8.4953337556
8.25	8.4953432782
8.252	8.4953527811
8.254	8.4953622643
8.256	8.4953717278
8.258	8.4953811717
8.26	8.4953905960
8.262	8.4954000008
8.264	8.4954093860
8.266	8.4954187518
8.268	8.4954280982
8.27	8.4954374252
8.272	8.4954467329
8.274	8.4954560212
8.276	8.4954652903
8.278	8.4954745402
8.28	8.4954837709
8.282	8.4954929825
8.284	8.4955021750
8.286	8.4955113484
8.288	8.4955205028
8.29	8.4955296382
8.292	8.4955387547
8.294	8.4955478523
8.296	8.4955569311
8.298	8.4955659910
8.3	8.4955750321
8.302	8.4955840545
8.304	8.4955930582
8.306	8.4956020433
8.308	8.4956110097
8.31	8.4956199576
8.312	8.4956288869
8.314	8.4956377977
8.316	8.4956466900
8.318	8.4956555639
8.32	8.4956644194
8.322	8.4956732566
8.324	8.4956820755
8.326	8.4956908761
8.328	8.4956996585
8.33	8.4957084226
8.332	8.4957171686
8.334	8.4957258965
8.336	8.4957346064
8.338	8.4957432981
8.34	8.4957519719
8.342	8.4957606277
8.344	8.4957692656
8.346	8.4957778856
8.348	8.4957864877
8.35	8.4957950720
8.352	8.4958036386
8.354	8.4958121873
8.356	8.4958207184
8.358	8.4958292319
8.36	8.4958377277
8.362	8.4958462059
8.364	8.4958546665
8.366	8.4958631097
8.368	8.4958715353
8.37	8.4958799435
8.372	8.4958883343
8.374	8.4958967077
8.376	8.4959050638
8.378	8.4959134026
8.38	8.4959217241
8.382	8.4959300284
8.384	8.4959383155
8.386	8.4959465855
8.388	8.4959548383
8.39	8.4959630741
8.392	8.4959712928
8.394	8.4959794945
8.396	8.4959876792
8.398	8.4959958470
8.4	8.4960039979
8.402	8.4960121319
8.404	8.4960202490
8.406	8.4960283494
8.408	8.4960364330
8.41	8.4960444999
8.412	8.4960525501
8.414	8.4960605837
8.416	8.4960686006
8.418	8.4960766009
8.42	8.4960845847
8.422	8.4960925520
8.424	8.4961005027
8.426	8.4961084371
8.428	8.4961163550
8.43	8.4961242565
8.432	8.4961321417
8.434	8.4961400106
8.436	8.4961478632
8.438	8.4961556996
8.44	8.4961635197
8.442	8.4961713237
8.444	8.4961791115
8.446	8.4961868833
8.448	8.4961946389
8.45	8.4962023786
8.452	8.4962101022
8.454	8.4962178098
8.456	8.4962255015
8.458	8.4962331773
8.46	8.4962408372
8.462	8.4962484813
8.464	8.4962561096
8.466	8.4962637221
8.468	8.4962713189
8.47	8.4962789000
8.472	8.4962864654
8.474	8.4962940151
8.476	8.4963015493
8.478	8.4963090678
8.48	8.4963165709
8.482	8.4963240584
8.484	8.4963315304
8.486	8.4963389870
8.488	8.4963464282
8.49	8.4963538540
8.492	8.4963612645
8.494	8.4963686597
8.496	8.4963760395
8.498	8.4963834041
8.5	8.4963907535
8.502	8.4963980877
8.504	8.4964054068
8.506	8.4964127107
8.508	8.4964199995
8.51	8.4964272733
8.512	8.4964345321
8.514	8.4964417758
8.516	8.4964490046
8.518	8.4964562185
8.52	8.4964634174
8.522	8.4964706015
8.524	8.4964777707
8.526	8.4964849251
8.528	8.4964920648
8.53	8.4964991897
8.532	8.4965062999
8.534	8.4965133954
8.536	8.4965204762
8.538	8.4965275424
8.54	8.4965345940
8.542	8.4965416311
8.544	8.4965486536
8.546	8.4965556617
8.548	8.4965626552
8.55	8.4965696343
8.552	8.4965765990
8.554	8.4965835493
8.556	8.4965904853
8.558	8.4965974070
8.56	8.4966043143
8.562	8.4966112074
8.564	8.4966180863
8.566	8.4966249510
8.568	8.4966318014
8.57	8.4966386378
8.572	8.4966454600
8.574	8.4966522682
8.576	8.4966590623
8.578	8.4966658424
8.58	8.4966726085
8.582	8.4966793606
8.584	8.4966860988
8.586	8.4966928230
8.588	8.4966995335
8.59	8.4967062300
8.592	8.4967129127
8.594	8.4967195817
8.596	8.4967262369
8.598	8.4967328783
8.6	8.4967395061
8.602	8.4967461201
8.604	8.4967527205
8.606	8.4967593074
8.608	8.4967658806
8.61	8.4967724402
8.612	8.4967789863
8.614	8.4967855190
8.616	8.4967920381
8.618	8.4967985438
8.62	8.4968050361
8.622	8.4968115149
8.624	8.4968179805
8.626	8.4968244326
8.628	8.4968308715
8.63	8.4968372971
8.632	8.4968437095
8.634	8.4968501086
8.636	8.4968564945
8.638	8.4968628672
8.64	8.4968692269
8.642	8.4968755734
8.644	8.4968819068
8.646	8.4968882271
8.648	8.4968945344
8.65	8.4969008287
8.652	8.4969071101
8.654	8.4969133785
8.656	8.4969196339
8.658	8.4969258765
8.66	8.4969321062
8.662	8.4969383231
8.664	8.4969445271
8.666	8.4969507183
8.668	8.4969568968
8.67	8.4969630626
8.672	8.4969692156
8.674	8.4969753560
8.676	8.4969814837
8.678	8.4969875988
8.68	8.4969937013
8.682	8.4969997912
8.684	8.4970058685
8.686	8.4970119333
8.688	8.4970179857
8.69	8.4970240255
8.692	8.4970300529
8.694	8.4970360679
8.696	8.4970420705
8.698	8.4970480608
8.7	8.4970540387
8.702	8.4970600042
8.704	8.4970659575
8.706	8.4970718986
8.708	8.4970778273
8.71	8.4970837439
8.712	8.4970896483
8.714	8.4970955405
8.716	8.4971014206
8.718	8.4971072886
8.72	8.4971131445
8.722	8.4971189883
8.724	8.4971248201
8.726	8.4971306399
8.728	8.4971364477
8.73	8.4971422435
8.732	8.4971480274
8.734	8.4971537994
8.736	8.4971595595
8.738	8.4971653078
8.74	8.4971710442
8.742	8.4971767688
8.744	8.4971824816
8.746	8.4971881827
8.748	8.4971938720
8.75	8.4971995496
8.752	8.4972052155
8.754	8.4972108697
8.756	8.4972165124
8.758	8.4972221434
8.76	8.4972277628
8.762	8.4972333706
8.764	8.4972389669
8.766	8.4972445517
8.768	8.4972501250
8.77	8.4972556868
8.772	8.4972612372
8.774	8.4972667761
8.776	8.4972723037
8.778	8.4972778199
8.78	8.4972833247
8.782	8.4972888182
8.784	8.4972943004
8.786	8.4972997713
8.788	8.4973052310
8.79	8.4973106794
8.792	8.4973161166
8.794	8.4973215426
8.796	8.4973269575
8.798	8.4973323613
8.8	8.4973377539
8.802	8.4973431354
8.804	8.4973485058
8.806	8.4973538653
8.808	8.4973592136
8.81	8.4973645510
8.812	8.4973698774
8.814	8.4973751929
8.816	8.4973804974
8.818	8.4973857910
8.82	8.4973910738
8.822	8.4973963456
8.824	8.4974016066
8.826	8.4974068569
8.828	8.4974120963
8.83	8.4974173249
8.832	8.4974225428
8.834	8.4974277500
8.836	8.4974329464
8.838	8.4974381322
8.84	8.4974433073
8.842	8.4974484718
8.844	8.4974536256
8.846	8.4974587689
8.848	8.4974639016
8.85	8.4974690237
8.852	8.4974741353
8.854	8.4974792364
8.856	8.4974843271
8.858	8.4974894072
8.86	8.4974944769
8.862	8.4974995362
8.864	8.4975045852
8.866	8.4975096237
8.868	8.4975146519
8.87	8.4975196697
8.872	8.4975246772
8.874	8.4975296745
8.876	8.4975346615
8.878	8.4975396382
8.88	8.4975446047
8.882	8.4975495610
8.884	8.4975545071
8.886	8.4975594431
8.888	8.4975643689
8.89	8.4975692846
8.892	8.4975741902
8.894	8.4975790858
8.896	8.4975839712
8.898	8.4975888467
8.9	8.4975937121
8.902	8.4975985675
8.904	8.4976034130
8.906	8.4976082485
8.908	8.4976130741
8.91	8.4976178898
8.912	8.4976226956
8.914	8.4976274915
8.916	8.4976322776
8.918	8.4976370538
8.92	8.4976418202
8.922	8.4976465769
8.924	8.4976513238
8.926	8.4976560609
8.928	8.4976607883
8.93	8.4976655060
8.932	8.4976702141
8.934	8.4976749124
8.936	8.4976796012
8.938	8.4976842802
8.94	8.4976889497
8.942	8.4976936096
8.944	8.4976982600
8.946	8.4977029008
8.948	8.4977075321
8.95	8.4977121538
8.952	8.4977167661
8.954	8.4977213689
8.956	8.4977259623
8.958	8.4977305463
8.96	8.4977351208
8.962	8.4977396860
8.964	8.4977442418
8.966	8.4977487882
8.968	8.4977533253
8.97	8.4977578532
8.972	8.4977623717
8.974	8.4977668809
8.976	8.4977713809
8.978	8.4977758717
8.98	8.4977803533
8.982	8.4977848256
8.984	8.4977892888
8.986	8.4977937429
8.988	8.4977981878
8.99	8.4978026236
8.992	8.4978070503
8.994	8.4978114679
8.996	8.4978158765
8.998	8.4978202760
9.0	8.4978246665
9.002	8.4978290480
9.004	8.4978334205
9.006	8.4978377840
9.008	8.4978421386
9.01	8.4978464843
9.012	8.4978508210
9.014	8.4978551489
9.016	8.4978594679
9.018	8.4978637781
9.02	8.4978680794
9.022	8.4978723719
9.024	8.4978766556
9.026	8.4978809305
9.028	8.4978851966
9.03	8.4978894540
9.032	8.4978937027
9.034	8.4978979427
9.036	8.4979021740
9.038	8.4979063966
9.04	8.4979106106
9.042	8.4979148159
9.044	8.4979190126
9.046	8.4979232007
9.048	8.4979273802
9.05	8.4979315512
9.052	8.4979357136
9.054	8.4979398675
9.056	8.4979440129
9.058	8.4979481498
9.06	8.4979522782
9.062	8.4979563982
9.064	8.4979605097
9.066	8.4979646128
9.068	8.4979687075
9.07	8.4979727938
9.072	8.4979768718
9.074	8.4979809413
9.076	8.4979850026
9.078	8.4979890555
9.08	8.4979931002
9.082	8.4979971365
9.084	8.4980011646
9.086	8.4980051844
9.088	8.4980091961
9.09	8.4980131994
9.092	8.4980171946
9.094	8.4980211817
9.096	8.4980251605
9.098	8.4980291312
9.1	8.4980330938
9.102	8.4980370483
9.104	8.4980409946
9.106	8.4980449329
9.108	8.4980488632
9.11	8.4980527854
9.112	8.4980566995
9.114	8.4980606057
9.116	8.4980645038
9.118	8.4980683940
9.12	8.4980722762
9.122	8.4980761505
9.124	8.4980800168
9.126	8.4980838753
9.128	8.4980877258
9.13	8.4980915685
9.132	8.4980954033
9.134	8.4980992302
9.136	8.4981030493
9.138	8.4981068606
9.14	8.4981106641
9.142	8.4981144599
9.144	8.4981182478
9.146	8.4981220280
9.148	8.4981258005
9.15	8.4981295653
9.152	8.4981333223
9.154	8.4981370717
9.156	8.4981408134
9.158	8.4981445475
9.16	8.4981482739
9.162	8.4981519927
9.164	8.4981557039
9.166	8.4981594075
9.168	8.4981631035
9.17	8.4981667920
9.172	8.4981704729
9.174	8.4981741463
9.176	8.4981778122
9.178	8.4981814706
9.18	8.4981851215
9.182	8.4981887650
9.184	8.4981924010
9.186	8.4981960296
9.188	8.4981996507
9.19	8.4982032645
9.192	8.4982068708
9.194	8.4982104698
9.196	8.4982140615
9.198	8.4982176458
9.2	8.4982212227
9.202	8.4982247924
9.204	8.4982283548
9.206	8.4982319098
9.208	8.4982354577
9.21	8.4982389982
9.212	8.4982425316
9.214	8.4982460577
9.216	8.4982495766
9.218	8.4982530883
9.22	8.4982565929
9.222	8.4982600902
9.224	8.4982635805
9.226	8.4982670636
9.228	8.4982705396
9.23	8.4982740085
9.232	8.4982774703
9.234	8.4982809250
9.236	8.4982843727
9.238	8.4982878133
9.24	8.4982912470
9.242	8.4982946735
9.244	8.4982980931
9.246	8.4983015058
9.248	8.4983049114
9.25	8.4983083101
9.252	8.4983117018
9.254	8.4983150867
9.256	8.4983184646
9.258	8.4983218356
9.26	8.4983251997
9.262	8.4983285570
9.264	8.4983319074
9.266	8.4983352510
9.268	8.4983385877
9.27	8.4983419176
9.272	8.4983452408
9.274	8.4983485571
9.276	8.4983518667
9.278	8.4983551695
9.28	8.4983584656
9.282	8.4983617550
9.284	8.4983650376
9.286	8.4983683136
9.288	8.4983715828
9.29	8.4983748454
9.292	8.4983781013
9.294	8.4983813506
9.296	8.4983845933
9.298	8.4983878293
9.3	8.4983910587
9.302	8.4983942816
9.304	8.4983974979
9.306	8.4984007076
9.308	8.4984039107
9.31	8.4984071073
9.312	8.4984102974
9.314	8.4984134810
9.316	8.4984166581
9.318	8.4984198288
9.32	8.4984229929
9.322	8.4984261506
9.324	8.4984293019
9.326	8.4984324467
9.328	8.4984355851
9.33	8.4984387171
9.332	8.4984418428
9.334	8.4984449620
9.336	8.4984480749
9.338	8.4984511815
9.34	8.4984542817
9.342	8.4984573756
9.344	8.4984604632
9.346	8.4984635444
9.348	8.4984666195
9.35	8.4984696882
9.352	8.4984727507
9.354	8.4984758069
9.356	8.4984788569
9.358	8.4984819007
9.36	8.4984849383
9.362	8.4984879697
9.364	8.4984909949
9.366	8.4984940140
9.368	8.4984970269
9.37	8.4985000336
9.372	8.4985030342
9.374	8.4985060288
9.376	8.4985090172
9.378	8.4985119995
9.38	8.4985149757
9.382	8.4985179459
9.384	8.4985209100
9.386	8.4985238681
9.388	8.4985268202
9.39	8.4985297662
9.392	8.4985327063
9.394	8.4985356404
9.396	8.4985385684
9.398	8.4985414905
9.4	8.4985444067
9.402	8.4985473169
9.404	8.4985502212
9.406	8.4985531196
9.408	8.4985560121
9.41	8.4985588987
9.412	8.4985617794
9.414	8.4985646542
9.416	8.4985675232
9.418	8.4985703864
9.42	8.4985732437
9.422	8.4985760952
9.424	8.4985789409
9.426	8.4985817808
9.428	8.4985846149
9.43	8.4985874432
9.432	8.4985902658
9.434	8.4985930826
9.436	8.4985958937
9.438	8.4985986991
9.44	8.4986014988
9.442	8.4986042928
9.444	8.4986070811
9.446	8.4986098637
9.448	8.4986126406
9.45	8.4986154119
9.452	8.4986181776
9.454	8.4986209376
9.456	8.4986236920
9.458	8.4986264408
9.46	8.4986291840
9.462	8.4986319216
9.464	8.4986346537
9.466	8.4986373802
9.468	8.4986401012
9.47	8.4986428166
9.472	8.4986455265
9.474	8.4986482308
9.476	8.4986509297
9.478	8.4986536231
9.48	8.4986563110
9.482	8.4986589935
9.484	8.4986616704
9.486	8.4986643420
9.488	8.4986670081
9.49	8.4986696688
9.492	8.4986723240
9.494	8.4986749739
9.496	8.4986776184
9.498	8.4986802575
9.5	8.4986828912
9.502	8.4986855196
9.504	8.4986881427
9.506	8.4986907604
9.508	8.4986933727
9.51	8.4986959798
9.512	8.4986985816
9.514	8.4987011781
9.516	8.4987037693
9.518	8.4987063552
9.52	8.4987089359
9.522	8.4987115113
9.524	8.4987140815
9.526	8.4987166465
9.528	8.4987192063
9.53	8.4987217608
9.532	8.4987243102
9.534	8.4987268544
9.536	8.4987293934
9.538	8.4987319272
9.54	8.4987344559
9.542	8.4987369795
9.544	8.4987394979
9.546	8.4987420113
9.548	8.4987445195
9.55	8.4987470226
9.552	8.4987495206
9.554	8.4987520136
9.556	8.4987545015
9.558	8.4987569843
9.56	8.4987594621
9.562	8.4987619349
9.564	8.4987644026
9.566	8.4987668654
9.568	8.4987693231
9.57	8.4987717758
9.572	8.4987742236
9.574	8.4987766664
9.576	8.4987791042
9.578	8.4987815370
9.58	8.4987839650
9.582	8.4987863880
9.584	8.4987888061
9.586	8.4987912192
9.588	8.4987936275
9.59	8.4987960309
9.592	8.4987984294
9.594	8.4988008230
9.596	8.4988032118
9.598	8.4988055957
9.6	8.4988079748
9.602	8.4988103490
9.604	8.4988127185
9.606	8.4988150831
9.608	8.4988174429
9.61	8.4988197980
9.612	8.4988221482
9.614	8.4988244937
9.616	8.4988268344
9.618	8.4988291704
9.62	8.4988315016
9.622	8.4988338281
9.624	8.4988361499
9.626	8.4988384670
9.628	8.4988407794
9.63	8.4988430870
9.632	8.4988453900
9.634	8.4988476884
9.636	8.4988499820
9.638	8.4988522710
9.64	8.4988545554
9.642	8.4988568351
9.644	8.4988591103
9.646	8.4988613807
9.648	8.4988636466
9.65	8.4988659079
9.652	8.4988681646
9.654	8.4988704168
9.656	8.4988726643
9.658	8.4988749073
9.66	8.4988771458
9.662	8.4988793797
9.664	8.4988816091
9.666	8.4988838340
9.668	8.4988860543
9.67	8.4988882702
9.672	8.4988904815
9.674	8.4988926884
9.676	8.4988948908
9.678	8.4988970888
9.68	8.4988992822
9.682	8.4989014713
9.684	8.4989036559
9.686	8.4989058360
9.688	8.4989080118
9.69	8.4989101831
9.692	8.4989123501
9.694	8.4989145126
9.696	8.4989166708
9.698	8.4989188246
9.7	8.4989209740
9.702	8.4989231191
9.704	8.4989252598
9.706	8.4989273962
9.708	8.4989295283
9.71	8.4989316560
9.712	8.4989337795
9.714	8.4989358986
9.716	8.4989380134
9.718	8.4989401240
9.72	8.4989422302
9.722	8.4989443323
9.724	8.4989464300
9.726	8.4989485235
9.728	8.4989506128
9.73	8.4989526978
9.732	8.4989547786
9.734	8.4989568552
9.736	8.4989589276
9.738	8.4989609958
9.74	8.4989630598
9.742	8.4989651196
9.744	8.4989671753
9.746	8.4989692268
9.748	8.4989712741
9.75	8.4989733173
9.752	8.4989753563
9.754	8.4989773913
9.756	8.4989794221
9.758	8.4989814488
9.76	8.4989834714
9.762	8.4989854899
9.764	8.4989875043
9.766	8.4989895146
9.768	8.4989915209
9.77	8.4989935231
9.772	8.4989955213
9.774	8.4989975154
9.776	8.4989995054
9.778	8.4990014915
9.78	8.4990034735
9.782	8.4990054515
9.784	8.4990074256
9.786	8.4990093956
9.788	8.4990113616
9.79	8.4990133237
9.792	8.4990152818
9.794	8.4990172359
9.796	8.4990191861
9.798	8.4990211323
9.8	8.4990230746
9.802	8.4990250130
9.804	8.4990269474
9.806	8.4990288779
9.808	8.4990308045
9.81	8.4990327273
9.812	8.4990346461
9.814	8.4990365611
9.816	8.4990384722
9.818	8.4990403794
9.82	8.4990422828
9.822	8.4990441823
9.824	8.4990460779
9.826	8.4990479698
9.828	8.4990498578
9.83	8.4990517420
9.832	8.4990536224
9.834	8.4990554990
9.836	8.4990573718
9.838	8.4990592408
9.84	8.4990611060
9.842	8.4990629675
9.844	8.4990648252
9.846	8.4990666791
9.848	8.4990685293
9.85	8.4990703758
9.852	8.4990722185
9.854	8.4990740575
9.856	8.4990758928
9.858	8.4990777244
9.86	8.4990795523
9.862	8.4990813764
9.864	8.4990831969
9.866	8.4990850138
9.868	8.4990868269
9.87	8.4990886364
9.872	8.4990904422
9.874	8.4990922444
9.876	8.4990940429
9.878	8.4990958379
9.88	8.4990976291
9.882	8.4990994168
9.884	8.4991012008
9.886	8.4991029813
9.888	8.4991047582
9.89	8.4991065314
9.892	8.4991083011
9.894	8.4991100672
9.896	8.4991118298
9.898	8.4991135887
9.9	8.4991153442
9.902	8.4991170961
9.904	8.4991188444
9.906	8.4991205892
9.908	8.4991223305
9.91	8.4991240683
9.912	8.4991258026
9.914	8.4991275334
9.916	8.4991292606
9.918	8.4991309844
9.92	8.4991327047
9.922	8.4991344216
9.924	8.4991361350
9.926	8.4991378449
9.928	8.4991395513
9.93	8.4991412544
9.932	8.4991429539
9.934	8.4991446501
9.936	8.4991463428
9.938	8.4991480321
9.94	8.4991497181
9.942	8.4991514006
9.944	8.4991530797
9.946	8.4991547554
9.948	8.4991564277
9.95	8.4991580967
9.952	8.4991597623
9.954	8.4991614246
9.956	8.4991630834
9.958	8.4991647390
9.96	8.4991663912
9.962	8.4991680401
9.964	8.4991696856
9.966	8.4991713278
9.968	8.4991729667
9.97	8.4991746024
9.972	8.4991762347
9.974	8.4991778637
9.976	8.4991794894
9.978	8.4991811119
9.98	8.4991827311
9.982	8.4991843470
9.984	8.4991859596
9.986	8.4991875691
9.988	8.4991891752
9.99	8.4991907781
9.992	8.4991923778
9.994	8.4991939743
9.996	8.4991955676
9.998	8.4991971576
