0.0	2.9091196405
0.00714285714286	2.9099229978
0.0142857142857	2.9107845267
0.0214285714286	2.9116997986
0.0285714285714	2.9126649250
0.0357142857143	2.9136764019
0.0428571428571	2.9147310677
0.05	2.9158260686
0.0571428571429	2.9169588281
0.0642857142857	2.9181270187
0.0714285714286	2.9193285373
0.0785714285714	2.9205614828
0.0857142857143	2.9218241356
0.0928571428571	2.9231149403
0.1	2.9244324889
0.107142857143	2.9257755062
0.114285714286	2.9271428374
0.121428571429	2.9285334357
0.128571428571	2.9299463520
0.135714285714	2.9313807255
0.142857142857	2.9328357752
0.15	2.9343107920
0.157142857143	2.9358051321
0.164285714286	2.9373182106
0.171428571429	2.9388494961
0.178571428571	2.9403985055
0.185714285714	2.9419647996
0.192857142857	2.9435479789
0.2	2.9451476801
0.207142857143	2.9467635726
0.214285714286	2.9483953556
0.221428571429	2.9500427553
0.228571428571	2.9517055228
0.235714285714	2.9533834312
0.242857142857	2.9550762744
0.25	2.9567838648
0.257142857143	2.9585060315
0.264285714286	2.9602426195
0.271428571429	2.9619934877
0.278571428571	2.9637585079
0.285714285714	2.9655375637
0.292857142857	2.9673305497
0.3	2.9691373700
0.307142857143	2.9709579380
0.314285714286	2.9727921753
0.321428571429	2.9746400111
0.328571428571	2.9765013814
0.335714285714	2.9783762287
0.342857142857	2.9802645014
0.35	2.9821661531
0.357142857143	2.9840811423
0.364285714286	2.9860094321
0.371428571429	2.9879509896
0.378571428571	2.9899057859
0.385714285714	2.9918737953
0.392857142857	2.9938549956
0.4	2.9958493673
0.407142857143	2.9978568936
0.414285714286	2.9998775603
0.421428571429	3.0019113552
0.428571428571	3.0039582685
0.435714285714	3.0060182920
0.442857142857	3.0080914193
0.45	3.0101776457
0.457142857143	3.0122769678
0.464285714286	3.0143893835
0.471428571429	3.0165148920
0.478571428571	3.0186534934
0.485714285714	3.0208051890
0.492857142857	3.0229699808
0.5	3.0251478717
0.507142857143	3.0273388653
0.514285714286	3.0295429657
0.521428571429	3.0317601777
0.528571428571	3.0339905066
0.535714285714	3.0362339580
0.542857142857	3.0384905380
0.55	3.0407602530
0.557142857143	3.0430431097
0.564285714286	3.0453391150
0.571428571429	3.0476482758
0.578571428571	3.0499705994
0.585714285714	3.0523060932
0.592857142857	3.0546547644
0.6	3.0570166204
0.607142857143	3.0593916688
0.614285714286	3.0617799167
0.621428571429	3.0641813716
0.628571428571	3.0665960405
0.635714285714	3.0690239308
0.642857142857	3.0714650492
0.65	3.0739194026
0.657142857143	3.0763869977
0.664285714286	3.0788678409
0.671428571429	3.0813619384
0.678571428571	3.0838692963
0.685714285714	3.0863899201
0.692857142857	3.0889238156
0.7	3.0914709878
0.707142857143	3.0940314416
0.714285714286	3.0966051817
0.721428571429	3.0991922124
0.728571428571	3.1017925376
0.735714285714	3.1044061610
0.742857142857	3.1070330859
0.75	3.1096733151
0.757142857143	3.1123268513
0.764285714286	3.1149936966
0.771428571429	3.1176738528
0.778571428571	3.1203673213
0.785714285714	3.1230741032
0.792857142857	3.1257941991
0.8	3.1285276091
0.807142857143	3.1312743332
0.814285714286	3.1340343705
0.821428571429	3.1368077201
0.828571428571	3.1395943805
0.835714285714	3.1423943498
0.842857142857	3.1452076255
0.85	3.1480342050
0.857142857143	3.1508740850
0.864285714286	3.1537272617
0.871428571429	3.1565937310
0.878571428571	3.1594734884
0.885714285714	3.1623665287
0.892857142857	3.1652728464
0.9	3.1681924356
0.907142857143	3.1711252899
0.914285714286	3.1740714023
0.921428571429	3.1770307654
0.928571428571	3.1800033714
0.935714285714	3.1829892121
0.942857142857	3.1859882786
0.95	3.1890005617
0.957142857143	3.1920260517
0.964285714286	3.1950647384
0.971428571429	3.1981166112
0.978571428571	3.2011816589
0.985714285714	3.2042598699
0.992857142857	3.2073512323
1.0	3.2104557334
1.00714285714	3.2135733602
1.01428571429	3.2167040994
1.02142857143	3.2198479369
1.02857142857	3.2230048583
1.03571428571	3.2261748489
1.04285714286	3.2293578932
1.05	3.2325539755
1.05714285714	3.2357630795
1.06428571429	3.2389851885
1.07142857143	3.2422202853
1.07857142857	3.2454683523
1.08571428571	3.2487293714
1.09285714286	3.2520033242
1.1	3.2552901915
1.10714285714	3.2585899539
1.11428571429	3.2619025916
1.12142857143	3.2652280843
1.12857142857	3.2685664111
1.13571428571	3.2719175509
1.14285714286	3.2752814819
1.15	3.2786581822
1.15714285714	3.2820476291
1.16428571429	3.2854497998
1.17142857143	3.2888646709
1.17857142857	3.2922922185
1.18571428571	3.2957324184
1.19285714286	3.2991852460
1.2	3.3026506763
1.20714285714	3.3061286837
1.21428571429	3.3096192424
1.22142857143	3.3131223260
1.22857142857	3.3166379079
1.23571428571	3.3201659610
1.24285714286	3.3237064578
1.25	3.3272593704
1.25714285714	3.3308246705
1.26428571429	3.3344023294
1.27142857143	3.3379923182
1.27857142857	3.3415946072
1.28571428571	3.3452091669
1.29285714286	3.3488359669
1.3	3.3524749767
1.30714285714	3.3561261653
1.31428571429	3.3597895016
1.32142857143	3.3634649538
1.32857142857	3.3671524899
1.33571428571	3.3708520776
1.34285714286	3.3745636842
1.35	3.3782872765
1.35714285714	3.3820228213
1.36428571429	3.3857702848
1.37142857143	3.3895296328
1.37857142857	3.3933008311
1.38571428571	3.3970838449
1.39285714286	3.4008786391
1.4	3.4046851783
1.40714285714	3.4085034269
1.41428571429	3.4123333489
1.42142857143	3.4161749080
1.42857142857	3.4200280675
1.43571428571	3.4238927906
1.44285714286	3.4277690400
1.45	3.4316567783
1.45714285714	3.4355559676
1.46428571429	3.4394665698
1.47142857143	3.4433885467
1.47857142857	3.4473218595
1.48571428571	3.4512664694
1.49285714286	3.4552223371
1.5	3.4591894233
1.50714285714	3.4631676882
1.51428571429	3.4671570918
1.52142857143	3.4711575940
1.52857142857	3.4751691542
1.53571428571	3.4791917317
1.54285714286	3.4832252855
1.55	3.4872697745
1.55714285714	3.4913251572
1.56428571429	3.4953913918
1.57142857143	3.4994684366
1.57857142857	3.5035562493
1.58571428571	3.5076547877
1.59285714286	3.5117640090
1.6	3.5158838706
1.60714285714	3.5200143295
1.61428571429	3.5241553424
1.62142857143	3.5283068659
1.62857142857	3.5324688564
1.63571428571	3.5366412701
1.64285714286	3.5408240630
1.65	3.5450171909
1.65714285714	3.5492206095
1.66428571429	3.5534342741
1.67142857143	3.5576581401
1.67857142857	3.5618921625
1.68571428571	3.5661362962
1.69285714286	3.5703904960
1.7	3.5746547165
1.70714285714	3.5789289121
1.71428571429	3.5832130369
1.72142857143	3.5875070453
1.72857142857	3.5918108910
1.73571428571	3.5961245279
1.74285714286	3.6004479097
1.75	3.6047809899
1.75714285714	3.6091237218
1.76428571429	3.6134760587
1.77142857143	3.6178379537
1.77857142857	3.6222093599
1.78571428571	3.6265902299
1.79285714286	3.6309805166
1.8	3.6353801726
1.80714285714	3.6397891504
1.81428571429	3.6442074024
1.82142857143	3.6486348808
1.82857142857	3.6530715378
1.83571428571	3.6575173254
1.84285714286	3.6619721957
1.85	3.6664361005
1.85714285714	3.6709089915
1.86428571429	3.6753908204
1.87142857143	3.6798815388
1.87857142857	3.6843810982
1.88571428571	3.6888894500
1.89285714286	3.6934065455
1.9	3.6979323360
1.90714285714	3.7024667726
1.91428571429	3.7070098066
1.92142857143	3.7115613888
1.92857142857	3.7161214703
1.93571428571	3.7206900019
1.94285714286	3.7252669345
1.95	3.7298522190
1.95714285714	3.7344458059
1.96428571429	3.7390476460
1.97142857143	3.7436576899
1.97857142857	3.7482758881
1.98571428571	3.7529021913
1.99285714286	3.7575365498
2.0	3.7621789141
2.00714285714	3.7668292346
2.01428571429	3.7714874616
2.02142857143	3.7761535456
2.02857142857	3.7808274368
2.03571428571	3.7855090854
2.04285714286	3.7901984418
2.05	3.7948954561
2.05714285714	3.7996000785
2.06428571429	3.8043122592
2.07142857143	3.8090319484
2.07857142857	3.8137590963
2.08571428571	3.8184936529
2.09285714286	3.8232355684
2.1	3.8279847928
2.10714285714	3.8327412765
2.11428571429	3.8375049693
2.12142857143	3.8422758215
2.12857142857	3.8470537831
2.13571428571	3.8518388043
2.14285714286	3.8566308352
2.15	3.8614298259
2.15714285714	3.8662357266
2.16428571429	3.8710484873
2.17142857143	3.8758680583
2.17857142857	3.8806943898
2.18571428571	3.8855274319
2.19285714286	3.8903671348
2.2	3.8952134488
2.20714285714	3.9000663242
2.21428571429	3.9049257113
2.22142857143	3.9097915603
2.22857142857	3.9146638216
2.23571428571	3.9195424457
2.24285714286	3.9244273828
2.25	3.9293185835
2.25714285714	3.9342159983
2.26428571429	3.9391195776
2.27142857143	3.9440292721
2.27857142857	3.9489450324
2.28571428571	3.9538668090
2.29285714286	3.9587945528
2.3	3.9637282145
2.30714285714	3.9686677449
2.31428571429	3.9736130948
2.32142857143	3.9785642152
2.32857142857	3.9835210570
2.33571428571	3.9884835712
2.34285714286	3.9934517090
2.35	3.9984254214
2.35714285714	4.0034046597
2.36428571429	4.0083893752
2.37142857143	4.0133795192
2.37857142857	4.0183750431
2.38571428571	4.0233758983
2.39285714286	4.0283820365
2.4	4.0333934092
2.40714285714	4.0384099682
2.41428571429	4.0434316651
2.42142857143	4.0484584519
2.42857142857	4.0534902805
2.43571428571	4.0585271029
2.44285714286	4.0635688711
2.45	4.0686155374
2.45714285714	4.0736670539
2.46428571429	4.0787233731
2.47142857143	4.0837844474
2.47857142857	4.0888502292
2.48571428571	4.0939206712
2.49285714286	4.0989957261
2.5	4.1040753467
2.50714285714	4.1091594859
2.51428571429	4.1142480966
2.52142857143	4.1193411319
2.52857142857	4.1244385451
2.53571428571	4.1295402894
2.54285714286	4.1346463181
2.55	4.1397565849
2.55714285714	4.1448710432
2.56428571429	4.1499896467
2.57142857143	4.1551123494
2.57857142857	4.1602391050
2.58571428571	4.1653698676
2.59285714286	4.1705045913
2.6	4.1756432304
2.60714285714	4.1807857393
2.61428571429	4.1859320723
2.62142857143	4.1910821842
2.62857142857	4.1962360295
2.63571428571	4.2013935631
2.64285714286	4.2065547400
2.65	4.2117195153
2.65714285714	4.2168878440
2.66428571429	4.2220596815
2.67142857143	4.2272349832
2.67857142857	4.2324137048
2.68571428571	4.2375958018
2.69285714286	4.2427812301
2.7	4.2479699456
2.70714285714	4.2531619043
2.71428571429	4.2583570626
2.72142857143	4.2635553766
2.72857142857	4.2687568029
2.73571428571	4.2739612980
2.74285714286	4.2791688187
2.75	4.2843793218
2.75714285714	4.2895927644
2.76428571429	4.2948091035
2.77142857143	4.3000282965
2.77857142857	4.3052503007
2.78571428571	4.3104750738
2.79285714286	4.3157025733
2.8	4.3209327572
2.80714285714	4.3261655835
2.81428571429	4.3314010102
2.82142857143	4.3366389956
2.82857142857	4.3418794982
2.83571428571	4.3471224765
2.84285714286	4.3523678892
2.85	4.3576156953
2.85714285714	4.3628658536
2.86428571429	4.3681183234
2.87142857143	4.3733730640
2.87857142857	4.3786300349
2.88571428571	4.3838891956
2.89285714286	4.3891505060
2.9	4.3944139261
2.90714285714	4.3996794157
2.91428571429	4.4049469354
2.92142857143	4.4102164453
2.92857142857	4.4154879062
2.93571428571	4.4207612786
2.94285714286	4.4260365236
2.95	4.4313136021
2.95714285714	4.4365924754
2.96428571429	4.4418731048
2.97142857143	4.4471554519
2.97857142857	4.4524394783
2.98571428571	4.4577251459
2.99285714286	4.4630124168
3.0	4.4683012532
3.00714285714	4.4735916174
3.01428571429	4.4788834719
3.02142857143	4.4841767795
3.02857142857	4.4894715031
3.03571428571	4.4947676056
3.04285714286	4.5000650504
3.05	4.5053638007
3.05714285714	4.5106638202
3.06428571429	4.5159650726
3.07142857143	4.5212675219
3.07857142857	4.5265711321
3.08571428571	4.5318758674
3.09285714286	4.5371816924
3.1	4.5424885717
3.10714285714	4.5477964701
3.11428571429	4.5531053525
3.12142857143	4.5584151842
3.12857142857	4.5637259304
3.13571428571	4.5690375568
3.14285714286	4.5743500290
3.15	4.5796633130
3.15714285714	4.5849773748
3.16428571429	4.5902921807
3.17142857143	4.5956076973
3.17857142857	4.6009238910
3.18571428571	4.6062407288
3.19285714286	4.6115581778
3.2	4.6168762050
3.20714285714	4.6221947781
3.21428571429	4.6275138645
3.22142857143	4.6328334320
3.22857142857	4.6381534487
3.23571428571	4.6434738828
3.24285714286	4.6487947027
3.25	4.6541158768
3.25714285714	4.6594373741
3.26428571429	4.6647591635
3.27142857143	4.6700812143
3.27857142857	4.6754034957
3.28571428571	4.6807259774
3.29285714286	4.6860486292
3.3	4.6913714212
3.30714285714	4.6966943234
3.31428571429	4.7020173064
3.32142857143	4.7073403407
3.32857142857	4.7126633973
3.33571428571	4.7179864471
3.34285714286	4.7233094614
3.35	4.7286324117
3.35714285714	4.7339552697
3.36428571429	4.7392780073
3.37142857143	4.7446005967
3.37857142857	4.7499230101
3.38571428571	4.7552452201
3.39285714286	4.7605671996
3.4	4.7658889216
3.40714285714	4.7712103592
3.41428571429	4.7765314860
3.42142857143	4.7818522756
3.42857142857	4.7871727021
3.43571428571	4.7924927394
3.44285714286	4.7978123621
3.45	4.8031315448
3.45714285714	4.8084502622
3.46428571429	4.8137684896
3.47142857143	4.8190862023
3.47857142857	4.8244033758
3.48571428571	4.8297199861
3.49285714286	4.8350360091
3.5	4.8403514212
3.50714285714	4.8456661989
3.51428571429	4.8509803192
3.52142857143	4.8562937592
3.52857142857	4.8616064960
3.53571428571	4.8669185075
3.54285714286	4.8722297714
3.55	4.8775402659
3.55714285714	4.8828499694
3.56428571429	4.8881588606
3.57142857143	4.8934669184
3.57857142857	4.8987741221
3.58571428571	4.9040804512
3.59285714286	4.9093858855
3.6	4.9146904051
3.60714285714	4.9199939903
3.61428571429	4.9252966219
3.62142857143	4.9305982808
3.62857142857	4.9358989483
3.63571428571	4.9411986060
3.64285714286	4.9464972357
3.65	4.9517948197
3.65714285714	4.9570913404
3.66428571429	4.9623867808
3.67142857143	4.9676811240
3.67857142857	4.9729743535
3.68571428571	4.9782664531
3.69285714286	4.9835574070
3.7	4.9888471998
3.70714285714	4.9941358164
3.71428571429	4.9994232419
3.72142857143	5.0047094620
3.72857142857	5.0099944627
3.73571428571	5.0152782304
3.74285714286	5.0205607517
3.75	5.0258420138
3.75714285714	5.0311220042
3.76428571429	5.0364007109
3.77142857143	5.0416781223
3.77857142857	5.0469542270
3.78571428571	5.0522290144
3.79285714286	5.0575024740
3.8	5.0627745960
3.80714285714	5.0680453708
3.81428571429	5.0733147896
3.82142857143	5.0785828438
3.82857142857	5.0838495253
3.83571428571	5.0891148268
3.84285714286	5.0943787412
3.85	5.0996412619
3.85714285714	5.1049023832
3.86428571429	5.1101620996
3.87142857143	5.1154204062
3.87857142857	5.1206772990
3.88571428571	5.1259327741
3.89285714286	5.1311868286
3.9	5.1364394601
3.90714285714	5.1416906669
3.91428571429	5.1469404479
3.92142857143	5.1521888026
3.92857142857	5.1574357314
3.93571428571	5.1626812354
3.94285714286	5.1679253163
3.95	5.1731679767
3.95714285714	5.1784092200
3.96428571429	5.1836490504
3.97142857143	5.1888874730
3.97857142857	5.1941244937
3.98571428571	5.1993601193
3.99285714286	5.2045943578
4.0	5.2098272178
4.00714285714	5.2150587093
4.01428571429	5.2202888431
4.02142857143	5.2255176313
4.02857142857	5.2307450869
4.03571428571	5.2359712244
4.04285714286	5.2411960593
4.05	5.2464196086
4.05714285714	5.2516418904
4.06428571429	5.2568629246
4.07142857143	5.2620827321
4.07857142857	5.2673013357
4.08571428571	5.2725187598
4.09285714286	5.2777350303
4.1	5.2829501752
4.10714285714	5.2881642240
4.11428571429	5.2933772085
4.12142857143	5.2985891623
4.12857142857	5.3038001215
4.13571428571	5.3090101242
4.14285714286	5.3142192111
4.15	5.3194274255
4.15714285714	5.3246348133
4.16428571429	5.3298414235
4.17142857143	5.3350473080
4.17857142857	5.3402525221
4.18571428571	5.3454571243
4.19285714286	5.3506611772
4.2	5.3558647471
4.20714285714	5.3610679046
4.21428571429	5.3662707250
4.22142857143	5.3714732882
4.22857142857	5.3766756797
4.23571428571	5.3818779902
4.24285714286	5.3870803169
4.25	5.3922827636
4.25714285714	5.3974854410
4.26428571429	5.4026884678
4.27142857143	5.4078919713
4.27857142857	5.4130960878
4.28571428571	5.4183009642
4.29285714286	5.4235067583
4.3	5.4287136404
4.30714285714	5.4339217945
4.31428571429	5.4391314198
4.32142857143	5.4443427325
4.32857142857	5.4495559678
4.33571428571	5.4547713824
4.34285714286	5.4599892571
4.35	5.4652099003
4.35714285714	5.4704336520
4.36428571429	5.4756608882
4.37142857143	5.4808920273
4.37857142857	5.4861275366
4.38571428571	5.4913679413
4.39285714286	5.4966138356
4.4	5.5018658965
4.40714285714	5.5071249021
4.41428571429	5.5123917551
4.42142857143	5.5176675147
4.42857142857	5.5229534404
4.43571428571	5.5282510538
4.44285714286	5.5335622283
4.45	5.5388893267
4.45714285714	5.5442354199
4.46428571429	5.5496046603
4.47142857143	5.5550029774
4.47857142857	5.5604395402
4.48571428571	5.5659304837
4.49285714286	5.5715124605
4.5	5.5775948521
4.50714285714	5.5840594885
4.51428571429	5.5904209270
4.52142857143	5.5966773028
4.52857142857	5.6028483877
4.53571428571	5.6089549079
4.54285714286	5.6150140153
4.55	5.6210386628
4.55714285714	5.6270381112
4.56428571429	5.6330187023
4.57142857143	5.6389846020
4.57857142857	5.6449384185
4.58571428571	5.6508816821
4.59285714286	5.6568152019
4.6	5.6627393210
4.60714285714	5.6686540943
4.61428571429	5.6745594095
4.62142857143	5.6804550660
4.62857142857	5.6863408255
4.63571428571	5.6922164424
4.64285714286	5.6980816811
4.65	5.7039363253
4.65714285714	5.7097801808
4.66428571429	5.7156130766
4.67142857143	5.7214348631
4.67857142857	5.7272454102
4.68571428571	5.7330446047
4.69285714286	5.7388323478
4.7	5.7446085532
4.70714285714	5.7503731449
4.71428571429	5.7561260554
4.72142857143	5.7618672249
4.72857142857	5.7675965995
4.73571428571	5.7733141308
4.74285714286	5.7790197748
4.75	5.7847134917
4.75714285714	5.7903952451
4.76428571429	5.7960650018
4.77142857143	5.8017227313
4.77857142857	5.8073684060
4.78571428571	5.8130020004
4.79285714286	5.8186234915
4.8	5.8242328582
4.80714285714	5.8298300815
4.81428571429	5.8354151442
4.82142857143	5.8409880310
4.82857142857	5.8465487281
4.83571428571	5.8520972234
4.84285714286	5.8576335065
4.85	5.8631575682
4.85714285714	5.8686694009
4.86428571429	5.8741689984
4.87142857143	5.8796563557
4.87857142857	5.8851314690
4.88571428571	5.8905943360
4.89285714286	5.8960449551
4.9	5.9014833263
4.90714285714	5.9069094503
4.91428571429	5.9123233290
4.92142857143	5.9177249653
4.92857142857	5.9231143630
4.93571428571	5.9284915269
4.94285714286	5.9338564625
4.95	5.9392091763
4.95714285714	5.9445496756
4.96428571429	5.9498779685
4.97142857143	5.9551940638
4.97857142857	5.9604979710
4.98571428571	5.9657897004
4.99285714286	5.9710692630
5.0	5.9763366703
5.00714285714	5.9815919345
5.01428571429	5.9868350685
5.02142857143	5.9920660856
5.02857142857	5.9972849997
5.03571428571	6.0024918254
5.04285714286	6.0076865777
5.05	6.0128692720
5.05714285714	6.0180399243
5.06428571429	6.0231985511
5.07142857143	6.0283451693
5.07857142857	6.0334797961
5.08571428571	6.0386024493
5.09285714286	6.0437131470
5.1	6.0488119078
5.10714285714	6.0538987504
5.11428571429	6.0589736941
5.12142857143	6.0640367585
5.12857142857	6.0690879634
5.13571428571	6.0741273291
5.14285714286	6.0791548760
5.15	6.0841706249
5.15714285714	6.0891745970
5.16428571429	6.0941668135
5.17142857143	6.0991472961
5.17857142857	6.1041160666
5.18571428571	6.1090731471
5.19285714286	6.1140185599
5.2	6.1189523275
5.20714285714	6.1238744727
5.21428571429	6.1287850184
5.22142857143	6.1336839878
5.22857142857	6.1385714042
5.23571428571	6.1434472910
5.24285714286	6.1483116720
5.25	6.1531645710
5.25714285714	6.1580060119
5.26428571429	6.1628360190
5.27142857143	6.1676546164
5.27857142857	6.1724618287
5.28571428571	6.1772576803
5.29285714286	6.1820421960
5.3	6.1868154004
5.30714285714	6.1915773186
5.31428571429	6.1963279755
5.32142857143	6.2010673962
5.32857142857	6.2057956060
5.33571428571	6.2105126301
5.34285714286	6.2152184939
5.35	6.2199132229
5.35714285714	6.2245968426
5.36428571429	6.2292693787
5.37142857143	6.2339308568
5.37857142857	6.2385813026
5.38571428571	6.2432207420
5.39285714286	6.2478492009
5.4	6.2524667052
5.40714285714	6.2570732807
5.41428571429	6.2616689537
5.42142857143	6.2662537500
5.42857142857	6.2708276958
5.43571428571	6.2753908173
5.44285714286	6.2799431405
5.45	6.2844846918
5.45714285714	6.2890154973
5.46428571429	6.2935355832
5.47142857143	6.2980449758
5.47857142857	6.3025437014
5.48571428571	6.3070317864
5.49285714286	6.3115092570
5.5	6.3159760665
5.50714285714	6.3204289857
5.51428571429	6.3248686872
5.52142857143	6.3292956486
5.52857142857	6.3337102103
5.53571428571	6.3381126165
5.54285714286	6.3425030455
5.55	6.3468816306
5.55714285714	6.3512484743
5.56428571429	6.3556036591
5.57142857143	6.3599472543
5.57857142857	6.3642793204
5.58571428571	6.3685999128
5.59285714286	6.3729090833
5.6	6.3772068819
5.60714285714	6.3814933573
5.61428571429	6.3857685575
5.62142857143	6.3900325301
5.62857142857	6.3942853221
5.63571428571	6.3985269807
5.64285714286	6.4027575524
5.65	6.4069770838
5.65714285714	6.4111856210
5.66428571429	6.4153832100
5.67142857143	6.4195698962
5.67857142857	6.4237457248
5.68571428571	6.4279107408
5.69285714286	6.4320649886
5.7	6.4362085124
5.70714285714	6.4403413557
5.71428571429	6.4444635622
5.72142857143	6.4485751747
5.72857142857	6.4526762358
5.73571428571	6.4567667880
5.74285714286	6.4608468730
5.75	6.4649165326
5.75714285714	6.4689758079
5.76428571429	6.4730247399
5.77142857143	6.4770633691
5.77857142857	6.4810917359
5.78571428571	6.4851098802
5.79285714286	6.4891178418
5.8	6.4931156600
5.80714285714	6.4971033738
5.81428571429	6.5010810221
5.82142857143	6.5050486435
5.82857142857	6.5090062761
5.83571428571	6.5129539579
5.84285714286	6.5168917267
5.85	6.5208196200
5.85714285714	6.5247376748
5.86428571429	6.5286459283
5.87142857143	6.5325444170
5.87857142857	6.5364331774
5.88571428571	6.5403122458
5.89285714286	6.5441816582
5.9	6.5480414502
5.90714285714	6.5518916575
5.91428571429	6.5557323152
5.92142857143	6.5595634585
5.92857142857	6.5633851222
5.93571428571	6.5671973410
5.94285714286	6.5710001491
5.95	6.5747935810
5.95714285714	6.5785776704
5.96428571429	6.5823524513
5.97142857143	6.5861179571
5.97857142857	6.5898742213
5.98571428571	6.5936212769
5.99285714286	6.5973591571
6.0	6.6010878946
6.00714285714	6.6048075218
6.01428571429	6.6085180713
6.02142857143	6.6122195753
6.02857142857	6.6159120657
6.03571428571	6.6195955743
6.04285714286	6.6232701328
6.05	6.6269357727
6.05714285714	6.6305925252
6.06428571429	6.6342404215
6.07142857143	6.6378794924
6.07857142857	6.6415097687
6.08571428571	6.6451312810
6.09285714286	6.6487440596
6.1	6.6523481349
6.10714285714	6.6559435368
6.11428571429	6.6595302953
6.12142857143	6.6631084401
6.12857142857	6.6666780007
6.13571428571	6.6702390067
6.14285714286	6.6737914871
6.15	6.6773354711
6.15714285714	6.6808709876
6.16428571429	6.6843980655
6.17142857143	6.6879167332
6.17857142857	6.6914270193
6.18571428571	6.6949289521
6.19285714286	6.6984225597
6.2	6.7019078702
6.20714285714	6.7053849114
6.21428571429	6.7088537110
6.22142857143	6.7123142965
6.22857142857	6.7157666955
6.23571428571	6.7192109352
6.24285714286	6.7226470427
6.25	6.7260750450
6.25714285714	6.7294949691
6.26428571429	6.7329068415
6.27142857143	6.7363106888
6.27857142857	6.7397065376
6.28571428571	6.7430944142
6.29285714286	6.7464743446
6.3	6.7498463550
6.30714285714	6.7532104712
6.31428571429	6.7565667191
6.32142857143	6.7599151242
6.32857142857	6.7632557121
6.33571428571	6.7665885083
6.34285714286	6.7699135378
6.35	6.7732308260
6.35714285714	6.7765403978
6.36428571429	6.7798422780
6.37142857143	6.7831364915
6.37857142857	6.7864230629
6.38571428571	6.7897020168
6.39285714286	6.7929733774
6.4	6.7962371692
6.40714285714	6.7994934162
6.41428571429	6.8027421425
6.42142857143	6.8059833721
6.42857142857	6.8092171288
6.43571428571	6.8124434362
6.44285714286	6.8156623180
6.45	6.8188737975
6.45714285714	6.8220778983
6.46428571429	6.8252746435
6.47142857143	6.8284640562
6.47857142857	6.8316461595
6.48571428571	6.8348209763
6.49285714286	6.8379885294
6.5	6.8411488416
6.50714285714	6.8443019353
6.51428571429	6.8474478332
6.52142857143	6.8505865575
6.52857142857	6.8537181306
6.53571428571	6.8568425746
6.54285714286	6.8599599116
6.55	6.8630701635
6.55714285714	6.8661733523
6.56428571429	6.8692694997
6.57142857143	6.8723586274
6.57857142857	6.8754407569
6.58571428571	6.8785159097
6.59285714286	6.8815841072
6.6	6.8846453706
6.60714285714	6.8876997211
6.61428571429	6.8907471798
6.62142857143	6.8937877676
6.62857142857	6.8968215056
6.63571428571	6.8998484143
6.64285714286	6.9028685147
6.65	6.9058818271
6.65714285714	6.9088883723
6.66428571429	6.9118881705
6.67142857143	6.9148812422
6.67857142857	6.9178676075
6.68571428571	6.9208472866
6.69285714286	6.9238202996
6.7	6.9267866665
6.70714285714	6.9297464070
6.71428571429	6.9326995411
6.72142857143	6.9356460884
6.72857142857	6.9385860686
6.73571428571	6.9415195012
6.74285714286	6.9444464056
6.75	6.9473668012
6.75714285714	6.9502807072
6.76428571429	6.9531881430
6.77142857143	6.9560891276
6.77857142857	6.9589836799
6.78571428571	6.9618718191
6.79285714286	6.9647535639
6.8	6.9676289332
6.80714285714	6.9704979456
6.81428571429	6.9733606197
6.82142857143	6.9762169742
6.82857142857	6.9790670274
6.83571428571	6.9819107978
6.84285714286	6.9847483037
6.85	6.9875795633
6.85714285714	6.9904045948
6.86428571429	6.9932234162
6.87142857143	6.9960360455
6.87857142857	6.9988425007
6.88571428571	7.0016427997
6.89285714286	7.0044369602
6.9	7.0072249998
6.90714285714	7.0100069363
6.91428571429	7.0127827872
6.92142857143	7.0155525700
6.92857142857	7.0183163020
6.93571428571	7.0210740007
6.94285714286	7.0238256832
6.95	7.0265713669
6.95714285714	7.0293110687
6.96428571429	7.0320448058
6.97142857143	7.0347725951
6.97857142857	7.0374944536
6.98571428571	7.0402103981
6.99285714286	7.0429204453
7.0	7.0456246121
7.00714285714	7.0483229149
7.01428571429	7.0510153705
7.02142857143	7.0537019952
7.02857142857	7.0563828056
7.03571428571	7.0590578180
7.04285714286	7.0617270487
7.05	7.0643905140
7.05714285714	7.0670482299
7.06428571429	7.0697002128
7.07142857143	7.0723464785
7.07857142857	7.0749870431
7.08571428571	7.0776219224
7.09285714286	7.0802511324
7.1	7.0828746889
7.10714285714	7.0854926075
7.11428571429	7.0881049039
7.12142857143	7.0907115938
7.12857142857	7.0933126926
7.13571428571	7.0959082159
7.14285714286	7.0984981790
7.15	7.1010825974
7.15714285714	7.1036614864
7.16428571429	7.1062348611
7.17142857143	7.1088027368
7.17857142857	7.1113651286
7.18571428571	7.1139220515
7.19285714286	7.1164735206
7.2	7.1190195507
7.20714285714	7.1215601569
7.21428571429	7.1240953539
7.22142857143	7.1266251565
7.22857142857	7.1291495793
7.23571428571	7.1316686372
7.24285714286	7.1341823446
7.25	7.1366907162
7.25714285714	7.1391937663
7.26428571429	7.1416915095
7.27142857143	7.1441839602
7.27857142857	7.1466711326
7.28571428571	7.1491530411
7.29285714286	7.1516296998
7.3	7.1541011229
7.30714285714	7.1565673245
7.31428571429	7.1590283188
7.32142857143	7.1614841196
7.32857142857	7.1639347410
7.33571428571	7.1663801968
7.34285714286	7.1688205010
7.35	7.1712556672
7.35714285714	7.1736857092
7.36428571429	7.1761106408
7.37142857143	7.1785304756
7.37857142857	7.1809452271
7.38571428571	7.1833549089
7.39285714286	7.1857595345
7.4	7.1881591173
7.40714285714	7.1905536708
7.41428571429	7.1929432082
7.42142857143	7.1953277429
7.42857142857	7.1977072881
7.43571428571	7.2000818570
7.44285714286	7.2024514627
7.45	7.2048161184
7.45714285714	7.2071758370
7.46428571429	7.2095306317
7.47142857143	7.2118805153
7.47857142857	7.2142255007
7.48571428571	7.2165656009
7.49285714286	7.2189008286
7.5	7.2212311966
7.50714285714	7.2235567176
7.51428571429	7.2258774043
7.52142857143	7.2281932693
7.52857142857	7.2305043253
7.53571428571	7.2328105847
7.54285714286	7.2351120600
7.55	7.2374087637
7.55714285714	7.2397007082
7.56428571429	7.2419879059
7.57142857143	7.2442703691
7.57857142857	7.2465481099
7.58571428571	7.2488211408
7.59285714286	7.2510894738
7.6	7.2533531211
7.60714285714	7.2556120948
7.61428571429	7.2578664070
7.62142857143	7.2601160696
7.62857142857	7.2623610947
7.63571428571	7.2646014941
7.64285714286	7.2668372798
7.65	7.2690684635
7.65714285714	7.2712950572
7.66428571429	7.2735170725
7.67142857143	7.2757345212
7.67857142857	7.2779474150
7.68571428571	7.2801557655
7.69285714286	7.2823595842
7.7	7.2845588829
7.70714285714	7.2867536729
7.71428571429	7.2889439657
7.72142857143	7.2911297728
7.72857142857	7.2933111056
7.73571428571	7.2954879755
7.74285714286	7.2976603937
7.75	7.2998283716
7.75714285714	7.3019919203
7.76428571429	7.3041510512
7.77142857143	7.3063057753
7.77857142857	7.3084561038
7.78571428571	7.3106020477
7.79285714286	7.3127436182
7.8	7.3148808262
7.80714285714	7.3170136827
7.81428571429	7.3191421987
7.82142857143	7.3212663850
7.82857142857	7.3233862525
7.83571428571	7.3255018121
7.84285714286	7.3276130745
7.85	7.3297200505
7.85714285714	7.3318227507
7.86428571429	7.3339211860
7.87142857143	7.3360153669
7.87857142857	7.3381053040
7.88571428571	7.3401910079
7.89285714286	7.3422724892
7.9	7.3443497583
7.90714285714	7.3464228257
7.91428571429	7.3484917019
7.92142857143	7.3505563972
7.92857142857	7.3526169221
7.93571428571	7.3546732868
7.94285714286	7.3567255016
7.95	7.3587735768
7.95714285714	7.3608175226
7.96428571429	7.3628573493
7.97142857143	7.3648930669
7.97857142857	7.3669246856
7.98571428571	7.3689522155
7.99285714286	7.3709756667
8.0	7.3729950491
8.00714285714	7.3750103728
8.01428571429	7.3770216478
8.02142857143	7.3790288838
8.02857142857	7.3810320910
8.03571428571	7.3830312790
8.04285714286	7.3850264578
8.05	7.3870176371
8.05714285714	7.3890048267
8.06428571429	7.3909880364
8.07142857143	7.3929672758
8.07857142857	7.3949425546
8.08571428571	7.3969138824
8.09285714286	7.3988812689
8.1	7.4008447237
8.10714285714	7.4028042562
8.11428571429	7.4047598761
8.12142857143	7.4067115927
8.12857142857	7.4086594156
8.13571428571	7.4106033541
8.14285714286	7.4125434177
8.15	7.4144796157
8.15714285714	7.4164119574
8.16428571429	7.4183404522
8.17142857143	7.4202651094
8.17857142857	7.4221859381
8.18571428571	7.4241029476
8.19285714286	7.4260161471
8.2	7.4279255458
8.20714285714	7.4298311527
8.21428571429	7.4317329769
8.22142857143	7.4336310276
8.22857142857	7.4355253138
8.23571428571	7.4374158444
8.24285714286	7.4393026285
8.25	7.4411856751
8.25714285714	7.4430649930
8.26428571429	7.4449405911
8.27142857143	7.4468124784
8.27857142857	7.4486806636
8.28571428571	7.4505451557
8.29285714286	7.4524059633
8.3	7.4542630952
8.30714285714	7.4561165602
8.31428571429	7.4579663670
8.32142857143	7.4598125242
8.32857142857	7.4616550405
8.33571428571	7.4634939245
8.34285714286	7.4653291849
8.35	7.4671608302
8.35714285714	7.4689888689
8.36428571429	7.4708133096
8.37142857143	7.4726341608
8.37857142857	7.4744514308
8.38571428571	7.4762651282
8.39285714286	7.4780752614
8.4	7.4798818388
8.40714285714	7.4816848687
8.41428571429	7.4834843595
8.42142857143	7.4852803194
8.42857142857	7.4870727568
8.43571428571	7.4888616799
8.44285714286	7.4906470970
8.45	7.4924290162
8.45714285714	7.4942074458
8.46428571429	7.4959823939
8.47142857143	7.4977538686
8.47857142857	7.4995218781
8.48571428571	7.5012864304
8.49285714286	7.5030475337
8.5	7.5048051959
8.50714285714	7.5065594250
8.51428571429	7.5083102291
8.52142857143	7.5100576160
8.52857142857	7.5118015938
8.53571428571	7.5135421704
8.54285714286	7.5152793537
8.55	7.5170131514
8.55714285714	7.5187435715
8.56428571429	7.5204706218
8.57142857143	7.5221943101
8.57857142857	7.5239146442
8.58571428571	7.5256316317
8.59285714286	7.5273452806
8.6	7.5290555983
8.60714285714	7.5307625927
8.61428571429	7.5324662713
8.62142857143	7.5341666419
8.62857142857	7.5358637120
8.63571428571	7.5375574893
8.64285714286	7.5392479812
8.65	7.5409351954
8.65714285714	7.5426191394
8.66428571429	7.5442998206
8.67142857143	7.5459772466
8.67857142857	7.5476514247
8.68571428571	7.5493223625
8.69285714286	7.5509900674
8.7	7.5526545467
8.70714285714	7.5543158078
8.71428571429	7.5559738581
8.72142857143	7.5576287049
8.72857142857	7.5592803554
8.73571428571	7.5609288171
8.74285714286	7.5625740971
8.75	7.5642162027
8.75714285714	7.5658551410
8.76428571429	7.5674909194
8.77142857143	7.5691235450
8.77857142857	7.5707530249
8.78571428571	7.5723793662
8.79285714286	7.5740025762
8.8	7.5756226618
8.80714285714	7.5772396302
8.81428571429	7.5788534885
8.82142857143	7.5804642435
8.82857142857	7.5820719025
8.83571428571	7.5836764723
8.84285714286	7.5852779599
8.85	7.5868763723
8.85714285714	7.5884717164
8.86428571429	7.5900639991
8.87142857143	7.5916532273
8.87857142857	7.5932394080
8.88571428571	7.5948225479
8.89285714286	7.5964026539
8.9	7.5979797327
8.90714285714	7.5995537913
8.91428571429	7.6011248363
8.92142857143	7.6026928745
8.92857142857	7.6042579127
8.93571428571	7.6058199576
8.94285714286	7.6073790159
8.95	7.6089350942
8.95714285714	7.6104881992
8.96428571429	7.6120383376
8.97142857143	7.6135855160
8.97857142857	7.6151297409
8.98571428571	7.6166710191
8.99285714286	7.6182093569
9.0	7.6197447611
9.00714285714	7.6212772380
9.01428571429	7.6228067943
9.02142857143	7.6243334364
9.02857142857	7.6258571708
9.03571428571	7.6273780040
9.04285714286	7.6288959423
9.05	7.6304109923
9.05714285714	7.6319231603
9.06428571429	7.6334324526
9.07142857143	7.6349388758
9.07857142857	7.6364424360
9.08571428571	7.6379431398
9.09285714286	7.6394409932
9.1	7.6409360027
9.10714285714	7.6424281746
9.11428571429	7.6439175150
9.12142857143	7.6454040303
9.12857142857	7.6468877267
9.13571428571	7.6483686103
9.14285714286	7.6498466874
9.15	7.6513219642
9.15714285714	7.6527944467
9.16428571429	7.6542641412
9.17142857143	7.6557310537
9.17857142857	7.6571951904
9.18571428571	7.6586565574
9.19285714286	7.6601151607
9.2	7.6615710064
9.20714285714	7.6630241005
9.21428571429	7.6644744491
9.22142857143	7.6659220582
9.22857142857	7.6673669337
9.23571428571	7.6688090816
9.24285714286	7.6702485079
9.25	7.6716852185
9.25714285714	7.6731192193
9.26428571429	7.6745505164
9.27142857143	7.6759791154
9.27857142857	7.6774050224
9.28571428571	7.6788282432
9.29285714286	7.6802487836
9.3	7.6816666495
9.30714285714	7.6830818467
9.31428571429	7.6844943809
9.32142857143	7.6859042579
9.32857142857	7.6873114836
9.33571428571	7.6887160637
9.34285714286	7.6901180038
9.35	7.6915173098
9.35714285714	7.6929139873
9.36428571429	7.6943080420
9.37142857143	7.6956994796
9.37857142857	7.6970883058
9.38571428571	7.6984745261
9.39285714286	7.6998581463
9.4	7.7012391718
9.40714285714	7.7026176084
9.41428571429	7.7039934616
9.42142857143	7.7053667370
9.42857142857	7.7067374401
9.43571428571	7.7081055765
9.44285714286	7.7094711516
9.45	7.7108341711
9.45714285714	7.7121946403
9.46428571429	7.7135525648
9.47142857143	7.7149079501
9.47857142857	7.7162608015
9.48571428571	7.7176111245
9.49285714286	7.7189589245
9.5	7.7203042070
9.50714285714	7.7216469774
9.51428571429	7.7229872409
9.52142857143	7.7243250030
9.52857142857	7.7256602691
9.53571428571	7.7269930444
9.54285714286	7.7283233343
9.55	7.7296511440
9.55714285714	7.7309764790
9.56428571429	7.7322993444
9.57142857143	7.7336197455
9.57857142857	7.7349376876
9.58571428571	7.7362531759
9.59285714286	7.7375662157
9.6	7.7388768121
9.60714285714	7.7401849703
9.61428571429	7.7414906956
9.62142857143	7.7427939930
9.62857142857	7.7440948678
9.63571428571	7.7453933251
9.64285714286	7.7466893700
9.65	7.7479830077
9.65714285714	7.7492742431
9.66428571429	7.7505630815
9.67142857143	7.7518495280
9.67857142857	7.7531335874
9.68571428571	7.7544152650
9.69285714286	7.7556945658
9.7	7.7569714947
9.70714285714	7.7582460567
9.71428571429	7.7595182570
9.72142857143	7.7607881004
9.72857142857	7.7620555920
9.73571428571	7.7633207366
9.74285714286	7.7645835393
9.75	7.7658440050
9.75714285714	7.7671021385
9.76428571429	7.7683579449
9.77142857143	7.7696114289
9.77857142857	7.7708625955
9.78571428571	7.7721114495
9.79285714286	7.7733579959
9.8	7.7746022394
9.80714285714	7.7758441848
9.81428571429	7.7770838371
9.82142857143	7.7783212009
9.82857142857	7.7795562812
9.83571428571	7.7807890826
9.84285714286	7.7820196100
9.85	7.7832478681
9.85714285714	7.7844738617
9.86428571429	7.7856975954
9.87142857143	7.7869190740
9.87857142857	7.7881383023
9.88571428571	7.7893552849
9.89285714286	7.7905700265
9.9	7.7917825318
9.90714285714	7.7929928054
9.91428571429	7.7942008520
9.92142857143	7.7954066762
9.92857142857	7.7966102827
9.93571428571	7.7978116761
9.94285714286	7.7990108609
9.95	7.8002078418
9.95714285714	7.8014026234
9.96428571429	7.8025952101
9.97142857143	7.8037856067
9.97857142857	7.8049738175
9.98571428571	7.8061598473
9.99285714286	7.8073437004
