0.0	2.9091196405
0.0025	2.9094562451
0.005	2.9098877604
0.0075	2.9103621407
0.01	2.9108586416
0.0125	2.9113679400
0.015	2.9118853768
0.0175	2.9124084055
0.02	2.9129355276
0.0225	2.9134658055
0.025	2.9139986224
0.0275	2.9145335547
0.03	2.9150703012
0.0325	2.9156086409
0.035	2.9161484077
0.0375	2.9166894736
0.04	2.9172317383
0.0425	2.9177751217
0.045	2.9183195589
0.0475	2.9188649969
0.05	2.9194113914
0.0525	2.9199587053
0.055	2.9205069072
0.0575	2.9210559703
0.06	2.9216058715
0.0625	2.9221565907
0.065	2.9227081105
0.0675	2.9232604154
0.07	2.9238134918
0.0725	2.9243673278
0.075	2.9249219125
0.0775	2.9254772363
0.08	2.9260332905
0.0825	2.9265900673
0.085	2.9271475595
0.0875	2.9277057606
0.09	2.9282646646
0.0925	2.9288242663
0.095	2.9293845604
0.0975	2.9299455425
0.1	2.9305072082
0.1025	2.9310695536
0.105	2.9316325749
0.1075	2.9321962688
0.11	2.9327606320
0.1125	2.9333256615
0.115	2.9338913545
0.1175	2.9344577082
0.12	2.9350247202
0.1225	2.9355923882
0.125	2.9361607097
0.1275	2.9367296828
0.13	2.9372993053
0.1325	2.9378695754
0.135	2.9384404911
0.1375	2.9390120508
0.14	2.9395842526
0.1425	2.9401570951
0.145	2.9407305766
0.1475	2.9413046956
0.15	2.9418794506
0.1525	2.9424548404
0.155	2.9430308635
0.1575	2.9436075186
0.16	2.9441848045
0.1625	2.9447627200
0.165	2.9453412638
0.1675	2.9459204348
0.17	2.9465002318
0.1725	2.9470806539
0.175	2.9476616999
0.1775	2.9482433687
0.18	2.9488256594
0.1825	2.9494085710
0.185	2.9499921024
0.1875	2.9505762527
0.19	2.9511610211
0.1925	2.9517464065
0.195	2.9523324081
0.1975	2.9529190249
0.2	2.9535062562
0.2025	2.9540941010
0.205	2.9546825586
0.2075	2.9552716280
0.21	2.9558613084
0.2125	2.9564515991
0.215	2.9570424993
0.2175	2.9576340081
0.22	2.9582261247
0.2225	2.9588188485
0.225	2.9594121786
0.2275	2.9600061143
0.23	2.9606006549
0.2325	2.9611957995
0.235	2.9617915476
0.2375	2.9623878982
0.24	2.9629848508
0.2425	2.9635824046
0.245	2.9641805589
0.2475	2.9647793130
0.25	2.9653786662
0.2525	2.9659786178
0.255	2.9665791672
0.2575	2.9671803135
0.26	2.9677820563
0.2625	2.9683843947
0.265	2.9689873281
0.2675	2.9695908558
0.27	2.9701949773
0.2725	2.9707996917
0.275	2.9714049985
0.2775	2.9720108970
0.28	2.9726173866
0.2825	2.9732244666
0.285	2.9738321363
0.2875	2.9744403951
0.29	2.9750492425
0.2925	2.9756586776
0.295	2.9762686999
0.2975	2.9768793088
0.3	2.9774905036
0.3025	2.9781022838
0.305	2.9787146485
0.3075	2.9793275974
0.31	2.9799411296
0.3125	2.9805552446
0.315	2.9811699418
0.3175	2.9817852206
0.32	2.9824010802
0.3225	2.9830175202
0.325	2.9836345399
0.3275	2.9842521387
0.33	2.9848703159
0.3325	2.9854890709
0.335	2.9861084033
0.3375	2.9867283122
0.34	2.9873487972
0.3425	2.9879698576
0.345	2.9885914927
0.3475	2.9892137021
0.35	2.9898364851
0.3525	2.9904598411
0.355	2.9910837694
0.3575	2.9917082696
0.36	2.9923333409
0.3625	2.9929589827
0.365	2.9935851946
0.3675	2.9942119759
0.37	2.9948393259
0.3725	2.9954672441
0.375	2.9960957298
0.3775	2.9967247826
0.38	2.9973544017
0.3825	2.9979845867
0.385	2.9986153368
0.3875	2.9992466515
0.39	2.9998785302
0.3925	3.0005109724
0.395	3.0011439773
0.3975	3.0017775445
0.4	3.0024116732
0.4025	3.0030463631
0.405	3.0036816133
0.4075	3.0043174234
0.41	3.0049537928
0.4125	3.0055907208
0.415	3.0062282069
0.4175	3.0068662505
0.42	3.0075048510
0.4225	3.0081440078
0.425	3.0087837203
0.4275	3.0094239879
0.43	3.0100648101
0.4325	3.0107061862
0.435	3.0113481156
0.4375	3.0119905978
0.44	3.0126336323
0.4425	3.0132772183
0.445	3.0139213553
0.4475	3.0145660427
0.45	3.0152112800
0.4525	3.0158570665
0.455	3.0165034016
0.4575	3.0171502849
0.46	3.0177977156
0.4625	3.0184456932
0.465	3.0190942172
0.4675	3.0197432868
0.47	3.0203929016
0.4725	3.0210430610
0.475	3.0216937643
0.4775	3.0223450110
0.48	3.0229968005
0.4825	3.0236491323
0.485	3.0243020057
0.4875	3.0249554201
0.49	3.0256093750
0.4925	3.0262638697
0.495	3.0269189038
0.4975	3.0275744765
0.5	3.0282305874
0.5025	3.0288872359
0.505	3.0295444213
0.5075	3.0302021431
0.51	3.0308604007
0.5125	3.0315191935
0.515	3.0321785209
0.5175	3.0328383824
0.52	3.0334987773
0.5225	3.0341597051
0.525	3.0348211653
0.5275	3.0354831571
0.53	3.0361456801
0.5325	3.0368087336
0.535	3.0374723171
0.5375	3.0381364300
0.54	3.0388010717
0.5425	3.0394662417
0.545	3.0401319393
0.5475	3.0407981639
0.55	3.0414649151
0.5525	3.0421321921
0.555	3.0427999945
0.5575	3.0434683216
0.56	3.0441371729
0.5625	3.0448065478
0.565	3.0454764457
0.5675	3.0461468660
0.57	3.0468178081
0.5725	3.0474892715
0.575	3.0481612556
0.5775	3.0488337598
0.58	3.0495067835
0.5825	3.0501803262
0.585	3.0508543872
0.5875	3.0515289661
0.59	3.0522040621
0.5925	3.0528796748
0.595	3.0535558035
0.5975	3.0542324477
0.6	3.0549096068
0.6025	3.0555872802
0.605	3.0562654673
0.6075	3.0569441676
0.61	3.0576233805
0.6125	3.0583031054
0.615	3.0589833418
0.6175	3.0596640889
0.62	3.0603453464
0.6225	3.0610271135
0.625	3.0617093898
0.6275	3.0623921746
0.63	3.0630754674
0.6325	3.0637592676
0.635	3.0644435745
0.6375	3.0651283878
0.64	3.0658137066
0.6425	3.0664995306
0.645	3.0671858591
0.6475	3.0678726915
0.65	3.0685600273
0.6525	3.0692478658
0.655	3.0699362066
0.6575	3.0706250490
0.66	3.0713143924
0.6625	3.0720042364
0.665	3.0726945802
0.6675	3.0733854234
0.67	3.0740767653
0.6725	3.0747686055
0.675	3.0754609432
0.6775	3.0761537780
0.68	3.0768471092
0.6825	3.0775409364
0.685	3.0782352588
0.6875	3.0789300760
0.69	3.0796253874
0.6925	3.0803211924
0.695	3.0810174904
0.6975	3.0817142808
0.7	3.0824115632
0.7025	3.0831093368
0.705	3.0838076012
0.7075	3.0845063558
0.71	3.0852056000
0.7125	3.0859053332
0.715	3.0866055548
0.7175	3.0873062643
0.72	3.0880074612
0.7225	3.0887091448
0.725	3.0894113145
0.7275	3.0901139699
0.73	3.0908171103
0.7325	3.0915207351
0.735	3.0922248439
0.7375	3.0929294360
0.74	3.0936345108
0.7425	3.0943400678
0.745	3.0950461065
0.7475	3.0957526261
0.75	3.0964596263
0.7525	3.0971671064
0.755	3.0978750658
0.7575	3.0985835040
0.76	3.0992924205
0.7625	3.1000018145
0.765	3.1007116857
0.7675	3.1014220333
0.77	3.1021328569
0.7725	3.1028441559
0.775	3.1035559297
0.7775	3.1042681777
0.78	3.1049808994
0.7825	3.1056940943
0.785	3.1064077616
0.7875	3.1071219010
0.79	3.1078365118
0.7925	3.1085515934
0.795	3.1092671454
0.7975	3.1099831670
0.8	3.1106996578
0.8025	3.1114166173
0.805	3.1121340447
0.8075	3.1128519397
0.81	3.1135703015
0.8125	3.1142891297
0.815	3.1150084237
0.8175	3.1157281829
0.82	3.1164484068
0.8225	3.1171690948
0.825	3.1178902463
0.8275	3.1186118608
0.83	3.1193339378
0.8325	3.1200564766
0.835	3.1207794766
0.8375	3.1215029375
0.84	3.1222268585
0.8425	3.1229512391
0.845	3.1236760788
0.8475	3.1244013770
0.85	3.1251271331
0.8525	3.1258533466
0.855	3.1265800170
0.8575	3.1273071436
0.86	3.1280347259
0.8625	3.1287627634
0.865	3.1294912555
0.8675	3.1302202017
0.87	3.1309496013
0.8725	3.1316794538
0.875	3.1324097587
0.8775	3.1331405155
0.88	3.1338717235
0.8825	3.1346033822
0.885	3.1353354911
0.8875	3.1360680495
0.89	3.1368010570
0.8925	3.1375345130
0.895	3.1382684170
0.8975	3.1390027683
0.9	3.1397375665
0.9025	3.1404728109
0.905	3.1412085011
0.9075	3.1419446364
0.91	3.1426812164
0.9125	3.1434182405
0.915	3.1441557080
0.9175	3.1448936186
0.92	3.1456319715
0.9225	3.1463707664
0.925	3.1471100025
0.9275	3.1478496794
0.93	3.1485897966
0.9325	3.1493303534
0.935	3.1500713494
0.9375	3.1508127839
0.94	3.1515546564
0.9425	3.1522969665
0.945	3.1530397135
0.9475	3.1537828968
0.95	3.1545265160
0.9525	3.1552705705
0.955	3.1560150598
0.9575	3.1567599832
0.96	3.1575053404
0.9625	3.1582511306
0.965	3.1589973534
0.9675	3.1597440082
0.97	3.1604910945
0.9725	3.1612386118
0.975	3.1619865594
0.9775	3.1627349369
0.98	3.1634837437
0.9825	3.1642329793
0.985	3.1649826430
0.9875	3.1657327345
0.99	3.1664832531
0.9925	3.1672341984
0.995	3.1679855697
0.9975	3.1687373665
1.0	3.1694895882
1.0025	3.1702422345
1.005	3.1709953046
1.0075	3.1717487981
1.01	3.1725027144
1.0125	3.1732570531
1.015	3.1740118134
1.0175	3.1747669950
1.02	3.1755225973
1.0225	3.1762786197
1.025	3.1770350617
1.0275	3.1777919228
1.03	3.1785492024
1.0325	3.1793069000
1.035	3.1800650151
1.0375	3.1808235471
1.04	3.1815824955
1.0425	3.1823418597
1.045	3.1831016393
1.0475	3.1838618337
1.05	3.1846224423
1.0525	3.1853834647
1.055	3.1861449003
1.0575	3.1869067486
1.06	3.1876690090
1.0625	3.1884316810
1.065	3.1891947640
1.0675	3.1899582577
1.07	3.1907221613
1.0725	3.1914864744
1.075	3.1922511965
1.0775	3.1930163271
1.08	3.1937818655
1.0825	3.1945478113
1.085	3.1953141640
1.0875	3.1960809230
1.09	3.1968480878
1.0925	3.1976156578
1.095	3.1983836326
1.0975	3.1991520117
1.1	3.1999207944
1.1025	3.2006899803
1.105	3.2014595689
1.1075	3.2022295595
1.11	3.2029999518
1.1125	3.2037707452
1.115	3.2045419391
1.1175	3.2053135331
1.12	3.2060855265
1.1225	3.2068579190
1.125	3.2076307100
1.1275	3.2084038989
1.13	3.2091774852
1.1325	3.2099514684
1.135	3.2107258481
1.1375	3.2115006236
1.14	3.2122757945
1.1425	3.2130513602
1.145	3.2138273203
1.1475	3.2146036741
1.15	3.2153804213
1.1525	3.2161575612
1.155	3.2169350934
1.1575	3.2177130173
1.16	3.2184913325
1.1625	3.2192700383
1.165	3.2200491344
1.1675	3.2208286202
1.17	3.2216084951
1.1725	3.2223887587
1.175	3.2231694105
1.1775	3.2239504499
1.18	3.2247318764
1.1825	3.2255136896
1.185	3.2262958888
1.1875	3.2270784737
1.19	3.2278614436
1.1925	3.2286447982
1.195	3.2294285368
1.1975	3.2302126589
1.2	3.2309971641
1.2025	3.2317820519
1.205	3.2325673217
1.2075	3.2333529730
1.21	3.2341390054
1.2125	3.2349254182
1.215	3.2357122111
1.2175	3.2364993836
1.22	3.2372869350
1.2225	3.2380748649
1.225	3.2388631728
1.2275	3.2396518583
1.23	3.2404409207
1.2325	3.2412303596
1.235	3.2420201745
1.2375	3.2428103649
1.24	3.2436009304
1.2425	3.2443918702
1.245	3.2451831841
1.2475	3.2459748715
1.25	3.2467669319
1.2525	3.2475593648
1.255	3.2483521696
1.2575	3.2491453460
1.26	3.2499388934
1.2625	3.2507328113
1.265	3.2515270991
1.2675	3.2523217566
1.27	3.2531167830
1.2725	3.2539121780
1.275	3.2547079410
1.2775	3.2555040715
1.28	3.2563005691
1.2825	3.2570974332
1.285	3.2578946634
1.2875	3.2586922592
1.29	3.2594902200
1.2925	3.2602885454
1.295	3.2610872350
1.2975	3.2618862881
1.3	3.2626857044
1.3025	3.2634854833
1.305	3.2642856243
1.3075	3.2650861270
1.31	3.2658869908
1.3125	3.2666882154
1.315	3.2674898001
1.3175	3.2682917445
1.32	3.2690940482
1.3225	3.2698967105
1.325	3.2706997312
1.3275	3.2715031096
1.33	3.2723068453
1.3325	3.2731109378
1.335	3.2739153866
1.3375	3.2747201912
1.34	3.2755253512
1.3425	3.2763308661
1.345	3.2771367354
1.3475	3.2779429586
1.35	3.2787495352
1.3525	3.2795564647
1.355	3.2803637468
1.3575	3.2811713808
1.36	3.2819793664
1.3625	3.2827877030
1.365	3.2835963902
1.3675	3.2844054274
1.37	3.2852148143
1.3725	3.2860245503
1.375	3.2868346350
1.3775	3.2876450679
1.38	3.2884558485
1.3825	3.2892669763
1.385	3.2900784509
1.3875	3.2908902718
1.39	3.2917024386
1.3925	3.2925149507
1.395	3.2933278076
1.3975	3.2941410090
1.4	3.2949545544
1.4025	3.2957684432
1.405	3.2965826750
1.4075	3.2973972494
1.41	3.2982121658
1.4125	3.2990274238
1.415	3.2998430230
1.4175	3.3006589629
1.42	3.3014752429
1.4225	3.3022918627
1.425	3.3031088218
1.4275	3.3039261197
1.43	3.3047437559
1.4325	3.3055617301
1.435	3.3063800416
1.4375	3.3071986901
1.44	3.3080176752
1.4425	3.3088369962
1.445	3.3096566529
1.4475	3.3104766446
1.45	3.3112969710
1.4525	3.3121176317
1.455	3.3129386260
1.4575	3.3137599537
1.46	3.3145816142
1.4625	3.3154036070
1.465	3.3162259318
1.4675	3.3170485880
1.47	3.3178715753
1.4725	3.3186948931
1.475	3.3195185410
1.4775	3.3203425185
1.48	3.3211668252
1.4825	3.3219914607
1.485	3.3228164244
1.4875	3.3236417160
1.49	3.3244673350
1.4925	3.3252932809
1.495	3.3261195532
1.4975	3.3269461517
1.5	3.3277730757
1.5025	3.3286003248
1.505	3.3294278986
1.5075	3.3302557967
1.51	3.3310840186
1.5125	3.3319125638
1.515	3.3327414319
1.5175	3.3335706225
1.52	3.3344001350
1.5225	3.3352299692
1.525	3.3360601245
1.5275	3.3368906005
1.53	3.3377213967
1.5325	3.3385525127
1.535	3.3393839481
1.5375	3.3402157024
1.54	3.3410477751
1.5425	3.3418801659
1.545	3.3427128743
1.5475	3.3435458999
1.55	3.3443792422
1.5525	3.3452129008
1.555	3.3460468752
1.5575	3.3468811650
1.56	3.3477157699
1.5625	3.3485506892
1.565	3.3493859227
1.5675	3.3502214698
1.57	3.3510573302
1.5725	3.3518935034
1.575	3.3527299889
1.5775	3.3535667864
1.58	3.3544038954
1.5825	3.3552413155
1.585	3.3560790462
1.5875	3.3569170872
1.59	3.3577554379
1.5925	3.3585940980
1.595	3.3594330671
1.5975	3.3602723446
1.6	3.3611119302
1.6025	3.3619518235
1.605	3.3627920240
1.6075	3.3636325313
1.61	3.3644733450
1.6125	3.3653144646
1.615	3.3661558898
1.6175	3.3669976201
1.62	3.3678396550
1.6225	3.3686819942
1.625	3.3695246373
1.6275	3.3703675838
1.63	3.3712108332
1.6325	3.3720543853
1.635	3.3728982395
1.6375	3.3737423955
1.64	3.3745868528
1.6425	3.3754316109
1.645	3.3762766696
1.6475	3.3771220284
1.65	3.3779676868
1.6525	3.3788136444
1.655	3.3796599009
1.6575	3.3805064558
1.66	3.3813533087
1.6625	3.3822004592
1.665	3.3830479069
1.6675	3.3838956513
1.67	3.3847436921
1.6725	3.3855920288
1.675	3.3864406611
1.6775	3.3872895885
1.68	3.3881388106
1.6825	3.3889883270
1.685	3.3898381373
1.6875	3.3906882411
1.69	3.3915386380
1.6925	3.3923893275
1.695	3.3932403094
1.6975	3.3940915831
1.7	3.3949431482
1.7025	3.3957950045
1.705	3.3966471514
1.7075	3.3974995885
1.71	3.3983523155
1.7125	3.3992053319
1.715	3.4000586374
1.7175	3.4009122316
1.72	3.4017661140
1.7225	3.4026202843
1.725	3.4034747420
1.7275	3.4043294868
1.73	3.4051845182
1.7325	3.4060398359
1.735	3.4068954394
1.7375	3.4077513285
1.74	3.4086075026
1.7425	3.4094639614
1.745	3.4103207045
1.7475	3.4111777314
1.75	3.4120350419
1.7525	3.4128926355
1.755	3.4137505118
1.7575	3.4146086705
1.76	3.4154671110
1.7625	3.4163258332
1.765	3.4171848364
1.7675	3.4180441205
1.77	3.4189036849
1.7725	3.4197635294
1.775	3.4206236534
1.7775	3.4214840567
1.78	3.4223447388
1.7825	3.4232056994
1.785	3.4240669380
1.7875	3.4249284543
1.79	3.4257902480
1.7925	3.4266523185
1.795	3.4275146656
1.7975	3.4283772888
1.8	3.4292401878
1.8025	3.4301033623
1.805	3.4309668117
1.8075	3.4318305358
1.81	3.4326945341
1.8125	3.4335588063
1.815	3.4344233520
1.8175	3.4352881709
1.82	3.4361532624
1.8225	3.4370186264
1.825	3.4378842624
1.8275	3.4387501700
1.83	3.4396163489
1.8325	3.4404827986
1.835	3.4413495188
1.8375	3.4422165092
1.84	3.4430837694
1.8425	3.4439512989
1.845	3.4448190975
1.8475	3.4456871648
1.85	3.4465555003
1.8525	3.4474241037
1.855	3.4482929747
1.8575	3.4491621129
1.86	3.4500315179
1.8625	3.4509011894
1.865	3.4517711270
1.8675	3.4526413302
1.87	3.4535117989
1.8725	3.4543825325
1.875	3.4552535308
1.8775	3.4561247934
1.88	3.4569963198
1.8825	3.4578681099
1.885	3.4587401631
1.8875	3.4596124791
1.89	3.4604850576
1.8925	3.4613578983
1.895	3.4622310007
1.8975	3.4631043645
1.9	3.4639779893
1.9025	3.4648518748
1.905	3.4657260207
1.9075	3.4666004265
1.91	3.4674750920
1.9125	3.4683500167
1.915	3.4692252004
1.9175	3.4701006426
1.92	3.4709763431
1.9225	3.4718523014
1.925	3.4727285172
1.9275	3.4736049902
1.93	3.4744817200
1.9325	3.4753587063
1.935	3.4762359487
1.9375	3.4771134469
1.94	3.4779912005
1.9425	3.4788692092
1.945	3.4797474726
1.9475	3.4806259904
1.95	3.4815047622
1.9525	3.4823837878
1.955	3.4832630667
1.9575	3.4841425987
1.96	3.4850223833
1.9625	3.4859024202
1.965	3.4867827092
1.9675	3.4876632498
1.97	3.4885440417
1.9725	3.4894250847
1.975	3.4903063782
1.9775	3.4911879221
1.98	3.4920697159
1.9825	3.4929517594
1.985	3.4938340521
1.9875	3.4947165939
1.99	3.4955993842
1.9925	3.4964824229
1.995	3.4973657095
1.9975	3.4982492438
2.0	3.4991330253
2.0025	3.5000170539
2.005	3.5009013290
2.0075	3.5017858505
2.01	3.5026706180
2.0125	3.5035556311
2.015	3.5044408895
2.0175	3.5053263930
2.02	3.5062121411
2.0225	3.5070981336
2.025	3.5079843700
2.0275	3.5088708502
2.03	3.5097575738
2.0325	3.5106445404
2.035	3.5115317498
2.0375	3.5124192015
2.04	3.5133068954
2.0425	3.5141948310
2.045	3.5150830080
2.0475	3.5159714262
2.05	3.5168600852
2.0525	3.5177489847
2.055	3.5186381244
2.0575	3.5195275039
2.06	3.5204171230
2.0625	3.5213069812
2.065	3.5221970785
2.0675	3.5230874143
2.07	3.5239779883
2.0725	3.5248688004
2.075	3.5257598501
2.0775	3.5266511372
2.08	3.5275426613
2.0825	3.5284344222
2.085	3.5293264194
2.0875	3.5302186528
2.09	3.5311111220
2.0925	3.5320038266
2.095	3.5328967665
2.0975	3.5337899412
2.1	3.5346833505
2.1025	3.5355769941
2.105	3.5364708717
2.1075	3.5373649829
2.11	3.5382593275
2.1125	3.5391539051
2.115	3.5400487155
2.1175	3.5409437584
2.12	3.5418390334
2.1225	3.5427345403
2.125	3.5436302787
2.1275	3.5445262484
2.13	3.5454224491
2.1325	3.5463188804
2.135	3.5472155421
2.1375	3.5481124339
2.14	3.5490095555
2.1425	3.5499069065
2.145	3.5508044867
2.1475	3.5517022959
2.15	3.5526003336
2.1525	3.5534985997
2.155	3.5543970937
2.1575	3.5552958156
2.16	3.5561947648
2.1625	3.5570939413
2.165	3.5579933445
2.1675	3.5588929744
2.17	3.5597928306
2.1725	3.5606929128
2.175	3.5615932207
2.1775	3.5624937540
2.18	3.5633945125
2.1825	3.5642954959
2.185	3.5651967038
2.1875	3.5660981361
2.19	3.5669997924
2.1925	3.5679016724
2.195	3.5688037759
2.1975	3.5697061026
2.2	3.5706086521
2.2025	3.5715114244
2.205	3.5724144189
2.2075	3.5733176356
2.21	3.5742210740
2.2125	3.5751247340
2.215	3.5760286152
2.2175	3.5769327173
2.22	3.5778370402
2.2225	3.5787415835
2.225	3.5796463470
2.2275	3.5805513304
2.23	3.5814565334
2.2325	3.5823619557
2.235	3.5832675971
2.2375	3.5841734573
2.24	3.5850795360
2.2425	3.5859858331
2.245	3.5868923481
2.2475	3.5877990809
2.25	3.5887060311
2.2525	3.5896131986
2.255	3.5905205830
2.2575	3.5914281841
2.26	3.5923360017
2.2625	3.5932440354
2.265	3.5941522850
2.2675	3.5950607502
2.27	3.5959694308
2.2725	3.5968783266
2.275	3.5977874372
2.2775	3.5986967624
2.28	3.5996063020
2.2825	3.6005160557
2.285	3.6014260232
2.2875	3.6023362043
2.29	3.6032465988
2.2925	3.6041572063
2.295	3.6050680267
2.2975	3.6059790596
2.3	3.6068903049
2.3025	3.6078017622
2.305	3.6087134314
2.3075	3.6096253121
2.31	3.6105374042
2.3125	3.6114497074
2.315	3.6123622214
2.3175	3.6132749460
2.32	3.6141878810
2.3225	3.6151010260
2.325	3.6160143809
2.3275	3.6169279454
2.33	3.6178417193
2.3325	3.6187557023
2.335	3.6196698943
2.3375	3.6205842948
2.34	3.6214989038
2.3425	3.6224137210
2.345	3.6233287461
2.3475	3.6242439789
2.35	3.6251594191
2.3525	3.6260750666
2.355	3.6269909210
2.3575	3.6279069823
2.36	3.6288232500
2.3625	3.6297397241
2.365	3.6306564041
2.3675	3.6315732901
2.37	3.6324903816
2.3725	3.6334076785
2.375	3.6343251805
2.3775	3.6352428874
2.38	3.6361607990
2.3825	3.6370789151
2.385	3.6379972354
2.3875	3.6389157597
2.39	3.6398344878
2.3925	3.6407534194
2.395	3.6416725544
2.3975	3.6425918924
2.4	3.6435114334
2.4025	3.6444311770
2.405	3.6453511231
2.4075	3.6462712713
2.41	3.6471916216
2.4125	3.6481121737
2.415	3.6490329274
2.4175	3.6499538824
2.42	3.6508750386
2.4225	3.6517963956
2.425	3.6527179534
2.4275	3.6536397117
2.43	3.6545616703
2.4325	3.6554838289
2.435	3.6564061874
2.4375	3.6573287455
2.44	3.6582515031
2.4425	3.6591744600
2.445	3.6600976158
2.4475	3.6610209705
2.45	3.6619445237
2.4525	3.6628682754
2.455	3.6637922253
2.4575	3.6647163731
2.46	3.6656407188
2.4625	3.6665652620
2.465	3.6674900027
2.4675	3.6684149405
2.47	3.6693400753
2.4725	3.6702654068
2.475	3.6711909350
2.4775	3.6721166595
2.48	3.6730425803
2.4825	3.6739686970
2.485	3.6748950095
2.4875	3.6758215177
2.49	3.6767482212
2.4925	3.6776751199
2.495	3.6786022137
2.4975	3.6795295023
2.5	3.6804569855
2.5025	3.6813846632
2.505	3.6823125352
2.5075	3.6832406012
2.51	3.6841688611
2.5125	3.6850973147
2.515	3.6860259617
2.5175	3.6869548022
2.52	3.6878838357
2.5225	3.6888130622
2.525	3.6897424815
2.5275	3.6906720933
2.53	3.6916018976
2.5325	3.6925318941
2.535	3.6934620826
2.5375	3.6943924630
2.54	3.6953230351
2.5425	3.6962537987
2.545	3.6971847536
2.5475	3.6981158997
2.55	3.6990472368
2.5525	3.6999787647
2.555	3.7009104832
2.5575	3.7018423921
2.56	3.7027744914
2.5625	3.7037067808
2.565	3.7046392601
2.5675	3.7055719292
2.57	3.7065047879
2.5725	3.7074378360
2.575	3.7083710735
2.5775	3.7093045000
2.58	3.7102381155
2.5825	3.7111719197
2.585	3.7121059126
2.5875	3.7130400939
2.59	3.7139744635
2.5925	3.7149090212
2.595	3.7158437669
2.5975	3.7167787004
2.6	3.7177138216
2.6025	3.7186491303
2.605	3.7195846262
2.6075	3.7205203094
2.61	3.7214561796
2.6125	3.7223922367
2.615	3.7233284804
2.6175	3.7242649108
2.62	3.7252015275
2.6225	3.7261383305
2.625	3.7270753196
2.6275	3.7280124947
2.63	3.7289498556
2.6325	3.7298874022
2.635	3.7308251342
2.6375	3.7317630517
2.64	3.7327011543
2.6425	3.7336394421
2.645	3.7345779148
2.6475	3.7355165722
2.65	3.7364554144
2.6525	3.7373944410
2.655	3.7383336520
2.6575	3.7392730473
2.66	3.7402126267
2.6625	3.7411523900
2.665	3.7420923371
2.6675	3.7430324679
2.67	3.7439727823
2.6725	3.7449132801
2.675	3.7458539612
2.6775	3.7467948254
2.68	3.7477358727
2.6825	3.7486771028
2.685	3.7496185158
2.6875	3.7505601113
2.69	3.7515018894
2.6925	3.7524438498
2.695	3.7533859925
2.6975	3.7543283174
2.7	3.7552708242
2.7025	3.7562135129
2.705	3.7571563834
2.7075	3.7580994356
2.71	3.7590426692
2.7125	3.7599860843
2.715	3.7609296806
2.7175	3.7618734581
2.72	3.7628174167
2.7225	3.7637615562
2.725	3.7647058765
2.7275	3.7656503775
2.73	3.7665950591
2.7325	3.7675399212
2.735	3.7684849637
2.7375	3.7694301864
2.74	3.7703755893
2.7425	3.7713211722
2.745	3.7722669351
2.7475	3.7732128777
2.75	3.7741590001
2.7525	3.7751053022
2.755	3.7760517837
2.7575	3.7769984447
2.76	3.7779452850
2.7625	3.7788923044
2.765	3.7798395030
2.7675	3.7807868807
2.77	3.7817344372
2.7725	3.7826821725
2.775	3.7836300866
2.7775	3.7845781793
2.78	3.7855264506
2.7825	3.7864749002
2.785	3.7874235283
2.7875	3.7883723346
2.79	3.7893213190
2.7925	3.7902704816
2.795	3.7912198221
2.7975	3.7921693406
2.8	3.7931190368
2.8025	3.7940689108
2.805	3.7950189625
2.8075	3.7959691917
2.81	3.7969195984
2.8125	3.7978701825
2.815	3.7988209440
2.8175	3.7997718827
2.82	3.8007229985
2.8225	3.8016742915
2.825	3.8026257614
2.8275	3.8035774083
2.83	3.8045292321
2.8325	3.8054812327
2.835	3.8064334100
2.8375	3.8073857639
2.84	3.8083382945
2.8425	3.8092910015
2.845	3.8102438850
2.8475	3.8111969449
2.85	3.8121501811
2.8525	3.8131035935
2.855	3.8140571822
2.8575	3.8150109469
2.86	3.8159648877
2.8625	3.8169190045
2.865	3.8178732973
2.8675	3.8188277660
2.87	3.8197824104
2.8725	3.8207372307
2.875	3.8216922266
2.8775	3.8226473983
2.88	3.8236027455
2.8825	3.8245582683
2.885	3.8255139666
2.8875	3.8264698404
2.89	3.8274258896
2.8925	3.8283821141
2.895	3.8293385140
2.8975	3.8302950891
2.9	3.8312518395
2.9025	3.8322087650
2.905	3.8331658657
2.9075	3.8341231415
2.91	3.8350805923
2.9125	3.8360382182
2.915	3.8369960191
2.9175	3.8379539949
2.92	3.8389121456
2.9225	3.8398704712
2.925	3.8408289717
2.9275	3.8417876469
2.93	3.8427464970
2.9325	3.8437055218
2.935	3.8446647213
2.9375	3.8456240956
2.94	3.8465836445
2.9425	3.8475433681
2.945	3.8485032663
2.9475	3.8494633391
2.95	3.8504235865
2.9525	3.8513840084
2.955	3.8523446049
2.9575	3.8533053759
2.96	3.8542663215
2.9625	3.8552274415
2.965	3.8561887360
2.9675	3.8571502050
2.97	3.8581118484
2.9725	3.8590736663
2.975	3.8600356586
2.9775	3.8609978253
2.98	3.8619601665
2.9825	3.8629226821
2.985	3.8638853721
2.9875	3.8648482364
2.99	3.8658112752
2.9925	3.8667744884
2.995	3.8677378761
2.9975	3.8687014381
3.0	3.8696651745
3.0025	3.8706290853
3.005	3.8715931706
3.0075	3.8725574302
3.01	3.8735218644
3.0125	3.8744864729
3.015	3.8754512559
3.0175	3.8764162134
3.02	3.8773813453
3.0225	3.8783466518
3.025	3.8793121327
3.0275	3.8802777882
3.03	3.8812436182
3.0325	3.8822096228
3.035	3.8831758020
3.0375	3.8841421557
3.04	3.8851086841
3.0425	3.8860753872
3.045	3.8870422649
3.0475	3.8880093174
3.05	3.8889765446
3.0525	3.8899439465
3.055	3.8909115232
3.0575	3.8918792748
3.06	3.8928472013
3.0625	3.8938153026
3.065	3.8947835789
3.0675	3.8957520301
3.07	3.8967206564
3.0725	3.8976894577
3.075	3.8986584342
3.0775	3.8996275857
3.08	3.9005969125
3.0825	3.9015664145
3.085	3.9025360918
3.0875	3.9035059444
3.09	3.9044759724
3.0925	3.9054461758
3.095	3.9064165547
3.0975	3.9073871092
3.1	3.9083578392
3.1025	3.9093287450
3.105	3.9102998264
3.1075	3.9112710836
3.11	3.9122425167
3.1125	3.9132141257
3.115	3.9141859106
3.1175	3.9151578716
3.12	3.9161300087
3.1225	3.9171023220
3.125	3.9180748115
3.1275	3.9190474773
3.13	3.9200203195
3.1325	3.9209933382
3.135	3.9219665335
3.1375	3.9229399054
3.14	3.9239134540
3.1425	3.9248871794
3.145	3.9258610816
3.1475	3.9268351608
3.15	3.9278094171
3.1525	3.9287838505
3.155	3.9297584611
3.1575	3.9307332490
3.16	3.9317082144
3.1625	3.9326833572
3.165	3.9336586777
3.1675	3.9346341758
3.17	3.9356098518
3.1725	3.9365857056
3.175	3.9375617374
3.1775	3.9385379474
3.18	3.9395143355
3.1825	3.9404909020
3.185	3.9414676469
3.1875	3.9424445703
3.19	3.9434216724
3.1925	3.9443989533
3.195	3.9453764130
3.1975	3.9463540517
3.2	3.9473318696
3.2025	3.9483098667
3.205	3.9492880431
3.2075	3.9502663991
3.21	3.9512449346
3.2125	3.9522236499
3.215	3.9532025451
3.2175	3.9541816202
3.22	3.9551608755
3.2225	3.9561403111
3.225	3.9571199271
3.2275	3.9580997236
3.23	3.9590797008
3.2325	3.9600598589
3.235	3.9610401979
3.2375	3.9620207180
3.24	3.9630014194
3.2425	3.9639823022
3.245	3.9649633666
3.2475	3.9659446127
3.25	3.9669260406
3.2525	3.9679076506
3.255	3.9688894428
3.2575	3.9698714173
3.26	3.9708535744
3.2625	3.9718359141
3.265	3.9728184367
3.2675	3.9738011423
3.27	3.9747840311
3.2725	3.9757671032
3.275	3.9767503588
3.2775	3.9777337982
3.28	3.9787174214
3.2825	3.9797012287
3.285	3.9806852203
3.2875	3.9816693963
3.29	3.9826537569
3.2925	3.9836383023
3.295	3.9846230327
3.2975	3.9856079482
3.3	3.9865930492
3.3025	3.9875783357
3.305	3.9885638081
3.3075	3.9895494664
3.31	3.9905353108
3.3125	3.9915213417
3.315	3.9925075591
3.3175	3.9934939634
3.32	3.9944805546
3.3225	3.9954673331
3.325	3.9964542990
3.3275	3.9974414526
3.33	3.9984287940
3.3325	3.9994163236
3.335	4.0004040414
3.3375	4.0013919478
3.34	4.0023800430
3.3425	4.0033683272
3.345	4.0043568007
3.3475	4.0053454636
3.35	4.0063343162
3.3525	4.0073233588
3.355	4.0083125916
3.3575	4.0093020148
3.36	4.0102916287
3.3625	4.0112814335
3.365	4.0122714296
3.3675	4.0132616171
3.37	4.0142519962
3.3725	4.0152425674
3.375	4.0162333307
3.3775	4.0172242866
3.38	4.0182154352
3.3825	4.0192067768
3.385	4.0201983116
3.3875	4.0211900401
3.39	4.0221819624
3.3925	4.0231740788
3.395	4.0241663896
3.3975	4.0251588951
3.4	4.0261515955
3.4025	4.0271444912
3.405	4.0281375825
3.4075	4.0291308696
3.41	4.0301243528
3.4125	4.0311180325
3.415	4.0321119089
3.4175	4.0331059823
3.42	4.0341002531
3.4225	4.0350947215
3.425	4.0360893880
3.4275	4.0370842527
3.43	4.0380793160
3.4325	4.0390745782
3.435	4.0400700397
3.4375	4.0410657007
3.44	4.0420615617
3.4425	4.0430576229
3.445	4.0440538846
3.4475	4.0450503473
3.45	4.0460470112
3.4525	4.0470438767
3.455	4.0480409441
3.4575	4.0490382139
3.46	4.0500356862
3.4625	4.0510333616
3.465	4.0520312402
3.4675	4.0530293227
3.47	4.0540276091
3.4725	4.0550261001
3.475	4.0560247958
3.4775	4.0570236967
3.48	4.0580228032
3.4825	4.0590221156
3.485	4.0600216343
3.4875	4.0610213598
3.49	4.0620212923
3.4925	4.0630214324
3.495	4.0640217803
3.4975	4.0650223365
3.5	4.0660231014
3.5025	4.0670240753
3.505	4.0680252588
3.5075	4.0690266522
3.51	4.0700282559
3.5125	4.0710300703
3.515	4.0720320960
3.5175	4.0730343331
3.52	4.0740367824
3.5225	4.0750394440
3.525	4.0760423186
3.5275	4.0770454065
3.53	4.0780487081
3.5325	4.0790522239
3.535	4.0800559545
3.5375	4.0810599001
3.54	4.0820640613
3.5425	4.0830684385
3.545	4.0840730323
3.5475	4.0850778430
3.55	4.0860828711
3.5525	4.0870881171
3.555	4.0880935816
3.5575	4.0890992649
3.56	4.0901051676
3.5625	4.0911112901
3.565	4.0921176330
3.5675	4.0931241967
3.57	4.0941309817
3.5725	4.0951379887
3.575	4.0961452180
3.5775	4.0971526701
3.58	4.0981603457
3.5825	4.0991682452
3.585	4.1001763691
3.5875	4.1011847180
3.59	4.1021932924
3.5925	4.1032020929
3.595	4.1042111199
3.5975	4.1052203742
3.6	4.1062298561
3.6025	4.1072395662
3.605	4.1082495052
3.6075	4.1092596735
3.61	4.1102700718
3.6125	4.1112807007
3.615	4.1122915606
3.6175	4.1133026522
3.62	4.1143139761
3.6225	4.1153255328
3.625	4.1163373230
3.6275	4.1173493473
3.63	4.1183616062
3.6325	4.1193741004
3.635	4.1203868305
3.6375	4.1213997972
3.64	4.1224130010
3.6425	4.1234264425
3.645	4.1244401225
3.6475	4.1254540415
3.65	4.1264682002
3.6525	4.1274825992
3.655	4.1284972393
3.6575	4.1295121210
3.66	4.1305272451
3.6625	4.1315426121
3.665	4.1325582229
3.6675	4.1335740779
3.67	4.1345901781
3.6725	4.1356065240
3.675	4.1366231163
3.6775	4.1376399557
3.68	4.1386570430
3.6825	4.1396743789
3.685	4.1406919641
3.6875	4.1417097992
3.69	4.1427278851
3.6925	4.1437462225
3.695	4.1447648122
3.6975	4.1457836548
3.7	4.1468027511
3.7025	4.1478221019
3.705	4.1488417080
3.7075	4.1498615701
3.71	4.1508816890
3.7125	4.1519020655
3.715	4.1529227004
3.7175	4.1539435945
3.72	4.1549647486
3.7225	4.1559861634
3.725	4.1570078399
3.7275	4.1580297789
3.73	4.1590519811
3.7325	4.1600744474
3.735	4.1610971787
3.7375	4.1621201758
3.74	4.1631434395
3.7425	4.1641669708
3.745	4.1651907705
3.7475	4.1662148395
3.75	4.1672391786
3.7525	4.1682637887
3.755	4.1692886709
3.7575	4.1703138259
3.76	4.1713392546
3.7625	4.1723649581
3.765	4.1733909372
3.7675	4.1744171928
3.77	4.1754437260
3.7725	4.1764705376
3.775	4.1774976287
3.7775	4.1785250001
3.78	4.1795526529
3.7825	4.1805805880
3.785	4.1816088065
3.7875	4.1826373093
3.79	4.1836660975
3.7925	4.1846951720
3.795	4.1857245339
3.7975	4.1867541843
3.8	4.1877841241
3.8025	4.1888143544
3.805	4.1898448762
3.8075	4.1908756908
3.81	4.1919067990
3.8125	4.1929382020
3.815	4.1939699010
3.8175	4.1950018969
3.82	4.1960341910
3.8225	4.1970667842
3.825	4.1980996779
3.8275	4.1991328731
3.83	4.2001663709
3.8325	4.2012001725
3.835	4.2022342792
3.8375	4.2032686920
3.84	4.2043034122
3.8425	4.2053384409
3.845	4.2063737795
3.8475	4.2074094290
3.85	4.2084453908
3.8525	4.2094816660
3.855	4.2105182560
3.8575	4.2115551619
3.86	4.2125923852
3.8625	4.2136299269
3.865	4.2146677886
3.8675	4.2157059714
3.87	4.2167444766
3.8725	4.2177833057
3.875	4.2188224600
3.8775	4.2198619408
3.88	4.2209017494
3.8825	4.2219418873
3.885	4.2229823559
3.8875	4.2240231565
3.89	4.2250642906
3.8925	4.2261057596
3.895	4.2271475649
3.8975	4.2281897080
3.9	4.2292321904
3.9025	4.2302750136
3.905	4.2313181790
3.9075	4.2323616881
3.91	4.2334055426
3.9125	4.2344497438
3.915	4.2354942934
3.9175	4.2365391929
3.92	4.2375844440
3.9225	4.2386300481
3.925	4.2396760069
3.9275	4.2407223221
3.93	4.2417689952
3.9325	4.2428160280
3.935	4.2438634220
3.9375	4.2449111790
3.94	4.2459593007
3.9425	4.2470077888
3.945	4.2480566450
3.9475	4.2491058711
3.95	4.2501554688
3.9525	4.2512054399
3.955	4.2522557863
3.9575	4.2533065097
3.96	4.2543576119
3.9625	4.2554090949
3.965	4.2564609605
3.9675	4.2575132106
3.97	4.2585658471
3.9725	4.2596188719
3.975	4.2606722869
3.9775	4.2617260942
3.98	4.2627802957
3.9825	4.2638348934
3.985	4.2648898893
3.9875	4.2659452856
3.99	4.2670010841
3.9925	4.2680572872
3.995	4.2691138967
3.9975	4.2701709149
4.0	4.2712283439
4.0025	4.2722861860
4.005	4.2733444432
4.0075	4.2744031177
4.01	4.2754622120
4.0125	4.2765217281
4.015	4.2775816684
4.0175	4.2786420352
4.02	4.2797028309
4.0225	4.2807640577
4.025	4.2818257181
4.0275	4.2828878145
4.03	4.2839503494
4.0325	4.2850133251
4.035	4.2860767442
4.0375	4.2871406091
4.04	4.2882049225
4.0425	4.2892696869
4.045	4.2903349049
4.0475	4.2914005791
4.05	4.2924667123
4.0525	4.2935333069
4.055	4.2946003659
4.0575	4.2956678919
4.06	4.2967358877
4.0625	4.2978043561
4.065	4.2988733000
4.0675	4.2999427223
4.07	4.3010126257
4.0725	4.3020830134
4.075	4.3031538882
4.0775	4.3042252532
4.08	4.3052971114
4.0825	4.3063694658
4.085	4.3074423197
4.0875	4.3085156761
4.09	4.3095895383
4.0925	4.3106639095
4.095	4.3117387929
4.0975	4.3128141919
4.1	4.3138901098
4.1025	4.3149665499
4.105	4.3160435158
4.1075	4.3171210109
4.11	4.3181990387
4.1125	4.3192776028
4.115	4.3203567067
4.1175	4.3214363542
4.12	4.3225165489
4.1225	4.3235972946
4.125	4.3246785950
4.1275	4.3257604541
4.13	4.3268428757
4.1325	4.3279258637
4.135	4.3290094221
4.1375	4.3300935550
4.14	4.3311782666
4.1425	4.3322635608
4.145	4.3333494420
4.1475	4.3344359145
4.15	4.3355229825
4.1525	4.3366106504
4.155	4.3376989228
4.1575	4.3387878040
4.16	4.3398772987
4.1625	4.3409674115
4.165	4.3420581472
4.1675	4.3431495104
4.17	4.3442415061
4.1725	4.3453341390
4.175	4.3464274143
4.1775	4.3475213370
4.18	4.3486159121
4.1825	4.3497111450
4.185	4.3508070408
4.1875	4.3519036050
4.19	4.3530008429
4.1925	4.3540987602
4.195	4.3551973624
4.1975	4.3562966552
4.2	4.3573966444
4.2025	4.3584973359
4.205	4.3595987356
4.2075	4.3607008496
4.21	4.3618036842
4.2125	4.3629072455
4.215	4.3640115399
4.2175	4.3651165738
4.22	4.3662223540
4.2225	4.3673288870
4.225	4.3684361796
4.2275	4.3695442388
4.23	4.3706530717
4.2325	4.3717626852
4.235	4.3728730869
4.2375	4.3739842840
4.24	4.3750962841
4.2425	4.3762090948
4.245	4.3773227241
4.2475	4.3784371798
4.25	4.3795524701
4.2525	4.3806686032
4.255	4.3817855875
4.2575	4.3829034316
4.26	4.3840221442
4.2625	4.3851417343
4.265	4.3862622108
4.2675	4.3873835831
4.27	4.3885058606
4.2725	4.3896290530
4.275	4.3907531699
4.2775	4.3918782215
4.28	4.3930042181
4.2825	4.3941311699
4.285	4.3952590877
4.2875	4.3963879824
4.29	4.3975178652
4.2925	4.3986487473
4.295	4.3997806403
4.2975	4.4009135563
4.3	4.4020475073
4.3025	4.4031825058
4.305	4.4043185644
4.3075	4.4054556961
4.31	4.4065939144
4.3125	4.4077332327
4.315	4.4088736652
4.3175	4.4100152260
4.32	4.4111579299
4.3225	4.4123017919
4.325	4.4134468274
4.3275	4.4145930523
4.33	4.4157404827
4.3325	4.4168891354
4.335	4.4180390274
4.3375	4.4191901763
4.34	4.4203426003
4.3425	4.4214963178
4.345	4.4226513481
4.3475	4.4238077108
4.35	4.4249654261
4.3525	4.4261245149
4.355	4.4272849987
4.3575	4.4284468996
4.36	4.4296102406
4.3625	4.4307750452
4.365	4.4319413377
4.3675	4.4331091434
4.37	4.4342784883
4.3725	4.4354493992
4.375	4.4366219040
4.3775	4.4377960317
4.38	4.4389718120
4.3825	4.4401492760
4.385	4.4413284559
4.3875	4.4425093851
4.39	4.4436920985
4.3925	4.4448766321
4.395	4.4460630236
4.3975	4.4472513123
4.4	4.4484415391
4.4025	4.4496337468
4.405	4.4508279801
4.4075	4.4520242858
4.41	4.4532227130
4.4125	4.4544233130
4.415	4.4556261399
4.4175	4.4568312507
4.42	4.4580387051
4.4225	4.4592485664
4.425	4.4604609013
4.4275	4.4616757806
4.43	4.4628932793
4.4325	4.4641134772
4.435	4.4653364591
4.4375	4.4665623157
4.44	4.4677911441
4.4425	4.4690230484
4.445	4.4702581408
4.4475	4.4714965423
4.45	4.4727383841
4.4525	4.4739838090
4.455	4.4752329728
4.4575	4.4764860466
4.46	4.4777432193
4.4625	4.4790047004
4.465	4.4802707239
4.4675	4.4815415534
4.47	4.4828174880
4.4725	4.4840988709
4.475	4.4853861005
4.4775	4.4866796454
4.48	4.4879800673
4.4825	4.4892880528
4.485	4.4906044653
4.4875	4.4919304291
4.49	4.4932674826
4.4925	4.4946178902
4.495	4.4959854065
4.4975	4.4973779408
4.5	4.4988724657
4.5025	4.5004652112
4.505	4.5020791883
4.5075	4.5037086292
4.51	4.5053496588
4.5125	4.5070002858
4.515	4.5086589754
4.5175	4.5103246665
4.52	4.5119965025
4.5225	4.5136738128
4.525	4.5153560363
4.5275	4.5170427057
4.53	4.5187334187
4.5325	4.5204278280
4.535	4.5221256282
4.5375	4.5238265490
4.54	4.5255303491
4.5425	4.5272368114
4.545	4.5289457390
4.5475	4.5306569529
4.55	4.5323702893
4.5525	4.5340855975
4.555	4.5358027384
4.5575	4.5375215832
4.56	4.5392420121
4.5625	4.5409639136
4.565	4.5426871832
4.5675	4.5444117230
4.57	4.5461374413
4.5725	4.5478642515
4.575	4.5495920719
4.5775	4.5513208253
4.58	4.5530504388
4.5825	4.5547808430
4.585	4.5565119722
4.5875	4.5582437636
4.59	4.5599761578
4.5925	4.5617090977
4.595	4.5634425293
4.5975	4.5651764005
4.6	4.5669106617
4.6025	4.5686452653
4.605	4.5703801658
4.6075	4.5721153194
4.61	4.5738506841
4.6125	4.5755862195
4.615	4.5773218868
4.6175	4.5790576485
4.62	4.5807934686
4.6225	4.5825293125
4.625	4.5842651466
4.6275	4.5860009385
4.63	4.5877366571
4.6325	4.5894722723
4.635	4.5912077548
4.6375	4.5929430765
4.64	4.5946782101
4.6425	4.5964131291
4.645	4.5981478079
4.6475	4.5998822219
4.65	4.6016163468
4.6525	4.6033501595
4.655	4.6050836373
4.6575	4.6068167583
4.66	4.6085495011
4.6625	4.6102818451
4.665	4.6120137701
4.6675	4.6137452567
4.67	4.6154762858
4.6725	4.6172068390
4.675	4.6189368983
4.6775	4.6206664462
4.68	4.6223954658
4.6825	4.6241239404
4.685	4.6258518541
4.6875	4.6275791910
4.69	4.6293059359
4.6925	4.6310320740
4.695	4.6327575906
4.6975	4.6344824716
4.7	4.6362067034
4.7025	4.6379302723
4.705	4.6396531653
4.7075	4.6413753697
4.71	4.6430968728
4.7125	4.6448176627
4.715	4.6465377273
4.7175	4.6482570550
4.72	4.6499756347
4.7225	4.6516934551
4.725	4.6534105056
4.7275	4.6551267755
4.73	4.6568422546
4.7325	4.6585569329
4.735	4.6602708004
4.7375	4.6619838477
4.74	4.6636960653
4.7425	4.6654074441
4.745	4.6671179751
4.7475	4.6688276496
4.75	4.6705364590
4.7525	4.6722443950
4.755	4.6739514493
4.7575	4.6756576140
4.76	4.6773628812
4.7625	4.6790672434
4.765	4.6807706931
4.7675	4.6824732228
4.77	4.6841748256
4.7725	4.6858754943
4.775	4.6875752222
4.7775	4.6892740026
4.78	4.6909718288
4.7825	4.6926686946
4.785	4.6943645936
4.7875	4.6960595197
4.79	4.6977534670
4.7925	4.6994464295
4.795	4.7011384015
4.7975	4.7028293774
4.8	4.7045193517
4.8025	4.7062083190
4.805	4.7078962741
4.8075	4.7095832118
4.81	4.7112691270
4.8125	4.7129540149
4.815	4.7146378706
4.8175	4.7163206894
4.82	4.7180024666
4.8225	4.7196831979
4.825	4.7213628786
4.8275	4.7230415045
4.83	4.7247190714
4.8325	4.7263955752
4.835	4.7280710116
4.8375	4.7297453769
4.84	4.7314186672
4.8425	4.7330908785
4.845	4.7347620072
4.8475	4.7364320498
4.85	4.7381010025
4.8525	4.7397688620
4.855	4.7414356249
4.8575	4.7431012877
4.86	4.7447658474
4.8625	4.7464293006
4.865	4.7480916444
4.8675	4.7497528755
4.87	4.7514129912
4.8725	4.7530719883
4.875	4.7547298643
4.8775	4.7563866161
4.88	4.7580422412
4.8825	4.7596967369
4.885	4.7613501006
4.8875	4.7630023298
4.89	4.7646534219
4.8925	4.7663033746
4.895	4.7679521855
4.8975	4.7695998523
4.9	4.7712463728
4.9025	4.7728917447
4.905	4.7745359660
4.9075	4.7761790345
4.91	4.7778209481
4.9125	4.7794617050
4.915	4.7811013031
4.9175	4.7827397406
4.92	4.7843770156
4.9225	4.7860131263
4.925	4.7876480709
4.9275	4.7892818478
4.93	4.7909144552
4.9325	4.7925458916
4.935	4.7941761554
4.9375	4.7958052450
4.94	4.7974331589
4.9425	4.7990598958
4.945	4.8006854540
4.9475	4.8023098324
4.95	4.8039330295
4.9525	4.8055550440
4.955	4.8071758747
4.9575	4.8087955203
4.96	4.8104139797
4.9625	4.8120312517
4.965	4.8136473352
4.9675	4.8152622290
4.97	4.8168759322
4.9725	4.8184884437
4.975	4.8200997626
4.9775	4.8217098878
4.98	4.8233188184
4.9825	4.8249265536
4.985	4.8265330925
4.9875	4.8281384342
4.99	4.8297425780
4.9925	4.8313455231
4.995	4.8329472687
4.9975	4.8345478142
5.0	4.8361471587
5.0025	4.8377453018
5.005	4.8393422427
5.0075	4.8409379808
5.01	4.8425325156
5.0125	4.8441258465
5.015	4.8457179729
5.0175	4.8473088945
5.02	4.8488986106
5.0225	4.8504871208
5.025	4.8520744247
5.0275	4.8536605219
5.03	4.8552454121
5.0325	4.8568290947
5.035	4.8584115696
5.0375	4.8599928363
5.04	4.8615728947
5.0425	4.8631517443
5.045	4.8647293850
5.0475	4.8663058166
5.05	4.8678810387
5.0525	4.8694550513
5.055	4.8710278542
5.0575	4.8725994471
5.06	4.8741698300
5.0625	4.8757390028
5.065	4.8773069653
5.0675	4.8788737175
5.07	4.8804392593
5.0725	4.8820035907
5.075	4.8835667117
5.0775	4.8851286222
5.08	4.8866893223
5.0825	4.8882488120
5.085	4.8898070914
5.0875	4.8913641604
5.09	4.8929200192
5.0925	4.8944746679
5.095	4.8960281066
5.0975	4.8975803354
5.1	4.8991313545
5.1025	4.9006811639
5.105	4.9022297640
5.1075	4.9037771547
5.11	4.9053233365
5.1125	4.9068683094
5.115	4.9084120738
5.1175	4.9099546297
5.12	4.9114959776
5.1225	4.9130361176
5.125	4.9145750501
5.1275	4.9161127753
5.13	4.9176492936
5.1325	4.9191846052
5.135	4.9207187106
5.1375	4.9222516099
5.14	4.9237833037
5.1425	4.9253137923
5.145	4.9268430760
5.1475	4.9283711552
5.15	4.9298980304
5.1525	4.9314237019
5.155	4.9329481702
5.1575	4.9344714358
5.16	4.9359934990
5.1625	4.9375143603
5.165	4.9390340202
5.1675	4.9405524792
5.17	4.9420697378
5.1725	4.9435857964
5.175	4.9451006556
5.1775	4.9466143158
5.18	4.9481267777
5.1825	4.9496380417
5.185	4.9511481084
5.1875	4.9526569784
5.19	4.9541646522
5.1925	4.9556711303
5.195	4.9571764135
5.1975	4.9586805022
5.2	4.9601833970
5.2025	4.9616850987
5.205	4.9631856077
5.2075	4.9646849247
5.21	4.9661830504
5.2125	4.9676799854
5.215	4.9691757302
5.2175	4.9706702857
5.22	4.9721636524
5.2225	4.9736558311
5.225	4.9751468223
5.2275	4.9766366269
5.23	4.9781252454
5.2325	4.9796126786
5.235	4.9810989271
5.2375	4.9825839918
5.24	4.9840678733
5.2425	4.9855505723
5.245	4.9870320897
5.2475	4.9885124260
5.25	4.9899915821
5.2525	4.9914695587
5.255	4.9929463566
5.2575	4.9944219765
5.26	4.9958964193
5.2625	4.9973696856
5.265	4.9988417763
5.2675	5.0003126922
5.27	5.0017824340
5.2725	5.0032510026
5.275	5.0047183988
5.2775	5.0061846233
5.28	5.0076496770
5.2825	5.0091135607
5.285	5.0105762752
5.2875	5.0120378214
5.29	5.0134982001
5.2925	5.0149574121
5.295	5.0164154583
5.2975	5.0178723396
5.3	5.0193280567
5.3025	5.0207826106
5.305	5.0222360021
5.3075	5.0236882321
5.31	5.0251393015
5.3125	5.0265892111
5.315	5.0280379618
5.3175	5.0294855545
5.32	5.0309319901
5.3225	5.0323772695
5.325	5.0338213936
5.3275	5.0352643633
5.33	5.0367061795
5.3325	5.0381468431
5.335	5.0395863550
5.3375	5.0410247161
5.34	5.0424619274
5.3425	5.0438979898
5.345	5.0453329042
5.3475	5.0467666716
5.35	5.0481992928
5.3525	5.0496307688
5.355	5.0510611006
5.3575	5.0524902891
5.36	5.0539183353
5.3625	5.0553452401
5.365	5.0567710044
5.3675	5.0581956293
5.37	5.0596191156
5.3725	5.0610414644
5.375	5.0624626765
5.3775	5.0638827531
5.38	5.0653016950
5.3825	5.0667195032
5.385	5.0681361788
5.3875	5.0695517226
5.39	5.0709661357
5.3925	5.0723794190
5.395	5.0737915736
5.3975	5.0752026004
5.4	5.0766125004
5.4025	5.0780212746
5.405	5.0794289240
5.4075	5.0808354497
5.41	5.0822408525
5.4125	5.0836451336
5.415	5.0850482939
5.4175	5.0864503345
5.42	5.0878512563
5.4225	5.0892510603
5.425	5.0906497476
5.4275	5.0920473192
5.43	5.0934437761
5.4325	5.0948391193
5.435	5.0962333498
5.4375	5.0976264688
5.44	5.0990184771
5.4425	5.1004093758
5.445	5.1017991660
5.4475	5.1031878487
5.45	5.1045754249
5.4525	5.1059618957
5.455	5.1073472620
5.4575	5.1087315249
5.46	5.1101146855
5.4625	5.1114967448
5.465	5.1128777039
5.4675	5.1142575637
5.47	5.1156363254
5.4725	5.1170139899
5.475	5.1183905583
5.4775	5.1197660317
5.48	5.1211404111
5.4825	5.1225136976
5.485	5.1238858922
5.4875	5.1252569960
5.49	5.1266270100
5.4925	5.1279959353
5.495	5.1293637729
5.4975	5.1307305239
5.5	5.1320961658
5.5025	5.1334603445
5.505	5.1348230752
5.5075	5.1361843598
5.51	5.1375442030
5.5125	5.1389026080
5.515	5.1402595783
5.5175	5.1416151170
5.52	5.1429692274
5.5225	5.1443219125
5.525	5.1456731753
5.5275	5.1470230189
5.53	5.1483714463
5.5325	5.1497184603
5.535	5.1510640639
5.5375	5.1524082601
5.54	5.1537510516
5.5425	5.1550924414
5.545	5.1564324323
5.5475	5.1577710271
5.55	5.1591082287
5.5525	5.1604440397
5.555	5.1617784631
5.5575	5.1631115016
5.56	5.1644431580
5.5625	5.1657734349
5.565	5.1671023352
5.5675	5.1684298616
5.57	5.1697560168
5.5725	5.1710808034
5.575	5.1724042242
5.5775	5.1737262818
5.58	5.1750469790
5.5825	5.1763663184
5.585	5.1776843026
5.5875	5.1790009344
5.59	5.1803162162
5.5925	5.1816301508
5.595	5.1829427408
5.5975	5.1842539887
5.6	5.1855638972
5.6025	5.1868724688
5.605	5.1881797062
5.6075	5.1894856119
5.61	5.1907901885
5.6125	5.1920934384
5.615	5.1933953644
5.6175	5.1946959689
5.62	5.1959952543
5.6225	5.1972932234
5.625	5.1985898785
5.6275	5.1998852222
5.63	5.2011792570
5.6325	5.2024719853
5.635	5.2037634097
5.6375	5.2050535326
5.64	5.2063423564
5.6425	5.2076298837
5.645	5.2089161169
5.6475	5.2102010585
5.65	5.2114847108
5.6525	5.2127670762
5.655	5.2140481573
5.6575	5.2153279565
5.66	5.2166064760
5.6625	5.2178837184
5.665	5.2191596861
5.6675	5.2204343813
5.67	5.2217078065
5.6725	5.2229799641
5.675	5.2242508563
5.6775	5.2255204857
5.68	5.2267888544
5.6825	5.2280559650
5.685	5.2293218196
5.6875	5.2305864206
5.69	5.2318497704
5.6925	5.2331118712
5.695	5.2343727254
5.6975	5.2356323353
5.7	5.2368907031
5.7025	5.2381478312
5.705	5.2394037218
5.7075	5.2406583771
5.71	5.2419117996
5.7125	5.2431639913
5.715	5.2444149547
5.7175	5.2456646918
5.72	5.2469132051
5.7225	5.2481604966
5.725	5.2494065687
5.7275	5.2506514235
5.73	5.2518950632
5.7325	5.2531374902
5.735	5.2543787065
5.7375	5.2556187144
5.74	5.2568575160
5.7425	5.2580951136
5.745	5.2593315093
5.7475	5.2605667053
5.75	5.2618007038
5.7525	5.2630335069
5.755	5.2642651167
5.7575	5.2654955355
5.76	5.2667247653
5.7625	5.2679528083
5.765	5.2691796667
5.7675	5.2704053424
5.77	5.2716298378
5.7725	5.2728531548
5.775	5.2740752956
5.7775	5.2752962623
5.78	5.2765160569
5.7825	5.2777346816
5.785	5.2789521385
5.7875	5.2801684295
5.79	5.2813835569
5.7925	5.2825975226
5.795	5.2838103287
5.7975	5.2850219773
5.8	5.2862324704
5.8025	5.2874418100
5.805	5.2886499982
5.8075	5.2898570371
5.81	5.2910629286
5.8125	5.2922676748
5.815	5.2934712776
5.8175	5.2946737392
5.82	5.2958750614
5.8225	5.2970752464
5.825	5.2982742960
5.8275	5.2994722123
5.83	5.3006689972
5.8325	5.3018646528
5.835	5.3030591810
5.8375	5.3042525837
5.84	5.3054448630
5.8425	5.3066360207
5.845	5.3078260589
5.8475	5.3090149795
5.85	5.3102027844
5.8525	5.3113894755
5.855	5.3125750548
5.8575	5.3137595242
5.86	5.3149428857
5.8625	5.3161251411
5.865	5.3173062923
5.8675	5.3184863413
5.87	5.3196652899
5.8725	5.3208431401
5.875	5.3220198937
5.8775	5.3231955526
5.88	5.3243701187
5.8825	5.3255435939
5.885	5.3267159800
5.8875	5.3278872789
5.89	5.3290574925
5.8925	5.3302266226
5.895	5.3313946710
5.8975	5.3325616397
5.9	5.3337275304
5.9025	5.3348923449
5.905	5.3360560852
5.9075	5.3372187530
5.91	5.3383803502
5.9125	5.3395408785
5.915	5.3407003398
5.9175	5.3418587360
5.92	5.3430160686
5.9225	5.3441723397
5.925	5.3453275510
5.9275	5.3464817042
5.93	5.3476348012
5.9325	5.3487868437
5.935	5.3499378335
5.9375	5.3510877723
5.94	5.3522366620
5.9425	5.3533845043
5.945	5.3545313009
5.9475	5.3556770537
5.95	5.3568217642
5.9525	5.3579654344
5.955	5.3591080659
5.9575	5.3602496604
5.96	5.3613902198
5.9625	5.3625297456
5.965	5.3636682397
5.9675	5.3648057037
5.97	5.3659421394
5.9725	5.3670775484
5.975	5.3682119325
5.9775	5.3693452934
5.98	5.3704776328
5.9825	5.3716089522
5.985	5.3727392535
5.9875	5.3738685384
5.99	5.3749968084
5.9925	5.3761240653
5.995	5.3772503107
5.9975	5.3783755463
6.0	5.3794997738
6.0025	5.3806229948
6.005	5.3817452109
6.0075	5.3828664239
6.01	5.3839866353
6.0125	5.3851058468
6.015	5.3862240600
6.0175	5.3873412766
6.02	5.3884574982
6.0225	5.3895727264
6.025	5.3906869628
6.0275	5.3918002090
6.03	5.3929124667
6.0325	5.3940237375
6.035	5.3951340230
6.0375	5.3962433247
6.04	5.3973516442
6.0425	5.3984589833
6.045	5.3995653433
6.0475	5.4006707260
6.05	5.4017751329
6.0525	5.4028785655
6.055	5.4039810255
6.0575	5.4050825144
6.06	5.4061830338
6.0625	5.4072825852
6.065	5.4083811702
6.0675	5.4094787904
6.07	5.4105754472
6.0725	5.4116711423
6.075	5.4127658772
6.0775	5.4138596534
6.08	5.4149524725
6.0825	5.4160443359
6.085	5.4171352452
6.0875	5.4182252020
6.09	5.4193142077
6.0925	5.4204022639
6.095	5.4214893721
6.0975	5.4225755337
6.1	5.4236607504
6.1025	5.4247450235
6.105	5.4258283546
6.1075	5.4269107452
6.11	5.4279921967
6.1125	5.4290727107
6.115	5.4301522886
6.1175	5.4312309320
6.12	5.4323086422
6.1225	5.4333854208
6.125	5.4344612692
6.1275	5.4355361890
6.13	5.4366101814
6.1325	5.4376832481
6.135	5.4387553905
6.1375	5.4398266100
6.14	5.4408969080
6.1425	5.4419662861
6.145	5.4430347456
6.1475	5.4441022880
6.15	5.4451689147
6.1525	5.4462346271
6.155	5.4472994268
6.1575	5.4483633150
6.16	5.4494262933
6.1625	5.4504883630
6.165	5.4515495255
6.1675	5.4526097823
6.17	5.4536691348
6.1725	5.4547275844
6.175	5.4557851324
6.1775	5.4568417803
6.18	5.4578975294
6.1825	5.4589523812
6.185	5.4600063371
6.1875	5.4610593984
6.19	5.4621115664
6.1925	5.4631628427
6.195	5.4642132285
6.1975	5.4652627252
6.2	5.4663113342
6.2025	5.4673590569
6.205	5.4684058946
6.2075	5.4694518487
6.21	5.4704969205
6.2125	5.4715411114
6.215	5.4725844227
6.2175	5.4736268558
6.22	5.4746684121
6.2225	5.4757090928
6.225	5.4767488992
6.2275	5.4777878329
6.23	5.4788258949
6.2325	5.4798630868
6.235	5.4808994097
6.2375	5.4819348651
6.24	5.4829694543
6.2425	5.4840031785
6.245	5.4850360391
6.2475	5.4860680374
6.25	5.4870991746
6.2525	5.4881294522
6.255	5.4891588713
6.2575	5.4901874333
6.26	5.4912151396
6.2625	5.4922419913
6.265	5.4932679897
6.2675	5.4942931362
6.27	5.4953174321
6.2725	5.4963408785
6.275	5.4973634768
6.2775	5.4983852283
6.28	5.4994061342
6.2825	5.5004261958
6.285	5.5014454144
6.2875	5.5024637912
6.29	5.5034813275
6.2925	5.5044980245
6.295	5.5055138835
6.2975	5.5065289057
6.3	5.5075430925
6.3025	5.5085564449
6.305	5.5095689644
6.3075	5.5105806521
6.31	5.5115915092
6.3125	5.5126015370
6.315	5.5136107367
6.3175	5.5146191096
6.32	5.5156266568
6.3225	5.5166333796
6.325	5.5176392793
6.3275	5.5186443570
6.33	5.5196486139
6.3325	5.5206520513
6.335	5.5216546703
6.3375	5.5226564722
6.34	5.5236574582
6.3425	5.5246576295
6.345	5.5256569872
6.3475	5.5266555326
6.35	5.5276532669
6.3525	5.5286501913
6.355	5.5296463068
6.3575	5.5306416149
6.36	5.5316361165
6.3625	5.5326298129
6.365	5.5336227053
6.3675	5.5346147948
6.37	5.5356060826
6.3725	5.5365965699
6.375	5.5375862579
6.3775	5.5385751477
6.38	5.5395632405
6.3825	5.5405505374
6.385	5.5415370395
6.3875	5.5425227482
6.39	5.5435076644
6.3925	5.5444917894
6.395	5.5454751243
6.3975	5.5464576702
6.4	5.5474394283
6.4025	5.5484203998
6.405	5.5494005856
6.4075	5.5503799871
6.41	5.5513586053
6.4125	5.5523364414
6.415	5.5533134964
6.4175	5.5542897715
6.42	5.5552652679
6.4225	5.5562399866
6.425	5.5572139288
6.4275	5.5581870955
6.43	5.5591594879
6.4325	5.5601311072
6.435	5.5611019543
6.4375	5.5620720304
6.44	5.5630413367
6.4425	5.5640098742
6.445	5.5649776440
6.4475	5.5659446472
6.45	5.5669108849
6.4525	5.5678763582
6.455	5.5688410681
6.4575	5.5698050159
6.46	5.5707682025
6.4625	5.5717306290
6.465	5.5726922965
6.4675	5.5736532062
6.47	5.5746133589
6.4725	5.5755727560
6.475	5.5765313983
6.4775	5.5774892870
6.48	5.5784464231
6.4825	5.5794028078
6.485	5.5803584420
6.4875	5.5813133268
6.49	5.5822674633
6.4925	5.5832208526
6.495	5.5841734956
6.4975	5.5851253934
6.5	5.5860765472
6.5025	5.5870269579
6.505	5.5879766265
6.5075	5.5889255541
6.51	5.5898737418
6.5125	5.5908211906
6.515	5.5917679015
6.5175	5.5927138756
6.52	5.5936591138
6.5225	5.5946036173
6.525	5.5955473870
6.5275	5.5964904240
6.53	5.5974327292
6.5325	5.5983743037
6.535	5.5993151486
6.5375	5.6002552648
6.54	5.6011946533
6.5425	5.6021333152
6.545	5.6030712515
6.5475	5.6040084631
6.55	5.6049449511
6.5525	5.6058807165
6.555	5.6068157602
6.5575	5.6077500834
6.56	5.6086836869
6.5625	5.6096165718
6.565	5.6105487390
6.5675	5.6114801896
6.57	5.6124109245
6.5725	5.6133409448
6.575	5.6142702513
6.5775	5.6151988452
6.58	5.6161267273
6.5825	5.6170538987
6.585	5.6179803603
6.5875	5.6189061130
6.59	5.6198311580
6.5925	5.6207554961
6.595	5.6216791282
6.5975	5.6226020555
6.6	5.6235242788
6.6025	5.6244457991
6.605	5.6253666173
6.6075	5.6262867345
6.61	5.6272061515
6.6125	5.6281248693
6.615	5.6290428890
6.6175	5.6299602113
6.62	5.6308768373
6.6225	5.6317927679
6.625	5.6327080041
6.6275	5.6336225468
6.63	5.6345363970
6.6325	5.6354495555
6.635	5.6363620234
6.6375	5.6372738015
6.64	5.6381848908
6.6425	5.6390952922
6.645	5.6400050067
6.6475	5.6409140351
6.65	5.6418223784
6.6525	5.6427300376
6.655	5.6436370135
6.6575	5.6445433071
6.66	5.6454489192
6.6625	5.6463538508
6.665	5.6472581029
6.6675	5.6481616763
6.67	5.6490645719
6.6725	5.6499667907
6.675	5.6508683335
6.6775	5.6517692012
6.68	5.6526693948
6.6825	5.6535689152
6.685	5.6544677632
6.6875	5.6553659398
6.69	5.6562634459
6.6925	5.6571602823
6.695	5.6580564499
6.6975	5.6589519496
6.7	5.6598467824
6.7025	5.6607409491
6.705	5.6616344505
6.7075	5.6625272876
6.71	5.6634194613
6.7125	5.6643109724
6.715	5.6652018219
6.7175	5.6660920105
6.72	5.6669815392
6.7225	5.6678704088
6.725	5.6687586202
6.7275	5.6696461743
6.73	5.6705330720
6.7325	5.6714193140
6.735	5.6723049013
6.7375	5.6731898348
6.74	5.6740741153
6.7425	5.6749577436
6.745	5.6758407206
6.7475	5.6767230472
6.75	5.6776047242
6.7525	5.6784857526
6.755	5.6793661330
6.7575	5.6802458664
6.76	5.6811249536
6.7625	5.6820033955
6.765	5.6828811930
6.7675	5.6837583467
6.77	5.6846348577
6.7725	5.6855107267
6.775	5.6863859546
6.7775	5.6872605422
6.78	5.6881344903
6.7825	5.6890077999
6.785	5.6898804716
6.7875	5.6907525063
6.79	5.6916239050
6.7925	5.6924946683
6.795	5.6933647971
6.7975	5.6942342923
6.8	5.6951031546
6.8025	5.6959713850
6.805	5.6968389841
6.8075	5.6977059528
6.81	5.6985722920
6.8125	5.6994380024
6.815	5.7003030848
6.8175	5.7011675402
6.82	5.7020313692
6.8225	5.7028945726
6.825	5.7037571514
6.8275	5.7046191063
6.83	5.7054804380
6.8325	5.7063411475
6.835	5.7072012354
6.8375	5.7080607026
6.84	5.7089195500
6.8425	5.7097777782
6.845	5.7106353881
6.8475	5.7114923804
6.85	5.7123487560
6.8525	5.7132045157
6.855	5.7140596602
6.8575	5.7149141903
6.86	5.7157681068
6.8625	5.7166214106
6.865	5.7174741022
6.8675	5.7183261827
6.87	5.7191776526
6.8725	5.7200285129
6.875	5.7208787642
6.8775	5.7217284074
6.88	5.7225774432
6.8825	5.7234258725
6.885	5.7242736958
6.8875	5.7251209142
6.89	5.7259675282
6.8925	5.7268135387
6.895	5.7276589464
6.8975	5.7285037521
6.9	5.7293479566
6.9025	5.7301915605
6.905	5.7310345648
6.9075	5.7318769700
6.91	5.7327187771
6.9125	5.7335599867
6.915	5.7344005996
6.9175	5.7352406165
6.92	5.7360800382
6.9225	5.7369188654
6.925	5.7377570989
6.9275	5.7385947395
6.93	5.7394317878
6.9325	5.7402682446
6.935	5.7411041107
6.9375	5.7419393868
6.94	5.7427740736
6.9425	5.7436081719
6.945	5.7444416824
6.9475	5.7452746058
6.95	5.7461069429
6.9525	5.7469386944
6.955	5.7477698610
6.9575	5.7486004435
6.96	5.7494304426
6.9625	5.7502598590
6.965	5.7510886934
6.9675	5.7519169467
6.97	5.7527446193
6.9725	5.7535717122
6.975	5.7543982261
6.9775	5.7552241615
6.98	5.7560495193
6.9825	5.7568743002
6.985	5.7576985049
6.9875	5.7585221341
6.99	5.7593451885
6.9925	5.7601676688
6.995	5.7609895758
6.9975	5.7618109101
7.0	5.7626316724
7.0025	5.7634518635
7.005	5.7642714840
7.0075	5.7650905347
7.01	5.7659090163
7.0125	5.7667269294
7.015	5.7675442747
7.0175	5.7683610530
7.02	5.7691772650
7.0225	5.7699929113
7.025	5.7708079926
7.0275	5.7716225097
7.03	5.7724364631
7.0325	5.7732498537
7.035	5.7740626821
7.0375	5.7748749490
7.04	5.7756866550
7.0425	5.7764978009
7.045	5.7773083873
7.0475	5.7781184149
7.05	5.7789278844
7.0525	5.7797367965
7.055	5.7805451519
7.0575	5.7813529512
7.06	5.7821601951
7.0625	5.7829668843
7.065	5.7837730194
7.0675	5.7845786012
7.07	5.7853836303
7.0725	5.7861881073
7.075	5.7869920330
7.0775	5.7877954080
7.08	5.7885982329
7.0825	5.7894005085
7.085	5.7902022354
7.0875	5.7910034142
7.09	5.7918040457
7.0925	5.7926041305
7.095	5.7934036691
7.0975	5.7942026624
7.1	5.7950011110
7.1025	5.7957990155
7.105	5.7965963765
7.1075	5.7973931947
7.11	5.7981894709
7.1125	5.7989852055
7.115	5.7997803993
7.1175	5.8005750530
7.12	5.8013691671
7.1225	5.8021627423
7.125	5.8029557792
7.1275	5.8037482786
7.13	5.8045402410
7.1325	5.8053316671
7.135	5.8061225576
7.1375	5.8069129130
7.14	5.8077027340
7.1425	5.8084920212
7.145	5.8092807753
7.1475	5.8100689969
7.15	5.8108566867
7.1525	5.8116438453
7.155	5.8124304732
7.1575	5.8132165712
7.16	5.8140021399
7.1625	5.8147871798
7.165	5.8155716917
7.1675	5.8163556761
7.17	5.8171391337
7.1725	5.8179220651
7.175	5.8187044709
7.1775	5.8194863518
7.18	5.8202677083
7.1825	5.8210485411
7.185	5.8218288507
7.1875	5.8226086379
7.19	5.8233879033
7.1925	5.8241666473
7.195	5.8249448708
7.1975	5.8257225742
7.2	5.8264997582
7.2025	5.8272764234
7.205	5.8280525703
7.2075	5.8288281997
7.21	5.8296033121
7.2125	5.8303779082
7.215	5.8311519885
7.2175	5.8319255536
7.22	5.8326986041
7.2225	5.8334711407
7.225	5.8342431639
7.2275	5.8350146744
7.23	5.8357856727
7.2325	5.8365561594
7.235	5.8373261352
7.2375	5.8380956006
7.24	5.8388645562
7.2425	5.8396330027
7.245	5.8404009405
7.2475	5.8411683704
7.25	5.8419352928
7.2525	5.8427017085
7.255	5.8434676179
7.2575	5.8442330216
7.26	5.8449979204
7.2625	5.8457623146
7.265	5.8465262050
7.2675	5.8472895920
7.27	5.8480524764
7.2725	5.8488148586
7.275	5.8495767392
7.2775	5.8503381189
7.28	5.8510989982
7.2825	5.8518593777
7.285	5.8526192579
7.2875	5.8533786394
7.29	5.8541375229
7.2925	5.8548959088
7.295	5.8556537978
7.2975	5.8564111904
7.3	5.8571680873
7.3025	5.8579244888
7.305	5.8586803957
7.3075	5.8594358086
7.31	5.8601907278
7.3125	5.8609451542
7.315	5.8616990881
7.3175	5.8624525302
7.32	5.8632054810
7.3225	5.8639579411
7.325	5.8647099110
7.3275	5.8654613914
7.33	5.8662123827
7.3325	5.8669628855
7.335	5.8677129005
7.3375	5.8684624281
7.34	5.8692114688
7.3425	5.8699600233
7.345	5.8707080922
7.3475	5.8714556759
7.35	5.8722027749
7.3525	5.8729493900
7.355	5.8736955216
7.3575	5.8744411702
7.36	5.8751863364
7.3625	5.8759310208
7.365	5.8766752238
7.3675	5.8774189461
7.37	5.8781621882
7.3725	5.8789049507
7.375	5.8796472340
7.3775	5.8803890387
7.38	5.8811303654
7.3825	5.8818712145
7.385	5.8826115867
7.3875	5.8833514825
7.39	5.8840909024
7.3925	5.8848298469
7.395	5.8855683166
7.3975	5.8863063121
7.4	5.8870438337
7.4025	5.8877808822
7.405	5.8885174580
7.4075	5.8892535616
7.41	5.8899891935
7.4125	5.8907243544
7.415	5.8914590447
7.4175	5.8921932650
7.42	5.8929270157
7.4225	5.8936602975
7.425	5.8943931108
7.4275	5.8951254561
7.43	5.8958573341
7.4325	5.8965887451
7.435	5.8973196897
7.4375	5.8980501685
7.44	5.8987801820
7.4425	5.8995097306
7.445	5.9002388149
7.4475	5.9009674355
7.45	5.9016955928
7.4525	5.9024232873
7.455	5.9031505196
7.4575	5.9038772901
7.46	5.9046035995
7.4625	5.9053294481
7.465	5.9060548366
7.4675	5.9067797653
7.47	5.9075042349
7.4725	5.9082282459
7.475	5.9089517987
7.4775	5.9096748938
7.48	5.9103975318
7.4825	5.9111197131
7.485	5.9118414384
7.4875	5.9125627079
7.49	5.9132835224
7.4925	5.9140038822
7.495	5.9147237879
7.4975	5.9154432400
7.5	5.9161622390
7.5025	5.9168807853
7.505	5.9175988795
7.5075	5.9183165221
7.51	5.9190337135
7.5125	5.9197504543
7.515	5.9204667449
7.5175	5.9211825859
7.52	5.9218979777
7.5225	5.9226129209
7.525	5.9233274159
7.5275	5.9240414631
7.53	5.9247550632
7.5325	5.9254682166
7.535	5.9261809238
7.5375	5.9268931852
7.54	5.9276050014
7.5425	5.9283163728
7.545	5.9290273000
7.5475	5.9297377833
7.55	5.9304478234
7.5525	5.9311574206
7.555	5.9318665755
7.5575	5.9325752885
7.56	5.9332835601
7.5625	5.9339913908
7.565	5.9346987811
7.5675	5.9354057315
7.57	5.9361122424
7.5725	5.9368183143
7.575	5.9375239476
7.5775	5.9382291430
7.58	5.9389339007
7.5825	5.9396382214
7.585	5.9403421054
7.5875	5.9410455533
7.59	5.9417485655
7.5925	5.9424511425
7.595	5.9431532848
7.5975	5.9438549927
7.6	5.9445562669
7.6025	5.9452571078
7.605	5.9459575157
7.6075	5.9466574913
7.61	5.9473570349
7.6125	5.9480561471
7.615	5.9487548283
7.6175	5.9494530789
7.62	5.9501508994
7.6225	5.9508482903
7.625	5.9515452520
7.6275	5.9522417850
7.63	5.9529378898
7.6325	5.9536335668
7.635	5.9543288164
7.6375	5.9550236392
7.64	5.9557180356
7.6425	5.9564120060
7.645	5.9571055509
7.6475	5.9577986708
7.65	5.9584913660
7.6525	5.9591836371
7.655	5.9598754846
7.6575	5.9605669087
7.66	5.9612579101
7.6625	5.9619484892
7.665	5.9626386463
7.6675	5.9633283821
7.67	5.9640176968
7.6725	5.9647065910
7.675	5.9653950650
7.6775	5.9660831194
7.68	5.9667707546
7.6825	5.9674579711
7.685	5.9681447692
7.6875	5.9688311494
7.69	5.9695171122
7.6925	5.9702026580
7.695	5.9708877872
7.6975	5.9715725004
7.7	5.9722567978
7.7025	5.9729406800
7.705	5.9736241474
7.7075	5.9743072004
7.71	5.9749898396
7.7125	5.9756720652
7.715	5.9763538778
7.7175	5.9770352777
7.72	5.9777162655
7.7225	5.9783968415
7.725	5.9790770062
7.7275	5.9797567600
7.73	5.9804361033
7.7325	5.9811150366
7.735	5.9817935603
7.7375	5.9824716749
7.74	5.9831493807
7.7425	5.9838266782
7.745	5.9845035678
7.7475	5.9851800500
7.75	5.9858561251
7.7525	5.9865317936
7.755	5.9872070559
7.7575	5.9878819125
7.76	5.9885563638
7.7625	5.9892304101
7.765	5.9899040520
7.7675	5.9905772897
7.77	5.9912501239
7.7725	5.9919225548
7.775	5.9925945829
7.7775	5.9932662086
7.78	5.9939374323
7.7825	5.9946082545
7.785	5.9952786755
7.7875	5.9959486958
7.79	5.9966183158
7.7925	5.9972875360
7.795	5.9979563566
7.7975	5.9986247782
7.8	5.9992928012
7.8025	5.9999604259
7.805	6.0006276527
7.8075	6.0012944822
7.81	6.0019609147
7.8125	6.0026269505
7.815	6.0032925902
7.8175	6.0039578341
7.82	6.0046226827
7.8225	6.0052871362
7.825	6.0059511953
7.8275	6.0066148601
7.83	6.0072781313
7.8325	6.0079410091
7.835	6.0086034939
7.8375	6.0092655863
7.84	6.0099272865
7.8425	6.0105885950
7.845	6.0112495122
7.8475	6.0119100384
7.85	6.0125701741
7.8525	6.0132299197
7.855	6.0138892756
7.8575	6.0145482422
7.86	6.0152068198
7.8625	6.0158650090
7.865	6.0165228100
7.8675	6.0171802232
7.87	6.0178372491
7.8725	6.0184938881
7.875	6.0191501406
7.8775	6.0198060069
7.88	6.0204614874
7.8825	6.0211165825
7.885	6.0217712927
7.8875	6.0224256183
7.89	6.0230795598
7.8925	6.0237331174
7.895	6.0243862916
7.8975	6.0250390828
7.9	6.0256914913
7.9025	6.0263435176
7.905	6.0269951621
7.9075	6.0276464251
7.91	6.0282973070
7.9125	6.0289478082
7.915	6.0295979291
7.9175	6.0302476700
7.92	6.0308970314
7.9225	6.0315460137
7.925	6.0321946172
7.9275	6.0328428423
7.93	6.0334906894
7.9325	6.0341381588
7.935	6.0347852510
7.9375	6.0354319663
7.94	6.0360783052
7.9425	6.0367242679
7.945	6.0373698549
7.9475	6.0380150665
7.95	6.0386599032
7.9525	6.0393043652
7.955	6.0399484531
7.9575	6.0405921670
7.96	6.0412355076
7.9625	6.0418784750
7.965	6.0425210697
7.9675	6.0431632920
7.97	6.0438051423
7.9725	6.0444466211
7.975	6.0450877286
7.9775	6.0457284652
7.98	6.0463688314
7.9825	6.0470088274
7.985	6.0476484537
7.9875	6.0482877106
7.99	6.0489265985
7.9925	6.0495651177
7.995	6.0502032686
7.9975	6.0508410517
8.0	6.0514784672
8.0025	6.0521155155
8.005	6.0527521970
8.0075	6.0533885120
8.01	6.0540244609
8.0125	6.0546600442
8.015	6.0552952620
8.0175	6.0559301149
8.02	6.0565646031
8.0225	6.0571987271
8.025	6.0578324871
8.0275	6.0584658836
8.03	6.0590989169
8.0325	6.0597315874
8.035	6.0603638954
8.0375	6.0609958413
8.04	6.0616274254
8.0425	6.0622586481
8.045	6.0628895098
8.0475	6.0635200108
8.05	6.0641501514
8.0525	6.0647799321
8.055	6.0654093531
8.0575	6.0660384149
8.06	6.0666671178
8.0625	6.0672954621
8.065	6.0679234482
8.0675	6.0685510765
8.07	6.0691783472
8.0725	6.0698052608
8.075	6.0704318176
8.0775	6.0710580179
8.08	6.0716838621
8.0825	6.0723093506
8.085	6.0729344837
8.0875	6.0735592617
8.09	6.0741836850
8.0925	6.0748077540
8.095	6.0754314689
8.0975	6.0760548302
8.1	6.0766778381
8.1025	6.0773004931
8.105	6.0779227954
8.1075	6.0785447454
8.11	6.0791663435
8.1125	6.0797875900
8.115	6.0804084853
8.1175	6.0810290296
8.12	6.0816492233
8.1225	6.0822690668
8.125	6.0828885604
8.1275	6.0835077045
8.13	6.0841264993
8.1325	6.0847449453
8.135	6.0853630427
8.1375	6.0859807919
8.14	6.0865981933
8.1425	6.0872152471
8.145	6.0878319538
8.1475	6.0884483136
8.15	6.0890643269
8.1525	6.0896799940
8.155	6.0902953153
8.1575	6.0909102911
8.16	6.0915249217
8.1625	6.0921392074
8.165	6.0927531486
8.1675	6.0933667457
8.17	6.0939799989
8.1725	6.0945929086
8.175	6.0952054752
8.1775	6.0958176988
8.18	6.0964295800
8.1825	6.0970411190
8.185	6.0976523161
8.1875	6.0982631716
8.19	6.0988736860
8.1925	6.0994838595
8.195	6.1000936924
8.1975	6.1007031851
8.2	6.1013123380
8.2025	6.1019211512
8.205	6.1025296252
8.2075	6.1031377603
8.21	6.1037455568
8.2125	6.1043530150
8.215	6.1049601353
8.2175	6.1055669179
8.22	6.1061733633
8.2225	6.1067794717
8.225	6.1073852434
8.2275	6.1079906788
8.23	6.1085957781
8.2325	6.1092005418
8.235	6.1098049701
8.2375	6.1104090634
8.24	6.1110128219
8.2425	6.1116162460
8.245	6.1122193360
8.2475	6.1128220922
8.25	6.1134245150
8.2525	6.1140266046
8.255	6.1146283614
8.2575	6.1152297856
8.26	6.1158308777
8.2625	6.1164316379
8.265	6.1170320665
8.2675	6.1176321639
8.27	6.1182319303
8.2725	6.1188313662
8.275	6.1194304717
8.2775	6.1200292472
8.28	6.1206276930
8.2825	6.1212258094
8.285	6.1218235968
8.2875	6.1224210554
8.29	6.1230181856
8.2925	6.1236149876
8.295	6.1242114618
8.2975	6.1248076085
8.3	6.1254034280
8.3025	6.1259989206
8.305	6.1265940866
8.3075	6.1271889263
8.31	6.1277834401
8.3125	6.1283776282
8.315	6.1289714909
8.3175	6.1295650286
8.32	6.1301582415
8.3225	6.1307511299
8.325	6.1313436942
8.3275	6.1319359347
8.33	6.1325278517
8.3325	6.1331194454
8.335	6.1337107162
8.3375	6.1343016643
8.34	6.1348922902
8.3425	6.1354825940
8.345	6.1360725761
8.3475	6.1366622367
8.35	6.1372515763
8.3525	6.1378405950
8.355	6.1384292932
8.3575	6.1390176712
8.36	6.1396057293
8.3625	6.1401934677
8.365	6.1407808868
8.3675	6.1413679869
8.37	6.1419547682
8.3725	6.1425412311
8.375	6.1431273759
8.3775	6.1437132028
8.38	6.1442987122
8.3825	6.1448839043
8.385	6.1454687794
8.3875	6.1460533379
8.39	6.1466375800
8.3925	6.1472215061
8.395	6.1478051163
8.3975	6.1483884111
8.4	6.1489713906
8.4025	6.1495540553
8.405	6.1501364053
8.4075	6.1507184410
8.41	6.1513001627
8.4125	6.1518815706
8.415	6.1524626651
8.4175	6.1530434464
8.42	6.1536239148
8.4225	6.1542040706
8.425	6.1547839142
8.4275	6.1553634457
8.43	6.1559426655
8.4325	6.1565215739
8.435	6.1571001711
8.4375	6.1576784574
8.44	6.1582564332
8.4425	6.1588340986
8.445	6.1594114541
8.4475	6.1599884998
8.45	6.1605652361
8.4525	6.1611416633
8.455	6.1617177815
8.4575	6.1622935912
8.46	6.1628690926
8.4625	6.1634442859
8.465	6.1640191715
8.4675	6.1645937497
8.47	6.1651680206
8.4725	6.1657419847
8.475	6.1663156422
8.4775	6.1668889933
8.48	6.1674620384
8.4825	6.1680347776
8.485	6.1686072114
8.4875	6.1691793400
8.49	6.1697511636
8.4925	6.1703226826
8.495	6.1708938972
8.4975	6.1714648076
8.5	6.1720354143
8.5025	6.1726057173
8.505	6.1731757171
8.5075	6.1737454139
8.51	6.1743148080
8.5125	6.1748838996
8.515	6.1754526891
8.5175	6.1760211766
8.52	6.1765893625
8.5225	6.1771572471
8.525	6.1777248305
8.5275	6.1782921132
8.53	6.1788590953
8.5325	6.1794257771
8.535	6.1799921590
8.5375	6.1805582411
8.54	6.1811240238
8.5425	6.1816895073
8.545	6.1822546919
8.5475	6.1828195778
8.55	6.1833841654
8.5525	6.1839484549
8.555	6.1845124465
8.5575	6.1850761406
8.56	6.1856395374
8.5625	6.1862026371
8.565	6.1867654401
8.5675	6.1873279466
8.57	6.1878901569
8.5725	6.1884520712
8.575	6.1890136898
8.5775	6.1895750130
8.58	6.1901360410
8.5825	6.1906967741
8.585	6.1912572126
8.5875	6.1918173567
8.59	6.1923772067
8.5925	6.1929367628
8.595	6.1934960254
8.5975	6.1940549947
8.6	6.1946136709
8.6025	6.1951720543
8.605	6.1957301452
8.6075	6.1962879438
8.61	6.1968454504
8.6125	6.1974026652
8.615	6.1979595886
8.6175	6.1985162208
8.62	6.1990725620
8.6225	6.1996286124
8.625	6.2001843725
8.6275	6.2007398423
8.63	6.2012950222
8.6325	6.2018499124
8.635	6.2024045133
8.6375	6.2029588249
8.64	6.2035128477
8.6425	6.2040665818
8.645	6.2046200275
8.6475	6.2051731851
8.65	6.2057260549
8.6525	6.2062786370
8.655	6.2068309317
8.6575	6.2073829394
8.66	6.2079346601
8.6625	6.2084860943
8.665	6.2090372421
8.6675	6.2095881039
8.67	6.2101386798
8.6725	6.2106889701
8.675	6.2112389751
8.6775	6.2117886950
8.68	6.2123381300
8.6825	6.2128872805
8.685	6.2134361466
8.6875	6.2139847287
8.69	6.2145330270
8.6925	6.2150810416
8.695	6.2156287730
8.6975	6.2161762212
8.7	6.2167233867
8.7025	6.2172702695
8.705	6.2178168700
8.7075	6.2183631885
8.71	6.2189092251
8.7125	6.2194549801
8.715	6.2200004538
8.7175	6.2205456464
8.72	6.2210905581
8.7225	6.2216351893
8.725	6.2221795400
8.7275	6.2227236107
8.73	6.2232674015
8.7325	6.2238109127
8.735	6.2243541446
8.7375	6.2248970973
8.74	6.2254397711
8.7425	6.2259821662
8.745	6.2265242830
8.7475	6.2270661216
8.75	6.2276076824
8.7525	6.2281489654
8.755	6.2286899710
8.7575	6.2292306995
8.76	6.2297711509
8.7625	6.2303113257
8.765	6.2308512241
8.7675	6.2313908462
8.77	6.2319301923
8.7725	6.2324692627
8.775	6.2330080576
8.7775	6.2335465772
8.78	6.2340848219
8.7825	6.2346227917
8.785	6.2351604870
8.7875	6.2356979080
8.79	6.2362350549
8.7925	6.2367719280
8.795	6.2373085275
8.7975	6.2378448537
8.8	6.2383809067
8.8025	6.2389166869
8.805	6.2394521944
8.8075	6.2399874295
8.81	6.2405223924
8.8125	6.2410570834
8.815	6.2415915027
8.8175	6.2421256505
8.82	6.2426595271
8.8225	6.2431931327
8.825	6.2437264675
8.8275	6.2442595318
8.83	6.2447923258
8.8325	6.2453248497
8.835	6.2458571038
8.8375	6.2463890883
8.84	6.2469208034
8.8425	6.2474522494
8.845	6.2479834265
8.8475	6.2485143349
8.85	6.2490449749
8.8525	6.2495753466
8.855	6.2501054504
8.8575	6.2506352864
8.86	6.2511648549
8.8625	6.2516941561
8.865	6.2522231902
8.8675	6.2527519575
8.87	6.2532804582
8.8725	6.2538086925
8.875	6.2543366607
8.8775	6.2548643629
8.88	6.2553917995
8.8825	6.2559189705
8.885	6.2564458764
8.8875	6.2569725172
8.89	6.2574988932
8.8925	6.2580250047
8.895	6.2585508518
8.8975	6.2590764349
8.9	6.2596017540
8.9025	6.2601268095
8.905	6.2606516015
8.9075	6.2611761303
8.91	6.2617003962
8.9125	6.2622243993
8.915	6.2627481398
8.9175	6.2632716180
8.92	6.2637948341
8.9225	6.2643177884
8.925	6.2648404810
8.9275	6.2653629122
8.93	6.2658850821
8.9325	6.2664069911
8.935	6.2669286393
8.9375	6.2674500270
8.94	6.2679711544
8.9425	6.2684920216
8.945	6.2690126290
8.9475	6.2695329767
8.95	6.2700530650
8.9525	6.2705728941
8.955	6.2710924641
8.9575	6.2716117754
8.96	6.2721308281
8.9625	6.2726496224
8.965	6.2731681587
8.9675	6.2736864370
8.97	6.2742044576
8.9725	6.2747222208
8.975	6.2752397266
8.9775	6.2757569755
8.98	6.2762739675
8.9825	6.2767907029
8.985	6.2773071819
8.9875	6.2778234048
8.99	6.2783393717
8.9925	6.2788550828
8.995	6.2793705384
8.9975	6.2798857387
9.0	6.2804006838
9.0025	6.2809153741
9.005	6.2814298097
9.0075	6.2819439909
9.01	6.2824579177
9.0125	6.2829715906
9.015	6.2834850096
9.0175	6.2839981751
9.02	6.2845110871
9.0225	6.2850237459
9.025	6.2855361518
9.0275	6.2860483049
9.03	6.2865602054
9.0325	6.2870718536
9.035	6.2875832497
9.0375	6.2880943938
9.04	6.2886052863
9.0425	6.2891159272
9.045	6.2896263168
9.0475	6.2901364554
9.05	6.2906463431
9.0525	6.2911559801
9.055	6.2916653667
9.0575	6.2921745030
9.06	6.2926833893
9.0625	6.2931920258
9.065	6.2937004126
9.0675	6.2942085500
9.07	6.2947164382
9.0725	6.2952240774
9.075	6.2957314678
9.0775	6.2962386096
9.08	6.2967455031
9.0825	6.2972521483
9.085	6.2977585456
9.0875	6.2982646952
9.09	6.2987705971
9.0925	6.2992762517
9.095	6.2997816592
9.0975	6.3002868197
9.1	6.3007917334
9.1025	6.3012964007
9.105	6.3018008216
9.1075	6.3023049963
9.11	6.3028089251
9.1125	6.3033126082
9.115	6.3038160458
9.1175	6.3043192381
9.12	6.3048221852
9.1225	6.3053248874
9.125	6.3058273450
9.1275	6.3063295579
9.13	6.3068315266
9.1325	6.3073332512
9.135	6.3078347318
9.1375	6.3083359688
9.14	6.3088369622
9.1425	6.3093377124
9.145	6.3098382194
9.1475	6.3103384835
9.15	6.3108385049
9.1525	6.3113382838
9.155	6.3118378203
9.1575	6.3123371148
9.16	6.3128361673
9.1625	6.3133349781
9.165	6.3138335474
9.1675	6.3143318754
9.17	6.3148299622
9.1725	6.3153278081
9.175	6.3158254133
9.1775	6.3163227780
9.18	6.3168199023
9.1825	6.3173167864
9.185	6.3178134307
9.1875	6.3183098351
9.19	6.3188060000
9.1925	6.3193019256
9.195	6.3197976120
9.1975	6.3202930594
9.2	6.3207882680
9.2025	6.3212832381
9.205	6.3217779698
9.2075	6.3222724632
9.21	6.3227667187
9.2125	6.3232607364
9.215	6.3237545164
9.2175	6.3242480591
9.22	6.3247413645
9.2225	6.3252344328
9.225	6.3257272644
9.2275	6.3262198593
9.23	6.3267122177
9.2325	6.3272043398
9.235	6.3276962259
9.2375	6.3281878761
9.24	6.3286792906
9.2425	6.3291704696
9.245	6.3296614133
9.2475	6.3301521218
9.25	6.3306425955
9.2525	6.3311328343
9.255	6.3316228387
9.2575	6.3321126086
9.26	6.3326021444
9.2625	6.3330914462
9.265	6.3335805142
9.2675	6.3340693486
9.27	6.3345579496
9.2725	6.3350463174
9.275	6.3355344521
9.2775	6.3360223539
9.28	6.3365100231
9.2825	6.3369974598
9.285	6.3374846642
9.2875	6.3379716365
9.29	6.3384583768
9.2925	6.3389448855
9.295	6.3394311625
9.2975	6.3399172083
9.3	6.3404030228
9.3025	6.3408886063
9.305	6.3413739591
9.3075	6.3418590812
9.31	6.3423439729
9.3125	6.3428286343
9.315	6.3433130656
9.3175	6.3437972671
9.32	6.3442812388
9.3225	6.3447649811
9.325	6.3452484940
9.3275	6.3457317778
9.33	6.3462148325
9.3325	6.3466976586
9.335	6.3471802560
9.3375	6.3476626249
9.34	6.3481447657
9.3425	6.3486266784
9.345	6.3491083632
9.3475	6.3495898203
9.35	6.3500710499
9.3525	6.3505520522
9.355	6.3510328273
9.3575	6.3515133755
9.36	6.3519936968
9.3625	6.3524737916
9.365	6.3529536599
9.3675	6.3534333020
9.37	6.3539127180
9.3725	6.3543919081
9.375	6.3548708726
9.3775	6.3553496114
9.38	6.3558281250
9.3825	6.3563064133
9.385	6.3567844767
9.3875	6.3572623153
9.39	6.3577399292
9.3925	6.3582173186
9.395	6.3586944838
9.3975	6.3591714248
9.4	6.3596481420
9.4025	6.3601246353
9.405	6.3606009051
9.4075	6.3610769515
9.41	6.3615527747
9.4125	6.3620283749
9.415	6.3625037521
9.4175	6.3629789067
9.42	6.3634538388
9.4225	6.3639285485
9.425	6.3644030360
9.4275	6.3648773016
9.43	6.3653513453
9.4325	6.3658251674
9.435	6.3662987680
9.4375	6.3667721473
9.44	6.3672453055
9.4425	6.3677182428
9.445	6.3681909592
9.4475	6.3686634551
9.45	6.3691357306
9.4525	6.3696077858
9.455	6.3700796209
9.4575	6.3705512361
9.46	6.3710226316
9.4625	6.3714938075
9.465	6.3719647640
9.4675	6.3724355013
9.47	6.3729060195
9.4725	6.3733763189
9.475	6.3738463995
9.4775	6.3743162616
9.48	6.3747859054
9.4825	6.3752553309
9.485	6.3757245385
9.4875	6.3761935282
9.49	6.3766623002
9.4925	6.3771308546
9.495	6.3775991918
9.4975	6.3780673118
9.5	6.3785352147
9.5025	6.3790029008
9.505	6.3794703703
9.5075	6.3799376233
9.51	6.3804046599
9.5125	6.3808714803
9.515	6.3813380848
9.5175	6.3818044735
9.52	6.3822706465
9.5225	6.3827366039
9.525	6.3832023461
9.5275	6.3836678731
9.53	6.3841331852
9.5325	6.3845982824
9.535	6.3850631649
9.5375	6.3855278330
9.54	6.3859922867
9.5425	6.3864565263
9.545	6.3869205519
9.5475	6.3873843637
9.55	6.3878479618
9.5525	6.3883113464
9.555	6.3887745177
9.5575	6.3892374758
9.56	6.3897002209
9.5625	6.3901627532
9.565	6.3906250728
9.5675	6.3910871799
9.57	6.3915490746
9.5725	6.3920107572
9.575	6.3924722278
9.5775	6.3929334865
9.58	6.3933945335
9.5825	6.3938553690
9.585	6.3943159931
9.5875	6.3947764061
9.59	6.3952366080
9.5925	6.3956965990
9.595	6.3961563793
9.5975	6.3966159491
9.6	6.3970753084
9.6025	6.3975344576
9.605	6.3979933966
9.6075	6.3984521258
9.61	6.3989106452
9.6125	6.3993689551
9.615	6.3998270555
9.6175	6.4002849467
9.62	6.4007426287
9.6225	6.4012001018
9.625	6.4016573662
9.6275	6.4021144219
9.63	6.4025712691
9.6325	6.4030279081
9.635	6.4034843389
9.6375	6.4039405617
9.64	6.4043965767
9.6425	6.4048523841
9.645	6.4053079839
9.6475	6.4057633764
9.65	6.4062185617
9.6525	6.4066735399
9.655	6.4071283113
9.6575	6.4075828760
9.66	6.4080372341
9.6625	6.4084913858
9.665	6.4089453312
9.6675	6.4093990706
9.67	6.4098526040
9.6725	6.4103059317
9.675	6.4107590537
9.6775	6.4112119703
9.68	6.4116646816
9.6825	6.4121171877
9.685	6.4125694888
9.6875	6.4130215851
9.69	6.4134734768
9.6925	6.4139251638
9.695	6.4143766466
9.6975	6.4148279251
9.7	6.4152789995
9.7025	6.4157298700
9.705	6.4161805368
9.7075	6.4166310000
9.71	6.4170812597
9.7125	6.4175313161
9.715	6.4179811694
9.7175	6.4184308198
9.72	6.4188802672
9.7225	6.4193295121
9.725	6.4197785543
9.7275	6.4202273943
9.73	6.4206760320
9.7325	6.4211244676
9.735	6.4215727013
9.7375	6.4220207333
9.74	6.4224685636
9.7425	6.4229161925
9.745	6.4233636201
9.7475	6.4238108465
9.75	6.4242578720
9.7525	6.4247046965
9.755	6.4251513204
9.7575	6.4255977437
9.76	6.4260439667
9.7625	6.4264899894
9.765	6.4269358120
9.7675	6.4273814346
9.77	6.4278268574
9.7725	6.4282720806
9.775	6.4287171043
9.7775	6.4291619287
9.78	6.4296065538
9.7825	6.4300509799
9.785	6.4304952072
9.7875	6.4309392356
9.79	6.4313830655
9.7925	6.4318266969
9.795	6.4322701300
9.7975	6.4327133649
9.8	6.4331564018
9.8025	6.4335992409
9.805	6.4340418823
9.8075	6.4344843260
9.81	6.4349265724
9.8125	6.4353686215
9.815	6.4358104735
9.8175	6.4362521285
9.82	6.4366935867
9.8225	6.4371348482
9.825	6.4375759132
9.8275	6.4380167817
9.83	6.4384574541
9.8325	6.4388979303
9.835	6.4393382106
9.8375	6.4397782950
9.84	6.4402181839
9.8425	6.4406578772
9.845	6.4410973751
9.8475	6.4415366778
9.85	6.4419757854
9.8525	6.4424146981
9.855	6.4428534160
9.8575	6.4432919393
9.86	6.4437302681
9.8625	6.4441684025
9.865	6.4446063427
9.8675	6.4450440888
9.87	6.4454816410
9.8725	6.4459189994
9.875	6.4463561642
9.8775	6.4467931355
9.88	6.4472299134
9.8825	6.4476664981
9.885	6.4481028898
9.8875	6.4485390885
9.89	6.4489750945
9.8925	6.4494109078
9.895	6.4498465286
9.8975	6.4502819571
9.9	6.4507171934
9.9025	6.4511522376
9.905	6.4515870898
9.9075	6.4520217503
9.91	6.4524562191
9.9125	6.4528904965
9.915	6.4533245824
9.9175	6.4537584772
9.92	6.4541921808
9.9225	6.4546256936
9.925	6.4550590155
9.9275	6.4554921467
9.93	6.4559250875
9.9325	6.4563578378
9.935	6.4567903979
9.9375	6.4572227679
9.94	6.4576549480
9.9425	6.4580869382
9.945	6.4585187388
9.9475	6.4589503498
9.95	6.4593817714
9.9525	6.4598130037
9.955	6.4602440469
9.9575	6.4606749011
9.96	6.4611055665
9.9625	6.4615360431
9.965	6.4619663312
9.9675	6.4623964308
9.97	6.4628263422
9.9725	6.4632560653
9.975	6.4636856005
9.9775	6.4641149477
9.98	6.4645441073
9.9825	6.4649730792
9.985	6.4654018636
9.9875	6.4658304607
9.99	6.4662588705
9.9925	6.4666870934
9.995	6.4671151292
9.9975	6.4675429783
10.0	6.4679706408
