0.0	2.9091196405
0.00952380952381	2.9106987599
0.0190476190476	2.9127486181
0.0285714285714	2.9147666258
0.0380952380952	2.9168288763
0.047619047619	2.9188988069
0.0571428571429	2.9209835654
0.0666666666667	2.9230778914
0.0761904761905	2.9251822750
0.0857142857143	2.9272955828
0.0952380952381	2.9294176429
0.104761904762	2.9315480820
0.114285714286	2.9336867279
0.12380952381	2.9358334014
0.133333333333	2.9379879792
0.142857142857	2.9401503509
0.152380952381	2.9423204271
0.161904761905	2.9444981291
0.171428571429	2.9466833883
0.180952380952	2.9488761430
0.190476190476	2.9510763373
0.2	2.9532839194
0.209523809524	2.9554988414
0.219047619048	2.9577210581
0.228571428571	2.9599505267
0.238095238095	2.9621872061
0.247619047619	2.9644310570
0.257142857143	2.9666820414
0.266666666667	2.9689401223
0.27619047619	2.9712052638
0.285714285714	2.9734774307
0.295238095238	2.9757565885
0.304761904762	2.9780427032
0.314285714286	2.9803357416
0.32380952381	2.9826356707
0.333333333333	2.9849424579
0.342857142857	2.9872560711
0.352380952381	2.9895764784
0.361904761905	2.9919036483
0.371428571429	2.9942375493
0.380952380952	2.9965781505
0.390476190476	2.9989254208
0.4	3.0012793296
0.409523809524	3.0036398464
0.419047619048	3.0060069407
0.428571428571	3.0083805824
0.438095238095	3.0107607413
0.447619047619	3.0131473875
0.457142857143	3.0155404912
0.466666666667	3.0179400226
0.47619047619	3.0203459523
0.485714285714	3.0227582506
0.495238095238	3.0251768883
0.504761904762	3.0276018360
0.514285714286	3.0300330645
0.52380952381	3.0324705449
0.533333333333	3.0349142481
0.542857142857	3.0373641451
0.552380952381	3.0398202073
0.561904761905	3.0422824060
0.571428571429	3.0447507124
0.580952380952	3.0472250980
0.590476190476	3.0497055345
0.6	3.0521919935
0.609523809524	3.0546844466
0.619047619048	3.0571828658
0.628571428571	3.0596872229
0.638095238095	3.0621974899
0.647619047619	3.0647136390
0.657142857143	3.0672356422
0.666666666667	3.0697634718
0.67619047619	3.0722971002
0.685714285714	3.0748364998
0.695238095238	3.0773816431
0.704761904762	3.0799325027
0.714285714286	3.0824890513
0.72380952381	3.0850512617
0.733333333333	3.0876191067
0.742857142857	3.0901925594
0.752380952381	3.0927715927
0.761904761905	3.0953561798
0.771428571429	3.0979462940
0.780952380952	3.1005419085
0.790476190476	3.1031429967
0.8	3.1057495323
0.809523809524	3.1083614887
0.819047619048	3.1109788396
0.828571428571	3.1136015589
0.838095238095	3.1162296203
0.847619047619	3.1188629980
0.857142857143	3.1215016659
0.866666666667	3.1241455982
0.87619047619	3.1267947692
0.885714285714	3.1294491532
0.895238095238	3.1321087246
0.904761904762	3.1347734581
0.914285714286	3.1374433282
0.92380952381	3.1401183098
0.933333333333	3.1427983775
0.942857142857	3.1454835064
0.952380952381	3.1481736716
0.961904761905	3.1508688481
0.971428571429	3.1535690112
0.980952380952	3.1562741362
0.990476190476	3.1589841986
1.0	3.1616991739
1.00952380952	3.1644190378
1.01904761905	3.1671437660
1.02857142857	3.1698733343
1.0380952381	3.1726077187
1.04761904762	3.1753468953
1.05714285714	3.1780908402
1.06666666667	3.1808395296
1.07619047619	3.1835929400
1.08571428571	3.1863510478
1.09523809524	3.1891138296
1.10476190476	3.1918812620
1.11428571429	3.1946533219
1.12380952381	3.1974299862
1.13333333333	3.2002112317
1.14285714286	3.2029970357
1.15238095238	3.2057873754
1.1619047619	3.2085822281
1.17142857143	3.2113815711
1.18095238095	3.2141853821
1.19047619048	3.2169936387
1.2	3.2198063186
1.20952380952	3.2226233996
1.21904761905	3.2254448599
1.22857142857	3.2282706773
1.2380952381	3.2311008302
1.24761904762	3.2339352968
1.25714285714	3.2367740555
1.26666666667	3.2396170849
1.27619047619	3.2424643635
1.28571428571	3.2453158701
1.29523809524	3.2481715835
1.30476190476	3.2510314827
1.31428571429	3.2538955468
1.32380952381	3.2567637550
1.33333333333	3.2596360865
1.34285714286	3.2625125207
1.35238095238	3.2653930372
1.3619047619	3.2682776155
1.37142857143	3.2711662355
1.38095238095	3.2740588769
1.39047619048	3.2769555198
1.4	3.2798561442
1.40952380952	3.2827607303
1.41904761905	3.2856692585
1.42857142857	3.2885817090
1.4380952381	3.2914980625
1.44761904762	3.2944182996
1.45714285714	3.2973424011
1.46666666667	3.3002703478
1.47619047619	3.3032021207
1.48571428571	3.3061377009
1.49523809524	3.3090770697
1.50476190476	3.3120202083
1.51428571429	3.3149670982
1.52380952381	3.3179177210
1.53333333333	3.3208720584
1.54285714286	3.3238300921
1.55238095238	3.3267918040
1.5619047619	3.3297571762
1.57142857143	3.3327261908
1.58095238095	3.3356988300
1.59047619048	3.3386750763
1.6	3.3416549121
1.60952380952	3.3446383200
1.61904761905	3.3476252827
1.62857142857	3.3506157831
1.6380952381	3.3536098041
1.64761904762	3.3566073288
1.65714285714	3.3596083404
1.66666666667	3.3626128221
1.67619047619	3.3656207575
1.68571428571	3.3686321300
1.69523809524	3.3716469232
1.70476190476	3.3746651211
1.71428571429	3.3776867074
1.72380952381	3.3807116662
1.73333333333	3.3837399815
1.74285714286	3.3867716378
1.75238095238	3.3898066192
1.7619047619	3.3928449103
1.77142857143	3.3958864958
1.78095238095	3.3989313602
1.79047619048	3.4019794886
1.8	3.4050308657
1.80952380952	3.4080854768
1.81904761905	3.4111433070
1.82857142857	3.4142043417
1.8380952381	3.4172685662
1.84761904762	3.4203359661
1.85714285714	3.4234065272
1.86666666667	3.4264802352
1.87619047619	3.4295570761
1.88571428571	3.4326370359
1.89523809524	3.4357201007
1.90476190476	3.4388062570
1.91428571429	3.4418954909
1.92380952381	3.4449877892
1.93333333333	3.4480831385
1.94285714286	3.4511815255
1.95238095238	3.4542829371
1.9619047619	3.4573873604
1.97142857143	3.4604947826
1.98095238095	3.4636051908
1.99047619048	3.4667185725
2.0	3.4698349151
2.00952380952	3.4729542065
2.01904761905	3.4760764342
2.02857142857	3.4792015863
2.0380952381	3.4823296507
2.04761904762	3.4854606155
2.05714285714	3.4885944691
2.06666666667	3.4917311999
2.07619047619	3.4948707962
2.08571428571	3.4980132469
2.09523809524	3.5011585407
2.10476190476	3.5043066665
2.11428571429	3.5074576132
2.12380952381	3.5106113702
2.13333333333	3.5137679266
2.14285714286	3.5169272719
2.15238095238	3.5200893956
2.1619047619	3.5232542874
2.17142857143	3.5264219371
2.18095238095	3.5295923346
2.19047619048	3.5327654701
2.2	3.5359413336
2.20952380952	3.5391199156
2.21904761905	3.5423012065
2.22857142857	3.5454851968
2.2380952381	3.5486718774
2.24761904762	3.5518612391
2.25714285714	3.5550532728
2.26666666667	3.5582479697
2.27619047619	3.5614453211
2.28571428571	3.5646453183
2.29523809524	3.5678479530
2.30476190476	3.5710532167
2.31428571429	3.5742611013
2.32380952381	3.5774715988
2.33333333333	3.5806847011
2.34285714286	3.5839004006
2.35238095238	3.5871186896
2.3619047619	3.5903395607
2.37142857143	3.5935630064
2.38095238095	3.5967890195
2.39047619048	3.6000175930
2.4	3.6032487200
2.40952380952	3.6064823937
2.41904761905	3.6097186074
2.42857142857	3.6129573546
2.4380952381	3.6161986291
2.44761904762	3.6194424246
2.45714285714	3.6226887350
2.46666666667	3.6259375545
2.47619047619	3.6291888773
2.48571428571	3.6324426977
2.49523809524	3.6356990105
2.50476190476	3.6389578101
2.51428571429	3.6422190916
2.52380952381	3.6454828499
2.53333333333	3.6487490802
2.54285714286	3.6520177778
2.55238095238	3.6552889382
2.5619047619	3.6585625569
2.57142857143	3.6618386299
2.58095238095	3.6651171531
2.59047619048	3.6683981225
2.6	3.6716815346
2.60952380952	3.6749673856
2.61904761905	3.6782556722
2.62857142857	3.6815463913
2.6380952381	3.6848395397
2.64761904762	3.6881351145
2.65714285714	3.6914331131
2.66666666667	3.6947335329
2.67619047619	3.6980363716
2.68571428571	3.7013416268
2.69523809524	3.7046492967
2.70476190476	3.7079593794
2.71428571429	3.7112718731
2.72380952381	3.7145867765
2.73333333333	3.7179040883
2.74285714286	3.7212238073
2.75238095238	3.7245459326
2.7619047619	3.7278704634
2.77142857143	3.7311973992
2.78095238095	3.7345267398
2.79047619048	3.7378584848
2.8	3.7411926343
2.80952380952	3.7445291886
2.81904761905	3.7478681481
2.82857142857	3.7512095134
2.8380952381	3.7545532853
2.84761904762	3.7578994650
2.85714285714	3.7612480536
2.86666666667	3.7645990526
2.87619047619	3.7679524637
2.88571428571	3.7713082887
2.89523809524	3.7746665299
2.90476190476	3.7780271894
2.91428571429	3.7813902699
2.92380952381	3.7847557742
2.93333333333	3.7881237052
2.94285714286	3.7914940662
2.95238095238	3.7948668607
2.9619047619	3.7982420923
2.97142857143	3.8016197651
2.98095238095	3.8049998832
2.99047619048	3.8083824511
3.0	3.8117674735
3.00952380952	3.8151549552
3.01904761905	3.8185449017
3.02857142857	3.8219373182
3.0380952381	3.8253322105
3.04761904762	3.8287295847
3.05714285714	3.8321294471
3.06666666667	3.8355318040
3.07619047619	3.8389366625
3.08571428571	3.8423440297
3.09523809524	3.8457539128
3.10476190476	3.8491663198
3.11428571429	3.8525812584
3.12380952381	3.8559987372
3.13333333333	3.8594187646
3.14285714286	3.8628413496
3.15238095238	3.8662665014
3.1619047619	3.8696942297
3.17142857143	3.8731245444
3.18095238095	3.8765574556
3.19047619048	3.8799929740
3.2	3.8834311105
3.20952380952	3.8868718763
3.21904761905	3.8903152832
3.22857142857	3.8937613430
3.2380952381	3.8972100684
3.24761904762	3.9006614718
3.25714285714	3.9041155666
3.26666666667	3.9075723663
3.27619047619	3.9110318848
3.28571428571	3.9144941365
3.29523809524	3.9179591362
3.30476190476	3.9214268990
3.31428571429	3.9248974406
3.32380952381	3.9283707772
3.33333333333	3.9318469252
3.34285714286	3.9353259016
3.35238095238	3.9388077240
3.3619047619	3.9422924102
3.37142857143	3.9457799788
3.38095238095	3.9492704487
3.39047619048	3.9527638394
3.4	3.9562601709
3.40952380952	3.9597594637
3.41904761905	3.9632617390
3.42857142857	3.9667670183
3.4380952381	3.9702753240
3.44761904762	3.9737866788
3.45714285714	3.9773011063
3.46666666667	3.9808186304
3.47619047619	3.9843392759
3.48571428571	3.9878630681
3.49523809524	3.9913900331
3.50476190476	3.9949201975
3.51428571429	3.9984535887
3.52380952381	4.0019902350
3.53333333333	4.0055301651
3.54285714286	4.0090734087
3.55238095238	4.0126199962
3.5619047619	4.0161699588
3.57142857143	4.0197233286
3.58095238095	4.0232801384
3.59047619048	4.0268404221
3.6	4.0304042143
3.60952380952	4.0339715506
3.61904761905	4.0375424674
3.62857142857	4.0411170024
3.6380952381	4.0446951941
3.64761904762	4.0482770820
3.65714285714	4.0518627068
3.66666666667	4.0554521102
3.67619047619	4.0590453351
3.68571428571	4.0626424255
3.69523809524	4.0662434268
3.70476190476	4.0698483854
3.71428571429	4.0734573493
3.72380952381	4.0770703675
3.73333333333	4.0806874906
3.74285714286	4.0843087706
3.75238095238	4.0879342611
3.7619047619	4.0915640169
3.77142857143	4.0951980948
3.78095238095	4.0988365530
3.79047619048	4.1024794514
3.8	4.1061268519
3.80952380952	4.1097788179
3.81904761905	4.1134354152
3.82857142857	4.1170967110
3.8380952381	4.1207627752
3.84761904762	4.1244336793
3.85714285714	4.1281094974
3.86666666667	4.1317903058
3.87619047619	4.1354761833
3.88571428571	4.1391672111
3.89523809524	4.1428634733
3.90476190476	4.1465650566
3.91428571429	4.1502720505
3.92380952381	4.1539845478
3.93333333333	4.1577026443
3.94285714286	4.1614264392
3.95238095238	4.1651560350
3.9619047619	4.1688915381
3.97142857143	4.1726330585
3.98095238095	4.1763807105
3.99047619048	4.1801346123
4.0	4.1838948869
4.00952380952	4.1876616618
4.01904761905	4.1914350694
4.02857142857	4.1952152476
4.0380952381	4.1990023395
4.04761904762	4.2027964944
4.05714285714	4.2065978675
4.06666666667	4.2104066207
4.07619047619	4.2142229229
4.08571428571	4.2180469505
4.09523809524	4.2218788877
4.10476190476	4.2257189271
4.11428571429	4.2295672704
4.12380952381	4.2334241289
4.13333333333	4.2372897242
4.14285714286	4.2411642889
4.15238095238	4.2450480678
4.1619047619	4.2489413181
4.17142857143	4.2528443112
4.18095238095	4.2567573333
4.19047619048	4.2606806867
4.2	4.2646146915
4.20952380952	4.2685596870
4.21904761905	4.2725160334
4.22857142857	4.2764841137
4.2380952381	4.2804643364
4.24761904762	4.2844571376
4.25714285714	4.2884629841
4.26666666667	4.2924823769
4.27619047619	4.2965158551
4.28571428571	4.3005639999
4.29523809524	4.3046274409
4.30476190476	4.3087068613
4.31428571429	4.3128030061
4.32380952381	4.3169166903
4.33333333333	4.3210488100
4.34285714286	4.3252003551
4.35238095238	4.3293724254
4.3619047619	4.3335662504
4.37142857143	4.3377832144
4.38095238095	4.3420248888
4.39047619048	4.3462930740
4.4	4.3505898560
4.40952380952	4.3549176825
4.41904761905	4.3592794713
4.42857142857	4.3636787676
4.4380952381	4.3681199827
4.44761904762	4.3726087794
4.45714285714	4.3771527347
4.46666666667	4.3817626068
4.47619047619	4.3864551321
4.48571428571	4.3912609382
4.49523809524	4.3962636804
4.50476190476	4.4022179198
4.51428571429	4.4083496408
4.52380952381	4.4145790293
4.53333333333	4.4208705983
4.54285714286	4.4272089592
4.55238095238	4.4335806645
4.5619047619	4.4399787787
4.57142857143	4.4463959641
4.58095238095	4.4528281345
4.59047619048	4.4592706377
4.6	4.4657207217
4.60952380952	4.4721751816
4.61904761905	4.4786320144
4.62857142857	4.4850888916
4.6380952381	4.4915442828
4.64761904762	4.4979964321
4.65714285714	4.5044441320
4.66666666667	4.5108860218
4.67619047619	4.5173211271
4.68571428571	4.5237483718
4.69523809524	4.5301669570
4.70476190476	4.5365760177
4.71428571429	4.5429748918
4.72380952381	4.5493628753
4.73333333333	4.5557394149
4.74285714286	4.5621039319
4.75238095238	4.5684559613
4.7619047619	4.5747950243
4.77142857143	4.5811207283
4.78095238095	4.5874326749
4.79047619048	4.5937305322
4.8	4.6000139674
4.80952380952	4.6062826996
4.81904761905	4.6125364504
4.82857142857	4.6187749822
4.8380952381	4.6249980620
4.84761904762	4.6312054893
4.85714285714	4.6373970692
4.86666666667	4.6435726334
4.87619047619	4.6497320194
4.88571428571	4.6558750864
4.89523809524	4.6620016998
4.90476190476	4.6681117428
4.91428571429	4.6742051048
4.92380952381	4.6802816899
4.93333333333	4.6863414083
4.94285714286	4.6923841823
4.95238095238	4.6984099402
4.9619047619	4.7044186204
4.97142857143	4.7104101670
4.98095238095	4.7163845327
4.99047619048	4.7223416752
5.0	4.7282815597
5.00952380952	4.7342041562
5.01904761905	4.7401094409
5.02857142857	4.7459973945
5.0380952381	4.7518680032
5.04761904762	4.7577212569
5.05714285714	4.7635571506
5.06666666667	4.7693756826
5.07619047619	4.7751768556
5.08571428571	4.7809606755
5.09523809524	4.7867271517
5.10476190476	4.7924762967
5.11428571429	4.7982081262
5.12380952381	4.8039226585
5.13333333333	4.8096199146
5.14285714286	4.8152999182
5.15238095238	4.8209626951
5.1619047619	4.8266082737
5.17142857143	4.8322366841
5.18095238095	4.8378479588
5.19047619048	4.8434421318
5.2	4.8490192393
5.20952380952	4.8545793187
5.21904761905	4.8601224094
5.22857142857	4.8656485522
5.2380952381	4.8711577890
5.24761904762	4.8766501634
5.25714285714	4.8821257201
5.26666666667	4.8875845050
5.27619047619	4.8930265649
5.28571428571	4.8984519481
5.29523809524	4.9038607034
5.30476190476	4.9092528807
5.31428571429	4.9146285309
5.32380952381	4.9199877056
5.33333333333	4.9253304570
5.34285714286	4.9306568382
5.35238095238	4.9359669030
5.3619047619	4.9412607056
5.37142857143	4.9465383010
5.38095238095	4.9517997446
5.39047619048	4.9570450924
5.4	4.9622744007
5.40952380952	4.9674877264
5.41904761905	4.9726851268
5.42857142857	4.9778666593
5.4380952381	4.9830323820
5.44761904762	4.9881823530
5.45714285714	4.9933166309
5.46666666667	4.9984352744
5.47619047619	5.0035383426
5.48571428571	5.0086258946
5.49523809524	5.0136979898
5.50476190476	5.0187518451
5.51428571429	5.0237849493
5.52380952381	5.0287974788
5.53333333333	5.0337895971
5.54285714286	5.0387614668
5.55238095238	5.0437132463
5.5619047619	5.0486450925
5.57142857143	5.0535571594
5.58095238095	5.0584495992
5.59047619048	5.0633225617
5.6	5.0681761950
5.60952380952	5.0730106453
5.61904761905	5.0778260568
5.62857142857	5.0826225720
5.6380952381	5.0874003314
5.64761904762	5.0921594741
5.65714285714	5.0969001374
5.66666666667	5.1016224568
5.67619047619	5.1063265663
5.68571428571	5.1110125984
5.69523809524	5.1156806838
5.70476190476	5.1203309520
5.71428571429	5.1249635308
5.72380952381	5.1295785465
5.73333333333	5.1341761241
5.74285714286	5.1387563871
5.75238095238	5.1433194575
5.7619047619	5.1478654562
5.77142857143	5.1523945026
5.78095238095	5.1569067147
5.79047619048	5.1614022094
5.8	5.1658811020
5.80952380952	5.1703435070
5.81904761905	5.1747895373
5.82857142857	5.1792193047
5.8380952381	5.1836329198
5.84761904762	5.1880304920
5.85714285714	5.1924121296
5.86666666667	5.1967779397
5.87619047619	5.2011280283
5.88571428571	5.2054625004
5.89523809524	5.2097814596
5.90476190476	5.2140850087
5.91428571429	5.2183732494
5.92380952381	5.2226462823
5.93333333333	5.2269042070
5.94285714286	5.2311471221
5.95238095238	5.2353751251
5.9619047619	5.2395883127
5.97142857143	5.2437867806
5.98095238095	5.2479706233
5.99047619048	5.2521399346
6.0	5.2562948074
6.00952380952	5.2604353335
6.01904761905	5.2645616040
6.02857142857	5.2686737089
6.0380952381	5.2727717374
6.04761904762	5.2768557780
6.05714285714	5.2809259181
6.06666666667	5.2849822444
6.07619047619	5.2890248428
6.08571428571	5.2930537983
6.09523809524	5.2970691951
6.10476190476	5.3010711165
6.11428571429	5.3050596453
6.12380952381	5.3090348633
6.13333333333	5.3129968515
6.14285714286	5.3169456904
6.15238095238	5.3208814594
6.1619047619	5.3248042375
6.17142857143	5.3287141028
6.18095238095	5.3326111327
6.19047619048	5.3364954038
6.2	5.3403669922
6.20952380952	5.3442259732
6.21904761905	5.3480724214
6.22857142857	5.3519064108
6.2380952381	5.3557280146
6.24761904762	5.3595373056
6.25714285714	5.3633343556
6.26666666667	5.3671192360
6.27619047619	5.3708920177
6.28571428571	5.3746527705
6.29523809524	5.3784015641
6.30476190476	5.3821384672
6.31428571429	5.3858635482
6.32380952381	5.3895768747
6.33333333333	5.3932785139
6.34285714286	5.3969685321
6.35238095238	5.4006469953
6.3619047619	5.4043139690
6.37142857143	5.4079695178
6.38095238095	5.4116137061
6.39047619048	5.4152465976
6.4	5.4188682554
6.40952380952	5.4224787421
6.41904761905	5.4260781199
6.42857142857	5.4296664503
6.4380952381	5.4332437944
6.44761904762	5.4368102128
6.45714285714	5.4403657655
6.46666666667	5.4439105121
6.47619047619	5.4474445115
6.48571428571	5.4509678225
6.49523809524	5.4544805031
6.50476190476	5.4579826109
6.51428571429	5.4614742031
6.52380952381	5.4649553363
6.53333333333	5.4684260668
6.54285714286	5.4718864503
6.55238095238	5.4753365423
6.5619047619	5.4787763974
6.57142857143	5.4822060702
6.58095238095	5.4856256148
6.59047619048	5.4890350845
6.6	5.4924345326
6.60952380952	5.4958240119
6.61904761905	5.4992035746
6.62857142857	5.5025732726
6.6380952381	5.5059331574
6.64761904762	5.5092832801
6.65714285714	5.5126236913
6.66666666667	5.5159544415
6.67619047619	5.5192755804
6.68571428571	5.5225871576
6.69523809524	5.5258892222
6.70476190476	5.5291818229
6.71428571429	5.5324650082
6.72380952381	5.5357388261
6.73333333333	5.5390033242
6.74285714286	5.5422585498
6.75238095238	5.5455045498
6.7619047619	5.5487413707
6.77142857143	5.5519690589
6.78095238095	5.5551876601
6.79047619048	5.5583972199
6.8	5.5615977835
6.80952380952	5.5647893956
6.81904761905	5.5679721009
6.82857142857	5.5711459436
6.8380952381	5.5743109673
6.84761904762	5.5774672158
6.85714285714	5.5806147322
6.86666666667	5.5837535594
6.87619047619	5.5868837399
6.88571428571	5.5900053161
6.89523809524	5.5931183299
6.90476190476	5.5962228230
6.91428571429	5.5993188366
6.92380952381	5.6024064120
6.93333333333	5.6054855897
6.94285714286	5.6085564104
6.95238095238	5.6116189141
6.9619047619	5.6146731407
6.97142857143	5.6177191299
6.98095238095	5.6207569209
6.99047619048	5.6237865529
7.0	5.6268080646
7.00952380952	5.6298214944
7.01904761905	5.6328268805
7.02857142857	5.6358242611
7.0380952381	5.6388136736
7.04761904762	5.6417951556
7.05714285714	5.6447687441
7.06666666667	5.6477344762
7.07619047619	5.6506923884
7.08571428571	5.6536425171
7.09523809524	5.6565848985
7.10476190476	5.6595195685
7.11428571429	5.6624465627
7.12380952381	5.6653659164
7.13333333333	5.6682776650
7.14285714286	5.6711818432
7.15238095238	5.6740784858
7.1619047619	5.6769676271
7.17142857143	5.6798493015
7.18095238095	5.6827235429
7.19047619048	5.6855903850
7.2	5.6884498614
7.20952380952	5.6913020053
7.21904761905	5.6941468499
7.22857142857	5.6969844279
7.2380952381	5.6998147721
7.24761904762	5.7026379148
7.25714285714	5.7054538883
7.26666666667	5.7082627245
7.27619047619	5.7110644552
7.28571428571	5.7138591119
7.29523809524	5.7166467262
7.30476190476	5.7194273290
7.31428571429	5.7222009513
7.32380952381	5.7249676240
7.33333333333	5.7277273775
7.34285714286	5.7304802422
7.35238095238	5.7332262482
7.3619047619	5.7359654256
7.37142857143	5.7386978040
7.38095238095	5.7414234131
7.39047619048	5.7441422822
7.4	5.7468544405
7.40952380952	5.7495599171
7.41904761905	5.7522587407
7.42857142857	5.7549509401
7.4380952381	5.7576365436
7.44761904762	5.7603155795
7.45714285714	5.7629880760
7.46666666667	5.7656540609
7.47619047619	5.7683135620
7.48571428571	5.7709666069
7.49523809524	5.7736132230
7.50476190476	5.7762534374
7.51428571429	5.7788872773
7.52380952381	5.7815147696
7.53333333333	5.7841359409
7.54285714286	5.7867508178
7.55238095238	5.7893594268
7.5619047619	5.7919617939
7.57142857143	5.7945579454
7.58095238095	5.7971479071
7.59047619048	5.7997317047
7.6	5.8023093639
7.60952380952	5.8048809100
7.61904761905	5.8074463684
7.62857142857	5.8100057641
7.6380952381	5.8125591222
7.64761904762	5.8151064675
7.65714285714	5.8176478246
7.66666666667	5.8201832180
7.67619047619	5.8227126722
7.68571428571	5.8252362113
7.69523809524	5.8277538595
7.70476190476	5.8302656406
7.71428571429	5.8327715785
7.72380952381	5.8352716967
7.73333333333	5.8377660190
7.74285714286	5.8402545685
7.75238095238	5.8427373685
7.7619047619	5.8452144421
7.77142857143	5.8476858123
7.78095238095	5.8501515020
7.79047619048	5.8526115337
7.8	5.8550659300
7.80952380952	5.8575147135
7.81904761905	5.8599579063
7.82857142857	5.8623955306
7.8380952381	5.8648276085
7.84761904762	5.8672541618
7.85714285714	5.8696752124
7.86666666667	5.8720907819
7.87619047619	5.8745008918
7.88571428571	5.8769055636
7.89523809524	5.8793048185
7.90476190476	5.8816986776
7.91428571429	5.8840871621
7.92380952381	5.8864702927
7.93333333333	5.8888480904
7.94285714286	5.8912205758
7.95238095238	5.8935877695
7.9619047619	5.8959496918
7.97142857143	5.8983063632
7.98095238095	5.9006578039
7.99047619048	5.9030040339
8.0	5.9053450732
8.00952380952	5.9076809418
8.01904761905	5.9100116593
8.02857142857	5.9123372454
8.0380952381	5.9146577198
8.04761904762	5.9169731017
8.05714285714	5.9192834105
8.06666666667	5.9215886655
8.07619047619	5.9238888858
8.08571428571	5.9261840903
8.09523809524	5.9284742980
8.10476190476	5.9307595276
8.11428571429	5.9330397979
8.12380952381	5.9353151274
8.13333333333	5.9375855347
8.14285714286	5.9398510381
8.15238095238	5.9421116558
8.1619047619	5.9443674062
8.17142857143	5.9466183072
8.18095238095	5.9488643769
8.19047619048	5.9511056332
8.2	5.9533420938
8.20952380952	5.9555737765
8.21904761905	5.9578006988
8.22857142857	5.9600228783
8.2380952381	5.9622403323
8.24761904762	5.9644530783
8.25714285714	5.9666611333
8.26666666667	5.9688645146
8.27619047619	5.9710632393
8.28571428571	5.9732573241
8.29523809524	5.9754467861
8.30476190476	5.9776316420
8.31428571429	5.9798119085
8.32380952381	5.9819876021
8.33333333333	5.9841587394
8.34285714286	5.9863253368
8.35238095238	5.9884874107
8.3619047619	5.9906449772
8.37142857143	5.9927980526
8.38095238095	5.9949466529
8.39047619048	5.9970907942
8.4	5.9992304923
8.40952380952	6.0013657630
8.41904761905	6.0034966222
8.42857142857	6.0056230854
8.4380952381	6.0077451683
8.44761904762	6.0098628864
8.45714285714	6.0119762551
8.46666666667	6.0140852897
8.47619047619	6.0161900055
8.48571428571	6.0182904176
8.49523809524	6.0203865413
8.50476190476	6.0224783915
8.51428571429	6.0245659832
8.52380952381	6.0266493312
8.53333333333	6.0287284504
8.54285714286	6.0308033555
8.55238095238	6.0328740611
8.5619047619	6.0349405819
8.57142857143	6.0370029322
8.58095238095	6.0390611267
8.59047619048	6.0411151795
8.6	6.0431651050
8.60952380952	6.0452109175
8.61904761905	6.0472526309
8.62857142857	6.0492902596
8.6380952381	6.0513238173
8.64761904762	6.0533533181
8.65714285714	6.0553787758
8.66666666667	6.0574002043
8.67619047619	6.0594176172
8.68571428571	6.0614310282
8.69523809524	6.0634404508
8.70476190476	6.0654458987
8.71428571429	6.0674473853
8.72380952381	6.0694449239
8.73333333333	6.0714385279
8.74285714286	6.0734282105
8.75238095238	6.0754139849
8.7619047619	6.0773958643
8.77142857143	6.0793738617
8.78095238095	6.0813479902
8.79047619048	6.0833182626
8.8	6.0852846918
8.80952380952	6.0872472907
8.81904761905	6.0892060719
8.82857142857	6.0911610483
8.8380952381	6.0931122323
8.84761904762	6.0950596367
8.85714285714	6.0970032738
8.86666666667	6.0989431561
8.87619047619	6.1008792960
8.88571428571	6.1028117059
8.89523809524	6.1047403980
8.90476190476	6.1066653844
8.91428571429	6.1085866775
8.92380952381	6.1105042892
8.93333333333	6.1124182315
8.94285714286	6.1143285165
8.95238095238	6.1162351562
8.9619047619	6.1181381622
8.97142857143	6.1200375465
8.98095238095	6.1219333208
8.99047619048	6.1238254969
9.0	6.1257140862
9.00952380952	6.1275991005
9.01904761905	6.1294805513
9.02857142857	6.1313584500
9.0380952381	6.1332328081
9.04761904762	6.1351036369
9.05714285714	6.1369709478
9.06666666667	6.1388347520
9.07619047619	6.1406950607
9.08571428571	6.1425518852
9.09523809524	6.1444052364
9.10476190476	6.1462551256
9.11428571429	6.1481015636
9.12380952381	6.1499445614
9.13333333333	6.1517841300
9.14285714286	6.1536202802
9.15238095238	6.1554530227
9.1619047619	6.1572823685
9.17142857143	6.1591083281
9.18095238095	6.1609309122
9.19047619048	6.1627501315
9.2	6.1645659964
9.20952380952	6.1663785176
9.21904761905	6.1681877054
9.22857142857	6.1699935704
9.2380952381	6.1717961228
9.24761904762	6.1735953730
9.25714285714	6.1753913312
9.26666666667	6.1771840078
9.27619047619	6.1789734128
9.28571428571	6.1807595565
9.29523809524	6.1825424488
9.30476190476	6.1843221000
9.31428571429	6.1860985199
9.32380952381	6.1878717185
9.33333333333	6.1896417058
9.34285714286	6.1914084916
9.35238095238	6.1931720857
9.3619047619	6.1949324979
9.37142857143	6.1966897380
9.38095238095	6.1984438157
9.39047619048	6.2001947405
9.4	6.2019425222
9.40952380952	6.2036871702
9.41904761905	6.2054286942
9.42857142857	6.2071671036
9.4380952381	6.2089024078
9.44761904762	6.2106346162
9.45714285714	6.2123637382
9.46666666667	6.2140897832
9.47619047619	6.2158127603
9.48571428571	6.2175326789
9.49523809524	6.2192495480
9.50476190476	6.2209633770
9.51428571429	6.2226741749
9.52380952381	6.2243819507
9.53333333333	6.2260867136
9.54285714286	6.2277884725
9.55238095238	6.2294872364
9.5619047619	6.2311830141
9.57142857143	6.2328758147
9.58095238095	6.2345656469
9.59047619048	6.2362525195
9.6	6.2379364413
9.60952380952	6.2396174210
9.61904761905	6.2412954674
9.62857142857	6.2429705891
9.6380952381	6.2446427946
9.64761904762	6.2463120927
9.65714285714	6.2479784918
9.66666666667	6.2496420005
9.67619047619	6.2513026271
9.68571428571	6.2529603803
9.69523809524	6.2546152683
9.70476190476	6.2562672995
9.71428571429	6.2579164823
9.72380952381	6.2595628250
9.73333333333	6.2612063358
9.74285714286	6.2628470229
9.75238095238	6.2644848946
9.7619047619	6.2661199590
9.77142857143	6.2677522242
9.78095238095	6.2693816984
9.79047619048	6.2710083895
9.8	6.2726323056
9.80952380952	6.2742534547
9.81904761905	6.2758718447
9.82857142857	6.2774874837
9.8380952381	6.2791003793
9.84761904762	6.2807105396
9.85714285714	6.2823179724
9.86666666667	6.2839226853
9.87619047619	6.2855246863
9.88571428571	6.2871239830
9.89523809524	6.2887205831
9.90476190476	6.2903144943
9.91428571429	6.2919057243
9.92380952381	6.2934942805
9.93333333333	6.2950801707
9.94285714286	6.2966634023
9.95238095238	6.2982439829
9.9619047619	6.2998219198
9.97142857143	6.3013972207
9.98095238095	6.3029698929
9.99047619048	6.3045399437
10.0	6.3061073806
