0.0	2.9091196405
0.00588235294118	2.9100237251
0.0117647058824	2.9112144388
0.0176470588235	2.9124394807
0.0235294117647	2.9136870555
0.0294117647059	2.9149464522
0.0352941176471	2.9162143986
0.0411764705882	2.9174889498
0.0470588235294	2.9187690521
0.0529411764706	2.9200540383
0.0588235294118	2.9213434691
0.0647058823529	2.9226370388
0.0705882352941	2.9239345262
0.0764705882353	2.9252357657
0.0823529411765	2.9265406304
0.0882352941176	2.9278490200
0.0941176470588	2.9291608540
0.1	2.9304760667
0.105882352941	2.9317946030
0.111764705882	2.9331164167
0.117647058824	2.9344414679
0.123529411765	2.9357697222
0.129411764706	2.9371011494
0.135294117647	2.9384357225
0.141176470588	2.9397734176
0.147058823529	2.9411142129
0.152941176471	2.9424580887
0.158823529412	2.9438050266
0.164705882353	2.9451550099
0.170588235294	2.9465080228
0.176470588235	2.9478640507
0.182352941176	2.9492230797
0.188235294118	2.9505850967
0.194117647059	2.9519500891
0.2	2.9533180450
0.205882352941	2.9546889529
0.211764705882	2.9560628018
0.217647058824	2.9574395810
0.223529411765	2.9588192802
0.229411764706	2.9602018892
0.235294117647	2.9615873984
0.241176470588	2.9629757980
0.247058823529	2.9643670788
0.252941176471	2.9657612316
0.258823529412	2.9671582474
0.264705882353	2.9685581172
0.270588235294	2.9699608324
0.276470588235	2.9713663844
0.282352941176	2.9727747646
0.288235294118	2.9741859647
0.294117647059	2.9755999764
0.3	2.9770167914
0.305882352941	2.9784364017
0.311764705882	2.9798587991
0.317647058824	2.9812839756
0.323529411765	2.9827119234
0.329411764706	2.9841426344
0.335294117647	2.9855761010
0.341176470588	2.9870123152
0.347058823529	2.9884512694
0.352941176471	2.9898929559
0.358823529412	2.9913373669
0.364705882353	2.9927844949
0.370588235294	2.9942343323
0.376470588235	2.9956868715
0.382352941176	2.9971421049
0.388235294118	2.9986000251
0.394117647059	3.0000606246
0.4	3.0015238959
0.405882352941	3.0029898316
0.411764705882	3.0044584244
0.417647058824	3.0059296668
0.423529411765	3.0074035514
0.429411764706	3.0088800709
0.435294117647	3.0103592180
0.441176470588	3.0118409854
0.447058823529	3.0133253658
0.452941176471	3.0148123520
0.458823529412	3.0163019366
0.464705882353	3.0177941124
0.470588235294	3.0192888723
0.476470588235	3.0207862089
0.482352941176	3.0222861152
0.488235294118	3.0237885838
0.494117647059	3.0252936078
0.5	3.0268011798
0.505882352941	3.0283112929
0.511764705882	3.0298239398
0.517647058824	3.0313391134
0.523529411765	3.0328568066
0.529411764706	3.0343770124
0.535294117647	3.0358997237
0.541176470588	3.0374249334
0.547058823529	3.0389526345
0.552941176471	3.0404828199
0.558823529412	3.0420154826
0.564705882353	3.0435506156
0.570588235294	3.0450882119
0.576470588235	3.0466282644
0.582352941176	3.0481707663
0.588235294118	3.0497157106
0.594117647059	3.0512630902
0.6	3.0528128983
0.605882352941	3.0543651279
0.611764705882	3.0559197722
0.617647058824	3.0574768241
0.623529411765	3.0590362768
0.629411764706	3.0605981234
0.635294117647	3.0621623570
0.641176470588	3.0637289709
0.647058823529	3.0652979580
0.652941176471	3.0668693116
0.658823529412	3.0684430249
0.664705882353	3.0700190910
0.670588235294	3.0715975031
0.676470588235	3.0731782544
0.682352941176	3.0747613382
0.688235294118	3.0763467477
0.694117647059	3.0779344761
0.7	3.0795245167
0.705882352941	3.0811168627
0.711764705882	3.0827115074
0.717647058824	3.0843084442
0.723529411765	3.0859076662
0.729411764706	3.0875091668
0.735294117647	3.0891129394
0.741176470588	3.0907189773
0.747058823529	3.0923272738
0.752941176471	3.0939378222
0.758823529412	3.0955506161
0.764705882353	3.0971656486
0.770588235294	3.0987829133
0.776470588235	3.1004024036
0.782352941176	3.1020241128
0.788235294118	3.1036480345
0.794117647059	3.1052741619
0.8	3.1069024887
0.805882352941	3.1085330083
0.811764705882	3.1101657141
0.817647058824	3.1118005997
0.823529411765	3.1134376586
0.829411764706	3.1150768843
0.835294117647	3.1167182703
0.841176470588	3.1183618101
0.847058823529	3.1200074975
0.852941176471	3.1216553258
0.858823529412	3.1233052887
0.864705882353	3.1249573799
0.870588235294	3.1266115928
0.876470588235	3.1282679212
0.882352941176	3.1299263587
0.888235294118	3.1315868989
0.894117647059	3.1332495355
0.9	3.1349142622
0.905882352941	3.1365810727
0.911764705882	3.1382499606
0.917647058824	3.1399209198
0.923529411765	3.1415939439
0.929411764706	3.1432690267
0.935294117647	3.1449461619
0.941176470588	3.1466253434
0.947058823529	3.1483065649
0.952941176471	3.1499898201
0.958823529412	3.1516751031
0.964705882353	3.1533624075
0.970588235294	3.1550517271
0.976470588235	3.1567430560
0.982352941176	3.1584363879
0.988235294118	3.1601317167
0.994117647059	3.1618290364
1.0	3.1635283408
1.00588235294	3.1652296239
1.01176470588	3.1669328796
1.01764705882	3.1686381018
1.02352941176	3.1703452847
1.02941176471	3.1720544220
1.03529411765	3.1737655079
1.04117647059	3.1754785364
1.04705882353	3.1771935014
1.05294117647	3.1789103971
1.05882352941	3.1806292174
1.06470588235	3.1823499566
1.07058823529	3.1840726085
1.07647058824	3.1857971675
1.08235294118	3.1875236275
1.08823529412	3.1892519827
1.09411764706	3.1909822273
1.1	3.1927143555
1.10588235294	3.1944483613
1.11176470588	3.1961842390
1.11764705882	3.1979219829
1.12352941176	3.1996615871
1.12941176471	3.2014030458
1.13529411765	3.2031463534
1.14117647059	3.2048915040
1.14705882353	3.2066384921
1.15294117647	3.2083873118
1.15882352941	3.2101379575
1.16470588235	3.2118904236
1.17058823529	3.2136447043
1.17647058824	3.2154007941
1.18235294118	3.2171586872
1.18823529412	3.2189183782
1.19411764706	3.2206798614
1.2	3.2224431312
1.20588235294	3.2242081821
1.21176470588	3.2259750085
1.21764705882	3.2277436049
1.22352941176	3.2295139657
1.22941176471	3.2312860856
1.23529411765	3.2330599590
1.24117647059	3.2348355804
1.24705882353	3.2366129444
1.25294117647	3.2383920455
1.25882352941	3.2401728784
1.26470588235	3.2419554375
1.27058823529	3.2437397177
1.27647058824	3.2455257133
1.28235294118	3.2473134192
1.28823529412	3.2491028300
1.29411764706	3.2508939403
1.3	3.2526867448
1.30588235294	3.2544812383
1.31176470588	3.2562774154
1.31764705882	3.2580752710
1.32352941176	3.2598747997
1.32941176471	3.2616759963
1.33529411765	3.2634788557
1.34117647059	3.2652833726
1.34705882353	3.2670895419
1.35294117647	3.2688973583
1.35882352941	3.2707068168
1.36470588235	3.2725179122
1.37058823529	3.2743306393
1.37647058824	3.2761449932
1.38235294118	3.2779609687
1.38823529412	3.2797785608
1.39411764706	3.2815977644
1.4	3.2834185744
1.40588235294	3.2852409859
1.41176470588	3.2870649939
1.41764705882	3.2888905933
1.42352941176	3.2907177793
1.42941176471	3.2925465468
1.43529411765	3.2943768909
1.44117647059	3.2962088068
1.44705882353	3.2980422895
1.45294117647	3.2998773341
1.45882352941	3.3017139358
1.46470588235	3.3035520897
1.47058823529	3.3053917909
1.47647058824	3.3072330348
1.48235294118	3.3090758164
1.48823529412	3.3109201310
1.49411764706	3.3127659739
1.5	3.3146133402
1.50588235294	3.3164622252
1.51176470588	3.3183126243
1.51764705882	3.3201645327
1.52352941176	3.3220179458
1.52941176471	3.3238728588
1.53529411765	3.3257292672
1.54117647059	3.3275871663
1.54705882353	3.3294465514
1.55294117647	3.3313074181
1.55882352941	3.3331697617
1.56470588235	3.3350335776
1.57058823529	3.3368988614
1.57647058824	3.3387656084
1.58235294118	3.3406338142
1.58823529412	3.3425034743
1.59411764706	3.3443745842
1.6	3.3462471394
1.60588235294	3.3481211355
1.61176470588	3.3499965680
1.61764705882	3.3518734327
1.62352941176	3.3537517250
1.62941176471	3.3556314406
1.63529411765	3.3575125751
1.64117647059	3.3593951242
1.64705882353	3.3612790836
1.65294117647	3.3631644490
1.65882352941	3.3650512161
1.66470588235	3.3669393806
1.67058823529	3.3688289382
1.67647058824	3.3707198848
1.68235294118	3.3726122161
1.68823529412	3.3745059279
1.69411764706	3.3764010160
1.7	3.3782974762
1.70588235294	3.3801953045
1.71176470588	3.3820944967
1.71764705882	3.3839950486
1.72352941176	3.3858969562
1.72941176471	3.3878002154
1.73529411765	3.3897048221
1.74117647059	3.3916107723
1.74705882353	3.3935180620
1.75294117647	3.3954266871
1.75882352941	3.3973366437
1.76470588235	3.3992479278
1.77058823529	3.4011605354
1.77647058824	3.4030744626
1.78235294118	3.4049897055
1.78823529412	3.4069062602
1.79411764706	3.4088241227
1.8	3.4107432893
1.80588235294	3.4126637561
1.81176470588	3.4145855192
1.81764705882	3.4165085749
1.82352941176	3.4184329192
1.82941176471	3.4203585486
1.83529411765	3.4222854592
1.84117647059	3.4242136472
1.84705882353	3.4261431089
1.85294117647	3.4280738407
1.85882352941	3.4300058388
1.86470588235	3.4319390997
1.87058823529	3.4338736195
1.87647058824	3.4358093947
1.88235294118	3.4377464217
1.88823529412	3.4396846969
1.89411764706	3.4416242166
1.9	3.4435649774
1.90588235294	3.4455069757
1.91176470588	3.4474502080
1.91764705882	3.4493946707
1.92352941176	3.4513403604
1.92941176471	3.4532872736
1.93529411765	3.4552354068
1.94117647059	3.4571847567
1.94705882353	3.4591353198
1.95294117647	3.4610870926
1.95882352941	3.4630400719
1.96470588235	3.4649942543
1.97058823529	3.4669496363
1.97647058824	3.4689062148
1.98235294118	3.4708639864
1.98823529412	3.4728229477
1.99411764706	3.4747830956
2.0	3.4767444268
2.00588235294	3.4787069381
2.01176470588	3.4806706261
2.01764705882	3.4826354879
2.02352941176	3.4846015201
2.02941176471	3.4865687196
2.03529411765	3.4885370833
2.04117647059	3.4905066081
2.04705882353	3.4924772908
2.05294117647	3.4944491284
2.05882352941	3.4964221178
2.06470588235	3.4983962560
2.07058823529	3.5003715399
2.07647058824	3.5023479665
2.08235294118	3.5043255329
2.08823529412	3.5063042361
2.09411764706	3.5082840731
2.1	3.5102650411
2.10588235294	3.5122471370
2.11176470588	3.5142303580
2.11764705882	3.5162147012
2.12352941176	3.5182001638
2.12941176471	3.5201867429
2.13529411765	3.5221744357
2.14117647059	3.5241632395
2.14705882353	3.5261531514
2.15294117647	3.5281441687
2.15882352941	3.5301362886
2.16470588235	3.5321295085
2.17058823529	3.5341238256
2.17647058824	3.5361192372
2.18235294118	3.5381157407
2.18823529412	3.5401133335
2.19411764706	3.5421120129
2.2	3.5441117763
2.20588235294	3.5461126212
2.21176470588	3.5481145449
2.21764705882	3.5501175449
2.22352941176	3.5521216188
2.22941176471	3.5541267640
2.23529411765	3.5561329780
2.24117647059	3.5581402584
2.24705882353	3.5601486026
2.25294117647	3.5621580084
2.25882352941	3.5641684733
2.26470588235	3.5661799949
2.27058823529	3.5681925708
2.27647058824	3.5702061987
2.28235294118	3.5722208763
2.28823529412	3.5742366013
2.29411764706	3.5762533713
2.3	3.5782711842
2.30588235294	3.5802900377
2.31176470588	3.5823099296
2.31764705882	3.5843308576
2.32352941176	3.5863528197
2.32941176471	3.5883758135
2.33529411765	3.5903998371
2.34117647059	3.5924248882
2.34705882353	3.5944509648
2.35294117647	3.5964780649
2.35882352941	3.5985061863
2.36470588235	3.6005353270
2.37058823529	3.6025654850
2.37647058824	3.6045966583
2.38235294118	3.6066288450
2.38823529412	3.6086620430
2.39411764706	3.6106962506
2.4	3.6127314657
2.40588235294	3.6147676865
2.41176470588	3.6168049111
2.41764705882	3.6188431377
2.42352941176	3.6208823644
2.42941176471	3.6229225895
2.43529411765	3.6249638112
2.44117647059	3.6270060277
2.44705882353	3.6290492373
2.45294117647	3.6310934383
2.45882352941	3.6331386290
2.46470588235	3.6351848078
2.47058823529	3.6372319729
2.47647058824	3.6392801228
2.48235294118	3.6413292559
2.48823529412	3.6433793705
2.49411764706	3.6454304652
2.5	3.6474825385
2.50588235294	3.6495355887
2.51176470588	3.6515896144
2.51764705882	3.6536446142
2.52352941176	3.6557005866
2.52941176471	3.6577575302
2.53529411765	3.6598154437
2.54117647059	3.6618743255
2.54705882353	3.6639341745
2.55294117647	3.6659949892
2.55882352941	3.6680567684
2.56470588235	3.6701195108
2.57058823529	3.6721832151
2.57647058824	3.6742478801
2.58235294118	3.6763135047
2.58823529412	3.6783800876
2.59411764706	3.6804476276
2.6	3.6825161237
2.60588235294	3.6845855748
2.61176470588	3.6866559797
2.61764705882	3.6887273374
2.62352941176	3.6907996468
2.62941176471	3.6928729071
2.63529411765	3.6949471171
2.64117647059	3.6970222759
2.64705882353	3.6990983826
2.65294117647	3.7011754362
2.65882352941	3.7032534360
2.66470588235	3.7053323810
2.67058823529	3.7074122705
2.67647058824	3.7094931035
2.68235294118	3.7115748793
2.68823529412	3.7136575973
2.69411764706	3.7157412565
2.7	3.7178258564
2.70588235294	3.7199113963
2.71176470588	3.7219978756
2.71764705882	3.7240852935
2.72352941176	3.7261736495
2.72941176471	3.7282629431
2.73529411765	3.7303531737
2.74117647059	3.7324443408
2.74705882353	3.7345364439
2.75294117647	3.7366294826
2.75882352941	3.7387234564
2.76470588235	3.7408183650
2.77058823529	3.7429142079
2.77647058824	3.7450109848
2.78235294118	3.7471086954
2.78823529412	3.7492073395
2.79411764706	3.7513069167
2.8	3.7534074268
2.80588235294	3.7555088697
2.81176470588	3.7576112451
2.81764705882	3.7597145530
2.82352941176	3.7618187932
2.82941176471	3.7639239656
2.83529411765	3.7660300702
2.84117647059	3.7681371070
2.84705882353	3.7702450760
2.85294117647	3.7723539772
2.85882352941	3.7744638106
2.86470588235	3.7765745765
2.87058823529	3.7786862750
2.87647058824	3.7807989061
2.88235294118	3.7829124702
2.88823529412	3.7850269673
2.89411764706	3.7871423979
2.9	3.7892587622
2.90588235294	3.7913760605
2.91176470588	3.7934942933
2.91764705882	3.7956134608
2.92352941176	3.7977335635
2.92941176471	3.7998546019
2.93529411765	3.8019765765
2.94117647059	3.8040994878
2.94705882353	3.8062233364
2.95294117647	3.8083481229
2.95882352941	3.8104738479
2.96470588235	3.8126005121
2.97058823529	3.8147281162
2.97647058824	3.8168566609
2.98235294118	3.8189861471
2.98823529412	3.8211165755
2.99411764706	3.8232479470
3.0	3.8253802625
3.00588235294	3.8275135229
3.01176470588	3.8296477292
3.01764705882	3.8317828823
3.02352941176	3.8339189834
3.02941176471	3.8360560335
3.03529411765	3.8381940337
3.04117647059	3.8403329852
3.04705882353	3.8424728892
3.05294117647	3.8446137470
3.05882352941	3.8467555597
3.06470588235	3.8488983288
3.07058823529	3.8510420556
3.07647058824	3.8531867414
3.08235294118	3.8553323878
3.08823529412	3.8574789963
3.09411764706	3.8596265683
3.1	3.8617751055
3.10588235294	3.8639246094
3.11176470588	3.8660750817
3.11764705882	3.8682265242
3.12352941176	3.8703789385
3.12941176471	3.8725323266
3.13529411765	3.8746866901
3.14117647059	3.8768420311
3.14705882353	3.8789983514
3.15294117647	3.8811556530
3.15882352941	3.8833139381
3.16470588235	3.8854732085
3.17058823529	3.8876334666
3.17647058824	3.8897947143
3.18235294118	3.8919569541
3.18823529412	3.8941201881
3.19411764706	3.8962844187
3.2	3.8984496483
3.20588235294	3.9006158793
3.21176470588	3.9027831141
3.21764705882	3.9049513554
3.22352941176	3.9071206057
3.22941176471	3.9092908676
3.23529411765	3.9114621439
3.24117647059	3.9136344373
3.24705882353	3.9158077506
3.25294117647	3.9179820868
3.25882352941	3.9201574486
3.26470588235	3.9223338391
3.27058823529	3.9245112614
3.27647058824	3.9266897186
3.28235294118	3.9288692137
3.28823529412	3.9310497501
3.29411764706	3.9332313310
3.3	3.9354139598
3.30588235294	3.9375976399
3.31176470588	3.9397823747
3.31764705882	3.9419681679
3.32352941176	3.9441550229
3.32941176471	3.9463429435
3.33529411765	3.9485319334
3.34117647059	3.9507219965
3.34705882353	3.9529131365
3.35294117647	3.9551053575
3.35882352941	3.9572986635
3.36470588235	3.9594930585
3.37058823529	3.9616885468
3.37647058824	3.9638851325
3.38235294118	3.9660828199
3.38823529412	3.9682816136
3.39411764706	3.9704815178
3.4	3.9726825372
3.40588235294	3.9748846764
3.41176470588	3.9770879400
3.41764705882	3.9792923330
3.42352941176	3.9814978600
3.42941176471	3.9837045261
3.43529411765	3.9859123364
3.44117647059	3.9881212958
3.44705882353	3.9903314098
3.45294117647	3.9925426834
3.45882352941	3.9947551221
3.46470588235	3.9969687315
3.47058823529	3.9991835170
3.47647058824	4.0013994843
3.48235294118	4.0036166392
3.48823529412	4.0058349875
3.49411764706	4.0080545352
3.5	4.0102752884
3.50588235294	4.0124972532
3.51176470588	4.0147204358
3.51764705882	4.0169448426
3.52352941176	4.0191704802
3.52941176471	4.0213973549
3.53529411765	4.0236254737
3.54117647059	4.0258548432
3.54705882353	4.0280854704
3.55294117647	4.0303173622
3.55882352941	4.0325505260
3.56470588235	4.0347849688
3.57058823529	4.0370206981
3.57647058824	4.0392577215
3.58235294118	4.0414960464
3.58823529412	4.0437356808
3.59411764706	4.0459766326
3.6	4.0482189096
3.60588235294	4.0504625201
3.61176470588	4.0527074725
3.61764705882	4.0549537751
3.62352941176	4.0572014365
3.62941176471	4.0594504655
3.63529411765	4.0617008709
3.64117647059	4.0639526617
3.64705882353	4.0662058472
3.65294117647	4.0684604367
3.65882352941	4.0707164396
3.66470588235	4.0729738656
3.67058823529	4.0752327246
3.67647058824	4.0774930266
3.68235294118	4.0797547816
3.68823529412	4.0820180001
3.69411764706	4.0842826926
3.7	4.0865488697
3.70588235294	4.0888165423
3.71176470588	4.0910857216
3.71764705882	4.0933564188
3.72352941176	4.0956286454
3.72941176471	4.0979024130
3.73529411765	4.1001777335
3.74117647059	4.1024546190
3.74705882353	4.1047330819
3.75294117647	4.1070131346
3.75882352941	4.1092947899
3.76470588235	4.1115780607
3.77058823529	4.1138629604
3.77647058824	4.1161495023
3.78235294118	4.1184377002
3.78823529412	4.1207275680
3.79411764706	4.1230191199
3.8	4.1253123704
3.80588235294	4.1276073342
3.81176470588	4.1299040264
3.81764705882	4.1322024623
3.82352941176	4.1345026575
3.82941176471	4.1368046278
3.83529411765	4.1391083895
3.84117647059	4.1414139590
3.84705882353	4.1437213532
3.85294117647	4.1460305893
3.85882352941	4.1483416846
3.86470588235	4.1506546572
3.87058823529	4.1529695251
3.87647058824	4.1552863068
3.88235294118	4.1576050214
3.88823529412	4.1599256881
3.89411764706	4.1622483266
3.9	4.1645729570
3.90588235294	4.1668995999
3.91176470588	4.1692282761
3.91764705882	4.1715590070
3.92352941176	4.1738918145
3.92941176471	4.1762267208
3.93529411765	4.1785637488
3.94117647059	4.1809029216
3.94705882353	4.1832442630
3.95294117647	4.1855877973
3.95882352941	4.1879335494
3.96470588235	4.1902815445
3.97058823529	4.1926318086
3.97647058824	4.1949843683
3.98235294118	4.1973392507
3.98823529412	4.1996964835
3.99411764706	4.2020560951
4.0	4.2044181146
4.00588235294	4.2067825717
4.01176470588	4.2091494969
4.01764705882	4.2115189215
4.02352941176	4.2138908772
4.02941176471	4.2162653970
4.03529411765	4.2186425143
4.04117647059	4.2210222636
4.04705882353	4.2234046801
4.05294117647	4.2257898001
4.05882352941	4.2281776605
4.06470588235	4.2305682996
4.07058823529	4.2329617564
4.07647058824	4.2353580712
4.08235294118	4.2377572850
4.08823529412	4.2401594404
4.09411764706	4.2425645808
4.1	4.2449727511
4.10588235294	4.2473839973
4.11176470588	4.2497983668
4.11764705882	4.2522159085
4.12352941176	4.2546366724
4.12941176471	4.2570607105
4.13529411765	4.2594880759
4.14117647059	4.2619188237
4.14705882353	4.2643530106
4.15294117647	4.2667906951
4.15882352941	4.2692319376
4.16470588235	4.2716768004
4.17058823529	4.2741253480
4.17647058824	4.2765776471
4.18235294118	4.2790337665
4.18823529412	4.2814937778
4.19411764706	4.2839577546
4.2	4.2864257738
4.20588235294	4.2888979145
4.21176470588	4.2913742593
4.21764705882	4.2938548936
4.22352941176	4.2963399063
4.22941176471	4.2988293899
4.23529411765	4.3013234405
4.24117647059	4.3038221582
4.24705882353	4.3063256474
4.25294117647	4.3088340170
4.25882352941	4.3113473807
4.26470588235	4.3138658573
4.27058823529	4.3163895711
4.27647058824	4.3189186523
4.28235294118	4.3214532375
4.28823529412	4.3239934698
4.29411764706	4.3265395000
4.3	4.3290914866
4.30588235294	4.3316495965
4.31176470588	4.3342140062
4.31764705882	4.3367849019
4.32352941176	4.3393624811
4.32941176471	4.3419469530
4.33529411765	4.3445385401
4.34117647059	4.3471374793
4.34705882353	4.3497440233
4.35294117647	4.3523584427
4.35882352941	4.3549810273
4.36470588235	4.3576120890
4.37058823529	4.3602519641
4.37647058824	4.3629010164
4.38235294118	4.3655596409
4.38823529412	4.3682282683
4.39411764706	4.3709073698
4.4	4.3735974637
4.40588235294	4.3762991231
4.41176470588	4.3790129851
4.41764705882	4.3817397632
4.42352941176	4.3844802620
4.42941176471	4.3872353970
4.43529411765	4.3900062205
4.44117647059	4.3927939564
4.44705882353	4.3956000483
4.45294117647	4.3984262288
4.45882352941	4.4012746213
4.46470588235	4.4041479002
4.47058823529	4.4070495557
4.47647058824	4.4099843724
4.48235294118	4.4129594022
4.48823529412	4.4159863521
4.49411764706	4.4190898845
4.5	4.4225090707
4.50588235294	4.4262372850
4.51176470588	4.4300344204
4.51764705882	4.4338769176
4.52352941176	4.4377524356
4.52941176471	4.4416539140
4.53529411765	4.4455762120
4.54117647059	4.4495157148
4.54705882353	4.4534695086
4.55294117647	4.4574353355
4.55882352941	4.4614112865
4.56470588235	4.4653957954
4.57058823529	4.4693875011
4.57647058824	4.4733852446
4.58235294118	4.4773880002
4.58823529412	4.4813948720
4.59411764706	4.4854050564
4.6	4.4894178388
4.60588235294	4.4934325716
4.61176470588	4.4974486709
4.61764705882	4.5014656035
4.62352941176	4.5054828835
4.62941176471	4.5095000643
4.63529411765	4.5135167357
4.64117647059	4.5175325186
4.64705882353	4.5215470625
4.65294117647	4.5255600420
4.65882352941	4.5295711550
4.66470588235	4.5335801194
4.67058823529	4.5375866726
4.67647058824	4.5415905686
4.68235294118	4.5455915774
4.68823529412	4.5495894830
4.69411764706	4.5535840829
4.7	4.5575751866
4.70588235294	4.5615626149
4.71176470588	4.5655461989
4.71764705882	4.5695257795
4.72352941176	4.5735012064
4.72941176471	4.5774723378
4.73529411765	4.5814390397
4.74117647059	4.5854011852
4.74705882353	4.5893586545
4.75294117647	4.5933113340
4.75882352941	4.5972591161
4.76470588235	4.6012018990
4.77058823529	4.6051395861
4.77647058824	4.6090720858
4.78235294118	4.6129993112
4.78823529412	4.6169211800
4.79411764706	4.6208376140
4.8	4.6247485390
4.80588235294	4.6286538846
4.81176470588	4.6325535840
4.81764705882	4.6364475738
4.82352941176	4.6403357938
4.82941176471	4.6442181869
4.83529411765	4.6480946990
4.84117647059	4.6519652785
4.84705882353	4.6558298768
4.85294117647	4.6596884475
4.85882352941	4.6635409470
4.86470588235	4.6673873336
4.87058823529	4.6712275679
4.87647058824	4.6750616129
4.88235294118	4.6788894331
4.88823529412	4.6827109954
4.89411764706	4.6865262681
4.9	4.6903352215
4.90588235294	4.6941378277
4.91176470588	4.6979340601
4.91764705882	4.7017238938
4.92352941176	4.7055073055
4.92941176471	4.7092842730
4.93529411765	4.7130547758
4.94117647059	4.7168187945
4.94705882353	4.7205763110
4.95294117647	4.7243273085
4.95882352941	4.7280717712
4.96470588235	4.7318096846
4.97058823529	4.7355410351
4.97647058824	4.7392658102
4.98235294118	4.7429839984
4.98823529412	4.7466955891
4.99411764706	4.7504005728
5.0	4.7540989406
5.00588235294	4.7577906847
5.01176470588	4.7614757979
5.01764705882	4.7651542741
5.02352941176	4.7688261076
5.02941176471	4.7724912936
5.03529411765	4.7761498281
5.04117647059	4.7798017077
5.04705882353	4.7834469296
5.05294117647	4.7870854917
5.05882352941	4.7907173924
5.06470588235	4.7943426310
5.07058823529	4.7979612069
5.07647058824	4.8015731204
5.08235294118	4.8051783723
5.08823529412	4.8087769638
5.09411764706	4.8123688966
5.1	4.8159541729
5.10588235294	4.8195327954
5.11176470588	4.8231047672
5.11764705882	4.8266700918
5.12352941176	4.8302287733
5.12941176471	4.8337808158
5.13529411765	4.8373262243
5.14117647059	4.8408650038
5.14705882353	4.8443971597
5.15294117647	4.8479226979
5.15882352941	4.8514416246
5.16470588235	4.8549539461
5.17058823529	4.8584596693
5.17647058824	4.8619588013
5.18235294118	4.8654513495
5.18823529412	4.8689373215
5.19411764706	4.8724167252
5.2	4.8758895689
5.20588235294	4.8793558610
5.21176470588	4.8828156101
5.21764705882	4.8862688253
5.22352941176	4.8897155156
5.22941176471	4.8931556905
5.23529411765	4.8965893594
5.24117647059	4.9000165323
5.24705882353	4.9034372191
5.25294117647	4.9068514300
5.25882352941	4.9102591753
5.26470588235	4.9136604657
5.27058823529	4.9170553116
5.27647058824	4.9204437242
5.28235294118	4.9238257144
5.28823529412	4.9272012933
5.29411764706	4.9305704723
5.3	4.9339332630
5.30588235294	4.9372896768
5.31176470588	4.9406397256
5.31764705882	4.9439834212
5.32352941176	4.9473207756
5.32941176471	4.9506518009
5.33529411765	4.9539765093
5.34117647059	4.9572949132
5.34705882353	4.9606070249
5.35294117647	4.9639128571
5.35882352941	4.9672124224
5.36470588235	4.9705057334
5.37058823529	4.9737928029
5.37647058824	4.9770736440
5.38235294118	4.9803482695
5.38823529412	4.9836166924
5.39411764706	4.9868789260
5.4	4.9901349834
5.40588235294	4.9933848779
5.41176470588	4.9966286228
5.41764705882	4.9998662314
5.42352941176	5.0030977173
5.42941176471	5.0063230940
5.43529411765	5.0095423749
5.44117647059	5.0127555738
5.44705882353	5.0159627042
5.45294117647	5.0191637799
5.45882352941	5.0223588146
5.46470588235	5.0255478222
5.47058823529	5.0287308163
5.47647058824	5.0319078109
5.48235294118	5.0350788200
5.48823529412	5.0382438573
5.49411764706	5.0414029369
5.5	5.0445560171
5.50588235294	5.0477010686
5.51176470588	5.0508381549
5.51764705882	5.0539673086
5.52352941176	5.0570885752
5.52941176471	5.0602019902
5.53529411765	5.0633075945
5.54117647059	5.0664054245
5.54705882353	5.0694955188
5.55294117647	5.0725779137
5.55882352941	5.0756526467
5.56470588235	5.0787197536
5.57058823529	5.0817792709
5.57647058824	5.0848312342
5.58235294118	5.0878756790
5.58823529412	5.0909126405
5.59411764706	5.0939421537
5.6	5.0969642530
5.60588235294	5.0999789730
5.61176470588	5.1029863475
5.61764705882	5.1059864105
5.62352941176	5.1089791955
5.62941176471	5.1119647359
5.63529411765	5.1149430646
5.64117647059	5.1179142144
5.64705882353	5.1208782180
5.65294117647	5.1238351076
5.65882352941	5.1267849153
5.66470588235	5.1297276729
5.67058823529	5.1326634122
5.67647058824	5.1355921644
5.68235294118	5.1385139607
5.68823529412	5.1414288322
5.69411764706	5.1443368094
5.7	5.1472379230
5.70588235294	5.1501322031
5.71176470588	5.1530196799
5.71764705882	5.1559003833
5.72352941176	5.1587743429
5.72941176471	5.1616415882
5.73529411765	5.1645021484
5.74117647059	5.1673560526
5.74705882353	5.1702033296
5.75294117647	5.1730440081
5.75882352941	5.1758781166
5.76470588235	5.1787056833
5.77058823529	5.1815267364
5.77647058824	5.1843413036
5.78235294118	5.1871494128
5.78823529412	5.1899510914
5.79411764706	5.1927463668
5.8	5.1955352661
5.80588235294	5.1983178164
5.81176470588	5.2010940443
5.81764705882	5.2038639766
5.82352941176	5.2066276397
5.82941176471	5.2093850599
5.83529411765	5.2121362632
5.84117647059	5.2148812757
5.84705882353	5.2176201230
5.85294117647	5.2203528308
5.85882352941	5.2230794246
5.86470588235	5.2257999296
5.87058823529	5.2285143708
5.87647058824	5.2312227734
5.88235294118	5.2339251620
5.88823529412	5.2366215613
5.89411764706	5.2393119958
5.9	5.2419964899
5.90588235294	5.2446750676
5.91176470588	5.2473477531
5.91764705882	5.2500145701
5.92352941176	5.2526755425
5.92941176471	5.2553306938
5.93529411765	5.2579800474
5.94117647059	5.2606236266
5.94705882353	5.2632614546
5.95294117647	5.2658935543
5.95882352941	5.2685199486
5.96470588235	5.2711406603
5.97058823529	5.2737557120
5.97647058824	5.2763651259
5.98235294118	5.2789689246
5.98823529412	5.2815671301
5.99411764706	5.2841597645
6.0	5.2867468496
6.00588235294	5.2893284073
6.01176470588	5.2919044593
6.01764705882	5.2944750269
6.02352941176	5.2970401316
6.02941176471	5.2995997947
6.03529411765	5.3021540373
6.04117647059	5.3047028803
6.04705882353	5.3072463447
6.05294117647	5.3097844513
6.05882352941	5.3123172206
6.06470588235	5.3148446732
6.07058823529	5.3173668295
6.07647058824	5.3198837097
6.08235294118	5.3223953340
6.08823529412	5.3249017225
6.09411764706	5.3274028950
6.1	5.3298988714
6.10588235294	5.3323896714
6.11176470588	5.3348753145
6.11764705882	5.3373558203
6.12352941176	5.3398312080
6.12941176471	5.3423014969
6.13529411765	5.3447667062
6.14117647059	5.3472268548
6.14705882353	5.3496819618
6.15294117647	5.3521320458
6.15882352941	5.3545771257
6.16470588235	5.3570172199
6.17058823529	5.3594523471
6.17647058824	5.3618825255
6.18235294118	5.3643077735
6.18823529412	5.3667281092
6.19411764706	5.3691435508
6.2	5.3715541162
6.20588235294	5.3739598233
6.21176470588	5.3763606899
6.21764705882	5.3787567336
6.22352941176	5.3811479721
6.22941176471	5.3835344228
6.23529411765	5.3859161031
6.24117647059	5.3882930303
6.24705882353	5.3906652217
6.25294117647	5.3930326942
6.25882352941	5.3953954651
6.26470588235	5.3977535510
6.27058823529	5.4001069690
6.27647058824	5.4024557357
6.28235294118	5.4047998677
6.28823529412	5.4071393817
6.29411764706	5.4094742941
6.3	5.4118046212
6.30588235294	5.4141303794
6.31176470588	5.4164515849
6.31764705882	5.4187682538
6.32352941176	5.4210804020
6.32941176471	5.4233880457
6.33529411765	5.4256912005
6.34117647059	5.4279898823
6.34705882353	5.4302841069
6.35294117647	5.4325738897
6.35882352941	5.4348592463
6.36470588235	5.4371401922
6.37058823529	5.4394167427
6.37647058824	5.4416889132
6.38235294118	5.4439567188
6.38823529412	5.4462201746
6.39411764706	5.4484792956
6.4	5.4507340970
6.40588235294	5.4529845935
6.41176470588	5.4552307999
6.41764705882	5.4574727310
6.42352941176	5.4597104015
6.42941176471	5.4619438258
6.43529411765	5.4641730187
6.44117647059	5.4663979944
6.44705882353	5.4686187673
6.45294117647	5.4708353517
6.45882352941	5.4730477619
6.46470588235	5.4752560119
6.47058823529	5.4774601159
6.47647058824	5.4796600878
6.48235294118	5.4818559415
6.48823529412	5.4840476910
6.49411764706	5.4862353500
6.5	5.4884189322
6.50588235294	5.4905984513
6.51176470588	5.4927739208
6.51764705882	5.4949453542
6.52352941176	5.4971127651
6.52941176471	5.4992761667
6.53529411765	5.5014355724
6.54117647059	5.5035909955
6.54705882353	5.5057424490
6.55294117647	5.5078899462
6.55882352941	5.5100335000
6.56470588235	5.5121731234
6.57058823529	5.5143088294
6.57647058824	5.5164406309
6.58235294118	5.5185685405
6.58823529412	5.5206925711
6.59411764706	5.5228127352
6.6	5.5249290456
6.60588235294	5.5270415147
6.61176470588	5.5291501550
6.61764705882	5.5312549790
6.62352941176	5.5333559990
6.62941176471	5.5354532274
6.63529411765	5.5375466762
6.64117647059	5.5396363578
6.64705882353	5.5417222843
6.65294117647	5.5438044677
6.65882352941	5.5458829200
6.66470588235	5.5479576532
6.67058823529	5.5500286791
6.67647058824	5.5520960097
6.68235294118	5.5541596566
6.68823529412	5.5562196317
6.69411764706	5.5582759465
6.7	5.5603286127
6.70588235294	5.5623776419
6.71176470588	5.5644230455
6.71764705882	5.5664648350
6.72352941176	5.5685030218
6.72941176471	5.5705376172
6.73529411765	5.5725686325
6.74117647059	5.5745960789
6.74705882353	5.5766199677
6.75294117647	5.5786403100
6.75882352941	5.5806571167
6.76470588235	5.5826703991
6.77058823529	5.5846801679
6.77647058824	5.5866864342
6.78235294118	5.5886892089
6.78823529412	5.5906885026
6.79411764706	5.5926843264
6.8	5.5946766907
6.80588235294	5.5966656064
6.81176470588	5.5986510840
6.81764705882	5.6006331341
6.82352941176	5.6026117672
6.82941176471	5.6045869939
6.83529411765	5.6065588245
6.84117647059	5.6085272694
6.84705882353	5.6104923390
6.85294117647	5.6124540436
6.85882352941	5.6144123934
6.86470588235	5.6163673985
6.87058823529	5.6183190692
6.87647058824	5.6202674155
6.88235294118	5.6222124476
6.88823529412	5.6241541753
6.89411764706	5.6260926087
6.9	5.6280277578
6.90588235294	5.6299596323
6.91176470588	5.6318882421
6.91764705882	5.6338135970
6.92352941176	5.6357357068
6.92941176471	5.6376545811
6.93529411765	5.6395702297
6.94117647059	5.6414826621
6.94705882353	5.6433918879
6.95294117647	5.6452979166
6.95882352941	5.6472007577
6.96470588235	5.6491004207
6.97058823529	5.6509969150
6.97647058824	5.6528902500
6.98235294118	5.6547804349
6.98823529412	5.6566674791
6.99411764706	5.6585513917
7.0	5.6604321821
7.00588235294	5.6623098593
7.01176470588	5.6641844324
7.01764705882	5.6660559107
7.02352941176	5.6679243030
7.02941176471	5.6697896185
7.03529411765	5.6716518660
7.04117647059	5.6735110545
7.04705882353	5.6753671929
7.05294117647	5.6772202900
7.05882352941	5.6790703547
7.06470588235	5.6809173957
7.07058823529	5.6827614217
7.07647058824	5.6846024414
7.08235294118	5.6864404636
7.08823529412	5.6882754968
7.09411764706	5.6901075496
7.1	5.6919366306
7.10588235294	5.6937627482
7.11176470588	5.6955859110
7.11764705882	5.6974061274
7.12352941176	5.6992234058
7.12941176471	5.7010377546
7.13529411765	5.7028491820
7.14117647059	5.7046576965
7.14705882353	5.7064633062
7.15294117647	5.7082660195
7.15882352941	5.7100658444
7.16470588235	5.7118627892
7.17058823529	5.7136568619
7.17647058824	5.7154480708
7.18235294118	5.7172364237
7.18823529412	5.7190219288
7.19411764706	5.7208045941
7.2	5.7225844275
7.20588235294	5.7243614369
7.21176470588	5.7261356302
7.21764705882	5.7279070153
7.22352941176	5.7296756000
7.22941176471	5.7314413921
7.23529411765	5.7332043994
7.24117647059	5.7349646296
7.24705882353	5.7367220904
7.25294117647	5.7384767895
7.25882352941	5.7402287345
7.26470588235	5.7419779329
7.27058823529	5.7437243925
7.27647058824	5.7454681207
7.28235294118	5.7472091250
7.28823529412	5.7489474129
7.29411764706	5.7506829919
7.3	5.7524158694
7.30588235294	5.7541460528
7.31176470588	5.7558735494
7.31764705882	5.7575983666
7.32352941176	5.7593205117
7.32941176471	5.7610399919
7.33529411765	5.7627568145
7.34117647059	5.7644709867
7.34705882353	5.7661825158
7.35294117647	5.7678914087
7.35882352941	5.7695976727
7.36470588235	5.7713013149
7.37058823529	5.7730023424
7.37647058824	5.7747007621
7.38235294118	5.7763965812
7.38823529412	5.7780898065
7.39411764706	5.7797804451
7.4	5.7814685038
7.40588235294	5.7831539897
7.41176470588	5.7848369095
7.41764705882	5.7865172701
7.42352941176	5.7881950783
7.42941176471	5.7898703409
7.43529411765	5.7915430648
7.44117647059	5.7932132566
7.44705882353	5.7948809230
7.45294117647	5.7965460708
7.45882352941	5.7982087066
7.46470588235	5.7998688370
7.47058823529	5.8015264687
7.47647058824	5.8031816083
7.48235294118	5.8048342622
7.48823529412	5.8064844371
7.49411764706	5.8081321394
7.5	5.8097773756
7.50588235294	5.8114201522
7.51176470588	5.8130604757
7.51764705882	5.8146983524
7.52352941176	5.8163337887
7.52941176471	5.8179667909
7.53529411765	5.8195973655
7.54117647059	5.8212255187
7.54705882353	5.8228512569
7.55294117647	5.8244745861
7.55882352941	5.8260955128
7.56470588235	5.8277140432
7.57058823529	5.8293301833
7.57647058824	5.8309439394
7.58235294118	5.8325553177
7.58823529412	5.8341643242
7.59411764706	5.8357709650
7.6	5.8373752463
7.60588235294	5.8389771741
7.61176470588	5.8405767543
7.61764705882	5.8421739931
7.62352941176	5.8437688963
7.62941176471	5.8453614701
7.63529411765	5.8469517202
7.64117647059	5.8485396526
7.64705882353	5.8501252732
7.65294117647	5.8517085879
7.65882352941	5.8532896025
7.66470588235	5.8548683229
7.67058823529	5.8564447548
7.67647058824	5.8580189041
7.68235294118	5.8595907764
7.68823529412	5.8611603777
7.69411764706	5.8627277135
7.7	5.8642927895
7.70588235294	5.8658556115
7.71176470588	5.8674161851
7.71764705882	5.8689745160
7.72352941176	5.8705306097
7.72941176471	5.8720844719
7.73529411765	5.8736361080
7.74117647059	5.8751855238
7.74705882353	5.8767327247
7.75294117647	5.8782777162
7.75882352941	5.8798205038
7.76470588235	5.8813610930
7.77058823529	5.8828994893
7.77647058824	5.8844356980
7.78235294118	5.8859697246
7.78823529412	5.8875015745
7.79411764706	5.8890312530
7.8	5.8905587656
7.80588235294	5.8920841175
7.81176470588	5.8936073141
7.81764705882	5.8951283606
7.82352941176	5.8966472623
7.82941176471	5.8981640246
7.83529411765	5.8996786526
7.84117647059	5.9011911515
7.84705882353	5.9027015266
7.85294117647	5.9042097830
7.85882352941	5.9057159259
7.86470588235	5.9072199605
7.87058823529	5.9087218918
7.87647058824	5.9102217250
7.88235294118	5.9117194652
7.88823529412	5.9132151175
7.89411764706	5.9147086868
7.9	5.9162001783
7.90588235294	5.9176895969
7.91176470588	5.9191769477
7.91764705882	5.9206622357
7.92352941176	5.9221454657
7.92941176471	5.9236266428
7.93529411765	5.9251057719
7.94117647059	5.9265828578
7.94705882353	5.9280579056
7.95294117647	5.9295309200
7.95882352941	5.9310019060
7.96470588235	5.9324708684
7.97058823529	5.9339378119
7.97647058824	5.9354027415
7.98235294118	5.9368656619
7.98823529412	5.9383265778
7.99411764706	5.9397854942
8.0	5.9412424156
8.00588235294	5.9426973468
8.01176470588	5.9441502925
8.01764705882	5.9456012575
8.02352941176	5.9470502464
8.02941176471	5.9484972638
8.03529411765	5.9499423145
8.04117647059	5.9513854030
8.04705882353	5.9528265339
8.05294117647	5.9542657119
8.05882352941	5.9557029415
8.06470588235	5.9571382274
8.07058823529	5.9585715739
8.07647058824	5.9600029858
8.08235294118	5.9614324675
8.08823529412	5.9628600234
8.09411764706	5.9642856582
8.1	5.9657093762
8.10588235294	5.9671311820
8.11176470588	5.9685510799
8.11764705882	5.9699690745
8.12352941176	5.9713851700
8.12941176471	5.9727993710
8.13529411765	5.9742116817
8.14117647059	5.9756221066
8.14705882353	5.9770306500
8.15294117647	5.9784373163
8.15882352941	5.9798421097
8.16470588235	5.9812450346
8.17058823529	5.9826460953
8.17647058824	5.9840452961
8.18235294118	5.9854426411
8.18823529412	5.9868381348
8.19411764706	5.9882317812
8.2	5.9896235847
8.20588235294	5.9910135494
8.21176470588	5.9924016796
8.21764705882	5.9937879794
8.22352941176	5.9951724529
8.22941176471	5.9965551044
8.23529411765	5.9979359380
8.24117647059	5.9993149578
8.24705882353	6.0006921679
8.25294117647	6.0020675724
8.25882352941	6.0034411753
8.26470588235	6.0048129809
8.27058823529	6.0061829931
8.27647058824	6.0075512159
8.28235294118	6.0089176534
8.28823529412	6.0102823097
8.29411764706	6.0116451887
8.3	6.0130062943
8.30588235294	6.0143656307
8.31176470588	6.0157232017
8.31764705882	6.0170790113
8.32352941176	6.0184330635
8.32941176471	6.0197853621
8.33529411765	6.0211359111
8.34117647059	6.0224847144
8.34705882353	6.0238317758
8.35294117647	6.0251770993
8.35882352941	6.0265206887
8.36470588235	6.0278625479
8.37058823529	6.0292026806
8.37647058824	6.0305410908
8.38235294118	6.0318777822
8.38823529412	6.0332127586
8.39411764706	6.0345460238
8.4	6.0358775816
8.40588235294	6.0372074358
8.41176470588	6.0385355901
8.41764705882	6.0398620482
8.42352941176	6.0411868139
8.42941176471	6.0425098909
8.43529411765	6.0438312829
8.44117647059	6.0451509936
8.44705882353	6.0464690266
8.45294117647	6.0477853857
8.45882352941	6.0491000744
8.46470588235	6.0504130965
8.47058823529	6.0517244555
8.47647058824	6.0530341551
8.48235294118	6.0543421989
8.48823529412	6.0556485905
8.49411764706	6.0569533335
8.5	6.0582564315
8.50588235294	6.0595578879
8.51176470588	6.0608577064
8.51764705882	6.0621558906
8.52352941176	6.0634524439
8.52941176471	6.0647473698
8.53529411765	6.0660406719
8.54117647059	6.0673323537
8.54705882353	6.0686224187
8.55294117647	6.0699108702
8.55882352941	6.0711977119
8.56470588235	6.0724829471
8.57058823529	6.0737665793
8.57647058824	6.0750486119
8.58235294118	6.0763290484
8.58823529412	6.0776078921
8.59411764706	6.0788851464
8.6	6.0801608149
8.60588235294	6.0814349007
8.61176470588	6.0827074073
8.61764705882	6.0839783381
8.62352941176	6.0852476963
8.62941176471	6.0865154854
8.63529411765	6.0877817087
8.64117647059	6.0890463694
8.64705882353	6.0903094709
8.65294117647	6.0915710164
8.65882352941	6.0928310094
8.66470588235	6.0940894529
8.67058823529	6.0953463504
8.67647058824	6.0966017050
8.68235294118	6.0978555201
8.68823529412	6.0991077988
8.69411764706	6.1003585443
8.7	6.1016077599
8.70588235294	6.1028554488
8.71176470588	6.1041016142
8.71764705882	6.1053462592
8.72352941176	6.1065893871
8.72941176471	6.1078310010
8.73529411765	6.1090711041
8.74117647059	6.1103096995
8.74705882353	6.1115467903
8.75294117647	6.1127823798
8.75882352941	6.1140164709
8.76470588235	6.1152490668
8.77058823529	6.1164801707
8.77647058824	6.1177097855
8.78235294118	6.1189379145
8.78823529412	6.1201645606
8.79411764706	6.1213897269
8.8	6.1226134165
8.80588235294	6.1238356324
8.81176470588	6.1250563776
8.81764705882	6.1262756553
8.82352941176	6.1274934683
8.82941176471	6.1287098198
8.83529411765	6.1299247126
8.84117647059	6.1311381498
8.84705882353	6.1323501345
8.85294117647	6.1335606694
8.85882352941	6.1347697577
8.86470588235	6.1359774023
8.87058823529	6.1371836060
8.87647058824	6.1383883719
8.88235294118	6.1395917029
8.88823529412	6.1407936019
8.89411764706	6.1419940718
8.9	6.1431931155
8.90588235294	6.1443907359
8.91176470588	6.1455869360
8.91764705882	6.1467817184
8.92352941176	6.1479750862
8.92941176471	6.1491670423
8.93529411765	6.1503575893
8.94117647059	6.1515467303
8.94705882353	6.1527344680
8.95294117647	6.1539208052
8.95882352941	6.1551057448
8.96470588235	6.1562892896
8.97058823529	6.1574714423
8.97647058824	6.1586522059
8.98235294118	6.1598315830
8.98823529412	6.1610095764
8.99411764706	6.1621861890
9.0	6.1633614234
9.00588235294	6.1645352825
9.01176470588	6.1657077689
9.01764705882	6.1668788854
9.02352941176	6.1680486348
9.02941176471	6.1692170197
9.03529411765	6.1703840429
9.04117647059	6.1715497070
9.04705882353	6.1727140149
9.05294117647	6.1738769691
9.05882352941	6.1750385723
9.06470588235	6.1761988272
9.07058823529	6.1773577366
9.07647058824	6.1785153030
9.08235294118	6.1796715290
9.08823529412	6.1808264175
9.09411764706	6.1819799709
9.1	6.1831321919
9.10588235294	6.1842830831
9.11176470588	6.1854326472
9.11764705882	6.1865808867
9.12352941176	6.1877278042
9.12941176471	6.1888734024
9.13529411765	6.1900176838
9.14117647059	6.1911606510
9.14705882353	6.1923023066
9.15294117647	6.1934426531
9.15882352941	6.1945816931
9.16470588235	6.1957194291
9.17058823529	6.1968558637
9.17647058824	6.1979909994
9.18235294118	6.1991248387
9.18823529412	6.2002573842
9.19411764706	6.2013886383
9.2	6.2025186036
9.20588235294	6.2036472826
9.21176470588	6.2047746777
9.21764705882	6.2059007914
9.22352941176	6.2070256263
9.22941176471	6.2081491847
9.23529411765	6.2092714692
9.24117647059	6.2103924822
9.24705882353	6.2115122261
9.25294117647	6.2126307035
9.25882352941	6.2137479166
9.26470588235	6.2148638680
9.27058823529	6.2159785601
9.27647058824	6.2170919953
9.28235294118	6.2182041759
9.28823529412	6.2193151045
9.29411764706	6.2204247834
9.3	6.2215332149
9.30588235294	6.2226404016
9.31176470588	6.2237463456
9.31764705882	6.2248510495
9.32352941176	6.2259545155
9.32941176471	6.2270567461
9.33529411765	6.2281577435
9.34117647059	6.2292575102
9.34705882353	6.2303560484
9.35294117647	6.2314533605
9.35882352941	6.2325494488
9.36470588235	6.2336443156
9.37058823529	6.2347379632
9.37647058824	6.2358303940
9.38235294118	6.2369216102
9.38823529412	6.2380116142
9.39411764706	6.2391004081
9.4	6.2401879943
9.40588235294	6.2412743751
9.41176470588	6.2423595527
9.41764705882	6.2434435295
9.42352941176	6.2445263075
9.42941176471	6.2456078891
9.43529411765	6.2466882766
9.44117647059	6.2477674721
9.44705882353	6.2488454780
9.45294117647	6.2499222963
9.45882352941	6.2509979294
9.46470588235	6.2520723794
9.47058823529	6.2531456486
9.47647058824	6.2542177392
9.48235294118	6.2552886532
9.48823529412	6.2563583931
9.49411764706	6.2574269608
9.5	6.2584943586
9.50588235294	6.2595605887
9.51176470588	6.2606256532
9.51764705882	6.2616895543
9.52352941176	6.2627522942
9.52941176471	6.2638138749
9.53529411765	6.2648742986
9.54117647059	6.2659335675
9.54705882353	6.2669916837
9.55294117647	6.2680486493
9.55882352941	6.2691044665
9.56470588235	6.2701591373
9.57058823529	6.2712126638
9.57647058824	6.2722650482
9.58235294118	6.2733162925
9.58823529412	6.2743663989
9.59411764706	6.2754153694
9.6	6.2764632061
9.60588235294	6.2775099111
9.61176470588	6.2785554864
9.61764705882	6.2795999342
9.62352941176	6.2806432564
9.62941176471	6.2816854551
9.63529411765	6.2827265323
9.64117647059	6.2837664902
9.64705882353	6.2848053307
9.65294117647	6.2858430559
9.65882352941	6.2868796678
9.66470588235	6.2879151684
9.67058823529	6.2889495597
9.67647058824	6.2899828438
9.68235294118	6.2910150226
9.68823529412	6.2920460982
9.69411764706	6.2930760724
9.7	6.2941049474
9.70588235294	6.2951327251
9.71176470588	6.2961594075
9.71764705882	6.2971849965
9.72352941176	6.2982094942
9.72941176471	6.2992329024
9.73529411765	6.3002552232
9.74117647059	6.3012764585
9.74705882353	6.3022966102
9.75294117647	6.3033156802
9.75882352941	6.3043336706
9.76470588235	6.3053505833
9.77058823529	6.3063664201
9.77647058824	6.3073811830
9.78235294118	6.3083948740
9.78823529412	6.3094074948
9.79411764706	6.3104190475
9.8	6.3114295340
9.80588235294	6.3124389560
9.81176470588	6.3134473156
9.81764705882	6.3144546146
9.82352941176	6.3154608549
9.82941176471	6.3164660384
9.83529411765	6.3174701669
9.84117647059	6.3184732423
9.84705882353	6.3194752665
9.85294117647	6.3204762413
9.85882352941	6.3214761687
9.86470588235	6.3224750503
9.87058823529	6.3234728882
9.87647058824	6.3244696841
9.88235294118	6.3254654398
9.88823529412	6.3264601572
9.89411764706	6.3274538381
9.9	6.3284464844
9.90588235294	6.3294380978
9.91176470588	6.3304286801
9.91764705882	6.3314182333
9.92352941176	6.3324067590
9.92941176471	6.3333942591
9.93529411765	6.3343807353
9.94117647059	6.3353661895
9.94705882353	6.3363506234
9.95294117647	6.3373340389
9.95882352941	6.3383164376
9.96470588235	6.3392978214
9.97058823529	6.3402781920
9.97647058824	6.3412575513
9.98235294118	6.3422359008
9.98823529412	6.3432132425
9.99411764706	6.3441895780
10.0	6.3451649091
