0.0	2.9091196405
0.00769230769231	2.9103535290
0.0153846153846	2.9119694283
0.0230769230769	2.9135905171
0.0307692307692	2.9152413706
0.0384615384615	2.9169030633
0.0461538461538	2.9185754281
0.0538461538462	2.9202558849
0.0615384615385	2.9219437356
0.0692307692308	2.9236382830
0.0769230769231	2.9253391463
0.0846153846154	2.9270460284
0.0923076923077	2.9287587214
0.1	2.9304770641
0.107692307692	2.9322009316
0.115384615385	2.9339302235
0.123076923077	2.9356648572
0.130769230769	2.9374047636
0.138461538462	2.9391498838
0.146153846154	2.9409001666
0.153846153846	2.9426555668
0.161538461538	2.9444160441
0.169230769231	2.9461815621
0.176923076923	2.9479520874
0.184615384615	2.9497275893
0.192307692308	2.9515080390
0.2	2.9532934096
0.207692307692	2.9550836755
0.215384615385	2.9568788125
0.223076923077	2.9586787974
0.230769230769	2.9604836077
0.238461538462	2.9622932220
0.246153846154	2.9641076193
0.253846153846	2.9659267791
0.261538461538	2.9677506816
0.269230769231	2.9695793074
0.276923076923	2.9714126374
0.284615384615	2.9732506528
0.292307692308	2.9750933352
0.3	2.9769406665
0.307692307692	2.9787926285
0.315384615385	2.9806492036
0.323076923077	2.9825103743
0.330769230769	2.9843761231
0.338461538462	2.9862464328
0.346153846154	2.9881212863
0.353846153846	2.9900006667
0.361538461538	2.9918845569
0.369230769231	2.9937729404
0.376923076923	2.9956658004
0.384615384615	2.9975631204
0.392307692308	2.9994648839
0.4	3.0013710745
0.407692307692	3.0032816758
0.415384615385	3.0051966716
0.423076923077	3.0071160457
0.430769230769	3.0090397820
0.438461538462	3.0109678644
0.446153846154	3.0129002768
0.453846153846	3.0148370033
0.461538461538	3.0167780279
0.469230769231	3.0187233349
0.476923076923	3.0206729083
0.484615384615	3.0226267325
0.492307692308	3.0245847915
0.5	3.0265470699
0.507692307692	3.0285135518
0.515384615385	3.0304842218
0.523076923077	3.0324590642
0.530769230769	3.0344380636
0.538461538462	3.0364212043
0.546153846154	3.0384084710
0.553846153846	3.0403998483
0.561538461538	3.0423953208
0.569230769231	3.0443948731
0.576923076923	3.0463984900
0.584615384615	3.0484061561
0.592307692308	3.0504178563
0.6	3.0524335753
0.607692307692	3.0544532981
0.615384615385	3.0564770094
0.623076923077	3.0585046942
0.630769230769	3.0605363374
0.638461538462	3.0625719241
0.646153846154	3.0646114393
0.653846153846	3.0666548679
0.661538461538	3.0687021952
0.669230769231	3.0707534062
0.676923076923	3.0728084861
0.684615384615	3.0748674201
0.692307692308	3.0769301935
0.7	3.0789967915
0.707692307692	3.0810671994
0.715384615385	3.0831414026
0.723076923077	3.0852193865
0.730769230769	3.0873011365
0.738461538462	3.0893866380
0.746153846154	3.0914758766
0.753846153846	3.0935688378
0.761538461538	3.0956655072
0.769230769231	3.0977658703
0.776923076923	3.0998699128
0.784615384615	3.1019776204
0.792307692308	3.1040889788
0.8	3.1062039739
0.807692307692	3.1083225913
0.815384615385	3.1104448169
0.823076923077	3.1125706367
0.830769230769	3.1147000365
0.838461538462	3.1168330022
0.846153846154	3.1189695199
0.853846153846	3.1211095757
0.861538461538	3.1232531555
0.869230769231	3.1254002455
0.876923076923	3.1275508319
0.884615384615	3.1297049008
0.892307692308	3.1318624385
0.9	3.1340234312
0.907692307692	3.1361878654
0.915384615385	3.1383557272
0.923076923077	3.1405270032
0.930769230769	3.1427016798
0.938461538462	3.1448797435
0.946153846154	3.1470611807
0.953846153846	3.1492459780
0.961538461538	3.1514341222
0.969230769231	3.1536255997
0.976923076923	3.1558203973
0.984615384615	3.1580185017
0.992307692308	3.1602198998
1.0	3.1624245782
1.00769230769	3.1646325240
1.01538461538	3.1668437239
1.02307692308	3.1690581650
1.03076923077	3.1712758342
1.03846153846	3.1734967185
1.04615384615	3.1757208051
1.05384615385	3.1779480810
1.06153846154	3.1801785335
1.06923076923	3.1824121497
1.07692307692	3.1846489169
1.08461538462	3.1868888223
1.09230769231	3.1891318534
1.1	3.1913779975
1.10769230769	3.1936272421
1.11538461538	3.1958795745
1.12307692308	3.1981349824
1.13076923077	3.2003934533
1.13846153846	3.2026549748
1.14615384615	3.2049195346
1.15384615385	3.2071871203
1.16153846154	3.2094577198
1.16923076923	3.2117313207
1.17692307692	3.2140079110
1.18461538462	3.2162874785
1.19230769231	3.2185700112
1.2	3.2208554970
1.20769230769	3.2231439239
1.21538461538	3.2254352801
1.22307692308	3.2277295536
1.23076923077	3.2300267325
1.23846153846	3.2323268052
1.24615384615	3.2346297597
1.25384615385	3.2369355846
1.26153846154	3.2392442680
1.26923076923	3.2415557984
1.27692307692	3.2438701641
1.28461538462	3.2461873538
1.29230769231	3.2485073560
1.3	3.2508301591
1.30769230769	3.2531557519
1.31538461538	3.2554841230
1.32307692308	3.2578152611
1.33076923077	3.2601491551
1.33846153846	3.2624857936
1.34615384615	3.2648251656
1.35384615385	3.2671672601
1.36153846154	3.2695120659
1.36923076923	3.2718595720
1.37692307692	3.2742097676
1.38461538462	3.2765626417
1.39230769231	3.2789181835
1.4	3.2812763821
1.40769230769	3.2836372269
1.41538461538	3.2860007071
1.42307692308	3.2883668121
1.43076923077	3.2907355312
1.43846153846	3.2931068539
1.44615384615	3.2954807697
1.45384615385	3.2978572681
1.46153846154	3.3002363388
1.46923076923	3.3026179713
1.47692307692	3.3050021553
1.48461538462	3.3073888806
1.49230769231	3.3097781369
1.5	3.3121699141
1.50769230769	3.3145642021
1.51538461538	3.3169609908
1.52307692308	3.3193602702
1.53076923077	3.3217620302
1.53846153846	3.3241662611
1.54615384615	3.3265729528
1.55384615385	3.3289820956
1.56153846154	3.3313936798
1.56923076923	3.3338076955
1.57692307692	3.3362241331
1.58461538462	3.3386429830
1.59230769231	3.3410642356
1.6	3.3434878814
1.60769230769	3.3459139109
1.61538461538	3.3483423147
1.62307692308	3.3507730834
1.63076923077	3.3532062076
1.63846153846	3.3556416782
1.64615384615	3.3580794859
1.65384615385	3.3605196214
1.66153846154	3.3629620757
1.66923076923	3.3654068397
1.67692307692	3.3678539044
1.68461538462	3.3703032608
1.69230769231	3.3727549000
1.7	3.3752088131
1.70769230769	3.3776649913
1.71538461538	3.3801234257
1.72307692308	3.3825841078
1.73076923077	3.3850470288
1.73846153846	3.3875121801
1.74615384615	3.3899795531
1.75384615385	3.3924491393
1.76153846154	3.3949209303
1.76923076923	3.3973949176
1.77692307692	3.3998710929
1.78461538462	3.4023494478
1.79230769231	3.4048299742
1.8	3.4073126637
1.80769230769	3.4097975082
1.81538461538	3.4122844996
1.82307692308	3.4147736300
1.83076923077	3.4172648911
1.83846153846	3.4197582752
1.84615384615	3.4222537743
1.85384615385	3.4247513805
1.86153846154	3.4272510861
1.86923076923	3.4297528833
1.87692307692	3.4322567644
1.88461538462	3.4347627218
1.89230769231	3.4372707478
1.9	3.4397808351
1.90769230769	3.4422929760
1.91538461538	3.4448071631
1.92307692308	3.4473233891
1.93076923077	3.4498416466
1.93846153846	3.4523619284
1.94615384615	3.4548842272
1.95384615385	3.4574085359
1.96153846154	3.4599348473
1.96923076923	3.4624631545
1.97692307692	3.4649934503
1.98461538462	3.4675257278
1.99230769231	3.4700599802
2.0	3.4725962005
2.00769230769	3.4751343820
2.01538461538	3.4776745180
2.02307692308	3.4802166016
2.03076923077	3.4827606265
2.03846153846	3.4853065858
2.04615384615	3.4878544731
2.05384615385	3.4904042820
2.06153846154	3.4929560060
2.06923076923	3.4955096387
2.07692307692	3.4980651739
2.08461538462	3.5006226053
2.09230769231	3.5031819266
2.1	3.5057431318
2.10769230769	3.5083062147
2.11538461538	3.5108711694
2.12307692308	3.5134379897
2.13076923077	3.5160066699
2.13846153846	3.5185772040
2.14615384615	3.5211495862
2.15384615385	3.5237238108
2.16153846154	3.5262998721
2.16923076923	3.5288777643
2.17692307692	3.5314574820
2.18461538462	3.5340390196
2.19230769231	3.5366223716
2.2	3.5392075325
2.20769230769	3.5417944971
2.21538461538	3.5443832600
2.22307692308	3.5469738160
2.23076923077	3.5495661598
2.23846153846	3.5521602863
2.24615384615	3.5547561905
2.25384615385	3.5573538674
2.26153846154	3.5599533118
2.26923076923	3.5625545191
2.27692307692	3.5651574843
2.28461538462	3.5677622025
2.29230769231	3.5703686692
2.3	3.5729768796
2.30769230769	3.5755868291
2.31538461538	3.5781985132
2.32307692308	3.5808119273
2.33076923077	3.5834270670
2.33846153846	3.5860439280
2.34615384615	3.5886625060
2.35384615385	3.5912827966
2.36153846154	3.5939047957
2.36923076923	3.5965284991
2.37692307692	3.5991539028
2.38461538462	3.6017810028
2.39230769231	3.6044097951
2.4	3.6070402759
2.40769230769	3.6096724412
2.41538461538	3.6123062874
2.42307692308	3.6149418107
2.43076923077	3.6175790076
2.43846153846	3.6202178743
2.44615384615	3.6228584075
2.45384615385	3.6255006036
2.46153846154	3.6281444593
2.46923076923	3.6307899712
2.47692307692	3.6334371362
2.48461538462	3.6360859509
2.49230769231	3.6387364123
2.5	3.6413885174
2.50769230769	3.6440422630
2.51538461538	3.6466976464
2.52307692308	3.6493546646
2.53076923077	3.6520133148
2.53846153846	3.6546735943
2.54615384615	3.6573355004
2.55384615385	3.6599990306
2.56153846154	3.6626641823
2.56923076923	3.6653309531
2.57692307692	3.6679993405
2.58461538462	3.6706693423
2.59230769231	3.6733409561
2.6	3.6760141799
2.60769230769	3.6786890115
2.61538461538	3.6813654488
2.62307692308	3.6840434900
2.63076923077	3.6867231331
2.63846153846	3.6894043762
2.64615384615	3.6920872177
2.65384615385	3.6947716558
2.66153846154	3.6974576890
2.66923076923	3.7001453156
2.67692307692	3.7028345344
2.68461538462	3.7055253438
2.69230769231	3.7082177427
2.7	3.7109117296
2.70769230769	3.7136073036
2.71538461538	3.7163044635
2.72307692308	3.7190032083
2.73076923077	3.7217035372
2.73846153846	3.7244054492
2.74615384615	3.7271089436
2.75384615385	3.7298140198
2.76153846154	3.7325206771
2.76923076923	3.7352289151
2.77692307692	3.7379387332
2.78461538462	3.7406501312
2.79230769231	3.7433631087
2.8	3.7460776656
2.80769230769	3.7487938018
2.81538461538	3.7515115173
2.82307692308	3.7542308121
2.83076923077	3.7569516864
2.83846153846	3.7596741404
2.84615384615	3.7623981746
2.85384615385	3.7651237892
2.86153846154	3.7678509849
2.86923076923	3.7705797622
2.87692307692	3.7733101218
2.88461538462	3.7760420645
2.89230769231	3.7787755913
2.9	3.7815107030
2.90769230769	3.7842474007
2.91538461538	3.7869856857
2.92307692308	3.7897255592
2.93076923077	3.7924670225
2.93846153846	3.7952100771
2.94615384615	3.7979547246
2.95384615385	3.8007009666
2.96153846154	3.8034488049
2.96923076923	3.8061982414
2.97692307692	3.8089492780
2.98461538462	3.8117019169
2.99230769231	3.8144561601
3.0	3.8172120101
3.00769230769	3.8199694692
3.01538461538	3.8227285399
3.02307692308	3.8254892248
3.03076923077	3.8282515267
3.03846153846	3.8310154484
3.04615384615	3.8337809929
3.05384615385	3.8365481633
3.06153846154	3.8393169628
3.06923076923	3.8420873946
3.07692307692	3.8448594623
3.08461538462	3.8476331694
3.09230769231	3.8504085196
3.1	3.8531855166
3.10769230769	3.8559641645
3.11538461538	3.8587444673
3.12307692308	3.8615264291
3.13076923077	3.8643100544
3.13846153846	3.8670953476
3.14615384615	3.8698823133
3.15384615385	3.8726709562
3.16153846154	3.8754612811
3.16923076923	3.8782532932
3.17692307692	3.8810469976
3.18461538462	3.8838423995
3.19230769231	3.8866395044
3.2	3.8894383180
3.20769230769	3.8922388460
3.21538461538	3.8950410942
3.22307692308	3.8978450687
3.23076923077	3.9006507759
3.23846153846	3.9034582219
3.24615384615	3.9062674134
3.25384615385	3.9090783571
3.26153846154	3.9118910599
3.26923076923	3.9147055287
3.27692307692	3.9175217709
3.28461538462	3.9203397938
3.29230769231	3.9231596049
3.3	3.9259812121
3.30769230769	3.9288046233
3.31538461538	3.9316298465
3.32307692308	3.9344568902
3.33076923077	3.9372857628
3.33846153846	3.9401164730
3.34615384615	3.9429490297
3.35384615385	3.9457834421
3.36153846154	3.9486197194
3.36923076923	3.9514578712
3.37692307692	3.9542979073
3.38461538462	3.9571398375
3.39230769231	3.9599836721
3.4	3.9628294214
3.40769230769	3.9656770962
3.41538461538	3.9685267073
3.42307692308	3.9713782657
3.43076923077	3.9742317830
3.43846153846	3.9770872705
3.44615384615	3.9799447404
3.45384615385	3.9828042045
3.46153846154	3.9856656754
3.46923076923	3.9885291657
3.47692307692	3.9913946882
3.48461538462	3.9942622562
3.49230769231	3.9971318832
3.5	4.0000035830
3.50769230769	4.0028773695
3.51538461538	4.0057532573
3.52307692308	4.0086312609
3.53076923077	4.0115113955
3.53846153846	4.0143936762
3.54615384615	4.0172781188
3.55384615385	4.0201647392
3.56153846154	4.0230535538
3.56923076923	4.0259445793
3.57692307692	4.0288378326
3.58461538462	4.0317333313
3.59230769231	4.0346310931
3.6	4.0375311361
3.60769230769	4.0404334790
3.61538461538	4.0433381408
3.62307692308	4.0462451407
3.63076923077	4.0491544986
3.63846153846	4.0520662348
3.64615384615	4.0549803699
3.65384615385	4.0578969251
3.66153846154	4.0608159220
3.66923076923	4.0637373827
3.67692307692	4.0666613297
3.68461538462	4.0695877861
3.69230769231	4.0725167756
3.7	4.0754483222
3.70769230769	4.0783824507
3.71538461538	4.0813191862
3.72307692308	4.0842585545
3.73076923077	4.0872005821
3.73846153846	4.0901452960
3.74615384615	4.0930927238
3.75384615385	4.0960428937
3.76153846154	4.0989958347
3.76923076923	4.1019515764
3.77692307692	4.1049101491
3.78461538462	4.1078715838
3.79230769231	4.1108359124
3.8	4.1138031672
3.80769230769	4.1167733817
3.81538461538	4.1197465900
3.82307692308	4.1227228270
3.83076923077	4.1257021286
3.83846153846	4.1286845316
3.84615384615	4.1316700735
3.85384615385	4.1346587930
3.86153846154	4.1376507296
3.86923076923	4.1406459241
3.87692307692	4.1436444179
3.88461538462	4.1466462539
3.89230769231	4.1496514760
3.9	4.1526601292
3.90769230769	4.1556722597
3.91538461538	4.1586879150
3.92307692308	4.1617071440
3.93076923077	4.1647299968
3.93846153846	4.1677565250
3.94615384615	4.1707867815
3.95384615385	4.1738208209
3.96153846154	4.1768586993
3.96923076923	4.1799004744
3.97692307692	4.1829462056
3.98461538462	4.1859959542
3.99230769231	4.1890497831
4.0	4.1921077573
4.00769230769	4.1951699439
4.01538461538	4.1982364118
4.02307692308	4.2013072324
4.03076923077	4.2043824791
4.03846153846	4.2074622281
4.04615384615	4.2105465576
4.05384615385	4.2136355488
4.06153846154	4.2167292855
4.06923076923	4.2198278544
4.07692307692	4.2229313454
4.08461538462	4.2260398513
4.09230769231	4.2291534684
4.1	4.2322722967
4.10769230769	4.2353964397
4.11538461538	4.2385260049
4.12307692308	4.2416611039
4.13076923077	4.2448018528
4.13846153846	4.2479483723
4.14615384615	4.2511007880
4.15384615385	4.2542592307
4.16153846154	4.2574238369
4.16923076923	4.2605947489
4.17692307692	4.2637721152
4.18461538462	4.2669560912
4.19230769231	4.2701468392
4.2	4.2733445296
4.20769230769	4.2765493405
4.21538461538	4.2797614593
4.22307692308	4.2829810826
4.23076923077	4.2862084173
4.23846153846	4.2894436815
4.24615384615	4.2926871050
4.25384615385	4.2959389308
4.26153846154	4.2991994158
4.26923076923	4.3024688326
4.27692307692	4.3057474702
4.28461538462	4.3090356363
4.29230769231	4.3123336589
4.3	4.3156418882
4.30769230769	4.3189606993
4.31538461538	4.3222904947
4.32307692308	4.3256317076
4.33076923077	4.3289848059
4.33846153846	4.3323502962
4.34615384615	4.3357287289
4.35384615385	4.3391207047
4.36153846154	4.3425268818
4.36923076923	4.3459479847
4.37692307692	4.3493848152
4.38461538462	4.3528382659
4.39230769231	4.3563093371
4.4	4.3597991583
4.40769230769	4.3633090161
4.41538461538	4.3668403909
4.42307692308	4.3703950064
4.43076923077	4.3739748983
4.43846153846	4.3775825122
4.44615384615	4.3812208499
4.45384615385	4.3848936961
4.46153846154	4.3886059965
4.46923076923	4.3923645401
4.47692307692	4.3961793466
4.48461538462	4.4000670731
4.49230769231	4.4040628589
4.5	4.4085078865
4.50769230769	4.4133930269
4.51538461538	4.4183744291
4.52307692308	4.4234172558
4.53076923077	4.4285038566
4.53846153846	4.4336238361
4.54615384615	4.4387698163
4.55384615385	4.4439365042
4.56153846154	4.4491197134
4.56923076923	4.4543161588
4.57692307692	4.4595231014
4.58461538462	4.4647382787
4.59230769231	4.4699597450
4.6	4.4751858390
4.60769230769	4.4804151028
4.61538461538	4.4856462630
4.62307692308	4.4908781861
4.63076923077	4.4961098657
4.63846153846	4.5013403963
4.64615384615	4.5065689641
4.65384615385	4.5117948312
4.66153846154	4.5170173281
4.66923076923	4.5222358435
4.67692307692	4.5274498193
4.68461538462	4.5326587431
4.69230769231	4.5378621444
4.7	4.5430595895
4.70769230769	4.5482506784
4.71538461538	4.5534350413
4.72307692308	4.5586123356
4.73076923077	4.5637822439
4.73846153846	4.5689444716
4.74615384615	4.5740987447
4.75384615385	4.5792448086
4.76153846154	4.5843824263
4.76923076923	4.5895113769
4.77692307692	4.5946314547
4.78461538462	4.5997424677
4.79230769231	4.6048442370
4.8	4.6099365956
4.80769230769	4.6150193875
4.81538461538	4.6200924675
4.82307692308	4.6251556996
4.83076923077	4.6302089574
4.83846153846	4.6352521225
4.84615384615	4.6402850849
4.85384615385	4.6453077419
4.86153846154	4.6503199977
4.86923076923	4.6553217633
4.87692307692	4.6603129558
4.88461538462	4.6652934982
4.89230769231	4.6702633191
4.9	4.6752223520
4.90769230769	4.6801705358
4.91538461538	4.6851078137
4.92307692308	4.6900341333
4.93076923077	4.6949494466
4.93846153846	4.6998537094
4.94615384615	4.7047468813
4.95384615385	4.7096289252
4.96153846154	4.7144998078
4.96923076923	4.7193594986
4.97692307692	4.7242079703
4.98461538462	4.7290451985
4.99230769231	4.7338711615
5.0	4.7386858402
5.00769230769	4.7434892180
5.01538461538	4.7482812806
5.02307692308	4.7530620160
5.03076923077	4.7578314144
5.03846153846	4.7625894679
5.04615384615	4.7673361707
5.05384615385	4.7720715185
5.06153846154	4.7767955093
5.06923076923	4.7815081423
5.07692307692	4.7862094185
5.08461538462	4.7908993406
5.09230769231	4.7955779124
5.1	4.8002451394
5.10769230769	4.8049010282
5.11538461538	4.8095455868
5.12307692308	4.8141788245
5.13076923077	4.8188007515
5.13846153846	4.8234113792
5.14615384615	4.8280107203
5.15384615385	4.8325987881
5.16153846154	4.8371755972
5.16923076923	4.8417411629
5.17692307692	4.8462955014
5.18461538462	4.8508386299
5.19230769231	4.8553705663
5.2	4.8598913291
5.20769230769	4.8644009378
5.21538461538	4.8688994125
5.22307692308	4.8733867737
5.23076923077	4.8778630430
5.23846153846	4.8823282423
5.24615384615	4.8867823941
5.25384615385	4.8912255214
5.26153846154	4.8956576480
5.26923076923	4.9000787979
5.27692307692	4.9044889957
5.28461538462	4.9088882663
5.29230769231	4.9132766354
5.3	4.9176541286
5.30769230769	4.9220207724
5.31538461538	4.9263765932
5.32307692308	4.9307216182
5.33076923077	4.9350558745
5.33846153846	4.9393793898
5.34615384615	4.9436921921
5.35384615385	4.9479943096
5.36153846154	4.9522857706
5.36923076923	4.9565666040
5.37692307692	4.9608368388
5.38461538462	4.9650965041
5.39230769231	4.9693456293
5.4	4.9735842441
5.40769230769	4.9778123783
5.41538461538	4.9820300618
5.42307692308	4.9862373249
5.43076923077	4.9904341977
5.43846153846	4.9946207109
5.44615384615	4.9987968949
5.45384615385	5.0029627805
5.46153846154	5.0071183985
5.46923076923	5.0112637799
5.47692307692	5.0153989558
5.48461538462	5.0195239572
5.49230769231	5.0236388154
5.5	5.0277434890
5.50769230769	5.0318344973
5.51538461538	5.0359119577
5.52307692308	5.0399759481
5.53076923077	5.0440265637
5.53846153846	5.0480638847
5.54615384615	5.0520879995
5.55384615385	5.0560989884
5.56153846154	5.0600969358
5.56923076923	5.0640819213
5.57692307692	5.0680540264
5.58461538462	5.0720133296
5.59230769231	5.0759599103
5.6	5.0798938455
5.60769230769	5.0838152128
5.61538461538	5.0877240877
5.62307692308	5.0916205461
5.63076923077	5.0955046623
5.63846153846	5.0993765104
5.64615384615	5.1032361634
5.65384615385	5.1070836938
5.66153846154	5.1109191733
5.66923076923	5.1147426731
5.67692307692	5.1185542633
5.68461538462	5.1223540139
5.69230769231	5.1261419939
5.7	5.1299182716
5.70769230769	5.1336829148
5.71538461538	5.1374359907
5.72307692308	5.1411775658
5.73076923077	5.1449077061
5.73846153846	5.1486264769
5.74615384615	5.1523339429
5.75384615385	5.1560301682
5.76153846154	5.1597152165
5.76923076923	5.1633891508
5.77692307692	5.1670520335
5.78461538462	5.1707039265
5.79230769231	5.1743448912
5.8	5.1779749884
5.80769230769	5.1815942784
5.81538461538	5.1852028210
5.82307692308	5.1888006754
5.83076923077	5.1923879003
5.83846153846	5.1959645540
5.84615384615	5.1995306943
5.85384615385	5.2030863783
5.86153846154	5.2066316629
5.86923076923	5.2101666043
5.87692307692	5.2136912584
5.88461538462	5.2172056804
5.89230769231	5.2207099253
5.9	5.2242040475
5.90769230769	5.2276881010
5.91538461538	5.2311621393
5.92307692308	5.2346262155
5.93076923077	5.2380803822
5.93846153846	5.2415246918
5.94615384615	5.2449591959
5.95384615385	5.2483839459
5.96153846154	5.2517989929
5.96923076923	5.2552043874
5.97692307692	5.2586001795
5.98461538462	5.2619864189
5.99230769231	5.2653631552
6.0	5.2687304371
6.00769230769	5.2720883133
6.01538461538	5.2754368319
6.02307692308	5.2787760408
6.03076923077	5.2821059875
6.03846153846	5.2854267189
6.04615384615	5.2887382817
6.05384615385	5.2920407224
6.06153846154	5.2953340869
6.06923076923	5.2986184208
6.07692307692	5.3018937694
6.08461538462	5.3051601776
6.09230769231	5.3084176900
6.1	5.3116663509
6.10769230769	5.3149062041
6.11538461538	5.3181372932
6.12307692308	5.3213596616
6.13076923077	5.3245733520
6.13846153846	5.3277784071
6.14615384615	5.3309748691
6.15384615385	5.3341627801
6.16153846154	5.3373421817
6.16923076923	5.3405131153
6.17692307692	5.3436756218
6.18461538462	5.3468297420
6.19230769231	5.3499755163
6.2	5.3531129850
6.20769230769	5.3562421878
6.21538461538	5.3593631643
6.22307692308	5.3624759537
6.23076923077	5.3655805951
6.23846153846	5.3686771271
6.24615384615	5.3717655882
6.25384615385	5.3748460165
6.26153846154	5.3779184499
6.26923076923	5.3809829260
6.27692307692	5.3840394821
6.28461538462	5.3870881553
6.29230769231	5.3901289825
6.3	5.3931620001
6.30769230769	5.3961872445
6.31538461538	5.3992047516
6.32307692308	5.4022145573
6.33076923077	5.4052166971
6.33846153846	5.4082112063
6.34615384615	5.4111981200
6.35384615385	5.4141774728
6.36153846154	5.4171492994
6.36923076923	5.4201136341
6.37692307692	5.4230705110
6.38461538462	5.4260199639
6.39230769231	5.4289620265
6.4	5.4318967320
6.40769230769	5.4348241138
6.41538461538	5.4377442047
6.42307692308	5.4406570374
6.43076923077	5.4435626444
6.43846153846	5.4464610579
6.44615384615	5.4493523102
6.45384615385	5.4522364328
6.46153846154	5.4551134576
6.46923076923	5.4579834159
6.47692307692	5.4608463389
6.48461538462	5.4637022577
6.49230769231	5.4665512029
6.5	5.4693932052
6.50769230769	5.4722282950
6.51538461538	5.4750565025
6.52307692308	5.4778778576
6.53076923077	5.4806923902
6.53846153846	5.4835001298
6.54615384615	5.4863011059
6.55384615385	5.4890953476
6.56153846154	5.4918828840
6.56923076923	5.4946637440
6.57692307692	5.4974379561
6.58461538462	5.5002055488
6.59230769231	5.5029665505
6.6	5.5057209892
6.60769230769	5.5084688929
6.61538461538	5.5112102893
6.62307692308	5.5139452059
6.63076923077	5.5166736702
6.63846153846	5.5193957094
6.64615384615	5.5221113505
6.65384615385	5.5248206203
6.66153846154	5.5275235458
6.66923076923	5.5302201532
6.67692307692	5.5329104691
6.68461538462	5.5355945196
6.69230769231	5.5382723308
6.7	5.5409439286
6.70769230769	5.5436093387
6.71538461538	5.5462685866
6.72307692308	5.5489216978
6.73076923077	5.5515686976
6.73846153846	5.5542096109
6.74615384615	5.5568444628
6.75384615385	5.5594732780
6.76153846154	5.5620960812
6.76923076923	5.5647128969
6.77692307692	5.5673237493
6.78461538462	5.5699286628
6.79230769231	5.5725276613
6.8	5.5751207688
6.80769230769	5.5777080089
6.81538461538	5.5802894053
6.82307692308	5.5828649816
6.83076923077	5.5854347609
6.83846153846	5.5879987665
6.84615384615	5.5905570215
6.85384615385	5.5931095487
6.86153846154	5.5956563710
6.86923076923	5.5981975109
6.87692307692	5.6007329911
6.88461538462	5.6032628338
6.89230769231	5.6057870613
6.9	5.6083056958
6.90769230769	5.6108187592
6.91538461538	5.6133262733
6.92307692308	5.6158282600
6.93076923077	5.6183247407
6.93846153846	5.6208157371
6.94615384615	5.6233012703
6.95384615385	5.6257813617
6.96153846154	5.6282560324
6.96923076923	5.6307253034
6.97692307692	5.6331891954
6.98461538462	5.6356477293
6.99230769231	5.6381009257
7.0	5.6405488050
7.00769230769	5.6429913878
7.01538461538	5.6454286941
7.02307692308	5.6478607443
7.03076923077	5.6502875584
7.03846153846	5.6527091562
7.04615384615	5.6551255576
7.05384615385	5.6575367823
7.06153846154	5.6599428499
7.06923076923	5.6623437798
7.07692307692	5.6647395915
7.08461538462	5.6671303043
7.09230769231	5.6695159372
7.1	5.6718965093
7.10769230769	5.6742720397
7.11538461538	5.6766425470
7.12307692308	5.6790080501
7.13076923077	5.6813685676
7.13846153846	5.6837241180
7.14615384615	5.6860747197
7.15384615385	5.6884203911
7.16153846154	5.6907611504
7.16923076923	5.6930970158
7.17692307692	5.6954280051
7.18461538462	5.6977541365
7.19230769231	5.7000754277
7.2	5.7023918964
7.20769230769	5.7047035603
7.21538461538	5.7070104369
7.22307692308	5.7093125437
7.23076923077	5.7116098980
7.23846153846	5.7139025171
7.24615384615	5.7161904181
7.25384615385	5.7184736182
7.26153846154	5.7207521343
7.26923076923	5.7230259833
7.27692307692	5.7252951820
7.28461538462	5.7275597471
7.29230769231	5.7298196952
7.3	5.7320750429
7.30769230769	5.7343258067
7.31538461538	5.7365720028
7.32307692308	5.7388136476
7.33076923077	5.7410507573
7.33846153846	5.7432833479
7.34615384615	5.7455114355
7.35384615385	5.7477350360
7.36153846154	5.7499541653
7.36923076923	5.7521688391
7.37692307692	5.7543790731
7.38461538462	5.7565848830
7.39230769231	5.7587862842
7.4	5.7609832922
7.40769230769	5.7631759224
7.41538461538	5.7653641900
7.42307692308	5.7675481103
7.43076923077	5.7697276983
7.43846153846	5.7719029692
7.44615384615	5.7740739379
7.45384615385	5.7762406193
7.46153846154	5.7784030283
7.46923076923	5.7805611795
7.47692307692	5.7827150876
7.48461538462	5.7848647673
7.49230769231	5.7870102330
7.5	5.7891514992
7.50769230769	5.7912885804
7.51538461538	5.7934214907
7.52307692308	5.7955502444
7.53076923077	5.7976748556
7.53846153846	5.7997953386
7.54615384615	5.8019117072
7.55384615385	5.8040239754
7.56153846154	5.8061321571
7.56923076923	5.8082362662
7.57692307692	5.8103363163
7.58461538462	5.8124323211
7.59230769231	5.8145242942
7.6	5.8166122491
7.60769230769	5.8186961994
7.61538461538	5.8207761585
7.62307692308	5.8228521395
7.63076923077	5.8249241560
7.63846153846	5.8269922209
7.64615384615	5.8290563475
7.65384615385	5.8311165489
7.66153846154	5.8331728381
7.66923076923	5.8352252280
7.67692307692	5.8372737314
7.68461538462	5.8393183613
7.69230769231	5.8413591304
7.7	5.8433960514
7.70769230769	5.8454291369
7.71538461538	5.8474583995
7.72307692308	5.8494838517
7.73076923077	5.8515055060
7.73846153846	5.8535233748
7.74615384615	5.8555374703
7.75384615385	5.8575478050
7.76153846154	5.8595543909
7.76923076923	5.8615572403
7.77692307692	5.8635563653
7.78461538462	5.8655517779
7.79230769231	5.8675434900
7.8	5.8695315137
7.80769230769	5.8715158608
7.81538461538	5.8734965431
7.82307692308	5.8754735724
7.83076923077	5.8774469604
7.83846153846	5.8794167187
7.84615384615	5.8813828590
7.85384615385	5.8833453927
7.86153846154	5.8853043314
7.86923076923	5.8872596865
7.87692307692	5.8892114694
7.88461538462	5.8911596914
7.89230769231	5.8931043637
7.9	5.8950454977
7.90769230769	5.8969831045
7.91538461538	5.8989171951
7.92307692308	5.9008477807
7.93076923077	5.9027748723
7.93846153846	5.9046984809
7.94615384615	5.9066186173
7.95384615385	5.9085352924
7.96153846154	5.9104485171
7.96923076923	5.9123583021
7.97692307692	5.9142646581
7.98461538462	5.9161675958
7.99230769231	5.9180671258
8.0	5.9199632587
8.00769230769	5.9218560050
8.01538461538	5.9237453752
8.02307692308	5.9256313797
8.03076923077	5.9275140289
8.03846153846	5.9293933330
8.04615384615	5.9312693025
8.05384615385	5.9331419476
8.06153846154	5.9350112784
8.06923076923	5.9368773050
8.07692307692	5.9387400377
8.08461538462	5.9405994864
8.09230769231	5.9424556612
8.1	5.9443085720
8.10769230769	5.9461582287
8.11538461538	5.9480046413
8.12307692308	5.9498478195
8.13076923077	5.9516877732
8.13846153846	5.9535245121
8.14615384615	5.9553580459
8.15384615385	5.9571883843
8.16153846154	5.9590155369
8.16923076923	5.9608395132
8.17692307692	5.9626603229
8.18461538462	5.9644779753
8.19230769231	5.9662924800
8.2	5.9681038464
8.20769230769	5.9699120837
8.21538461538	5.9717172014
8.22307692308	5.9735192088
8.23076923077	5.9753181151
8.23846153846	5.9771139294
8.24615384615	5.9789066610
8.25384615385	5.9806963190
8.26153846154	5.9824829125
8.26923076923	5.9842664505
8.27692307692	5.9860469420
8.28461538462	5.9878243960
8.29230769231	5.9895988215
8.3	5.9913702273
8.30769230769	5.9931386222
8.31538461538	5.9949040152
8.32307692308	5.9966664150
8.33076923077	5.9984258302
8.33846153846	6.0001822697
8.34615384615	6.0019357421
8.35384615385	6.0036862560
8.36153846154	6.0054338200
8.36923076923	6.0071784427
8.37692307692	6.0089201326
8.38461538462	6.0106588982
8.39230769231	6.0123947479
8.4	6.0141276901
8.40769230769	6.0158577333
8.41538461538	6.0175848857
8.42307692308	6.0193091557
8.43076923077	6.0210305516
8.43846153846	6.0227490815
8.44615384615	6.0244647537
8.45384615385	6.0261775763
8.46153846154	6.0278875576
8.46923076923	6.0295947055
8.47692307692	6.0312990282
8.48461538462	6.0330005337
8.49230769231	6.0346992300
8.5	6.0363951251
8.50769230769	6.0380882268
8.51538461538	6.0397785432
8.52307692308	6.0414660820
8.53076923077	6.0431508511
8.53846153846	6.0448328584
8.54615384615	6.0465121115
8.55384615385	6.0481886182
8.56153846154	6.0498623863
8.56923076923	6.0515334234
8.57692307692	6.0532017371
8.58461538462	6.0548673352
8.59230769231	6.0565302250
8.6	6.0581904143
8.60769230769	6.0598479105
8.61538461538	6.0615027211
8.62307692308	6.0631548536
8.63076923077	6.0648043155
8.63846153846	6.0664511140
8.64615384615	6.0680952566
8.65384615385	6.0697367507
8.66153846154	6.0713756035
8.66923076923	6.0730118223
8.67692307692	6.0746454144
8.68461538462	6.0762763869
8.69230769231	6.0779047472
8.7	6.0795305024
8.70769230769	6.0811536595
8.71538461538	6.0827742257
8.72307692308	6.0843922082
8.73076923077	6.0860076138
8.73846153846	6.0876204498
8.74615384615	6.0892307230
8.75384615385	6.0908384404
8.76153846154	6.0924436090
8.76923076923	6.0940462357
8.77692307692	6.0956463274
8.78461538462	6.0972438908
8.79230769231	6.0988389330
8.8	6.1004314606
8.80769230769	6.1020214805
8.81538461538	6.1036089994
8.82307692308	6.1051940240
8.83076923077	6.1067765610
8.83846153846	6.1083566172
8.84615384615	6.1099341991
8.85384615385	6.1115093133
8.86153846154	6.1130819665
8.86923076923	6.1146521653
8.87692307692	6.1162199161
8.88461538462	6.1177852255
8.89230769231	6.1193481001
8.9	6.1209085462
8.90769230769	6.1224665702
8.91538461538	6.1240221788
8.92307692308	6.1255753781
8.93076923077	6.1271261746
8.93846153846	6.1286745746
8.94615384615	6.1302205845
8.95384615385	6.1317642106
8.96153846154	6.1333054591
8.96923076923	6.1348443362
8.97692307692	6.1363808482
8.98461538462	6.1379150014
8.99230769231	6.1394468018
9.0	6.1409762556
9.00769230769	6.1425033690
9.01538461538	6.1440281480
9.02307692308	6.1455505988
9.03076923077	6.1470707274
9.03846153846	6.1485885398
9.04615384615	6.1501040421
9.05384615385	6.1516172403
9.06153846154	6.1531281403
9.06923076923	6.1546367480
9.07692307692	6.1561430695
9.08461538462	6.1576471105
9.09230769231	6.1591488770
9.1	6.1606483748
9.10769230769	6.1621456099
9.11538461538	6.1636405879
9.12307692308	6.1651333146
9.13076923077	6.1666237960
9.13846153846	6.1681120376
9.14615384615	6.1695980453
9.15384615385	6.1710818247
9.16153846154	6.1725633815
9.16923076923	6.1740427214
9.17692307692	6.1755198501
9.18461538462	6.1769947731
9.19230769231	6.1784674960
9.2	6.1799380246
9.20769230769	6.1814063642
9.21538461538	6.1828725204
9.22307692308	6.1843364988
9.23076923077	6.1857983049
9.23846153846	6.1872579441
9.24615384615	6.1887154220
9.25384615385	6.1901707438
9.26153846154	6.1916239152
9.26923076923	6.1930749414
9.27692307692	6.1945238278
9.28461538462	6.1959705799
9.29230769231	6.1974152029
9.3	6.1988577021
9.30769230769	6.2002980830
9.31538461538	6.2017363507
9.32307692308	6.2031725105
9.33076923077	6.2046065677
9.33846153846	6.2060385275
9.34615384615	6.2074683952
9.35384615385	6.2088961758
9.36153846154	6.2103218745
9.36923076923	6.2117454966
9.37692307692	6.2131670471
9.38461538462	6.2145865312
9.39230769231	6.2160039540
9.4	6.2174193205
9.40769230769	6.2188326358
9.41538461538	6.2202439049
9.42307692308	6.2216531329
9.43076923077	6.2230603248
9.43846153846	6.2244654856
9.44615384615	6.2258686201
9.45384615385	6.2272697335
9.46153846154	6.2286688306
9.46923076923	6.2300659164
9.47692307692	6.2314609956
9.48461538462	6.2328540734
9.49230769231	6.2342451544
9.5	6.2356342435
9.50769230769	6.2370213456
9.51538461538	6.2384064656
9.52307692308	6.2397896081
9.53076923077	6.2411707780
9.53846153846	6.2425499800
9.54615384615	6.2439272189
9.55384615385	6.2453024994
9.56153846154	6.2466758263
9.56923076923	6.2480472042
9.57692307692	6.2494166378
9.58461538462	6.2507841318
9.59230769231	6.2521496908
9.6	6.2535133195
9.60769230769	6.2548750225
9.61538461538	6.2562348043
9.62307692308	6.2575926697
9.63076923077	6.2589486230
9.63846153846	6.2603026690
9.64615384615	6.2616548121
9.65384615385	6.2630050568
9.66153846154	6.2643534077
9.66923076923	6.2656998693
9.67692307692	6.2670444460
9.68461538462	6.2683871423
9.69230769231	6.2697279626
9.7	6.2710669114
9.70769230769	6.2724039931
9.71538461538	6.2737392121
9.72307692308	6.2750725727
9.73076923077	6.2764040794
9.73846153846	6.2777337365
9.74615384615	6.2790615483
9.75384615385	6.2803875192
9.76153846154	6.2817116535
9.76923076923	6.2830339554
9.77692307692	6.2843544293
9.78461538462	6.2856730794
9.79230769231	6.2869899100
9.8	6.2883049254
9.80769230769	6.2896181296
9.81538461538	6.2909295270
9.82307692308	6.2922391218
9.83076923077	6.2935469181
9.83846153846	6.2948529201
9.84615384615	6.2961571319
9.85384615385	6.2974595578
9.86153846154	6.2987602017
9.86923076923	6.3000590679
9.87692307692	6.3013561605
9.88461538462	6.3026514834
9.89230769231	6.3039450408
9.9	6.3052368368
9.90769230769	6.3065268754
9.91538461538	6.3078151606
9.92307692308	6.3091016965
9.93076923077	6.3103864870
9.93846153846	6.3116695362
9.94615384615	6.3129508480
9.95384615385	6.3142304263
9.96153846154	6.3155082752
9.96923076923	6.3167843986
9.97692307692	6.3180588004
9.98461538462	6.3193314845
9.99230769231	6.3206024548
10.0	6.3218717152
