0.0	2.9091196405
0.00625	2.9100896146
0.0125	2.9113662011
0.01875	2.9126720761
0.025	2.9140013577
0.03125	2.9153423776
0.0375	2.9166922477
0.04375	2.9180489998
0.05	2.9194116223
0.05625	2.9207794570
0.0625	2.9221520741
0.06875	2.9235291723
0.075	2.9249105336
0.08125	2.9262959942
0.0875	2.9276854282
0.09375	2.9290787358
0.1	2.9304758366
0.10625	2.9318766647
0.1125	2.9332811646
0.11875	2.9346892894
0.125	2.9361009987
0.13125	2.9375162573
0.1375	2.9389350339
0.14375	2.9403573009
0.15	2.9417830331
0.15625	2.9432122077
0.1625	2.9446448040
0.16875	2.9460808025
0.175	2.9475201853
0.18125	2.9489629354
0.1875	2.9504090371
0.19375	2.9518584751
0.2	2.9533112352
0.20625	2.9547673036
0.2125	2.9562266671
0.21875	2.9576893130
0.225	2.9591552288
0.23125	2.9606244028
0.2375	2.9620968231
0.24375	2.9635724784
0.25	2.9650513577
0.25625	2.9665334501
0.2625	2.9680187448
0.26875	2.9695072313
0.275	2.9709988994
0.28125	2.9724937388
0.2875	2.9739917394
0.29375	2.9754928913
0.3	2.9769971847
0.30625	2.9785046098
0.3125	2.9800151571
0.31875	2.9815288168
0.325	2.9830455796
0.33125	2.9845654360
0.3375	2.9860883767
0.34375	2.9876143924
0.35	2.9891434738
0.35625	2.9906756118
0.3625	2.9922107971
0.36875	2.9937490209
0.375	2.9952902739
0.38125	2.9968345471
0.3875	2.9983818317
0.39375	2.9999321186
0.4	3.0014853990
0.40625	3.0030416639
0.4125	3.0046009045
0.41875	3.0061631120
0.425	3.0077282777
0.43125	3.0092963926
0.4375	3.0108674482
0.44375	3.0124414356
0.45	3.0140183463
0.45625	3.0155981714
0.4625	3.0171809023
0.46875	3.0187665305
0.475	3.0203550472
0.48125	3.0219464440
0.4875	3.0235407122
0.49375	3.0251378432
0.5	3.0267378285
0.50625	3.0283406597
0.5125	3.0299463281
0.51875	3.0315548254
0.525	3.0331661429
0.53125	3.0347802724
0.5375	3.0363972053
0.54375	3.0380169331
0.55	3.0396394476
0.55625	3.0412647403
0.5625	3.0428928028
0.56875	3.0445236267
0.575	3.0461572038
0.58125	3.0477935257
0.5875	3.0494325840
0.59375	3.0510743705
0.6	3.0527188768
0.60625	3.0543660948
0.6125	3.0560160161
0.61875	3.0576686325
0.625	3.0593239358
0.63125	3.0609819178
0.6375	3.0626425702
0.64375	3.0643058849
0.65	3.0659718537
0.65625	3.0676404685
0.6625	3.0693117212
0.66875	3.0709856035
0.675	3.0726621075
0.68125	3.0743412249
0.6875	3.0760229478
0.69375	3.0777072680
0.7	3.0793941776
0.70625	3.0810836684
0.7125	3.0827757325
0.71875	3.0844703619
0.725	3.0861675486
0.73125	3.0878672846
0.7375	3.0895695620
0.74375	3.0912743728
0.75	3.0929817091
0.75625	3.0946915629
0.7625	3.0964039265
0.76875	3.0981187919
0.775	3.0998361513
0.78125	3.1015559968
0.7875	3.1032783205
0.79375	3.1050031148
0.8	3.1067303717
0.80625	3.1084600836
0.8125	3.1101922426
0.81875	3.1119268410
0.825	3.1136638710
0.83125	3.1154033250
0.8375	3.1171451953
0.84375	3.1188894741
0.85	3.1206361539
0.85625	3.1223852269
0.8625	3.1241366855
0.86875	3.1258905222
0.875	3.1276467293
0.88125	3.1294052992
0.8875	3.1311662244
0.89375	3.1329294973
0.9	3.1346951105
0.90625	3.1364630563
0.9125	3.1382333274
0.91875	3.1400059161
0.925	3.1417808152
0.93125	3.1435580171
0.9375	3.1453375144
0.94375	3.1471192997
0.95	3.1489033656
0.95625	3.1506897047
0.9625	3.1524783098
0.96875	3.1542691734
0.975	3.1560622882
0.98125	3.1578576470
0.9875	3.1596552425
0.99375	3.1614550674
1.0	3.1632571144
1.00625	3.1650613764
1.0125	3.1668678461
1.01875	3.1686765163
1.025	3.1704873800
1.03125	3.1723004298
1.0375	3.1741156587
1.04375	3.1759330597
1.05	3.1777526255
1.05625	3.1795743491
1.0625	3.1813982234
1.06875	3.1832242415
1.075	3.1850523963
1.08125	3.1868826807
1.0875	3.1887150879
1.09375	3.1905496108
1.1	3.1923862425
1.10625	3.1942249761
1.1125	3.1960658047
1.11875	3.1979087213
1.125	3.1997537192
1.13125	3.2016007915
1.1375	3.2034499313
1.14375	3.2053011318
1.15	3.2071543863
1.15625	3.2090096880
1.1625	3.2108670301
1.16875	3.2127264059
1.175	3.2145878087
1.18125	3.2164512318
1.1875	3.2183166685
1.19375	3.2201841123
1.2	3.2220535563
1.20625	3.2239249941
1.2125	3.2257984191
1.21875	3.2276738246
1.225	3.2295512042
1.23125	3.2314305512
1.2375	3.2333118593
1.24375	3.2351951218
1.25	3.2370803323
1.25625	3.2389674844
1.2625	3.2408565717
1.26875	3.2427475877
1.275	3.2446405260
1.28125	3.2465353803
1.2875	3.2484321442
1.29375	3.2503308114
1.3	3.2522313756
1.30625	3.2541338306
1.3125	3.2560381699
1.31875	3.2579443874
1.325	3.2598524769
1.33125	3.2617624321
1.3375	3.2636742469
1.34375	3.2655879151
1.35	3.2675034306
1.35625	3.2694207872
1.3625	3.2713399789
1.36875	3.2732609995
1.375	3.2751838430
1.38125	3.2771085034
1.3875	3.2790349746
1.39375	3.2809632507
1.4	3.2828933256
1.40625	3.2848251935
1.4125	3.2867588483
1.41875	3.2886942842
1.425	3.2906314952
1.43125	3.2925704756
1.4375	3.2945112194
1.44375	3.2964537209
1.45	3.2983979742
1.45625	3.3003439735
1.4625	3.3022917131
1.46875	3.3042411872
1.475	3.3061923901
1.48125	3.3081453161
1.4875	3.3100999595
1.49375	3.3120563147
1.5	3.3140143760
1.50625	3.3159741378
1.5125	3.3179355946
1.51875	3.3198987407
1.525	3.3218635706
1.53125	3.3238300788
1.5375	3.3257982597
1.54375	3.3277681079
1.55	3.3297396179
1.55625	3.3317127843
1.5625	3.3336876016
1.56875	3.3356640644
1.575	3.3376421675
1.58125	3.3396219053
1.5875	3.3416032726
1.59375	3.3435862641
1.6	3.3455708745
1.60625	3.3475570985
1.6125	3.3495449308
1.61875	3.3515343662
1.625	3.3535253996
1.63125	3.3555180258
1.6375	3.3575122395
1.64375	3.3595080357
1.65	3.3615054092
1.65625	3.3635043550
1.6625	3.3655048680
1.66875	3.3675069430
1.675	3.3695105752
1.68125	3.3715157595
1.6875	3.3735224909
1.69375	3.3755307644
1.7	3.3775405751
1.70625	3.3795519182
1.7125	3.3815647886
1.71875	3.3835791816
1.725	3.3855950922
1.73125	3.3876125157
1.7375	3.3896314473
1.74375	3.3916518821
1.75	3.3936738154
1.75625	3.3956972425
1.7625	3.3977221586
1.76875	3.3997485592
1.775	3.4017764394
1.78125	3.4038057946
1.7875	3.4058366203
1.79375	3.4078689117
1.8	3.4099026645
1.80625	3.4119378739
1.8125	3.4139745354
1.81875	3.4160126446
1.825	3.4180521969
1.83125	3.4200931879
1.8375	3.4221356131
1.84375	3.4241794681
1.85	3.4262247485
1.85625	3.4282714500
1.8625	3.4303195682
1.86875	3.4323690987
1.875	3.4344200372
1.88125	3.4364723796
1.8875	3.4385261214
1.89375	3.4405812585
1.9	3.4426377866
1.90625	3.4446957016
1.9125	3.4467549993
1.91875	3.4488156755
1.925	3.4508777261
1.93125	3.4529411471
1.9375	3.4550059343
1.94375	3.4570720837
1.95	3.4591395912
1.95625	3.4612084529
1.9625	3.4632786648
1.96875	3.4653502228
1.975	3.4674231232
1.98125	3.4694973619
1.9875	3.4715729351
1.99375	3.4736498389
2.0	3.4757280694
2.00625	3.4778076229
2.0125	3.4798884955
2.01875	3.4819706835
2.025	3.4840541832
2.03125	3.4861389907
2.0375	3.4882251024
2.04375	3.4903125147
2.05	3.4924012238
2.05625	3.4944912262
2.0625	3.4965825182
2.06875	3.4986750963
2.075	3.5007689569
2.08125	3.5028640964
2.0875	3.5049605114
2.09375	3.5070581983
2.1	3.5091571538
2.10625	3.5112573743
2.1125	3.5133588565
2.11875	3.5154615970
2.125	3.5175655924
2.13125	3.5196708393
2.1375	3.5217773345
2.14375	3.5238850746
2.15	3.5259940565
2.15625	3.5281042768
2.1625	3.5302157323
2.16875	3.5323284199
2.175	3.5344423363
2.18125	3.5365574785
2.1875	3.5386738433
2.19375	3.5407914277
2.2	3.5429102284
2.20625	3.5450302426
2.2125	3.5471514672
2.21875	3.5492738992
2.225	3.5513975356
2.23125	3.5535223735
2.2375	3.5556484099
2.24375	3.5577756421
2.25	3.5599040670
2.25625	3.5620336820
2.2625	3.5641644840
2.26875	3.5662964705
2.275	3.5684296385
2.28125	3.5705639854
2.2875	3.5726995085
2.29375	3.5748362050
2.3	3.5769740723
2.30625	3.5791131078
2.3125	3.5812533088
2.31875	3.5833946728
2.325	3.5855371972
2.33125	3.5876808795
2.3375	3.5898257172
2.34375	3.5919717078
2.35	3.5941188489
2.35625	3.5962671379
2.3625	3.5984165726
2.36875	3.6005671506
2.375	3.6027188694
2.38125	3.6048717269
2.3875	3.6070257207
2.39375	3.6091808485
2.4	3.6113371081
2.40625	3.6134944973
2.4125	3.6156530140
2.41875	3.6178126558
2.425	3.6199734209
2.43125	3.6221353069
2.4375	3.6242983120
2.44375	3.6264624339
2.45	3.6286276708
2.45625	3.6307940206
2.4625	3.6329614813
2.46875	3.6351300511
2.475	3.6372997280
2.48125	3.6394705102
2.4875	3.6416423958
2.49375	3.6438153829
2.5	3.6459894699
2.50625	3.6481646549
2.5125	3.6503409362
2.51875	3.6525183122
2.525	3.6546967811
2.53125	3.6568763413
2.5375	3.6590569911
2.54375	3.6612387291
2.55	3.6634215537
2.55625	3.6656054632
2.5625	3.6677904563
2.56875	3.6699765315
2.575	3.6721636873
2.58125	3.6743519224
2.5875	3.6765412353
2.59375	3.6787316248
2.6	3.6809230895
2.60625	3.6831156281
2.6125	3.6853092394
2.61875	3.6875039222
2.625	3.6896996752
2.63125	3.6918964974
2.6375	3.6940943876
2.64375	3.6962933448
2.65	3.6984933678
2.65625	3.7006944556
2.6625	3.7028966073
2.66875	3.7050998219
2.675	3.7073040985
2.68125	3.7095094361
2.6875	3.7117158339
2.69375	3.7139232911
2.7	3.7161318069
2.70625	3.7183413805
2.7125	3.7205520112
2.71875	3.7227636984
2.725	3.7249764412
2.73125	3.7271902392
2.7375	3.7294050918
2.74375	3.7316209983
2.75	3.7338379582
2.75625	3.7360559712
2.7625	3.7382750367
2.76875	3.7404951543
2.775	3.7427163236
2.78125	3.7449385444
2.7875	3.7471618162
2.79375	3.7493861389
2.8	3.7516115122
2.80625	3.7538379359
2.8125	3.7560654099
2.81875	3.7582939340
2.825	3.7605235082
2.83125	3.7627541324
2.8375	3.7649858066
2.84375	3.7672185309
2.85	3.7694523053
2.85625	3.7716871300
2.8625	3.7739230051
2.86875	3.7761599307
2.875	3.7783979072
2.88125	3.7806369348
2.8875	3.7828770138
2.89375	3.7851181447
2.9	3.7873603276
2.90625	3.7896035633
2.9125	3.7918478520
2.91875	3.7940931943
2.925	3.7963395908
2.93125	3.7985870422
2.9375	3.8008355490
2.94375	3.8030851120
2.95	3.8053357318
2.95625	3.8075874094
2.9625	3.8098401455
2.96875	3.8120939409
2.975	3.8143487967
2.98125	3.8166047138
2.9875	3.8188616932
2.99375	3.8211197360
3.0	3.8233788432
3.00625	3.8256390161
3.0125	3.8279002558
3.01875	3.8301625636
3.025	3.8324259408
3.03125	3.8346903887
3.0375	3.8369559088
3.04375	3.8392225025
3.05	3.8414901713
3.05625	3.8437589168
3.0625	3.8460287405
3.06875	3.8482996441
3.075	3.8505716294
3.08125	3.8528446981
3.0875	3.8551188521
3.09375	3.8573940931
3.1	3.8596704231
3.10625	3.8619478442
3.1125	3.8642263583
3.11875	3.8665059676
3.125	3.8687866741
3.13125	3.8710684802
3.1375	3.8733513881
3.14375	3.8756354001
3.15	3.8779205186
3.15625	3.8802067460
3.1625	3.8824940849
3.16875	3.8847825379
3.175	3.8870721075
3.18125	3.8893627965
3.1875	3.8916546077
3.19375	3.8939475438
3.2	3.8962416078
3.20625	3.8985368026
3.2125	3.9008331313
3.21875	3.9031305969
3.225	3.9054292026
3.23125	3.9077289516
3.2375	3.9100298473
3.24375	3.9123318930
3.25	3.9146350921
3.25625	3.9169394482
3.2625	3.9192449648
3.26875	3.9215516457
3.275	3.9238594946
3.28125	3.9261685152
3.2875	3.9284787115
3.29375	3.9307900875
3.3	3.9331026472
3.30625	3.9354163947
3.3125	3.9377313343
3.31875	3.9400474702
3.325	3.9423648069
3.33125	3.9446833488
3.3375	3.9470031004
3.34375	3.9493240664
3.35	3.9516462515
3.35625	3.9539696606
3.3625	3.9562942986
3.36875	3.9586201704
3.375	3.9609472811
3.38125	3.9632756360
3.3875	3.9656052403
3.39375	3.9679360994
3.4	3.9702682188
3.40625	3.9726016041
3.4125	3.9749362609
3.41875	3.9772721951
3.425	3.9796094125
3.43125	3.9819479192
3.4375	3.9842877213
3.44375	3.9866288249
3.45	3.9889712365
3.45625	3.9913149624
3.4625	3.9936600092
3.46875	3.9960063837
3.475	3.9983540925
3.48125	4.0007031427
3.4875	4.0030535412
3.49375	4.0054052952
3.5	4.0077584121
3.50625	4.0101128992
3.5125	4.0124687642
3.51875	4.0148260146
3.525	4.0171846584
3.53125	4.0195447034
3.5375	4.0219061579
3.54375	4.0242690300
3.55	4.0266333281
3.55625	4.0289990608
3.5625	4.0313662368
3.56875	4.0337348650
3.575	4.0361049542
3.58125	4.0384765138
3.5875	4.0408495530
3.59375	4.0432240813
3.6	4.0456001084
3.60625	4.0479776441
3.6125	4.0503566985
3.61875	4.0527372816
3.625	4.0551194040
3.63125	4.0575030761
3.6375	4.0598883087
3.64375	4.0622751127
3.65	4.0646634993
3.65625	4.0670534798
3.6625	4.0694450657
3.66875	4.0718382688
3.675	4.0742331011
3.68125	4.0766295747
3.6875	4.0790277021
3.69375	4.0814274959
3.7	4.0838289689
3.70625	4.0862321343
3.7125	4.0886370054
3.71875	4.0910435958
3.725	4.0934519193
3.73125	4.0958619901
3.7375	4.0982738225
3.74375	4.1006874312
3.75	4.1031028311
3.75625	4.1055200374
3.7625	4.1079390655
3.76875	4.1103599314
3.775	4.1127826510
3.78125	4.1152072409
3.7875	4.1176337176
3.79375	4.1200620984
3.8	4.1224924005
3.80625	4.1249246417
3.8125	4.1273588402
3.81875	4.1297950142
3.825	4.1322331828
3.83125	4.1346733650
3.8375	4.1371155805
3.84375	4.1395598492
3.85	4.1420061915
3.85625	4.1444546284
3.8625	4.1469051809
3.86875	4.1493578709
3.875	4.1518127205
3.88125	4.1542697524
3.8875	4.1567289896
3.89375	4.1591904557
3.9	4.1616541750
3.90625	4.1641201720
3.9125	4.1665884719
3.91875	4.1690591006
3.925	4.1715320844
3.93125	4.1740074501
3.9375	4.1764852253
3.94375	4.1789654382
3.95	4.1814481177
3.95625	4.1839332932
3.9625	4.1864209949
3.96875	4.1889112537
3.975	4.1914041013
3.98125	4.1938995701
3.9875	4.1963976933
3.99375	4.1988985049
4.0	4.2014020398
4.00625	4.2039083338
4.0125	4.2064174235
4.01875	4.2089293464
4.025	4.2114441413
4.03125	4.2139618476
4.0375	4.2164825059
4.04375	4.2190061581
4.05	4.2215328470
4.05625	4.2240626165
4.0625	4.2265955120
4.06875	4.2291315799
4.075	4.2316708681
4.08125	4.2342134258
4.0875	4.2367593037
4.09375	4.2393085539
4.1	4.2418612301
4.10625	4.2444173876
4.1125	4.2469770835
4.11875	4.2495403766
4.125	4.2521073275
4.13125	4.2546779990
4.1375	4.2572524555
4.14375	4.2598307640
4.15	4.2624129934
4.15625	4.2649992152
4.1625	4.2675895032
4.16875	4.2701839339
4.175	4.2727825865
4.18125	4.2753855431
4.1875	4.2779928888
4.19375	4.2806047120
4.2	4.2832211044
4.20625	4.2858421615
4.2125	4.2884679823
4.21875	4.2910986701
4.225	4.2937343324
4.23125	4.2963750812
4.2375	4.2990210335
4.24375	4.3016723115
4.25	4.3043290427
4.25625	4.3069913608
4.2625	4.3096594057
4.26875	4.3123333242
4.275	4.3150132703
4.28125	4.3176994060
4.2875	4.3203919018
4.29375	4.3230909375
4.3	4.3257967026
4.30625	4.3285093979
4.3125	4.3312292357
4.31875	4.3339564415
4.325	4.3366912547
4.33125	4.3394339305
4.3375	4.3421847413
4.34375	4.3449439783
4.35	4.3477119542
4.35625	4.3504890051
4.3625	4.3532754934
4.36875	4.3560718116
4.375	4.3588783857
4.38125	4.3616956802
4.3875	4.3645242037
4.39375	4.3673645156
4.4	4.3702172344
4.40625	4.3730830481
4.4125	4.3759627272
4.41875	4.3788571407
4.425	4.3817672780
4.43125	4.3846942761
4.4375	4.3876394579
4.44375	4.3906043845
4.45	4.3935909293
4.45625	4.3966013894
4.4625	4.3996386586
4.46875	4.4027065141
4.475	4.4058101357
4.48125	4.4089571597
4.4875	4.4121602665
4.49375	4.4154461768
4.5	4.4190739780
4.50625	4.4230365999
4.5125	4.4270736452
4.51875	4.4311593470
4.525	4.4352803278
4.53125	4.4394288771
4.5375	4.4435994154
4.54375	4.4477880008
4.55	4.4519914688
4.55625	4.4562073607
4.5625	4.4604336032
4.56875	4.4646684932
4.575	4.4689105531
4.58125	4.4731585246
4.5875	4.4774112950
4.59375	4.4816678933
4.6	4.4859274491
4.60625	4.4901891887
4.6125	4.4944524120
4.61875	4.4987164881
4.625	4.5029808415
4.63125	4.5072449483
4.6375	4.5115083274
4.64375	4.5157705376
4.65	4.5200311714
4.65625	4.5242898527
4.6625	4.5285462327
4.66875	4.5327999878
4.675	4.5370508167
4.68125	4.5412984388
4.6875	4.5455425921
4.69375	4.5497830316
4.7	4.5540195280
4.70625	4.5582518663
4.7125	4.5624798448
4.71875	4.5667032742
4.725	4.5709219761
4.73125	4.5751357829
4.7375	4.5793445368
4.74375	4.5835480890
4.75	4.5877462990
4.75625	4.5919390346
4.7625	4.5961261707
4.76875	4.6003075893
4.775	4.6044831788
4.78125	4.6086528338
4.7875	4.6128164547
4.79375	4.6169739472
4.8	4.6211252223
4.80625	4.6252701957
4.8125	4.6294087876
4.81875	4.6335409226
4.825	4.6376665295
4.83125	4.6417855407
4.8375	4.6458978925
4.84375	4.6500035247
4.85	4.6541023801
4.85625	4.6581944051
4.8625	4.6622795487
4.86875	4.6663577629
4.875	4.6704290024
4.88125	4.6744932246
4.8875	4.6785503892
4.89375	4.6826004583
4.9	4.6866433962
4.90625	4.6906791695
4.9125	4.6947077467
4.91875	4.6987290982
4.925	4.7027431965
4.93125	4.7067500157
4.9375	4.7107495317
4.94375	4.7147417219
4.95	4.7187265655
4.95625	4.7227040431
4.9625	4.7266741368
4.96875	4.7306368298
4.975	4.7345921070
4.98125	4.7385399545
4.9875	4.7424803594
4.99375	4.7464133102
5.0	4.7503387964
5.00625	4.7542568087
5.0125	4.7581673388
5.01875	4.7620703793
5.025	4.7659659239
5.03125	4.7698539671
5.0375	4.7737345044
5.04375	4.7776075322
5.05	4.7814730475
5.05625	4.7853310483
5.0625	4.7891815332
5.06875	4.7930245017
5.075	4.7968599539
5.08125	4.8006878907
5.0875	4.8045083134
5.09375	4.8083212242
5.1	4.8121266258
5.10625	4.8159245214
5.1125	4.8197149149
5.11875	4.8234978107
5.125	4.8272732137
5.13125	4.8310411293
5.1375	4.8348015634
5.14375	4.8385545223
5.15	4.8423000129
5.15625	4.8460380424
5.1625	4.8497686185
5.16875	4.8534917493
5.175	4.8572074431
5.18125	4.8609157088
5.1875	4.8646165557
5.19375	4.8683099932
5.2	4.8719960312
5.20625	4.8756746798
5.2125	4.8793459497
5.21875	4.8830098515
5.225	4.8866663964
5.23125	4.8903155957
5.2375	4.8939574610
5.24375	4.8975920043
5.25	4.9012192375
5.25625	4.9048391732
5.2625	4.9084518239
5.26875	4.9120572023
5.275	4.9156553216
5.28125	4.9192461949
5.2875	4.9228298357
5.29375	4.9264062576
5.3	4.9299754743
5.30625	4.9335374998
5.3125	4.9370923483
5.31875	4.9406400340
5.325	4.9441805713
5.33125	4.9477139749
5.3375	4.9512402595
5.34375	4.9547594399
5.35	4.9582715312
5.35625	4.9617765484
5.3625	4.9652745067
5.36875	4.9687654216
5.375	4.9722493084
5.38125	4.9757261828
5.3875	4.9791960604
5.39375	4.9826589569
5.4	4.9861148882
5.40625	4.9895638702
5.4125	4.9930059189
5.41875	4.9964410504
5.425	4.9998692809
5.43125	5.0032906265
5.4375	5.0067051037
5.44375	5.0101127286
5.45	5.0135135179
5.45625	5.0169074878
5.4625	5.0202946550
5.46875	5.0236750361
5.475	5.0270486476
5.48125	5.0304155062
5.4875	5.0337756286
5.49375	5.0371290316
5.5	5.0404756728
5.50625	5.0438132591
5.5125	5.0471418629
5.51875	5.0504615241
5.525	5.0537722964
5.53125	5.0570742223
5.5375	5.0603673508
5.54375	5.0636517250
5.55	5.0669273913
5.55625	5.0701943930
5.5625	5.0734527747
5.56875	5.0767025792
5.575	5.0799438501
5.58125	5.0831766298
5.5875	5.0864009606
5.59375	5.0896168845
5.6	5.0928244431
5.60625	5.0960236774
5.6125	5.0992146286
5.61875	5.1023973369
5.625	5.1055718427
5.63125	5.1087381859
5.6375	5.1118964059
5.64375	5.1150465421
5.65	5.1181886335
5.65625	5.1213227185
5.6625	5.1244488357
5.66875	5.1275670229
5.675	5.1306773181
5.68125	5.1337797585
5.6875	5.1368743815
5.69375	5.1399612238
5.7	5.1430403222
5.70625	5.1461117129
5.7125	5.1491754321
5.71875	5.1522315155
5.725	5.1552799987
5.73125	5.1583209169
5.7375	5.1613543053
5.74375	5.1643801984
5.75	5.1673986310
5.75625	5.1704096371
5.7625	5.1734132509
5.76875	5.1764095061
5.775	5.1793984362
5.78125	5.1823800746
5.7875	5.1853544543
5.79375	5.1883216081
5.8	5.1912815685
5.80625	5.1942343680
5.8125	5.1971800387
5.81875	5.2001186125
5.825	5.2030501211
5.83125	5.2059745960
5.8375	5.2088920683
5.84375	5.2118025692
5.85	5.2147061294
5.85625	5.2176027796
5.8625	5.2204925501
5.86875	5.2233754712
5.875	5.2262515728
5.88125	5.2291208848
5.8875	5.2319834367
5.89375	5.2348392578
5.9	5.2376883775
5.90625	5.2405308246
5.9125	5.2433666280
5.91875	5.2461958163
5.925	5.2490184179
5.93125	5.2518344610
5.9375	5.2546439736
5.94375	5.2574469837
5.95	5.2602435190
5.95625	5.2630336068
5.9625	5.2658172745
5.96875	5.2685945493
5.975	5.2713654582
5.98125	5.2741300278
5.9875	5.2768882849
5.99375	5.2796402558
6.0	5.2823859669
6.00625	5.2851254442
6.0125	5.2878587137
6.01875	5.2905858012
6.025	5.2933067323
6.03125	5.2960215324
6.0375	5.2987302268
6.04375	5.3014328406
6.05	5.3041293989
6.05625	5.3068199264
6.0625	5.3095044478
6.06875	5.3121829875
6.075	5.3148555701
6.08125	5.3175222195
6.0875	5.3201829600
6.09375	5.3228378153
6.1	5.3254868093
6.10625	5.3281299656
6.1125	5.3307673076
6.11875	5.3333988587
6.125	5.3360246420
6.13125	5.3386446806
6.1375	5.3412589973
6.14375	5.3438676150
6.15	5.3464705562
6.15625	5.3490678434
6.1625	5.3516594990
6.16875	5.3542455453
6.175	5.3568260042
6.18125	5.3594008977
6.1875	5.3619702477
6.19375	5.3645340759
6.2	5.3670924037
6.20625	5.3696452527
6.2125	5.3721926442
6.21875	5.3747345993
6.225	5.3772711390
6.23125	5.3798022844
6.2375	5.3823280562
6.24375	5.3848484752
6.25	5.3873635618
6.25625	5.3898733366
6.2625	5.3923778199
6.26875	5.3948770318
6.275	5.3973709926
6.28125	5.3998597221
6.2875	5.4023432402
6.29375	5.4048215667
6.3	5.4072947212
6.30625	5.4097627233
6.3125	5.4122255924
6.31875	5.4146833477
6.325	5.4171360085
6.33125	5.4195835938
6.3375	5.4220261227
6.34375	5.4244636139
6.35	5.4268960863
6.35625	5.4293235586
6.3625	5.4317460492
6.36875	5.4341635767
6.375	5.4365761594
6.38125	5.4389838154
6.3875	5.4413865631
6.39375	5.4437844204
6.4	5.4461774052
6.40625	5.4485655355
6.4125	5.4509488289
6.41875	5.4533273031
6.425	5.4557009757
6.43125	5.4580698640
6.4375	5.4604339856
6.44375	5.4627933576
6.45	5.4651479972
6.45625	5.4674979215
6.4625	5.4698431475
6.46875	5.4721836920
6.475	5.4745195719
6.48125	5.4768508040
6.4875	5.4791774047
6.49375	5.4814993906
6.5	5.4838167783
6.50625	5.4861295840
6.5125	5.4884378240
6.51875	5.4907415145
6.525	5.4930406716
6.53125	5.4953353112
6.5375	5.4976254495
6.54375	5.4999111021
6.55	5.5021922848
6.55625	5.5044690133
6.5625	5.5067413032
6.56875	5.5090091700
6.575	5.5112726292
6.58125	5.5135316960
6.5875	5.5157863858
6.59375	5.5180367138
6.6	5.5202826950
6.60625	5.5225243445
6.6125	5.5247616772
6.61875	5.5269947080
6.625	5.5292234518
6.63125	5.5314479232
6.6375	5.5336681369
6.64375	5.5358841075
6.65	5.5380958494
6.65625	5.5403033771
6.6625	5.5425067050
6.66875	5.5447058473
6.675	5.5469008182
6.68125	5.5490916318
6.6875	5.5512783023
6.69375	5.5534608436
6.7	5.5556392696
6.70625	5.5578135942
6.7125	5.5599838311
6.71875	5.5621499941
6.725	5.5643120968
6.73125	5.5664701528
6.7375	5.5686241756
6.74375	5.5707741787
6.75	5.5729201753
6.75625	5.5750621788
6.7625	5.5772002025
6.76875	5.5793342595
6.775	5.5814643630
6.78125	5.5835905259
6.7875	5.5857127613
6.79375	5.5878310820
6.8	5.5899455010
6.80625	5.5920560310
6.8125	5.5941626847
6.81875	5.5962654749
6.825	5.5983644141
6.83125	5.6004595148
6.8375	5.6025507895
6.84375	5.6046382508
6.85	5.6067219108
6.85625	5.6088017820
6.8625	5.6108778765
6.86875	5.6129502066
6.875	5.6150187844
6.88125	5.6170836219
6.8875	5.6191447311
6.89375	5.6212021241
6.9	5.6232558126
6.90625	5.6253058086
6.9125	5.6273521238
6.91875	5.6293947700
6.925	5.6314337587
6.93125	5.6334691017
6.9375	5.6355008105
6.94375	5.6375288965
6.95	5.6395533713
6.95625	5.6415742463
6.9625	5.6435915327
6.96875	5.6456052419
6.975	5.6476153851
6.98125	5.6496219735
6.9875	5.6516250183
6.99375	5.6536245304
7.0	5.6556205210
7.00625	5.6576130011
7.0125	5.6596019815
7.01875	5.6615874731
7.025	5.6635694867
7.03125	5.6655480332
7.0375	5.6675231233
7.04375	5.6694947676
7.05	5.6714629767
7.05625	5.6734277613
7.0625	5.6753891319
7.06875	5.6773470990
7.075	5.6793016730
7.08125	5.6812528642
7.0875	5.6832006831
7.09375	5.6851451399
7.1	5.6870862449
7.10625	5.6890240083
7.1125	5.6909584402
7.11875	5.6928895508
7.125	5.6948173500
7.13125	5.6967418480
7.1375	5.6986630547
7.14375	5.7005809801
7.15	5.7024956339
7.15625	5.7044070261
7.1625	5.7063151665
7.16875	5.7082200648
7.175	5.7101217307
7.18125	5.7120201739
7.1875	5.7139154040
7.19375	5.7158074306
7.2	5.7176962633
7.20625	5.7195819115
7.2125	5.7214643846
7.21875	5.7233436922
7.225	5.7252198435
7.23125	5.7270928480
7.2375	5.7289627148
7.24375	5.7308294533
7.25	5.7326930727
7.25625	5.7345535821
7.2625	5.7364109906
7.26875	5.7382653074
7.275	5.7401165415
7.28125	5.7419647019
7.2875	5.7438097976
7.29375	5.7456518375
7.3	5.7474908305
7.30625	5.7493267855
7.3125	5.7511597112
7.31875	5.7529896166
7.325	5.7548165102
7.33125	5.7566404009
7.3375	5.7584612973
7.34375	5.7602792079
7.35	5.7620941415
7.35625	5.7639061066
7.3625	5.7657151116
7.36875	5.7675211652
7.375	5.7693242757
7.38125	5.7711244515
7.3875	5.7729217010
7.39375	5.7747160326
7.4	5.7765074546
7.40625	5.7782959752
7.4125	5.7800816027
7.41875	5.7818643453
7.425	5.7836442112
7.43125	5.7854212085
7.4375	5.7871953452
7.44375	5.7889666296
7.45	5.7907350695
7.45625	5.7925006730
7.4625	5.7942634481
7.46875	5.7960234027
7.475	5.7977805447
7.48125	5.7995348820
7.4875	5.8012864224
7.49375	5.8030351737
7.5	5.8047811436
7.50625	5.8065243400
7.5125	5.8082647706
7.51875	5.8100024429
7.525	5.8117373647
7.53125	5.8134695436
7.5375	5.8151989872
7.54375	5.8169257029
7.55	5.8186496983
7.55625	5.8203709810
7.5625	5.8220895584
7.56875	5.8238054378
7.575	5.8255186268
7.58125	5.8272291327
7.5875	5.8289369627
7.59375	5.8306421243
7.6	5.8323446247
7.60625	5.8340444712
7.6125	5.8357416710
7.61875	5.8374362312
7.625	5.8391281591
7.63125	5.8408174617
7.6375	5.8425041463
7.64375	5.8441882198
7.65	5.8458696893
7.65625	5.8475485619
7.6625	5.8492248445
7.66875	5.8508985441
7.675	5.8525696677
7.68125	5.8542382222
7.6875	5.8559042143
7.69375	5.8575676511
7.7	5.8592285393
7.70625	5.8608868858
7.7125	5.8625426972
7.71875	5.8641959805
7.725	5.8658467422
7.73125	5.8674949891
7.7375	5.8691407279
7.74375	5.8707839652
7.75	5.8724247076
7.75625	5.8740629618
7.7625	5.8756987342
7.76875	5.8773320315
7.775	5.8789628601
7.78125	5.8805912266
7.7875	5.8822171374
7.79375	5.8838405989
7.8	5.8854616177
7.80625	5.8870802000
7.8125	5.8886963522
7.81875	5.8903100807
7.825	5.8919213918
7.83125	5.8935302918
7.8375	5.8951367869
7.84375	5.8967408835
7.85	5.8983425877
7.85625	5.8999419058
7.8625	5.9015388438
7.86875	5.9031334081
7.875	5.9047256046
7.88125	5.9063154395
7.8875	5.9079029189
7.89375	5.9094880488
7.9	5.9110708354
7.90625	5.9126512845
7.9125	5.9142294022
7.91875	5.9158051945
7.925	5.9173786672
7.93125	5.9189498264
7.9375	5.9205186779
7.94375	5.9220852277
7.95	5.9236494815
7.95625	5.9252114451
7.9625	5.9267711246
7.96875	5.9283285255
7.975	5.9298836537
7.98125	5.9314365149
7.9875	5.9329871149
7.99375	5.9345354593
8.0	5.9360815539
8.00625	5.9376254044
8.0125	5.9391670162
8.01875	5.9407063952
8.025	5.9422435469
8.03125	5.9437784768
8.0375	5.9453111905
8.04375	5.9468416936
8.05	5.9483699916
8.05625	5.9498960900
8.0625	5.9514199943
8.06875	5.9529417099
8.075	5.9544612422
8.08125	5.9559785968
8.0875	5.9574937789
8.09375	5.9590067941
8.1	5.9605176475
8.10625	5.9620263446
8.1125	5.9635328908
8.11875	5.9650372912
8.125	5.9665395512
8.13125	5.9680396761
8.1375	5.9695376711
8.14375	5.9710335414
8.15	5.9725272922
8.15625	5.9740189288
8.1625	5.9755084563
8.16875	5.9769958798
8.175	5.9784812045
8.18125	5.9799644355
8.1875	5.9814455779
8.19375	5.9829246367
8.2	5.9844016172
8.20625	5.9858765241
8.2125	5.9873493627
8.21875	5.9888201380
8.225	5.9902888548
8.23125	5.9917555182
8.2375	5.9932201331
8.24375	5.9946827045
8.25	5.9961432373
8.25625	5.9976017364
8.2625	5.9990582067
8.26875	6.0005126530
8.275	6.0019650802
8.28125	6.0034154931
8.2875	6.0048638966
8.29375	6.0063102955
8.3	6.0077546944
8.30625	6.0091970983
8.3125	6.0106375118
8.31875	6.0120759397
8.325	6.0135123867
8.33125	6.0149468575
8.3375	6.0163793568
8.34375	6.0178098892
8.35	6.0192384594
8.35625	6.0206650721
8.3625	6.0220897318
8.36875	6.0235124432
8.375	6.0249332109
8.38125	6.0263520394
8.3875	6.0277689332
8.39375	6.0291838970
8.4	6.0305969352
8.40625	6.0320080524
8.4125	6.0334172530
8.41875	6.0348245416
8.425	6.0362299225
8.43125	6.0376334003
8.4375	6.0390349794
8.44375	6.0404346642
8.45	6.0418324591
8.45625	6.0432283684
8.4625	6.0446223966
8.46875	6.0460145481
8.475	6.0474048271
8.48125	6.0487932379
8.4875	6.0501797850
8.49375	6.0515644726
8.5	6.0529473050
8.50625	6.0543282865
8.5125	6.0557074212
8.51875	6.0570847136
8.525	6.0584601677
8.53125	6.0598337878
8.5375	6.0612055781
8.54375	6.0625755428
8.55	6.0639436861
8.55625	6.0653100121
8.5625	6.0666745250
8.56875	6.0680372288
8.575	6.0693981278
8.58125	6.0707572259
8.5875	6.0721145274
8.59375	6.0734700363
8.6	6.0748237566
8.60625	6.0761756923
8.6125	6.0775258477
8.61875	6.0788742265
8.625	6.0802208329
8.63125	6.0815656709
8.6375	6.0829087444
8.64375	6.0842500574
8.65	6.0855896138
8.65625	6.0869274177
8.6625	6.0882634729
8.66875	6.0895977834
8.675	6.0909303530
8.68125	6.0922611856
8.6875	6.0935902852
8.69375	6.0949176556
8.7	6.0962433006
8.70625	6.0975672242
8.7125	6.0988894300
8.71875	6.1002099220
8.725	6.1015287039
8.73125	6.1028457796
8.7375	6.1041611528
8.74375	6.1054748272
8.75	6.1067868067
8.75625	6.1080970950
8.7625	6.1094056958
8.76875	6.1107126128
8.775	6.1120178498
8.78125	6.1133214104
8.7875	6.1146232983
8.79375	6.1159235172
8.8	6.1172220708
8.80625	6.1185189627
8.8125	6.1198141965
8.81875	6.1211077758
8.825	6.1223997044
8.83125	6.1236899857
8.8375	6.1249786234
8.84375	6.1262656210
8.85	6.1275509822
8.85625	6.1288347104
8.8625	6.1301168093
8.86875	6.1313972823
8.875	6.1326761330
8.88125	6.1339533648
8.8875	6.1352289814
8.89375	6.1365029861
8.9	6.1377753825
8.90625	6.1390461740
8.9125	6.1403153641
8.91875	6.1415829563
8.925	6.1428489539
8.93125	6.1441133604
8.9375	6.1453761792
8.94375	6.1466374137
8.95	6.1478970673
8.95625	6.1491551434
8.9625	6.1504116453
8.96875	6.1516665765
8.975	6.1529199402
8.98125	6.1541717399
8.9875	6.1554219787
8.99375	6.1566706602
9.0	6.1579177875
9.00625	6.1591633639
9.0125	6.1604073928
9.01875	6.1616498775
9.025	6.1628908211
9.03125	6.1641302271
9.0375	6.1653680985
9.04375	6.1666044387
9.05	6.1678392508
9.05625	6.1690725381
9.0625	6.1703043039
9.06875	6.1715345512
9.075	6.1727632834
9.08125	6.1739905035
9.0875	6.1752162148
9.09375	6.1764404204
9.1	6.1776631234
9.10625	6.1788843270
9.1125	6.1801040343
9.11875	6.1813222485
9.125	6.1825389727
9.13125	6.1837542099
9.1375	6.1849679633
9.14375	6.1861802359
9.15	6.1873910309
9.15625	6.1886003512
9.1625	6.1898082000
9.16875	6.1910145802
9.175	6.1922194950
9.18125	6.1934229473
9.1875	6.1946249403
9.19375	6.1958254768
9.2	6.1970245598
9.20625	6.1982221925
9.2125	6.1994183778
9.21875	6.2006131185
9.225	6.2018064178
9.23125	6.2029982786
9.2375	6.2041887037
9.24375	6.2053776962
9.25	6.2065652590
9.25625	6.2077513950
9.2625	6.2089361072
9.26875	6.2101193983
9.275	6.2113012714
9.28125	6.2124817292
9.2875	6.2136607748
9.29375	6.2148384109
9.3	6.2160146405
9.30625	6.2171894663
9.3125	6.2183628912
9.31875	6.2195349181
9.325	6.2207055498
9.33125	6.2218747891
9.3375	6.2230426388
9.34375	6.2242091017
9.35	6.2253741807
9.35625	6.2265378785
9.3625	6.2277001978
9.36875	6.2288611415
9.375	6.2300207123
9.38125	6.2311789130
9.3875	6.2323357463
9.39375	6.2334912150
9.4	6.2346453218
9.40625	6.2357980694
9.4125	6.2369494605
9.41875	6.2380994979
9.425	6.2392481842
9.43125	6.2403955221
9.4375	6.2415415144
9.44375	6.2426861636
9.45	6.2438294725
9.45625	6.2449714437
9.4625	6.2461120799
9.46875	6.2472513837
9.475	6.2483893578
9.48125	6.2495260048
9.4875	6.2506613272
9.49375	6.2517953278
9.5	6.2529280092
9.50625	6.2540593739
9.5125	6.2551894245
9.51875	6.2563181636
9.525	6.2574455938
9.53125	6.2585717177
9.5375	6.2596965377
9.54375	6.2608200566
9.55	6.2619422768
9.55625	6.2630632009
9.5625	6.2641828314
9.56875	6.2653011709
9.575	6.2664182218
9.58125	6.2675339866
9.5875	6.2686484680
9.59375	6.2697616683
9.6	6.2708735900
9.60625	6.2719842358
9.6125	6.2730936079
9.61875	6.2742017090
9.625	6.2753085414
9.63125	6.2764141077
9.6375	6.2775184102
9.64375	6.2786214514
9.65	6.2797232338
9.65625	6.2808237598
9.6625	6.2819230318
9.66875	6.2830210522
9.675	6.2841178234
9.68125	6.2852133479
9.6875	6.2863076279
9.69375	6.2874006661
9.7	6.2884924646
9.70625	6.2895830258
9.7125	6.2906723523
9.71875	6.2917604462
9.725	6.2928473100
9.73125	6.2939329460
9.7375	6.2950173566
9.74375	6.2961005441
9.75	6.2971825108
9.75625	6.2982632591
9.7625	6.2993427912
9.76875	6.3004211095
9.775	6.3014982163
9.78125	6.3025741138
9.7875	6.3036488045
9.79375	6.3047222905
9.8	6.3057945741
9.80625	6.3068656577
9.8125	6.3079355434
9.81875	6.3090042336
9.825	6.3100717305
9.83125	6.3111380363
9.8375	6.3122031533
9.84375	6.3132670838
9.85	6.3143298299
9.85625	6.3153913939
9.8625	6.3164517779
9.86875	6.3175109843
9.875	6.3185690152
9.88125	6.3196258728
9.8875	6.3206815594
9.89375	6.3217360770
9.9	6.3227894279
9.90625	6.3238416143
9.9125	6.3248926383
9.91875	6.3259425021
9.925	6.3269912078
9.93125	6.3280387577
9.9375	6.3290851538
9.94375	6.3301303983
9.95	6.3311744933
9.95625	6.3322174410
9.9625	6.3332592435
9.96875	6.3342999029
9.975	6.3353394213
9.98125	6.3363778008
9.9875	6.3374150436
9.99375	6.3384511517
10.0	6.3394861272
