0.0	2.9091196405
0.00333333333333	2.9095879128
0.00666666666667	2.9101982073
0.01	2.9108575041
0.0133333333333	2.9115393044
0.0166666666667	2.9122335723
0.02	2.9129357303
0.0233333333333	2.9136434015
0.0266666666667	2.9143552262
0.03	2.9150703672
0.0333333333333	2.9157882771
0.0366666666667	2.9165085811
0.04	2.9172310122
0.0433333333333	2.9179553741
0.0466666666667	2.9186815183
0.05	2.9194093302
0.0533333333333	2.9201387194
0.0566666666667	2.9208696134
0.06	2.9216019531
0.0633333333333	2.9223356898
0.0666666666667	2.9230707827
0.07	2.9238071975
0.0733333333333	2.9245449050
0.0766666666667	2.9252838800
0.08	2.9260241006
0.0833333333333	2.9267655479
0.0866666666667	2.9275082050
0.09	2.9282520572
0.0933333333333	2.9289970913
0.0966666666667	2.9297432954
0.1	2.9304906589
0.103333333333	2.9312391722
0.106666666667	2.9319888266
0.11	2.9327396141
0.113333333333	2.9334915274
0.116666666667	2.9342445597
0.12	2.9349987048
0.123333333333	2.9357539570
0.126666666667	2.9365103109
0.13	2.9372677614
0.133333333333	2.9380263039
0.136666666667	2.9387859339
0.14	2.9395466473
0.143333333333	2.9403084401
0.146666666667	2.9410713086
0.15	2.9418352493
0.153333333333	2.9426002587
0.156666666667	2.9433663337
0.16	2.9441334711
0.163333333333	2.9449016679
0.166666666667	2.9456709214
0.17	2.9464412287
0.173333333333	2.9472125873
0.176666666667	2.9479849944
0.18	2.9487584478
0.183333333333	2.9495329449
0.186666666667	2.9503084834
0.19	2.9510850610
0.193333333333	2.9518626755
0.196666666667	2.9526413248
0.2	2.9534210066
0.203333333333	2.9542017190
0.206666666667	2.9549834599
0.21	2.9557662274
0.213333333333	2.9565500194
0.216666666667	2.9573348340
0.22	2.9581206694
0.223333333333	2.9589075237
0.226666666667	2.9596953951
0.23	2.9604842817
0.233333333333	2.9612741819
0.236666666667	2.9620650937
0.24	2.9628570156
0.243333333333	2.9636499457
0.246666666667	2.9644438825
0.25	2.9652388241
0.253333333333	2.9660347690
0.256666666667	2.9668317155
0.26	2.9676296619
0.263333333333	2.9684286067
0.266666666667	2.9692285482
0.27	2.9700294849
0.273333333333	2.9708314152
0.276666666667	2.9716343375
0.28	2.9724382502
0.283333333333	2.9732431518
0.286666666667	2.9740490407
0.29	2.9748559155
0.293333333333	2.9756637745
0.296666666667	2.9764726164
0.3	2.9772824395
0.303333333333	2.9780932424
0.306666666667	2.9789050235
0.31	2.9797177814
0.313333333333	2.9805315147
0.316666666667	2.9813462217
0.32	2.9821619011
0.323333333333	2.9829785514
0.326666666667	2.9837961711
0.33	2.9846147588
0.333333333333	2.9854343130
0.336666666667	2.9862548323
0.34	2.9870763152
0.343333333333	2.9878987603
0.346666666667	2.9887221661
0.35	2.9895465313
0.353333333333	2.9903718543
0.356666666667	2.9911981338
0.36	2.9920253683
0.363333333333	2.9928535565
0.366666666667	2.9936826969
0.37	2.9945127880
0.373333333333	2.9953438286
0.376666666667	2.9961758171
0.38	2.9970087521
0.383333333333	2.9978426323
0.386666666667	2.9986774563
0.39	2.9995132226
0.393333333333	3.0003499299
0.396666666667	3.0011875768
0.4	3.0020261618
0.403333333333	3.0028656836
0.406666666667	3.0037061408
0.41	3.0045475320
0.413333333333	3.0053898558
0.416666666667	3.0062331108
0.42	3.0070772957
0.423333333333	3.0079224090
0.426666666667	3.0087684494
0.43	3.0096154155
0.433333333333	3.0104633060
0.436666666667	3.0113121194
0.44	3.0121618543
0.443333333333	3.0130125095
0.446666666667	3.0138640835
0.45	3.0147165749
0.453333333333	3.0155699825
0.456666666667	3.0164243048
0.46	3.0172795404
0.463333333333	3.0181356880
0.466666666667	3.0189927462
0.47	3.0198507137
0.473333333333	3.0207095890
0.476666666667	3.0215693709
0.48	3.0224300580
0.483333333333	3.0232916489
0.486666666667	3.0241541422
0.49	3.0250175366
0.493333333333	3.0258818308
0.496666666667	3.0267470233
0.5	3.0276131129
0.503333333333	3.0284800981
0.506666666667	3.0293479777
0.51	3.0302167502
0.513333333333	3.0310864143
0.516666666667	3.0319569687
0.52	3.0328284120
0.523333333333	3.0337007429
0.526666666667	3.0345739599
0.53	3.0354480619
0.533333333333	3.0363230473
0.536666666667	3.0371989150
0.54	3.0380756634
0.543333333333	3.0389532914
0.546666666667	3.0398317974
0.55	3.0407111803
0.553333333333	3.0415914387
0.556666666667	3.0424725711
0.56	3.0433545764
0.563333333333	3.0442374530
0.566666666667	3.0451211998
0.57	3.0460058153
0.573333333333	3.0468912983
0.576666666667	3.0477776473
0.58	3.0486648611
0.583333333333	3.0495529383
0.586666666667	3.0504418776
0.59	3.0513316776
0.593333333333	3.0522223371
0.596666666667	3.0531138546
0.6	3.0540062289
0.603333333333	3.0548994587
0.606666666667	3.0557935425
0.61	3.0566884791
0.613333333333	3.0575842671
0.616666666667	3.0584809053
0.62	3.0593783922
0.623333333333	3.0602767266
0.626666666667	3.0611759072
0.63	3.0620759326
0.633333333333	3.0629768014
0.636666666667	3.0638785125
0.64	3.0647810644
0.643333333333	3.0656844558
0.646666666667	3.0665886854
0.65	3.0674937519
0.653333333333	3.0683996540
0.656666666667	3.0693063904
0.66	3.0702139597
0.663333333333	3.0711223607
0.666666666667	3.0720315919
0.67	3.0729416522
0.673333333333	3.0738525401
0.676666666667	3.0747642545
0.68	3.0756767939
0.683333333333	3.0765901570
0.686666666667	3.0775043426
0.69	3.0784193493
0.693333333333	3.0793351759
0.696666666667	3.0802518210
0.7	3.0811692833
0.703333333333	3.0820875615
0.706666666667	3.0830066544
0.71	3.0839265605
0.713333333333	3.0848472787
0.716666666667	3.0857688076
0.72	3.0866911458
0.723333333333	3.0876142922
0.726666666667	3.0885382454
0.73	3.0894630041
0.733333333333	3.0903885670
0.736666666667	3.0913149328
0.74	3.0922421002
0.743333333333	3.0931700680
0.746666666667	3.0940988348
0.75	3.0950283994
0.753333333333	3.0959587604
0.756666666667	3.0968899165
0.76	3.0978218666
0.763333333333	3.0987546092
0.766666666667	3.0996881432
0.77	3.1006224671
0.773333333333	3.1015575798
0.776666666667	3.1024934799
0.78	3.1034301662
0.783333333333	3.1043676373
0.786666666667	3.1053058921
0.79	3.1062449292
0.793333333333	3.1071847473
0.796666666667	3.1081253452
0.8	3.1090667216
0.803333333333	3.1100088751
0.806666666667	3.1109518046
0.81	3.1118955088
0.813333333333	3.1128399864
0.816666666667	3.1137852360
0.82	3.1147312565
0.823333333333	3.1156780466
0.826666666667	3.1166256050
0.83	3.1175739304
0.833333333333	3.1185230216
0.836666666667	3.1194728774
0.84	3.1204234963
0.843333333333	3.1213748772
0.846666666667	3.1223270189
0.85	3.1232799200
0.853333333333	3.1242335793
0.856666666667	3.1251879955
0.86	3.1261431674
0.863333333333	3.1270990937
0.866666666667	3.1280557732
0.87	3.1290132046
0.873333333333	3.1299713867
0.876666666667	3.1309303182
0.88	3.1318899978
0.883333333333	3.1328504243
0.886666666667	3.1338115965
0.89	3.1347735131
0.893333333333	3.1357361728
0.896666666667	3.1366995745
0.9	3.1376637169
0.903333333333	3.1386285986
0.906666666667	3.1395942186
0.91	3.1405605755
0.913333333333	3.1415276681
0.916666666667	3.1424954952
0.92	3.1434640555
0.923333333333	3.1444333478
0.926666666667	3.1454033709
0.93	3.1463741235
0.933333333333	3.1473456044
0.936666666667	3.1483178123
0.94	3.1492907461
0.943333333333	3.1502644045
0.946666666667	3.1512387863
0.95	3.1522138902
0.953333333333	3.1531897151
0.956666666667	3.1541662596
0.96	3.1551435227
0.963333333333	3.1561215030
0.966666666667	3.1571001993
0.97	3.1580796104
0.973333333333	3.1590597352
0.976666666667	3.1600405724
0.98	3.1610221207
0.983333333333	3.1620043789
0.986666666667	3.1629873460
0.99	3.1639710205
0.993333333333	3.1649554014
0.996666666667	3.1659404874
1.0	3.1669262773
1.00333333333	3.1679127699
1.00666666667	3.1688999640
1.01	3.1698878585
1.01333333333	3.1708764520
1.01666666667	3.1718657433
1.02	3.1728557314
1.02333333333	3.1738464150
1.02666666667	3.1748377929
1.03	3.1758298639
1.03333333333	3.1768226268
1.03666666667	3.1778160804
1.04	3.1788102235
1.04333333333	3.1798050549
1.04666666667	3.1808005736
1.05	3.1817967781
1.05333333333	3.1827936675
1.05666666667	3.1837912404
1.06	3.1847894957
1.06333333333	3.1857884323
1.06666666667	3.1867880488
1.07	3.1877883443
1.07333333333	3.1887893174
1.07666666667	3.1897909671
1.08	3.1907932920
1.08333333333	3.1917962912
1.08666666667	3.1927999633
1.09	3.1938043072
1.09333333333	3.1948093218
1.09666666667	3.1958150059
1.1	3.1968213582
1.10333333333	3.1978283778
1.10666666667	3.1988360633
1.11	3.1998444136
1.11333333333	3.2008534276
1.11666666667	3.2018631040
1.12	3.2028734418
1.12333333333	3.2038844398
1.12666666667	3.2048960969
1.13	3.2059084118
1.13333333333	3.2069213834
1.13666666667	3.2079350106
1.14	3.2089492922
1.14333333333	3.2099642271
1.14666666667	3.2109798141
1.15	3.2119960521
1.15333333333	3.2130129399
1.15666666667	3.2140304765
1.16	3.2150486605
1.16333333333	3.2160674910
1.16666666667	3.2170869668
1.17	3.2181070867
1.17333333333	3.2191278496
1.17666666667	3.2201492544
1.18	3.2211713000
1.18333333333	3.2221939851
1.18666666667	3.2232173087
1.19	3.2242412697
1.19333333333	3.2252658669
1.19666666667	3.2262910992
1.2	3.2273169655
1.20333333333	3.2283434646
1.20666666667	3.2293705955
1.21	3.2303983570
1.21333333333	3.2314267480
1.21666666667	3.2324557674
1.22	3.2334854141
1.22333333333	3.2345156869
1.22666666667	3.2355465848
1.23	3.2365781066
1.23333333333	3.2376102512
1.23666666667	3.2386430176
1.24	3.2396764046
1.24333333333	3.2407104111
1.24666666667	3.2417450360
1.25	3.2427802783
1.25333333333	3.2438161367
1.25666666667	3.2448526103
1.26	3.2458896979
1.26333333333	3.2469273985
1.26666666667	3.2479657109
1.27	3.2490046340
1.27333333333	3.2500441668
1.27666666667	3.2510843081
1.28	3.2521250570
1.28333333333	3.2531664122
1.28666666667	3.2542083728
1.29	3.2552509376
1.29333333333	3.2562941056
1.29666666667	3.2573378756
1.3	3.2583822466
1.30333333333	3.2594272176
1.30666666667	3.2604727874
1.31	3.2615189550
1.31333333333	3.2625657194
1.31666666667	3.2636130793
1.32	3.2646610338
1.32333333333	3.2657095819
1.32666666667	3.2667587224
1.33	3.2678084543
1.33333333333	3.2688587765
1.33666666667	3.2699096879
1.34	3.2709611876
1.34333333333	3.2720132744
1.34666666667	3.2730659474
1.35	3.2741192053
1.35333333333	3.2751730473
1.35666666667	3.2762274722
1.36	3.2772824790
1.36333333333	3.2783380667
1.36666666667	3.2793942341
1.37	3.2804509804
1.37333333333	3.2815083043
1.37666666667	3.2825662050
1.38	3.2836246812
1.38333333333	3.2846837321
1.38666666667	3.2857433566
1.39	3.2868035536
1.39333333333	3.2878643221
1.39666666667	3.2889256611
1.4	3.2899875696
1.40333333333	3.2910500465
1.40666666667	3.2921130908
1.41	3.2931767015
1.41333333333	3.2942408775
1.41666666667	3.2953056179
1.42	3.2963709216
1.42333333333	3.2974367876
1.42666666667	3.2985032149
1.43	3.2995702024
1.43333333333	3.3006377493
1.43666666667	3.3017058544
1.44	3.3027745167
1.44333333333	3.3038437353
1.44666666667	3.3049135091
1.45	3.3059838372
1.45333333333	3.3070547185
1.45666666667	3.3081261520
1.46	3.3091981368
1.46333333333	3.3102706718
1.46666666667	3.3113437561
1.47	3.3124173886
1.47333333333	3.3134915684
1.47666666667	3.3145662945
1.48	3.3156415658
1.48333333333	3.3167173815
1.48666666667	3.3177937404
1.49	3.3188706418
1.49333333333	3.3199480844
1.49666666667	3.3210260675
1.5	3.3221045899
1.50333333333	3.3231836508
1.50666666667	3.3242632491
1.51	3.3253433839
1.51333333333	3.3264240542
1.51666666667	3.3275052590
1.52	3.3285869975
1.52333333333	3.3296692685
1.52666666667	3.3307520712
1.53	3.3318354045
1.53333333333	3.3329192676
1.53666666667	3.3340036594
1.54	3.3350885791
1.54333333333	3.3361740256
1.54666666667	3.3372599980
1.55	3.3383464954
1.55333333333	3.3394335167
1.55666666667	3.3405210612
1.56	3.3416091277
1.56333333333	3.3426977154
1.56666666667	3.3437868233
1.57	3.3448764505
1.57333333333	3.3459665960
1.57666666667	3.3470572589
1.58	3.3481484383
1.58333333333	3.3492401333
1.58666666667	3.3503323428
1.59	3.3514250660
1.59333333333	3.3525183020
1.59666666667	3.3536120498
1.6	3.3547063084
1.60333333333	3.3558010771
1.60666666667	3.3568963548
1.61	3.3579921406
1.61333333333	3.3590884337
1.61666666667	3.3601852330
1.62	3.3612825377
1.62333333333	3.3623803469
1.62666666667	3.3634786597
1.63	3.3645774751
1.63333333333	3.3656767923
1.63666666667	3.3667766103
1.64	3.3678769282
1.64333333333	3.3689777452
1.64666666667	3.3700790603
1.65	3.3711808727
1.65333333333	3.3722831814
1.65666666667	3.3733859855
1.66	3.3744892842
1.66333333333	3.3755930766
1.66666666667	3.3766973617
1.67	3.3778021387
1.67333333333	3.3789074068
1.67666666667	3.3800131649
1.68	3.3811194123
1.68333333333	3.3822261481
1.68666666667	3.3833333713
1.69	3.3844410811
1.69333333333	3.3855492767
1.69666666667	3.3866579572
1.7	3.3877671216
1.70333333333	3.3888767691
1.70666666667	3.3899868989
1.71	3.3910975101
1.71333333333	3.3922086018
1.71666666667	3.3933201732
1.72	3.3944322233
1.72333333333	3.3955447514
1.72666666667	3.3966577566
1.73	3.3977712381
1.73333333333	3.3988851949
1.73666666667	3.3999996262
1.74	3.4011145313
1.74333333333	3.4022299092
1.74666666667	3.4033457590
1.75	3.4044620800
1.75333333333	3.4055788714
1.75666666667	3.4066961321
1.76	3.4078138616
1.76333333333	3.4089320588
1.76666666667	3.4100507229
1.77	3.4111698532
1.77333333333	3.4122894489
1.77666666667	3.4134095089
1.78	3.4145300326
1.78333333333	3.4156510192
1.78666666667	3.4167724677
1.79	3.4178943774
1.79333333333	3.4190167475
1.79666666667	3.4201395771
1.8	3.4212628654
1.80333333333	3.4223866117
1.80666666667	3.4235108150
1.81	3.4246354747
1.81333333333	3.4257605898
1.81666666667	3.4268861596
1.82	3.4280121833
1.82333333333	3.4291386600
1.82666666667	3.4302655890
1.83	3.4313929695
1.83333333333	3.4325208007
1.83666666667	3.4336490818
1.84	3.4347778119
1.84333333333	3.4359069903
1.84666666667	3.4370366163
1.85	3.4381666890
1.85333333333	3.4392972076
1.85666666667	3.4404281714
1.86	3.4415595795
1.86333333333	3.4426914313
1.86666666667	3.4438237258
1.87	3.4449564624
1.87333333333	3.4460896403
1.87666666667	3.4472232587
1.88	3.4483573168
1.88333333333	3.4494918138
1.88666666667	3.4506267491
1.89	3.4517621218
1.89333333333	3.4528979311
1.89666666667	3.4540341764
1.9	3.4551708568
1.90333333333	3.4563079716
1.90666666667	3.4574455200
1.91	3.4585835014
1.91333333333	3.4597219148
1.91666666667	3.4608607597
1.92	3.4620000352
1.92333333333	3.4631397406
1.92666666667	3.4642798751
1.93	3.4654204381
1.93333333333	3.4665614287
1.93666666667	3.4677028463
1.94	3.4688446901
1.94333333333	3.4699869593
1.94666666667	3.4711296533
1.95	3.4722727713
1.95333333333	3.4734163125
1.95666666667	3.4745602763
1.96	3.4757046620
1.96333333333	3.4768494688
1.96666666667	3.4779946959
1.97	3.4791403428
1.97333333333	3.4802864086
1.97666666667	3.4814328926
1.98	3.4825797942
1.98333333333	3.4837271126
1.98666666667	3.4848748471
1.99	3.4860229970
1.99333333333	3.4871715616
1.99666666667	3.4883205403
2.0	3.4894699322
2.00333333333	3.4906197367
2.00666666667	3.4917699532
2.01	3.4929205809
2.01333333333	3.4940716191
2.01666666667	3.4952230671
2.02	3.4963749243
2.02333333333	3.4975271900
2.02666666667	3.4986798634
2.03	3.4998329439
2.03333333333	3.5009864309
2.03666666667	3.5021403236
2.04	3.5032946213
2.04333333333	3.5044493234
2.04666666667	3.5056044293
2.05	3.5067599382
2.05333333333	3.5079158495
2.05666666667	3.5090721625
2.06	3.5102288765
2.06333333333	3.5113859910
2.06666666667	3.5125435051
2.07	3.5137014183
2.07333333333	3.5148597300
2.07666666667	3.5160184394
2.08	3.5171775459
2.08333333333	3.5183370489
2.08666666667	3.5194969477
2.09	3.5206572416
2.09333333333	3.5218179301
2.09666666667	3.5229790124
2.1	3.5241404880
2.10333333333	3.5253023562
2.10666666667	3.5264646164
2.11	3.5276272678
2.11333333333	3.5287903100
2.11666666667	3.5299537423
2.12	3.5311175640
2.12333333333	3.5322817745
2.12666666667	3.5334463733
2.13	3.5346113596
2.13333333333	3.5357767328
2.13666666667	3.5369424924
2.14	3.5381086377
2.14333333333	3.5392751682
2.14666666667	3.5404420831
2.15	3.5416093819
2.15333333333	3.5427770640
2.15666666667	3.5439451288
2.16	3.5451135757
2.16333333333	3.5462824040
2.16666666667	3.5474516132
2.17	3.5486212027
2.17333333333	3.5497911719
2.17666666667	3.5509615202
2.18	3.5521322470
2.18333333333	3.5533033517
2.18666666667	3.5544748337
2.19	3.5556466925
2.19333333333	3.5568189274
2.19666666667	3.5579915380
2.2	3.5591645235
2.20333333333	3.5603378835
2.20666666667	3.5615116173
2.21	3.5626857244
2.21333333333	3.5638602042
2.21666666667	3.5650350562
2.22	3.5662102798
2.22333333333	3.5673858744
2.22666666667	3.5685618394
2.23	3.5697381744
2.23333333333	3.5709148787
2.23666666667	3.5720919518
2.24	3.5732693931
2.24333333333	3.5744472022
2.24666666667	3.5756253783
2.25	3.5768039211
2.25333333333	3.5779828299
2.25666666667	3.5791621043
2.26	3.5803417436
2.26333333333	3.5815217473
2.26666666667	3.5827021150
2.27	3.5838828460
2.27333333333	3.5850639398
2.27666666667	3.5862453960
2.28	3.5874272140
2.28333333333	3.5886093932
2.28666666667	3.5897919331
2.29	3.5909748333
2.29333333333	3.5921580931
2.29666666667	3.5933417122
2.3	3.5945256899
2.30333333333	3.5957100258
2.30666666667	3.5968947193
2.31	3.5980797700
2.31333333333	3.5992651773
2.31666666667	3.6004509407
2.32	3.6016370598
2.32333333333	3.6028235340
2.32666666667	3.6040103629
2.33	3.6051975459
2.33333333333	3.6063850826
2.33666666667	3.6075729724
2.34	3.6087612150
2.34333333333	3.6099498097
2.34666666667	3.6111387562
2.35	3.6123280538
2.35333333333	3.6135177023
2.35666666667	3.6147077010
2.36	3.6158980496
2.36333333333	3.6170887474
2.36666666667	3.6182797942
2.37	3.6194711894
2.37333333333	3.6206629325
2.37666666667	3.6218550230
2.38	3.6230474606
2.38333333333	3.6242402448
2.38666666667	3.6254333750
2.39	3.6266268509
2.39333333333	3.6278206721
2.39666666667	3.6290148379
2.4	3.6302093481
2.40333333333	3.6314042021
2.40666666667	3.6325993996
2.41	3.6337949400
2.41333333333	3.6349908230
2.41666666667	3.6361870481
2.42	3.6373836149
2.42333333333	3.6385805230
2.42666666667	3.6397777718
2.43	3.6409753611
2.43333333333	3.6421732903
2.43666666667	3.6433715591
2.44	3.6445701670
2.44333333333	3.6457691137
2.44666666667	3.6469683986
2.45	3.6481680215
2.45333333333	3.6493679818
2.45666666667	3.6505682792
2.46	3.6517689133
2.46333333333	3.6529698836
2.46666666667	3.6541711899
2.47	3.6553728316
2.47333333333	3.6565748084
2.47666666667	3.6577771199
2.48	3.6589797657
2.48333333333	3.6601827454
2.48666666667	3.6613860586
2.49	3.6625897050
2.49333333333	3.6637936842
2.49666666667	3.6649979957
2.5	3.6662026393
2.50333333333	3.6674076145
2.50666666667	3.6686129209
2.51	3.6698185583
2.51333333333	3.6710245262
2.51666666667	3.6722308243
2.52	3.6734374522
2.52333333333	3.6746444096
2.52666666667	3.6758516960
2.53	3.6770593112
2.53333333333	3.6782672548
2.53666666667	3.6794755265
2.54	3.6806841258
2.54333333333	3.6818930525
2.54666666667	3.6831023062
2.55	3.6843118866
2.55333333333	3.6855217934
2.55666666667	3.6867320262
2.56	3.6879425846
2.56333333333	3.6891534684
2.56666666667	3.6903646772
2.57	3.6915762107
2.57333333333	3.6927880686
2.57666666667	3.6940002506
2.58	3.6952127563
2.58333333333	3.6964255855
2.58666666667	3.6976387378
2.59	3.6988522129
2.59333333333	3.7000660105
2.59666666667	3.7012801303
2.6	3.7024945721
2.60333333333	3.7037093354
2.60666666667	3.7049244201
2.61	3.7061398258
2.61333333333	3.7073555522
2.61666666667	3.7085715991
2.62	3.7097879661
2.62333333333	3.7110046530
2.62666666667	3.7122216596
2.63	3.7134389854
2.63333333333	3.7146566304
2.63666666667	3.7158745941
2.64	3.7170928763
2.64333333333	3.7183114767
2.64666666667	3.7195303952
2.65	3.7207496314
2.65333333333	3.7219691850
2.65666666667	3.7231890559
2.66	3.7244092437
2.66333333333	3.7256297482
2.66666666667	3.7268505692
2.67	3.7280717064
2.67333333333	3.7292931596
2.67666666667	3.7305149286
2.68	3.7317370130
2.68333333333	3.7329594127
2.68666666667	3.7341821275
2.69	3.7354051571
2.69333333333	3.7366285012
2.69666666667	3.7378521598
2.7	3.7390761325
2.70333333333	3.7403004191
2.70666666667	3.7415250194
2.71	3.7427499333
2.71333333333	3.7439751604
2.71666666667	3.7452007007
2.72	3.7464265538
2.72333333333	3.7476527196
2.72666666667	3.7488791980
2.73	3.7501059886
2.73333333333	3.7513330914
2.73666666667	3.7525605060
2.74	3.7537882325
2.74333333333	3.7550162704
2.74666666667	3.7562446198
2.75	3.7574732804
2.75333333333	3.7587022520
2.75666666667	3.7599315345
2.76	3.7611611276
2.76333333333	3.7623910313
2.76666666667	3.7636212454
2.77	3.7648517697
2.77333333333	3.7660826040
2.77666666667	3.7673137483
2.78	3.7685452023
2.78333333333	3.7697769659
2.78666666667	3.7710090390
2.79	3.7722414214
2.79333333333	3.7734741130
2.79666666667	3.7747071136
2.8	3.7759404232
2.80333333333	3.7771740416
2.80666666667	3.7784079687
2.81	3.7796422043
2.81333333333	3.7808767483
2.81666666667	3.7821116007
2.82	3.7833467612
2.82333333333	3.7845822299
2.82666666667	3.7858180066
2.83	3.7870540911
2.83333333333	3.7882904835
2.83666666667	3.7895271835
2.84	3.7907641911
2.84333333333	3.7920015063
2.84666666667	3.7932391288
2.85	3.7944770587
2.85333333333	3.7957152959
2.85666666667	3.7969538403
2.86	3.7981926918
2.86333333333	3.7994318503
2.86666666667	3.8006713158
2.87	3.8019110882
2.87333333333	3.8031511674
2.87666666667	3.8043915535
2.88	3.8056322462
2.88333333333	3.8068732457
2.88666666667	3.8081145519
2.89	3.8093561646
2.89333333333	3.8105980839
2.89666666667	3.8118403097
2.9	3.8130828420
2.90333333333	3.8143256807
2.90666666667	3.8155688260
2.91	3.8168122776
2.91333333333	3.8180560356
2.91666666667	3.8193001000
2.92	3.8205444707
2.92333333333	3.8217891478
2.92666666667	3.8230341313
2.93	3.8242794211
2.93333333333	3.8255250173
2.93666666667	3.8267709198
2.94	3.8280171288
2.94333333333	3.8292636440
2.94666666667	3.8305104657
2.95	3.8317575938
2.95333333333	3.8330050284
2.95666666667	3.8342527694
2.96	3.8355008169
2.96333333333	3.8367491710
2.96666666667	3.8379978316
2.97	3.8392467989
2.97333333333	3.8404960728
2.97666666667	3.8417456534
2.98	3.8429955408
2.98333333333	3.8442457351
2.98666666667	3.8454962362
2.99	3.8467470442
2.99333333333	3.8479981593
2.99666666667	3.8492495815
3.0	3.8505013109
3.00333333333	3.8517533475
3.00666666667	3.8530056915
3.01	3.8542583429
3.01333333333	3.8555113018
3.01666666667	3.8567645683
3.02	3.8580181425
3.02333333333	3.8592720246
3.02666666667	3.8605262146
3.03	3.8617807127
3.03333333333	3.8630355189
3.03666666667	3.8642906334
3.04	3.8655460563
3.04333333333	3.8668017877
3.04666666667	3.8680578278
3.05	3.8693141767
3.05333333333	3.8705708346
3.05666666667	3.8718278016
3.06	3.8730850778
3.06333333333	3.8743426635
3.06666666667	3.8756005587
3.07	3.8768587636
3.07333333333	3.8781172784
3.07666666667	3.8793761033
3.08	3.8806352385
3.08333333333	3.8818946840
3.08666666667	3.8831544402
3.09	3.8844145072
3.09333333333	3.8856748851
3.09666666667	3.8869355743
3.1	3.8881965748
3.10333333333	3.8894578870
3.10666666667	3.8907195110
3.11	3.8919814470
3.11333333333	3.8932436953
3.11666666667	3.8945062560
3.12	3.8957691295
3.12333333333	3.8970323159
3.12666666667	3.8982958156
3.13	3.8995596286
3.13333333333	3.9008237553
3.13666666667	3.9020881960
3.14	3.9033529509
3.14333333333	3.9046180202
3.14666666667	3.9058834043
3.15	3.9071491034
3.15333333333	3.9084151178
3.15666666667	3.9096814477
3.16	3.9109480935
3.16333333333	3.9122150555
3.16666666667	3.9134823339
3.17	3.9147499291
3.17333333333	3.9160178413
3.17666666667	3.9172860710
3.18	3.9185546183
3.18333333333	3.9198234836
3.18666666667	3.9210926674
3.19	3.9223621698
3.19333333333	3.9236319912
3.19666666667	3.9249021320
3.2	3.9261725926
3.20333333333	3.9274433732
3.20666666667	3.9287144743
3.21	3.9299858962
3.21333333333	3.9312576393
3.21666666667	3.9325297040
3.22	3.9338020906
3.22333333333	3.9350747996
3.22666666667	3.9363478313
3.23	3.9376211862
3.23333333333	3.9388948646
3.23666666667	3.9401688669
3.24	3.9414431937
3.24333333333	3.9427178452
3.24666666667	3.9439928220
3.25	3.9452681244
3.25333333333	3.9465437530
3.25666666667	3.9478197081
3.26	3.9490959902
3.26333333333	3.9503725998
3.26666666667	3.9516495373
3.27	3.9529268032
3.27333333333	3.9542043981
3.27666666667	3.9554823223
3.28	3.9567605763
3.28333333333	3.9580391607
3.28666666667	3.9593180760
3.29	3.9605973226
3.29333333333	3.9618769012
3.29666666667	3.9631568121
3.3	3.9644370560
3.30333333333	3.9657176333
3.30666666667	3.9669985447
3.31	3.9682797906
3.31333333333	3.9695613716
3.31666666667	3.9708432884
3.32	3.9721255413
3.32333333333	3.9734081311
3.32666666667	3.9746910583
3.33	3.9759743235
3.33333333333	3.9772579273
3.33666666667	3.9785418703
3.34	3.9798261531
3.34333333333	3.9811107763
3.34666666667	3.9823957406
3.35	3.9836810465
3.35333333333	3.9849666948
3.35666666667	3.9862526860
3.36	3.9875390208
3.36333333333	3.9888256999
3.36666666667	3.9901127240
3.37	3.9914000937
3.37333333333	3.9926878097
3.37666666667	3.9939758727
3.38	3.9952642834
3.38333333333	3.9965530425
3.38666666667	3.9978421507
3.39	3.9991316088
3.39333333333	4.0004214174
3.39666666667	4.0017115773
3.4	4.0030020893
3.40333333333	4.0042929542
3.40666666667	4.0055841726
3.41	4.0068757453
3.41333333333	4.0081676732
3.41666666667	4.0094599569
3.42	4.0107525974
3.42333333333	4.0120455954
3.42666666667	4.0133389518
3.43	4.0146326673
3.43333333333	4.0159267428
3.43666666667	4.0172211791
3.44	4.0185159770
3.44333333333	4.0198111375
3.44666666667	4.0211066614
3.45	4.0224025496
3.45333333333	4.0236988029
3.45666666667	4.0249954223
3.46	4.0262924086
3.46333333333	4.0275897628
3.46666666667	4.0288874858
3.47	4.0301855785
3.47333333333	4.0314840419
3.47666666667	4.0327828768
3.48	4.0340820844
3.48333333333	4.0353816655
3.48666666667	4.0366816211
3.49	4.0379819523
3.49333333333	4.0392826600
3.49666666667	4.0405837452
3.5	4.0418852089
3.50333333333	4.0431870523
3.50666666667	4.0444892763
3.51	4.0457918819
3.51333333333	4.0470948703
3.51666666667	4.0483982425
3.52	4.0497019997
3.52333333333	4.0510061428
3.52666666667	4.0523106731
3.53	4.0536155916
3.53333333333	4.0549208994
3.53666666667	4.0562265978
3.54	4.0575326878
3.54333333333	4.0588391706
3.54666666667	4.0601460474
3.55	4.0614533195
3.55333333333	4.0627609879
3.55666666667	4.0640690539
3.56	4.0653775187
3.56333333333	4.0666863836
3.56666666667	4.0679956499
3.57	4.0693053186
3.57333333333	4.0706153913
3.57666666667	4.0719258691
3.58	4.0732367533
3.58333333333	4.0745480453
3.58666666667	4.0758597464
3.59	4.0771718578
3.59333333333	4.0784843811
3.59666666667	4.0797973175
3.6	4.0811106684
3.60333333333	4.0824244352
3.60666666667	4.0837386194
3.61	4.0850532223
3.61333333333	4.0863682454
3.61666666667	4.0876836901
3.62	4.0889995579
3.62333333333	4.0903158504
3.62666666667	4.0916325688
3.63	4.0929497149
3.63333333333	4.0942672901
3.63666666667	4.0955852960
3.64	4.0969037340
3.64333333333	4.0982226058
3.64666666667	4.0995419131
3.65	4.1008616572
3.65333333333	4.1021818400
3.65666666667	4.1035024630
3.66	4.1048235279
3.66333333333	4.1061450364
3.66666666667	4.1074669901
3.67	4.1087893907
3.67333333333	4.1101122400
3.67666666667	4.1114355397
3.68	4.1127592916
3.68333333333	4.1140834974
3.68666666667	4.1154081589
3.69	4.1167332779
3.69333333333	4.1180588563
3.69666666667	4.1193848960
3.7	4.1207113987
3.70333333333	4.1220383663
3.70666666667	4.1233658009
3.71	4.1246937042
3.71333333333	4.1260220782
3.71666666667	4.1273509250
3.72	4.1286802464
3.72333333333	4.1300100445
3.72666666667	4.1313403213
3.73	4.1326710789
3.73333333333	4.1340023193
3.73666666667	4.1353340446
3.74	4.1366662569
3.74333333333	4.1379989584
3.74666666667	4.1393321511
3.75	4.1406658374
3.75333333333	4.1420000193
3.75666666667	4.1433346992
3.76	4.1446698792
3.76333333333	4.1460055616
3.76666666667	4.1473417487
3.77	4.1486784429
3.77333333333	4.1500156465
3.77666666667	4.1513533617
3.78	4.1526915912
3.78333333333	4.1540303371
3.78666666667	4.1553696021
3.79	4.1567093886
3.79333333333	4.1580496990
3.79666666667	4.1593905359
3.8	4.1607319018
3.80333333333	4.1620737994
3.80666666667	4.1634162311
3.81	4.1647591998
3.81333333333	4.1661027079
3.81666666667	4.1674467583
3.82	4.1687913536
3.82333333333	4.1701364966
3.82666666667	4.1714821900
3.83	4.1728284368
3.83333333333	4.1741752397
3.83666666667	4.1755226015
3.84	4.1768705253
3.84333333333	4.1782190139
3.84666666667	4.1795680704
3.85	4.1809176977
3.85333333333	4.1822678988
3.85666666667	4.1836186769
3.86	4.1849700351
3.86333333333	4.1863219764
3.86666666667	4.1876745041
3.87	4.1890276215
3.87333333333	4.1903813317
3.87666666667	4.1917356380
3.88	4.1930905438
3.88333333333	4.1944460524
3.88666666667	4.1958021673
3.89	4.1971588919
3.89333333333	4.1985162297
3.89666666667	4.1998741841
3.9	4.2012327589
3.90333333333	4.2025919576
3.90666666667	4.2039517838
3.91	4.2053122413
3.91333333333	4.2066733338
3.91666666667	4.2080350651
3.92	4.2093974390
3.92333333333	4.2107604594
3.92666666667	4.2121241302
3.93	4.2134884554
3.93333333333	4.2148534391
3.93666666667	4.2162190853
3.94	4.2175853982
3.94333333333	4.2189523819
3.94666666667	4.2203200406
3.95	4.2216883786
3.95333333333	4.2230574003
3.95666666667	4.2244271101
3.96	4.2257975124
3.96333333333	4.2271686117
3.96666666667	4.2285404125
3.97	4.2299129196
3.97333333333	4.2312861375
3.97666666667	4.2326600711
3.98	4.2340347250
3.98333333333	4.2354101043
3.98666666667	4.2367862138
3.99	4.2381630585
3.99333333333	4.2395406435
3.99666666667	4.2409189738
4.0	4.2422980548
4.00333333333	4.2436778917
4.00666666667	4.2450584898
4.01	4.2464398546
4.01333333333	4.2478219914
4.01666666667	4.2492049060
4.02	4.2505886039
4.02333333333	4.2519730909
4.02666666667	4.2533583727
4.03	4.2547444553
4.03333333333	4.2561313445
4.03666666667	4.2575190466
4.04	4.2589075676
4.04333333333	4.2602969137
4.04666666667	4.2616870912
4.05	4.2630781067
4.05333333333	4.2644699665
4.05666666667	4.2658626773
4.06	4.2672562458
4.06333333333	4.2686506787
4.06666666667	4.2700459831
4.07	4.2714421659
4.07333333333	4.2728392342
4.07666666667	4.2742371952
4.08	4.2756360563
4.08333333333	4.2770358249
4.08666666667	4.2784365087
4.09	4.2798381152
4.09333333333	4.2812406524
4.09666666667	4.2826441281
4.1	4.2840485504
4.10333333333	4.2854539275
4.10666666667	4.2868602677
4.11	4.2882675796
4.11333333333	4.2896758717
4.11666666667	4.2910851527
4.12	4.2924954316
4.12333333333	4.2939067173
4.12666666667	4.2953190192
4.13	4.2967323466
4.13333333333	4.2981467090
4.13666666667	4.2995621161
4.14	4.3009785778
4.14333333333	4.3023961040
4.14666666667	4.3038147051
4.15	4.3052343914
4.15333333333	4.3066551735
4.15666666667	4.3080770623
4.16	4.3095000686
4.16333333333	4.3109242037
4.16666666667	4.3123494791
4.17	4.3137759062
4.17333333333	4.3152034970
4.17666666667	4.3166322636
4.18	4.3180622182
4.18333333333	4.3194933734
4.18666666667	4.3209257421
4.19	4.3223593372
4.19333333333	4.3237941722
4.19666666667	4.3252302605
4.2	4.3266676161
4.20333333333	4.3281062532
4.20666666667	4.3295461863
4.21	4.3309874300
4.21333333333	4.3324299996
4.21666666667	4.3338739105
4.22	4.3353191783
4.22333333333	4.3367658193
4.22666666667	4.3382138500
4.23	4.3396632871
4.23333333333	4.3411141480
4.23666666667	4.3425664502
4.24	4.3440202119
4.24333333333	4.3454754516
4.24666666667	4.3469321882
4.25	4.3483904410
4.25333333333	4.3498502301
4.25666666667	4.3513115757
4.26	4.3527744988
4.26333333333	4.3542390207
4.26666666667	4.3557051636
4.27	4.3571729499
4.27333333333	4.3586424029
4.27666666667	4.3601135463
4.28	4.3615864046
4.28333333333	4.3630610030
4.28666666667	4.3645373672
4.29	4.3660155239
4.29333333333	4.3674955004
4.29666666667	4.3689773249
4.3	4.3704610264
4.30333333333	4.3719466348
4.30666666667	4.3734341810
4.31	4.3749236966
4.31333333333	4.3764152145
4.31666666667	4.3779087687
4.32	4.3794043939
4.32333333333	4.3809021265
4.32666666667	4.3824020039
4.33	4.3839040646
4.33333333333	4.3854083489
4.33666666667	4.3869148982
4.34	4.3884237557
4.34333333333	4.3899349659
4.34666666667	4.3914485753
4.35	4.3929646321
4.35333333333	4.3944831864
4.35666666667	4.3960042905
4.36	4.3975279987
4.36333333333	4.3990543677
4.36666666667	4.4005834567
4.37	4.4021153275
4.37333333333	4.4036500448
4.37666666667	4.4051876764
4.38	4.4067282932
4.38333333333	4.4082719697
4.38666666667	4.4098187843
4.39	4.4113688193
4.39333333333	4.4129221616
4.39666666667	4.4144789030
4.4	4.4160391405
4.40333333333	4.4176029766
4.40666666667	4.4191705205
4.41	4.4207418880
4.41333333333	4.4223172026
4.41666666667	4.4238965964
4.42	4.4254802106
4.42333333333	4.4270681970
4.42666666667	4.4286607188
4.43	4.4302579527
4.43333333333	4.4318600900
4.43666666667	4.4334673390
4.44	4.4350799273
4.44333333333	4.4366981049
4.44666666667	4.4383221476
4.45	4.4399523620
4.45333333333	4.4415890904
4.45666666667	4.4432327184
4.46	4.4448836842
4.46333333333	4.4465424905
4.46666666667	4.4482097210
4.47	4.4498860633
4.47333333333	4.4515723408
4.47666666667	4.4532695614
4.48	4.4549789923
4.48333333333	4.4567022844
4.48666666667	4.4584416972
4.49	4.4602005561
4.49333333333	4.4619843741
4.49666666667	4.4638047550
4.5	4.4657742796
4.50333333333	4.4678886355
4.50666666667	4.4700352528
4.51	4.4722044851
4.51333333333	4.4743905448
4.51666666667	4.4765903803
4.52	4.4788016478
4.52333333333	4.4810227457
4.52666666667	4.4832523627
4.53	4.4854894866
4.53333333333	4.4877332609
4.53666666667	4.4899829789
4.54	4.4922380283
4.54333333333	4.4944978831
4.54666666667	4.4967620796
4.55	4.4990302087
4.55333333333	4.5013019043
4.55666666667	4.5035768379
4.56	4.5058547119
4.56333333333	4.5081352557
4.56666666667	4.5104182216
4.57	4.5127033825
4.57333333333	4.5149905285
4.57666666667	4.5172794658
4.58	4.5195700143
4.58333333333	4.5218620061
4.58666666667	4.5241552847
4.59	4.5264497035
4.59333333333	4.5287451250
4.59666666667	4.5310414197
4.6	4.5333384660
4.60333333333	4.5356361488
4.60666666667	4.5379343595
4.61	4.5402329951
4.61333333333	4.5425319581
4.61666666667	4.5448311559
4.62	4.5471305003
4.62333333333	4.5494299076
4.62666666667	4.5517292978
4.63	4.5540285947
4.63333333333	4.5563277256
4.63666666667	4.5586266209
4.64	4.5609252140
4.64333333333	4.5632234413
4.64666666667	4.5655212417
4.65	4.5678185566
4.65333333333	4.5701153298
4.65666666667	4.5724115075
4.66	4.5747070377
4.66333333333	4.5770018706
4.66666666667	4.5792959583
4.67	4.5815892546
4.67333333333	4.5838817150
4.67666666667	4.5861732968
4.68	4.5884639585
4.68333333333	4.5907536605
4.68666666667	4.5930423642
4.69	4.5953300326
4.69333333333	4.5976166298
4.69666666667	4.5999021213
4.7	4.6021864736
4.70333333333	4.6044696544
4.70666666667	4.6067516324
4.71	4.6090323774
4.71333333333	4.6113118601
4.71666666667	4.6135900523
4.72	4.6158669266
4.72333333333	4.6181424563
4.72666666667	4.6204166158
4.73	4.6226893802
4.73333333333	4.6249607253
4.73666666667	4.6272306278
4.74	4.6294990649
4.74333333333	4.6317660148
4.74666666667	4.6340314561
4.75	4.6362953681
4.75333333333	4.6385577308
4.75666666667	4.6408185247
4.76	4.6430777309
4.76333333333	4.6453353311
4.76666666667	4.6475913075
4.77	4.6498456430
4.77333333333	4.6520983206
4.77666666667	4.6543493242
4.78	4.6565986380
4.78333333333	4.6588462467
4.78666666667	4.6610921352
4.79	4.6633362893
4.79333333333	4.6655786948
4.79666666667	4.6678193382
4.8	4.6700582061
4.80333333333	4.6722952857
4.80666666667	4.6745305645
4.81	4.6767640304
4.81333333333	4.6789956716
4.81666666667	4.6812254767
4.82	4.6834534345
4.82333333333	4.6856795342
4.82666666667	4.6879037653
4.83	4.6901261177
4.83333333333	4.6923465815
4.83666666667	4.6945651470
4.84	4.6967818049
4.84333333333	4.6989965462
4.84666666667	4.7012093620
4.85	4.7034202439
4.85333333333	4.7056291834
4.85666666667	4.7078361727
4.86	4.7100412039
4.86333333333	4.7122442693
4.86666666667	4.7144453617
4.87	4.7166444739
4.87333333333	4.7188415990
4.87666666667	4.7210367302
4.88	4.7232298612
4.88333333333	4.7254209854
4.88666666667	4.7276100969
4.89	4.7297971897
4.89333333333	4.7319822580
4.89666666667	4.7341652964
4.9	4.7363462993
4.90333333333	4.7385252616
4.90666666667	4.7407021782
4.91	4.7428770443
4.91333333333	4.7450498551
4.91666666667	4.7472206060
4.92	4.7493892926
4.92333333333	4.7515559106
4.92666666667	4.7537204560
4.93	4.7558829246
4.93333333333	4.7580433128
4.93666666667	4.7602016167
4.94	4.7623578328
4.94333333333	4.7645119576
4.94666666667	4.7666639878
4.95	4.7688139202
4.95333333333	4.7709617517
4.95666666667	4.7731074794
4.96	4.7752511005
4.96333333333	4.7773926121
4.96666666667	4.7795320116
4.97	4.7816692967
4.97333333333	4.7838044648
4.97666666667	4.7859375136
4.98	4.7880684410
4.98333333333	4.7901972448
4.98666666667	4.7923239231
4.99	4.7944484739
4.99333333333	4.7965708955
4.99666666667	4.7986911860
5.0	4.8008093439
5.00333333333	4.8029253677
5.00666666667	4.8050392557
5.01	4.8071510068
5.01333333333	4.8092606196
5.01666666667	4.8113680928
5.02	4.8134734254
5.02333333333	4.8155766162
5.02666666667	4.8176776644
5.03	4.8197765690
5.03333333333	4.8218733291
5.03666666667	4.8239679440
5.04	4.8260604130
5.04333333333	4.8281507356
5.04666666667	4.8302389110
5.05	4.8323249389
5.05333333333	4.8344088187
5.05666666667	4.8364905502
5.06	4.8385701331
5.06333333333	4.8406475670
5.06666666667	4.8427228518
5.07	4.8447959875
5.07333333333	4.8468669738
5.07666666667	4.8489358109
5.08	4.8510024987
5.08333333333	4.8530670373
5.08666666667	4.8551294270
5.09	4.8571896678
5.09333333333	4.8592477601
5.09666666667	4.8613037041
5.1	4.8633575003
5.10333333333	4.8654091489
5.10666666667	4.8674586505
5.11	4.8695060055
5.11333333333	4.8715512145
5.11666666667	4.8735942781
5.12	4.8756351968
5.12333333333	4.8776739714
5.12666666667	4.8797106025
5.13	4.8817450909
5.13333333333	4.8837774374
5.13666666667	4.8858076428
5.14	4.8878357080
5.14333333333	4.8898616339
5.14666666667	4.8918854214
5.15	4.8939070715
5.15333333333	4.8959265853
5.15666666667	4.8979439636
5.16	4.8999592078
5.16333333333	4.9019723188
5.16666666667	4.9039832978
5.17	4.9059921460
5.17333333333	4.9079988646
5.17666666667	4.9100034548
5.18	4.9120059180
5.18333333333	4.9140062554
5.18666666667	4.9160044684
5.19	4.9180005582
5.19333333333	4.9199945264
5.19666666667	4.9219863744
5.2	4.9239761035
5.20333333333	4.9259637152
5.20666666667	4.9279492111
5.21	4.9299325927
5.21333333333	4.9319138615
5.21666666667	4.9338930191
5.22	4.9358700671
5.22333333333	4.9378450070
5.22666666667	4.9398178407
5.23	4.9417885696
5.23333333333	4.9437571956
5.23666666667	4.9457237203
5.24	4.9476881454
5.24333333333	4.9496504728
5.24666666667	4.9516107041
5.25	4.9535688412
5.25333333333	4.9555248859
5.25666666667	4.9574788401
5.26	4.9594307054
5.26333333333	4.9613804840
5.26666666667	4.9633281776
5.27	4.9652737881
5.27333333333	4.9672173174
5.27666666667	4.9691587676
5.28	4.9710981406
5.28333333333	4.9730354383
5.28666666667	4.9749706627
5.29	4.9769038159
5.29333333333	4.9788348998
5.29666666667	4.9807639165
5.3	4.9826908680
5.30333333333	4.9846157565
5.30666666667	4.9865385840
5.31	4.9884593526
5.31333333333	4.9903780643
5.31666666667	4.9922947214
5.32	4.9942093260
5.32333333333	4.9961218801
5.32666666667	4.9980323861
5.33	4.9999408459
5.33333333333	5.0018472619
5.33666666667	5.0037516362
5.34	5.0056539710
5.34333333333	5.0075542686
5.34666666667	5.0094525312
5.35	5.0113487609
5.35333333333	5.0132429602
5.35666666667	5.0151351311
5.36	5.0170252761
5.36333333333	5.0189133973
5.36666666667	5.0207994972
5.37	5.0226835779
5.37333333333	5.0245656418
5.37666666667	5.0264456911
5.38	5.0283237284
5.38333333333	5.0301997557
5.38666666667	5.0320737756
5.39	5.0339457904
5.39333333333	5.0358158024
5.39666666667	5.0376838139
5.4	5.0395498275
5.40333333333	5.0414138454
5.40666666667	5.0432758700
5.41	5.0451359038
5.41333333333	5.0469939491
5.41666666667	5.0488500083
5.42	5.0507040839
5.42333333333	5.0525561783
5.42666666667	5.0544062940
5.43	5.0562544333
5.43333333333	5.0581005986
5.43666666667	5.0599447926
5.44	5.0617870175
5.44333333333	5.0636272759
5.44666666667	5.0654655702
5.45	5.0673019029
5.45333333333	5.0691362764
5.45666666667	5.0709686933
5.46	5.0727991560
5.46333333333	5.0746276670
5.46666666667	5.0764542289
5.47	5.0782788440
5.47333333333	5.0801015149
5.47666666667	5.0819222441
5.48	5.0837410341
5.48333333333	5.0855578874
5.48666666667	5.0873728065
5.49	5.0891857940
5.49333333333	5.0909968524
5.49666666667	5.0928059842
5.5	5.0946131604
5.50333333333	5.0964177412
5.50666666667	5.0982197493
5.51	5.1000191891
5.51333333333	5.1018160710
5.51666666667	5.1036104013
5.52	5.1054021883
5.52333333333	5.1071914389
5.52666666667	5.1089781603
5.53	5.1107623596
5.53333333333	5.1125440439
5.53666666667	5.1143232199
5.54	5.1160998947
5.54333333333	5.1178740750
5.54666666667	5.1196457676
5.55	5.1214149791
5.55333333333	5.1231817164
5.55666666667	5.1249459859
5.56	5.1267077944
5.56333333333	5.1284671484
5.56666666667	5.1302240544
5.57	5.1319785189
5.57333333333	5.1337305484
5.57666666667	5.1354801493
5.58	5.1372273280
5.58333333333	5.1389720908
5.58666666667	5.1407144441
5.59	5.1424543943
5.59333333333	5.1441919475
5.59666666667	5.1459271101
5.6	5.1476598882
5.60333333333	5.1493902881
5.60666666667	5.1511183159
5.61	5.1528439777
5.61333333333	5.1545672797
5.61666666667	5.1562882279
5.62	5.1580068284
5.62333333333	5.1597230873
5.62666666667	5.1614370105
5.63	5.1631486040
5.63333333333	5.1648578738
5.63666666667	5.1665648257
5.64	5.1682694658
5.64333333333	5.1699717999
5.64666666667	5.1716718338
5.65	5.1733695734
5.65333333333	5.1750650245
5.65666666667	5.1767581928
5.66	5.1784490842
5.66333333333	5.1801377043
5.66666666667	5.1818240590
5.67	5.1835081538
5.67333333333	5.1851899944
5.67666666667	5.1868695865
5.68	5.1885469358
5.68333333333	5.1902220477
5.68666666667	5.1918949279
5.69	5.1935655820
5.69333333333	5.1952340155
5.69666666667	5.1969002338
5.7	5.1985642425
5.70333333333	5.2002260471
5.70666666667	5.2018856530
5.71	5.2035430656
5.71333333333	5.2051982903
5.71666666667	5.2068513326
5.72	5.2085021977
5.72333333333	5.2101508911
5.72666666667	5.2117974180
5.73	5.2134417837
5.73333333333	5.2150839936
5.73666666667	5.2167240529
5.74	5.2183619668
5.74333333333	5.2199977405
5.74666666667	5.2216313793
5.75	5.2232628883
5.75333333333	5.2248922728
5.75666666667	5.2265195378
5.76	5.2281446884
5.76333333333	5.2297677298
5.76666666667	5.2313886671
5.77	5.2330075052
5.77333333333	5.2346242494
5.77666666667	5.2362389045
5.78	5.2378514756
5.78333333333	5.2394619678
5.78666666667	5.2410703858
5.79	5.2426767348
5.79333333333	5.2442810197
5.79666666667	5.2458832453
5.8	5.2474834166
5.80333333333	5.2490815384
5.80666666667	5.2506776156
5.81	5.2522716531
5.81333333333	5.2538636557
5.81666666667	5.2554536281
5.82	5.2570415753
5.82333333333	5.2586275018
5.82666666667	5.2602114126
5.83	5.2617933124
5.83333333333	5.2633732058
5.83666666667	5.2649510976
5.84	5.2665269925
5.84333333333	5.2681008951
5.84666666667	5.2696728101
5.85	5.2712427421
5.85333333333	5.2728106957
5.85666666667	5.2743766757
5.86	5.2759406864
5.86333333333	5.2775027326
5.86666666667	5.2790628188
5.87	5.2806209494
5.87333333333	5.2821771291
5.87666666667	5.2837313623
5.88	5.2852836536
5.88333333333	5.2868340073
5.88666666667	5.2883824280
5.89	5.2899289201
5.89333333333	5.2914734881
5.89666666667	5.2930161362
5.9	5.2945568691
5.90333333333	5.2960956909
5.90666666667	5.2976326061
5.91	5.2991676191
5.91333333333	5.3007007341
5.91666666667	5.3022319555
5.92	5.3037612876
5.92333333333	5.3052887347
5.92666666667	5.3068143011
5.93	5.3083379909
5.93333333333	5.3098598086
5.93666666667	5.3113797582
5.94	5.3128978440
5.94333333333	5.3144140703
5.94666666667	5.3159284411
5.95	5.3174409607
5.95333333333	5.3189516333
5.95666666667	5.3204604629
5.96	5.3219674537
5.96333333333	5.3234726098
5.96666666667	5.3249759354
5.97	5.3264774344
5.97333333333	5.3279771111
5.97666666667	5.3294749693
5.98	5.3309710133
5.98333333333	5.3324652469
5.98666666667	5.3339576743
5.99	5.3354482995
5.99333333333	5.3369371263
5.99666666667	5.3384241589
6.0	5.3399094011
6.00333333333	5.3413928570
6.00666666667	5.3428745304
6.01	5.3443544253
6.01333333333	5.3458325456
6.01666666667	5.3473088952
6.02	5.3487834780
6.02333333333	5.3502562978
6.02666666667	5.3517273585
6.03	5.3531966640
6.03333333333	5.3546642181
6.03666666667	5.3561300245
6.04	5.3575940872
6.04333333333	5.3590564099
6.04666666667	5.3605169964
6.05	5.3619758505
6.05333333333	5.3634329759
6.05666666667	5.3648883763
6.06	5.3663420555
6.06333333333	5.3677940173
6.06666666667	5.3692442653
6.07	5.3706928032
6.07333333333	5.3721396348
6.07666666667	5.3735847636
6.08	5.3750281933
6.08333333333	5.3764699277
6.08666666667	5.3779099702
6.09	5.3793483247
6.09333333333	5.3807849946
6.09666666667	5.3822199835
6.1	5.3836532951
6.10333333333	5.3850849329
6.10666666667	5.3865149006
6.11	5.3879432015
6.11333333333	5.3893698394
6.11666666667	5.3907948177
6.12	5.3922181400
6.12333333333	5.3936398097
6.12666666667	5.3950598303
6.13	5.3964782054
6.13333333333	5.3978949384
6.13666666667	5.3993100328
6.14	5.4007234920
6.14333333333	5.4021353195
6.14666666667	5.4035455187
6.15	5.4049540930
6.15333333333	5.4063610458
6.15666666667	5.4077663806
6.16	5.4091701007
6.16333333333	5.4105722095
6.16666666667	5.4119727103
6.17	5.4133716066
6.17333333333	5.4147689016
6.17666666667	5.4161645987
6.18	5.4175587012
6.18333333333	5.4189512125
6.18666666667	5.4203421358
6.19	5.4217314744
6.19333333333	5.4231192316
6.19666666667	5.4245054107
6.2	5.4258900150
6.20333333333	5.4272730476
6.20666666667	5.4286545119
6.21	5.4300344111
6.21333333333	5.4314127483
6.21666666667	5.4327895268
6.22	5.4341647498
6.22333333333	5.4355384205
6.22666666667	5.4369105421
6.23	5.4382811178
6.23333333333	5.4396501506
6.23666666667	5.4410176438
6.24	5.4423836004
6.24333333333	5.4437480237
6.24666666667	5.4451109168
6.25	5.4464722827
6.25333333333	5.4478321246
6.25666666667	5.4491904456
6.26	5.4505472487
6.26333333333	5.4519025370
6.26666666667	5.4532563136
6.27	5.4546085815
6.27333333333	5.4559593439
6.27666666667	5.4573086036
6.28	5.4586563639
6.28333333333	5.4600026276
6.28666666667	5.4613473977
6.29	5.4626906774
6.29333333333	5.4640324695
6.29666666667	5.4653727771
6.3	5.4667116032
6.30333333333	5.4680489506
6.30666666667	5.4693848224
6.31	5.4707192215
6.31333333333	5.4720521508
6.31666666667	5.4733836133
6.32	5.4747136119
6.32333333333	5.4760421495
6.32666666667	5.4773692290
6.33	5.4786948532
6.33333333333	5.4800190252
6.33666666667	5.4813417477
6.34	5.4826630236
6.34333333333	5.4839828559
6.34666666667	5.4853012472
6.35	5.4866182006
6.35333333333	5.4879337187
6.35666666667	5.4892478045
6.36	5.4905604608
6.36333333333	5.4918716903
6.36666666667	5.4931814959
6.37	5.4944898804
6.37333333333	5.4957968464
6.37666666667	5.4971023970
6.38	5.4984065346
6.38333333333	5.4997092623
6.38666666667	5.5010105826
6.39	5.5023104984
6.39333333333	5.5036090124
6.39666666667	5.5049061272
6.4	5.5062018457
6.40333333333	5.5074961705
6.40666666667	5.5087891044
6.41	5.5100806500
6.41333333333	5.5113708100
6.41666666667	5.5126595871
6.42	5.5139469840
6.42333333333	5.5152330033
6.42666666667	5.5165176478
6.43	5.5178009199
6.43333333333	5.5190828225
6.43666666667	5.5203633581
6.44	5.5216425293
6.44333333333	5.5229203387
6.44666666667	5.5241967891
6.45	5.5254718829
6.45333333333	5.5267456228
6.45666666667	5.5280180114
6.46	5.5292890512
6.46333333333	5.5305587448
6.46666666667	5.5318270948
6.47	5.5330941038
6.47333333333	5.5343597742
6.47666666667	5.5356241087
6.48	5.5368871097
6.48333333333	5.5381487799
6.48666666667	5.5394091217
6.49	5.5406681376
6.49333333333	5.5419258301
6.49666666667	5.5431822018
6.5	5.5444372552
6.50333333333	5.5456909927
6.50666666667	5.5469434168
6.51	5.5481945300
6.51333333333	5.5494443347
6.51666666667	5.5506928334
6.52	5.5519400286
6.52333333333	5.5531859227
6.52666666667	5.5544305182
6.53	5.5556738174
6.53333333333	5.5569158228
6.53666666667	5.5581565368
6.54	5.5593959619
6.54333333333	5.5606341004
6.54666666667	5.5618709547
6.55	5.5631065272
6.55333333333	5.5643408203
6.55666666667	5.5655738364
6.56	5.5668055779
6.56333333333	5.5680360471
6.56666666667	5.5692652463
6.57	5.5704931780
6.57333333333	5.5717198445
6.57666666667	5.5729452480
6.58	5.5741693910
6.58333333333	5.5753922757
6.58666666667	5.5766139045
6.59	5.5778342798
6.59333333333	5.5790534037
6.59666666667	5.5802712786
6.6	5.5814879068
6.60333333333	5.5827032906
6.60666666667	5.5839174322
6.61	5.5851303340
6.61333333333	5.5863419981
6.61666666667	5.5875524270
6.62	5.5887616227
6.62333333333	5.5899695876
6.62666666667	5.5911763240
6.63	5.5923818339
6.63333333333	5.5935861198
6.63666666667	5.5947891837
6.64	5.5959910280
6.64333333333	5.5971916548
6.64666666667	5.5983910664
6.65	5.5995892649
6.65333333333	5.6007862525
6.65666666667	5.6019820315
6.66	5.6031766040
6.66333333333	5.6043699721
6.66666666667	5.6055621381
6.67	5.6067531042
6.67333333333	5.6079428724
6.67666666667	5.6091314450
6.68	5.6103188240
6.68333333333	5.6115050117
6.68666666667	5.6126900101
6.69	5.6138738214
6.69333333333	5.6150564478
6.69666666667	5.6162378913
6.7	5.6174181540
6.70333333333	5.6185972381
6.70666666667	5.6197751457
6.71	5.6209518788
6.71333333333	5.6221274396
6.71666666667	5.6233018301
6.72	5.6244750524
6.72333333333	5.6256471086
6.72666666667	5.6268180008
6.73	5.6279877310
6.73333333333	5.6291563012
6.73666666667	5.6303237136
6.74	5.6314899702
6.74333333333	5.6326550730
6.74666666667	5.6338190241
6.75	5.6349818255
6.75333333333	5.6361434791
6.75666666667	5.6373039871
6.76	5.6384633515
6.76333333333	5.6396215742
6.76666666667	5.6407786573
6.77	5.6419346027
6.77333333333	5.6430894125
6.77666666667	5.6442430887
6.78	5.6453956332
6.78333333333	5.6465470480
6.78666666667	5.6476973350
6.79	5.6488464964
6.79333333333	5.6499945339
6.79666666667	5.6511414496
6.8	5.6522872454
6.80333333333	5.6534319233
6.80666666667	5.6545754852
6.81	5.6557179330
6.81333333333	5.6568592688
6.81666666667	5.6579994943
6.82	5.6591386116
6.82333333333	5.6602766225
6.82666666667	5.6614135290
6.83	5.6625493330
6.83333333333	5.6636840363
6.83666666667	5.6648176409
6.84	5.6659501487
6.84333333333	5.6670815615
6.84666666667	5.6682118812
6.85	5.6693411098
6.85333333333	5.6704692491
6.85666666667	5.6715963009
6.86	5.6727222671
6.86333333333	5.6738471496
6.86666666667	5.6749709502
6.87	5.6760936708
6.87333333333	5.6772153133
6.87666666667	5.6783358794
6.88	5.6794553710
6.88333333333	5.6805737900
6.88666666667	5.6816911381
6.89	5.6828074172
6.89333333333	5.6839226291
6.89666666667	5.6850367756
6.9	5.6861498585
6.90333333333	5.6872618796
6.90666666667	5.6883728408
6.91	5.6894827438
6.91333333333	5.6905915904
6.91666666667	5.6916993823
6.92	5.6928061215
6.92333333333	5.6939118096
6.92666666667	5.6950164484
6.93	5.6961200397
6.93333333333	5.6972225852
6.93666666667	5.6983240868
6.94	5.6994245461
6.94333333333	5.7005239649
6.94666666667	5.7016223450
6.95	5.7027196881
6.95333333333	5.7038159959
6.95666666667	5.7049112702
6.96	5.7060055126
6.96333333333	5.7070987250
6.96666666667	5.7081909090
6.97	5.7092820664
6.97333333333	5.7103721988
6.97666666667	5.7114613080
6.98	5.7125493957
6.98333333333	5.7136364635
6.98666666667	5.7147225132
6.99	5.7158075465
6.99333333333	5.7168915650
6.99666666667	5.7179745704
7.0	5.7190565644
7.00333333333	5.7201375487
7.00666666667	5.7212175249
7.01	5.7222964947
7.01333333333	5.7233744598
7.01666666667	5.7244514217
7.02	5.7255273823
7.02333333333	5.7266023431
7.02666666667	5.7276763057
7.03	5.7287492719
7.03333333333	5.7298212432
7.03666666667	5.7308922213
7.04	5.7319622077
7.04333333333	5.7330312042
7.04666666667	5.7340992124
7.05	5.7351662338
7.05333333333	5.7362322701
7.05666666667	5.7372973229
7.06	5.7383613937
7.06333333333	5.7394244843
7.06666666667	5.7404865961
7.07	5.7415477309
7.07333333333	5.7426078900
7.07666666667	5.7436670753
7.08	5.7447252882
7.08333333333	5.7457825303
7.08666666667	5.7468388032
7.09	5.7478941084
7.09333333333	5.7489484476
7.09666666667	5.7500018223
7.1	5.7510542340
7.10333333333	5.7521056843
7.10666666667	5.7531561748
7.11	5.7542057070
7.11333333333	5.7552542824
7.11666666667	5.7563019026
7.12	5.7573485691
7.12333333333	5.7583942835
7.12666666667	5.7594390473
7.13	5.7604828619
7.13333333333	5.7615257291
7.13666666667	5.7625676501
7.14	5.7636086266
7.14333333333	5.7646486601
7.14666666667	5.7656877521
7.15	5.7667259041
7.15333333333	5.7677631176
7.15666666667	5.7687993940
7.16	5.7698347349
7.16333333333	5.7708691418
7.16666666667	5.7719026162
7.17	5.7729351595
7.17333333333	5.7739667732
7.17666666667	5.7749974588
7.18	5.7760272177
7.18333333333	5.7770560515
7.18666666667	5.7780839616
7.19	5.7791109495
7.19333333333	5.7801370165
7.19666666667	5.7811621643
7.2	5.7821863941
7.20333333333	5.7832097076
7.20666666667	5.7842321060
7.21	5.7852535910
7.21333333333	5.7862741638
7.21666666667	5.7872938259
7.22	5.7883125788
7.22333333333	5.7893304239
7.22666666667	5.7903473627
7.23	5.7913633964
7.23333333333	5.7923785266
7.23666666667	5.7933927547
7.24	5.7944060821
7.24333333333	5.7954185101
7.24666666667	5.7964300403
7.25	5.7974406739
7.25333333333	5.7984504125
7.25666666667	5.7994592573
7.26	5.8004672098
7.26333333333	5.8014742714
7.26666666667	5.8024804434
7.27	5.8034857273
7.27333333333	5.8044901244
7.27666666667	5.8054936361
7.28	5.8064962638
7.28333333333	5.8074980088
7.28666666667	5.8084988725
7.29	5.8094988562
7.29333333333	5.8104979614
7.29666666667	5.8114961894
7.3	5.8124935415
7.30333333333	5.8134900191
7.30666666667	5.8144856235
7.31	5.8154803561
7.31333333333	5.8164742183
7.31666666667	5.8174672113
7.32	5.8184593365
7.32333333333	5.8194505952
7.32666666667	5.8204409888
7.33	5.8214305185
7.33333333333	5.8224191858
7.33666666667	5.8234069919
7.34	5.8243939382
7.34333333333	5.8253800259
7.34666666667	5.8263652564
7.35	5.8273496309
7.35333333333	5.8283331509
7.35666666667	5.8293158175
7.36	5.8302976322
7.36333333333	5.8312785961
7.36666666667	5.8322587106
7.37	5.8332379769
7.37333333333	5.8342163965
7.37666666667	5.8351939704
7.38	5.8361707001
7.38333333333	5.8371465868
7.38666666667	5.8381216318
7.39	5.8390958363
7.39333333333	5.8400692017
7.39666666667	5.8410417291
7.4	5.8420134199
7.40333333333	5.8429842753
7.40666666667	5.8439542966
7.41	5.8449234851
7.41333333333	5.8458918419
7.41666666667	5.8468593684
7.42	5.8478260658
7.42333333333	5.8487919353
7.42666666667	5.8497569781
7.43	5.8507211956
7.43333333333	5.8516845890
7.43666666667	5.8526471594
7.44	5.8536089082
7.44333333333	5.8545698365
7.44666666667	5.8555299455
7.45	5.8564892366
7.45333333333	5.8574477109
7.45666666667	5.8584053696
7.46	5.8593622140
7.46333333333	5.8603182453
7.46666666667	5.8612734646
7.47	5.8622278732
7.47333333333	5.8631814723
7.47666666667	5.8641342631
7.48	5.8650862468
7.48333333333	5.8660374246
7.48666666667	5.8669877976
7.49	5.8679373671
7.49333333333	5.8688861343
7.49666666667	5.8698341004
7.5	5.8707812664
7.50333333333	5.8717276337
7.50666666667	5.8726732033
7.51	5.8736179766
7.51333333333	5.8745619545
7.51666666667	5.8755051384
7.52	5.8764475294
7.52333333333	5.8773891286
7.52666666667	5.8783299372
7.53	5.8792699564
7.53333333333	5.8802091873
7.53666666667	5.8811476311
7.54	5.8820852889
7.54333333333	5.8830221619
7.54666666667	5.8839582513
7.55	5.8848935581
7.55333333333	5.8858280836
7.55666666667	5.8867618288
7.56	5.8876947949
7.56333333333	5.8886269831
7.56666666667	5.8895583944
7.57	5.8904890301
7.57333333333	5.8914188912
7.57666666667	5.8923479788
7.58	5.8932762941
7.58333333333	5.8942038382
7.58666666667	5.8951306123
7.59	5.8960566173
7.59333333333	5.8969818546
7.59666666667	5.8979063251
7.6	5.8988300299
7.60333333333	5.8997529703
7.60666666667	5.9006751472
7.61	5.9015965618
7.61333333333	5.9025172152
7.61666666667	5.9034371085
7.62	5.9043562428
7.62333333333	5.9052746192
7.62666666667	5.9061922387
7.63	5.9071091024
7.63333333333	5.9080252115
7.63666666667	5.9089405671
7.64	5.9098551701
7.64333333333	5.9107690217
7.64666666667	5.9116821229
7.65	5.9125944749
7.65333333333	5.9135060787
7.65666666667	5.9144169354
7.66	5.9153270460
7.66333333333	5.9162364117
7.66666666667	5.9171450334
7.67	5.9180529122
7.67333333333	5.9189600492
7.67666666667	5.9198664455
7.68	5.9207721020
7.68333333333	5.9216770200
7.68666666667	5.9225812003
7.69	5.9234846440
7.69333333333	5.9243873523
7.69666666667	5.9252893261
7.7	5.9261905665
7.70333333333	5.9270910745
7.70666666667	5.9279908512
7.71	5.9288898975
7.71333333333	5.9297882146
7.71666666667	5.9306858035
7.72	5.9315826651
7.72333333333	5.9324788005
7.72666666667	5.9333742107
7.73	5.9342688968
7.73333333333	5.9351628598
7.73666666667	5.9360561007
7.74	5.9369486204
7.74333333333	5.9378404201
7.74666666667	5.9387315007
7.75	5.9396218633
7.75333333333	5.9405115088
7.75666666667	5.9414004382
7.76	5.9422886526
7.76333333333	5.9431761530
7.76666666667	5.9440629403
7.77	5.9449490155
7.77333333333	5.9458343797
7.77666666667	5.9467190339
7.78	5.9476029789
7.78333333333	5.9484862159
7.78666666667	5.9493687458
7.79	5.9502505695
7.79333333333	5.9511316881
7.79666666667	5.9520121026
7.8	5.9528918139
7.80333333333	5.9537708230
7.80666666667	5.9546491309
7.81	5.9555267385
7.81333333333	5.9564036468
7.81666666667	5.9572798569
7.82	5.9581553695
7.82333333333	5.9590301858
7.82666666667	5.9599043067
7.83	5.9607777331
7.83333333333	5.9616504661
7.83666666667	5.9625225064
7.84	5.9633938552
7.84333333333	5.9642645133
7.84666666667	5.9651344818
7.85	5.9660037615
7.85333333333	5.9668723535
7.85666666667	5.9677402585
7.86	5.9686074777
7.86333333333	5.9694740119
7.86666666667	5.9703398621
7.87	5.9712050292
7.87333333333	5.9720695142
7.87666666667	5.9729333179
7.88	5.9737964414
7.88333333333	5.9746588855
7.88666666667	5.9755206512
7.89	5.9763817394
7.89333333333	5.9772421510
7.89666666667	5.9781018869
7.9	5.9789609481
7.90333333333	5.9798193355
7.90666666667	5.9806770500
7.91	5.9815340925
7.91333333333	5.9823904640
7.91666666667	5.9832461653
7.92	5.9841011973
7.92333333333	5.9849555610
7.92666666667	5.9858092572
7.93	5.9866622870
7.93333333333	5.9875146510
7.93666666667	5.9883663504
7.94	5.9892173859
7.94333333333	5.9900677585
7.94666666667	5.9909174691
7.95	5.9917665185
7.95333333333	5.9926149077
7.95666666667	5.9934626375
7.96	5.9943097088
7.96333333333	5.9951561225
7.96666666667	5.9960018795
7.97	5.9968469807
7.97333333333	5.9976914270
7.97666666667	5.9985352192
7.98	5.9993783582
7.98333333333	6.0002208449
7.98666666667	6.0010626801
7.99	6.0019038648
7.99333333333	6.0027443998
7.99666666667	6.0035842860
8.0	6.0044235243
8.00333333333	6.0052621154
8.00666666667	6.0061000603
8.01	6.0069373598
8.01333333333	6.0077740149
8.01666666667	6.0086100262
8.02	6.0094453948
8.02333333333	6.0102801215
8.02666666667	6.0111142071
8.03	6.0119476524
8.03333333333	6.0127804584
8.03666666667	6.0136126259
8.04	6.0144441556
8.04333333333	6.0152750486
8.04666666667	6.0161053055
8.05	6.0169349273
8.05333333333	6.0177639147
8.05666666667	6.0185922687
8.06	6.0194199901
8.06333333333	6.0202470796
8.06666666667	6.0210735382
8.07	6.0218993667
8.07333333333	6.0227245659
8.07666666667	6.0235491365
8.08	6.0243730796
8.08333333333	6.0251963958
8.08666666667	6.0260190860
8.09	6.0268411511
8.09333333333	6.0276625918
8.09666666667	6.0284834089
8.1	6.0293036034
8.10333333333	6.0301231759
8.10666666667	6.0309421274
8.11	6.0317604585
8.11333333333	6.0325781703
8.11666666667	6.0333952633
8.12	6.0342117386
8.12333333333	6.0350275968
8.12666666667	6.0358428388
8.13	6.0366574653
8.13333333333	6.0374714772
8.13666666667	6.0382848753
8.14	6.0390976604
8.14333333333	6.0399098333
8.14666666667	6.0407213947
8.15	6.0415323455
8.15333333333	6.0423426865
8.15666666667	6.0431524184
8.16	6.0439615420
8.16333333333	6.0447700582
8.16666666667	6.0455779677
8.17	6.0463852713
8.17333333333	6.0471919697
8.17666666667	6.0479980639
8.18	6.0488035545
8.18333333333	6.0496084423
8.18666666667	6.0504127281
8.19	6.0512164127
8.19333333333	6.0520194969
8.19666666667	6.0528219814
8.2	6.0536238670
8.20333333333	6.0544251545
8.20666666667	6.0552258447
8.21	6.0560259382
8.21333333333	6.0568254360
8.21666666667	6.0576243386
8.22	6.0584226470
8.22333333333	6.0592203619
8.22666666667	6.0600174840
8.23	6.0608140140
8.23333333333	6.0616099529
8.23666666667	6.0624053012
8.24	6.0632000598
8.24333333333	6.0639942294
8.24666666667	6.0647878108
8.25	6.0655808047
8.25333333333	6.0663732118
8.25666666667	6.0671650330
8.26	6.0679562689
8.26333333333	6.0687469204
8.26666666667	6.0695369880
8.27	6.0703264727
8.27333333333	6.0711153751
8.27666666667	6.0719036960
8.28	6.0726914361
8.28333333333	6.0734785962
8.28666666667	6.0742651769
8.29	6.0750511790
8.29333333333	6.0758366033
8.29666666667	6.0766214505
8.3	6.0774057213
8.30333333333	6.0781894164
8.30666666667	6.0789725366
8.31	6.0797550826
8.31333333333	6.0805370551
8.31666666667	6.0813184548
8.32	6.0820992825
8.32333333333	6.0828795389
8.32666666667	6.0836592247
8.33	6.0844383406
8.33333333333	6.0852168874
8.33666666667	6.0859948657
8.34	6.0867722763
8.34333333333	6.0875491198
8.34666666667	6.0883253971
8.35	6.0891011087
8.35333333333	6.0898762555
8.35666666667	6.0906508381
8.36	6.0914248572
8.36333333333	6.0921983135
8.36666666667	6.0929712077
8.37	6.0937435406
8.37333333333	6.0945153129
8.37666666667	6.0952865251
8.38	6.0960571781
8.38333333333	6.0968272725
8.38666666667	6.0975968091
8.39	6.0983657885
8.39333333333	6.0991342114
8.39666666667	6.0999020784
8.4	6.1006693904
8.40333333333	6.1014361480
8.40666666667	6.1022023519
8.41	6.1029680027
8.41333333333	6.1037331011
8.41666666667	6.1044976479
8.42	6.1052616437
8.42333333333	6.1060250892
8.42666666667	6.1067879851
8.43	6.1075503321
8.43333333333	6.1083121308
8.43666666667	6.1090733818
8.44	6.1098340860
8.44333333333	6.1105942440
8.44666666667	6.1113538564
8.45	6.1121129239
8.45333333333	6.1128714471
8.45666666667	6.1136294269
8.46	6.1143868637
8.46333333333	6.1151437583
8.46666666667	6.1159001114
8.47	6.1166559236
8.47333333333	6.1174111956
8.47666666667	6.1181659280
8.48	6.1189201216
8.48333333333	6.1196737769
8.48666666667	6.1204268946
8.49	6.1211794754
8.49333333333	6.1219315199
8.49666666667	6.1226830289
8.5	6.1234340029
8.50333333333	6.1241844426
8.50666666667	6.1249343486
8.51	6.1256837217
8.51333333333	6.1264325624
8.51666666667	6.1271808714
8.52	6.1279286493
8.52333333333	6.1286758969
8.52666666667	6.1294226147
8.53	6.1301688034
8.53333333333	6.1309144636
8.53666666667	6.1316595960
8.54	6.1324042012
8.54333333333	6.1331482798
8.54666666667	6.1338918326
8.55	6.1346348600
8.55333333333	6.1353773629
8.55666666667	6.1361193417
8.56	6.1368607971
8.56333333333	6.1376017298
8.56666666667	6.1383421404
8.57	6.1390820296
8.57333333333	6.1398213978
8.57666666667	6.1405602459
8.58	6.1412985744
8.58333333333	6.1420363839
8.58666666667	6.1427736751
8.59	6.1435104485
8.59333333333	6.1442467049
8.59666666667	6.1449824447
8.6	6.1457176688
8.60333333333	6.1464523776
8.60666666667	6.1471865717
8.61	6.1479202519
8.61333333333	6.1486534187
8.61666666667	6.1493860728
8.62	6.1501182146
8.62333333333	6.1508498450
8.62666666667	6.1515809644
8.63	6.1523115735
8.63333333333	6.1530416729
8.63666666667	6.1537712631
8.64	6.1545003449
8.64333333333	6.1552289188
8.64666666667	6.1559569855
8.65	6.1566845454
8.65333333333	6.1574115993
8.65666666667	6.1581381477
8.66	6.1588641912
8.66333333333	6.1595897305
8.66666666667	6.1603147661
8.67	6.1610392986
8.67333333333	6.1617633287
8.67666666667	6.1624868568
8.68	6.1632098837
8.68333333333	6.1639324099
8.68666666667	6.1646544360
8.69	6.1653759626
8.69333333333	6.1660969903
8.69666666667	6.1668175196
8.7	6.1675375512
8.70333333333	6.1682570857
8.70666666667	6.1689761236
8.71	6.1696946655
8.71333333333	6.1704127121
8.71666666667	6.1711302638
8.72	6.1718473213
8.72333333333	6.1725638851
8.72666666667	6.1732799559
8.73	6.1739955342
8.73333333333	6.1747106206
8.73666666667	6.1754252157
8.74	6.1761393200
8.74333333333	6.1768529342
8.74666666667	6.1775660587
8.75	6.1782786943
8.75333333333	6.1789908413
8.75666666667	6.1797025005
8.76	6.1804136724
8.76333333333	6.1811243575
8.76666666667	6.1818345565
8.77	6.1825442699
8.77333333333	6.1832534982
8.77666666667	6.1839622421
8.78	6.1846705020
8.78333333333	6.1853782786
8.78666666667	6.1860855724
8.79	6.1867923840
8.79333333333	6.1874987140
8.79666666667	6.1882045629
8.8	6.1889099312
8.80333333333	6.1896148195
8.80666666667	6.1903192284
8.81	6.1910231585
8.81333333333	6.1917266102
8.81666666667	6.1924295842
8.82	6.1931320810
8.82333333333	6.1938341012
8.82666666667	6.1945356452
8.83	6.1952367137
8.83333333333	6.1959373072
8.83666666667	6.1966374263
8.84	6.1973370714
8.84333333333	6.1980362433
8.84666666667	6.1987349423
8.85	6.1994331690
8.85333333333	6.2001309240
8.85666666667	6.2008282079
8.86	6.2015250211
8.86333333333	6.2022213642
8.86666666667	6.2029172378
8.87	6.2036126424
8.87333333333	6.2043075785
8.87666666667	6.2050020467
8.88	6.2056960474
8.88333333333	6.2063895813
8.88666666667	6.2070826489
8.89	6.2077752507
8.89333333333	6.2084673873
8.89666666667	6.2091590591
8.9	6.2098502668
8.90333333333	6.2105410107
8.90666666667	6.2112312916
8.91	6.2119211098
8.91333333333	6.2126104660
8.91666666667	6.2132993606
8.92	6.2139877942
8.92333333333	6.2146757673
8.92666666667	6.2153632804
8.93	6.2160503341
8.93333333333	6.2167369289
8.93666666667	6.2174230653
8.94	6.2181087437
8.94333333333	6.2187939649
8.94666666667	6.2194787291
8.95	6.2201630371
8.95333333333	6.2208468893
8.95666666667	6.2215302861
8.96	6.2222132282
8.96333333333	6.2228957161
8.96666666667	6.2235777502
8.97	6.2242593310
8.97333333333	6.2249404592
8.97666666667	6.2256211351
8.98	6.2263013594
8.98333333333	6.2269811325
8.98666666667	6.2276604549
8.99	6.2283393271
8.99333333333	6.2290177497
8.99666666667	6.2296957231
9.0	6.2303732478
9.00333333333	6.2310503245
9.00666666667	6.2317269535
9.01	6.2324031353
9.01333333333	6.2330788706
9.01666666667	6.2337541597
9.02	6.2344290031
9.02333333333	6.2351034015
9.02666666667	6.2357773552
9.03	6.2364508648
9.03333333333	6.2371239307
9.03666666667	6.2377965536
9.04	6.2384687337
9.04333333333	6.2391404718
9.04666666667	6.2398117681
9.05	6.2404826234
9.05333333333	6.2411530379
9.05666666667	6.2418230123
9.06	6.2424925470
9.06333333333	6.2431616425
9.06666666667	6.2438302994
9.07	6.2444985180
9.07333333333	6.2451662988
9.07666666667	6.2458336425
9.08	6.2465005494
9.08333333333	6.2471670200
9.08666666667	6.2478330548
9.09	6.2484986544
9.09333333333	6.2491638191
9.09666666667	6.2498285495
9.1	6.2504928461
9.10333333333	6.2511567093
9.10666666667	6.2518201396
9.11	6.2524831375
9.11333333333	6.2531457034
9.11666666667	6.2538078379
9.12	6.2544695415
9.12333333333	6.2551308145
9.12666666667	6.2557916575
9.13	6.2564520710
9.13333333333	6.2571120554
9.13666666667	6.2577716112
9.14	6.2584307388
9.14333333333	6.2590894388
9.14666666667	6.2597477117
9.15	6.2604055578
9.15333333333	6.2610629776
9.15666666667	6.2617199717
9.16	6.2623765405
9.16333333333	6.2630326844
9.16666666667	6.2636884039
9.17	6.2643436996
9.17333333333	6.2649985718
9.17666666667	6.2656530210
9.18	6.2663070477
9.18333333333	6.2669606523
9.18666666667	6.2676138354
9.19	6.2682665973
9.19333333333	6.2689189385
9.19666666667	6.2695708596
9.2	6.2702223608
9.20333333333	6.2708734428
9.20666666667	6.2715241060
9.21	6.2721743507
9.21333333333	6.2728241776
9.21666666667	6.2734735870
9.22	6.2741225793
9.22333333333	6.2747711551
9.22666666667	6.2754193148
9.23	6.2760670589
9.23333333333	6.2767143877
9.23666666667	6.2773613018
9.24	6.2780078016
9.24333333333	6.2786538875
9.24666666667	6.2792995601
9.25	6.2799448196
9.25333333333	6.2805896667
9.25666666667	6.2812341017
9.26	6.2818781251
9.26333333333	6.2825217374
9.26666666667	6.2831649389
9.27	6.2838077301
9.27333333333	6.2844501115
9.27666666667	6.2850920835
9.28	6.2857336466
9.28333333333	6.2863748011
9.28666666667	6.2870155476
9.29	6.2876558864
9.29333333333	6.2882958181
9.29666666667	6.2889353430
9.3	6.2895744616
9.30333333333	6.2902131743
9.30666666667	6.2908514816
9.31	6.2914893839
9.31333333333	6.2921268816
9.31666666667	6.2927639751
9.32	6.2934006650
9.32333333333	6.2940369516
9.32666666667	6.2946728353
9.33	6.2953083167
9.33333333333	6.2959433961
9.33666666667	6.2965780739
9.34	6.2972123506
9.34333333333	6.2978462267
9.34666666667	6.2984797024
9.35	6.2991127784
9.35333333333	6.2997454549
9.35666666667	6.3003777325
9.36	6.3010096116
9.36333333333	6.3016410925
9.36666666667	6.3022721757
9.37	6.3029028616
9.37333333333	6.3035331507
9.37666666667	6.3041630433
9.38	6.3047925399
9.38333333333	6.3054216410
9.38666666667	6.3060503468
9.39	6.3066786580
9.39333333333	6.3073065748
9.39666666667	6.3079340977
9.4	6.3085612271
9.40333333333	6.3091879634
9.40666666667	6.3098143070
9.41	6.3104402584
9.41333333333	6.3110658180
9.41666666667	6.3116909862
9.42	6.3123157634
9.42333333333	6.3129401500
9.42666666667	6.3135641464
9.43	6.3141877530
9.43333333333	6.3148109704
9.43666666667	6.3154337987
9.44	6.3160562386
9.44333333333	6.3166782903
9.44666666667	6.3172999543
9.45	6.3179212310
9.45333333333	6.3185421208
9.45666666667	6.3191626241
9.46	6.3197827414
9.46333333333	6.3204024729
9.46666666667	6.3210218192
9.47	6.3216407807
9.47333333333	6.3222593577
9.47666666667	6.3228775506
9.48	6.3234953598
9.48333333333	6.3241127858
9.48666666667	6.3247298290
9.49	6.3253464897
9.49333333333	6.3259627683
9.49666666667	6.3265786654
9.5	6.3271941811
9.50333333333	6.3278093160
9.50666666667	6.3284240704
9.51	6.3290384448
9.51333333333	6.3296524395
9.51666666667	6.3302660550
9.52	6.3308792916
9.52333333333	6.3314921497
9.52666666667	6.3321046297
9.53	6.3327167321
9.53333333333	6.3333284571
9.53666666667	6.3339398053
9.54	6.3345507769
9.54333333333	6.3351613724
9.54666666667	6.3357715922
9.55	6.3363814366
9.55333333333	6.3369909061
9.55666666667	6.3376000011
9.56	6.3382087219
9.56333333333	6.3388170688
9.56666666667	6.3394250424
9.57	6.3400326430
9.57333333333	6.3406398710
9.57666666667	6.3412467267
9.58	6.3418532105
9.58333333333	6.3424593229
9.58666666667	6.3430650642
9.59	6.3436704349
9.59333333333	6.3442754351
9.59666666667	6.3448800655
9.6	6.3454843263
9.60333333333	6.3460882179
9.60666666667	6.3466917407
9.61	6.3472948951
9.61333333333	6.3478976815
9.61666666667	6.3485001002
9.62	6.3491021516
9.62333333333	6.3497038361
9.62666666667	6.3503051541
9.63	6.3509061060
9.63333333333	6.3515066920
9.63666666667	6.3521069127
9.64	6.3527067684
9.64333333333	6.3533062594
9.64666666667	6.3539053861
9.65	6.3545041489
9.65333333333	6.3551025482
9.65666666667	6.3557005843
9.66	6.3562982576
9.66333333333	6.3568955686
9.66666666667	6.3574925174
9.67	6.3580891046
9.67333333333	6.3586853305
9.67666666667	6.3592811955
9.68	6.3598766998
9.68333333333	6.3604718440
9.68666666667	6.3610666283
9.69	6.3616610532
9.69333333333	6.3622551189
9.69666666667	6.3628488259
9.7	6.3634421746
9.70333333333	6.3640351652
9.70666666667	6.3646277982
9.71	6.3652200739
9.71333333333	6.3658119926
9.71666666667	6.3664035548
9.72	6.3669947608
9.72333333333	6.3675856110
9.72666666667	6.3681761057
9.73	6.3687662453
9.73333333333	6.3693560301
9.73666666667	6.3699454605
9.74	6.3705345369
9.74333333333	6.3711232596
9.74666666667	6.3717116289
9.75	6.3722996453
9.75333333333	6.3728873091
9.75666666667	6.3734746207
9.76	6.3740615803
9.76333333333	6.3746481884
9.76666666667	6.3752344453
9.77	6.3758203513
9.77333333333	6.3764059069
9.77666666667	6.3769911123
9.78	6.3775759680
9.78333333333	6.3781604742
9.78666666667	6.3787446313
9.79	6.3793284397
9.79333333333	6.3799118998
9.79666666667	6.3804950118
9.8	6.3810777761
9.80333333333	6.3816601931
9.80666666667	6.3822422631
9.81	6.3828239865
9.81333333333	6.3834053636
9.81666666667	6.3839863947
9.82	6.3845670803
9.82333333333	6.3851474206
9.82666666667	6.3857274159
9.83	6.3863070668
9.83333333333	6.3868863734
9.83666666667	6.3874653361
9.84	6.3880439554
9.84333333333	6.3886222314
9.84666666667	6.3892001646
9.85	6.3897777552
9.85333333333	6.3903550037
9.85666666667	6.3909319104
9.86	6.3915084756
9.86333333333	6.3920846997
9.86666666667	6.3926605830
9.87	6.3932361258
9.87333333333	6.3938113284
9.87666666667	6.3943861913
9.88	6.3949607147
9.88333333333	6.3955348990
9.88666666667	6.3961087446
9.89	6.3966822516
9.89333333333	6.3972554206
9.89666666667	6.3978282518
9.9	6.3984007456
9.90333333333	6.3989729022
9.90666666667	6.3995447221
9.91	6.4001162055
9.91333333333	6.4006873529
9.91666666667	6.4012581644
9.92	6.4018286405
9.92333333333	6.4023987815
9.92666666667	6.4029685878
9.93	6.4035380595
9.93333333333	6.4041071972
9.93666666667	6.4046760010
9.94	6.4052444714
9.94333333333	6.4058126086
9.94666666667	6.4063804130
9.95	6.4069478850
9.95333333333	6.4075150248
9.95666666667	6.4080818327
9.96	6.4086483092
9.96333333333	6.4092144544
9.96666666667	6.4097802689
9.97	6.4103457527
9.97333333333	6.4109109064
9.97666666667	6.4114757302
9.98	6.4120402244
9.98333333333	6.4126043894
9.98666666667	6.4131682255
9.99	6.4137317330
9.99333333333	6.4142949122
9.99666666667	6.4148577635
10.0	6.4154202871
