0.0	2.9091196405
0.00555555555556	2.9099656968
0.0111111111111	2.9110803764
0.0166666666667	2.9122333853
0.0222222222222	2.9134083946
0.0277777777778	2.9145952752
0.0333333333333	2.9157904857
0.0388888888889	2.9169920730
0.0444444444444	2.9181989506
0.05	2.9194104390
0.0555555555556	2.9206260907
0.0611111111111	2.9218455948
0.0666666666667	2.9230687268
0.0722222222222	2.9242953193
0.0777777777778	2.9255252440
0.0833333333333	2.9267584002
0.0888888888889	2.9279947068
0.0944444444444	2.9292340982
0.1	2.9304765195
0.105555555556	2.9317219246
0.111111111111	2.9329702744
0.116666666667	2.9342215349
0.122222222222	2.9354756764
0.127777777778	2.9367326728
0.133333333333	2.9379925008
0.138888888889	2.9392551394
0.144444444444	2.9405205697
0.15	2.9417887743
0.155555555556	2.9430597372
0.161111111111	2.9443334437
0.166666666667	2.9456098799
0.172222222222	2.9468890330
0.177777777778	2.9481708907
0.183333333333	2.9494554415
0.188888888889	2.9507426745
0.194444444444	2.9520325791
0.2	2.9533251453
0.205555555556	2.9546203635
0.211111111111	2.9559182243
0.216666666667	2.9572187187
0.222222222222	2.9585218379
0.227777777778	2.9598275733
0.233333333333	2.9611359167
0.238888888889	2.9624468599
0.244444444444	2.9637603949
0.25	2.9650765139
0.255555555556	2.9663952093
0.261111111111	2.9677164735
0.266666666667	2.9690402990
0.272222222222	2.9703666786
0.277777777778	2.9716956050
0.283333333333	2.9730270710
0.288888888889	2.9743610696
0.294444444444	2.9756975938
0.3	2.9770366366
0.305555555556	2.9783781912
0.311111111111	2.9797222507
0.316666666667	2.9810688084
0.322222222222	2.9824178576
0.327777777778	2.9837693916
0.333333333333	2.9851234037
0.338888888889	2.9864798875
0.344444444444	2.9878388362
0.35	2.9892002435
0.355555555556	2.9905641027
0.361111111111	2.9919304075
0.366666666667	2.9932991515
0.372222222222	2.9946703281
0.377777777778	2.9960439310
0.383333333333	2.9974199539
0.388888888889	2.9987983905
0.394444444444	3.0001792343
0.4	3.0015624792
0.405555555556	3.0029481188
0.411111111111	3.0043361468
0.416666666667	3.0057265571
0.422222222222	3.0071193434
0.427777777778	3.0085144995
0.433333333333	3.0099120191
0.438888888889	3.0113118962
0.444444444444	3.0127141245
0.45	3.0141186979
0.455555555556	3.0155256103
0.461111111111	3.0169348555
0.466666666667	3.0183464273
0.472222222222	3.0197603198
0.477777777778	3.0211765267
0.483333333333	3.0225950421
0.488888888889	3.0240158599
0.494444444444	3.0254389739
0.5	3.0268643781
0.505555555556	3.0282920666
0.511111111111	3.0297220332
0.516666666667	3.0311542720
0.522222222222	3.0325887770
0.527777777778	3.0340255421
0.533333333333	3.0354645613
0.538888888889	3.0369058288
0.544444444444	3.0383493384
0.55	3.0397950843
0.555555555556	3.0412430606
0.561111111111	3.0426932611
0.566666666667	3.0441456801
0.572222222222	3.0456003116
0.577777777778	3.0470571497
0.583333333333	3.0485161885
0.588888888889	3.0499774221
0.594444444444	3.0514408446
0.6	3.0529064501
0.605555555556	3.0543742327
0.611111111111	3.0558441867
0.616666666667	3.0573163061
0.622222222222	3.0587905851
0.627777777778	3.0602670179
0.633333333333	3.0617455986
0.638888888889	3.0632263215
0.644444444444	3.0647091807
0.65	3.0661941704
0.655555555556	3.0676812849
0.661111111111	3.0691705183
0.666666666667	3.0706618650
0.672222222222	3.0721553190
0.677777777778	3.0736508748
0.683333333333	3.0751485264
0.688888888889	3.0766482683
0.694444444444	3.0781500947
0.7	3.0796539998
0.705555555556	3.0811599780
0.711111111111	3.0826680235
0.716666666667	3.0841781307
0.722222222222	3.0856902940
0.727777777778	3.0872045075
0.733333333333	3.0887207657
0.738888888889	3.0902390629
0.744444444444	3.0917593935
0.75	3.0932817518
0.755555555556	3.0948061323
0.761111111111	3.0963325293
0.766666666667	3.0978609371
0.772222222222	3.0993913503
0.777777777778	3.1009237633
0.783333333333	3.1024581703
0.788888888889	3.1039945660
0.794444444444	3.1055329447
0.8	3.1070733009
0.805555555556	3.1086156291
0.811111111111	3.1101599237
0.816666666667	3.1117061792
0.822222222222	3.1132543902
0.827777777778	3.1148045510
0.833333333333	3.1163566563
0.838888888889	3.1179107006
0.844444444444	3.1194666784
0.85	3.1210245842
0.855555555556	3.1225844126
0.861111111111	3.1241461582
0.866666666667	3.1257098155
0.872222222222	3.1272753792
0.877777777778	3.1288428438
0.883333333333	3.1304122039
0.888888888889	3.1319834542
0.894444444444	3.1335565893
0.9	3.1351316038
0.905555555556	3.1367084924
0.911111111111	3.1382872498
0.916666666667	3.1398678705
0.922222222222	3.1414503493
0.927777777778	3.1430346810
0.933333333333	3.1446208601
0.938888888889	3.1462088814
0.944444444444	3.1477987396
0.95	3.1493904296
0.955555555556	3.1509839459
0.961111111111	3.1525792834
0.966666666667	3.1541764368
0.972222222222	3.1557754010
0.977777777778	3.1573761707
0.983333333333	3.1589787407
0.988888888889	3.1605831058
0.994444444444	3.1621892609
1.0	3.1637972007
1.00555555556	3.1654069203
1.01111111111	3.1670184143
1.01666666667	3.1686316777
1.02222222222	3.1702467053
1.02777777778	3.1718634921
1.03333333333	3.1734820329
1.03888888889	3.1751023227
1.04444444444	3.1767243564
1.05	3.1783481289
1.05555555556	3.1799736352
1.06111111111	3.1816008702
1.06666666667	3.1832298290
1.07222222222	3.1848605064
1.07777777778	3.1864928976
1.08333333333	3.1881269974
1.08888888889	3.1897628010
1.09444444444	3.1914003034
1.1	3.1930394995
1.10555555556	3.1946803846
1.11111111111	3.1963229535
1.11666666667	3.1979672015
1.12222222222	3.1996131235
1.12777777778	3.2012607148
1.13333333333	3.2029099704
1.13888888889	3.2045608854
1.14444444444	3.2062134551
1.15	3.2078676744
1.15555555556	3.2095235387
1.16111111111	3.2111810430
1.16666666667	3.2128401827
1.17222222222	3.2145009528
1.17777777778	3.2161633485
1.18333333333	3.2178273652
1.18888888889	3.2194929980
1.19444444444	3.2211602423
1.2	3.2228290931
1.20555555556	3.2244995459
1.21111111111	3.2261715959
1.21666666667	3.2278452385
1.22222222222	3.2295204688
1.22777777778	3.2311972823
1.23333333333	3.2328756743
1.23888888889	3.2345556402
1.24444444444	3.2362371752
1.25	3.2379202748
1.25555555556	3.2396049343
1.26111111111	3.2412911493
1.26666666667	3.2429789149
1.27222222222	3.2446682268
1.27777777778	3.2463590803
1.28333333333	3.2480514709
1.28888888889	3.2497453940
1.29444444444	3.2514408451
1.3	3.2531378197
1.30555555556	3.2548363133
1.31111111111	3.2565363215
1.31666666667	3.2582378396
1.32222222222	3.2599408634
1.32777777778	3.2616453883
1.33333333333	3.2633514098
1.33888888889	3.2650589237
1.34444444444	3.2667679254
1.35	3.2684784106
1.35555555556	3.2701903748
1.36111111111	3.2719038138
1.36666666667	3.2736187231
1.37222222222	3.2753350984
1.37777777778	3.2770529354
1.38333333333	3.2787722298
1.38888888889	3.2804929772
1.39444444444	3.2822151733
1.4	3.2839388139
1.40555555556	3.2856638948
1.41111111111	3.2873904116
1.41666666667	3.2891183601
1.42222222222	3.2908477360
1.42777777778	3.2925785353
1.43333333333	3.2943107536
1.43888888889	3.2960443869
1.44444444444	3.2977794308
1.45	3.2995158812
1.45555555556	3.3012537341
1.46111111111	3.3029929853
1.46666666667	3.3047336305
1.47222222222	3.3064756658
1.47777777778	3.3082190871
1.48333333333	3.3099638902
1.48888888889	3.3117100711
1.49444444444	3.3134576257
1.5	3.3152065500
1.50555555556	3.3169568400
1.51111111111	3.3187084916
1.51666666667	3.3204615009
1.52222222222	3.3222158638
1.52777777778	3.3239715764
1.53333333333	3.3257286348
1.53888888889	3.3274870349
1.54444444444	3.3292467729
1.55	3.3310078448
1.55555555556	3.3327702467
1.56111111111	3.3345339747
1.56666666667	3.3362990249
1.57222222222	3.3380653936
1.57777777778	3.3398330767
1.58333333333	3.3416020706
1.58888888889	3.3433723713
1.59444444444	3.3451439750
1.6	3.3469168780
1.60555555556	3.3486910764
1.61111111111	3.3504665666
1.61666666667	3.3522433447
1.62222222222	3.3540214070
1.62777777778	3.3558007497
1.63333333333	3.3575813692
1.63888888889	3.3593632617
1.64444444444	3.3611464236
1.65	3.3629308511
1.65555555556	3.3647165407
1.66111111111	3.3665034887
1.66666666667	3.3682916914
1.67222222222	3.3700811452
1.67777777778	3.3718718465
1.68333333333	3.3736637917
1.68888888889	3.3754569773
1.69444444444	3.3772513997
1.7	3.3790470553
1.70555555556	3.3808439406
1.71111111111	3.3826420521
1.71666666667	3.3844413862
1.72222222222	3.3862419395
1.72777777778	3.3880437085
1.73333333333	3.3898466897
1.73888888889	3.3916508797
1.74444444444	3.3934562750
1.75	3.3952628722
1.75555555556	3.3970706680
1.76111111111	3.3988796588
1.76666666667	3.4006898413
1.77222222222	3.4025012122
1.77777777778	3.4043137681
1.78333333333	3.4061275057
1.78888888889	3.4079424216
1.79444444444	3.4097585125
1.8	3.4115757751
1.80555555556	3.4133942062
1.81111111111	3.4152138024
1.81666666667	3.4170345606
1.82222222222	3.4188564774
1.82777777778	3.4206795497
1.83333333333	3.4225037742
1.83888888889	3.4243291478
1.84444444444	3.4261556672
1.85	3.4279833293
1.85555555556	3.4298121310
1.86111111111	3.4316420690
1.86666666667	3.4334731403
1.87222222222	3.4353053418
1.87777777778	3.4371386703
1.88333333333	3.4389731228
1.88888888889	3.4408086962
1.89444444444	3.4426453874
1.9	3.4444831935
1.90555555556	3.4463221113
1.91111111111	3.4481621380
1.91666666667	3.4500032704
1.92222222222	3.4518455056
1.92777777778	3.4536888406
1.93333333333	3.4555332725
1.93888888889	3.4573787984
1.94444444444	3.4592254152
1.95	3.4610731202
1.95555555556	3.4629219104
1.96111111111	3.4647717830
1.96666666667	3.4666227350
1.97222222222	3.4684747636
1.97777777778	3.4703278660
1.98333333333	3.4721820394
1.98888888889	3.4740372809
1.99444444444	3.4758935878
2.0	3.4777509573
2.00555555556	3.4796093866
2.01111111111	3.4814688730
2.01666666667	3.4833294137
2.02222222222	3.4851910061
2.02777777778	3.4870536474
2.03333333333	3.4889173349
2.03888888889	3.4907820661
2.04444444444	3.4926478381
2.05	3.4945146484
2.05555555556	3.4963824944
2.06111111111	3.4982513733
2.06666666667	3.5001212827
2.07222222222	3.5019922200
2.07777777778	3.5038641825
2.08333333333	3.5057371678
2.08888888889	3.5076111733
2.09444444444	3.5094861964
2.1	3.5113622347
2.10555555556	3.5132392857
2.11111111111	3.5151173469
2.11666666667	3.5169964158
2.12222222222	3.5188764900
2.12777777778	3.5207575671
2.13333333333	3.5226396446
2.13888888889	3.5245227202
2.14444444444	3.5264067914
2.15	3.5282918559
2.15555555556	3.5301779113
2.16111111111	3.5320649554
2.16666666667	3.5339529857
2.17222222222	3.5358420000
2.17777777778	3.5377319960
2.18333333333	3.5396229714
2.18888888889	3.5415149239
2.19444444444	3.5434078513
2.2	3.5453017514
2.20555555556	3.5471966220
2.21111111111	3.5490924608
2.21666666667	3.5509892657
2.22222222222	3.5528870345
2.22777777778	3.5547857650
2.23333333333	3.5566854552
2.23888888889	3.5585861029
2.24444444444	3.5604877060
2.25	3.5623902624
2.25555555556	3.5642937701
2.26111111111	3.5661982270
2.26666666667	3.5681036310
2.27222222222	3.5700099802
2.27777777778	3.5719172724
2.28333333333	3.5738255059
2.28888888889	3.5757346785
2.29444444444	3.5776447883
2.3	3.5795558333
2.30555555556	3.5814678117
2.31111111111	3.5833807216
2.31666666667	3.5852945610
2.32222222222	3.5872093280
2.32777777778	3.5891250209
2.33333333333	3.5910416377
2.33888888889	3.5929591766
2.34444444444	3.5948776359
2.35	3.5967970138
2.35555555556	3.5987173084
2.36111111111	3.6006385179
2.36666666667	3.6025606408
2.37222222222	3.6044836752
2.37777777778	3.6064076194
2.38333333333	3.6083324717
2.38888888889	3.6102582305
2.39444444444	3.6121848942
2.4	3.6141124609
2.40555555556	3.6160409292
2.41111111111	3.6179702975
2.41666666667	3.6199005641
2.42222222222	3.6218317274
2.42777777778	3.6237637860
2.43333333333	3.6256967383
2.43888888889	3.6276305827
2.44444444444	3.6295653178
2.45	3.6315009420
2.45555555556	3.6334374540
2.46111111111	3.6353748522
2.46666666667	3.6373131353
2.47222222222	3.6392523017
2.47777777778	3.6411923502
2.48333333333	3.6431332793
2.48888888889	3.6450750878
2.49444444444	3.6470177741
2.5	3.6489613371
2.50555555556	3.6509057754
2.51111111111	3.6528510877
2.51666666667	3.6547972728
2.52222222222	3.6567443293
2.52777777778	3.6586922562
2.53333333333	3.6606410521
2.53888888889	3.6625907159
2.54444444444	3.6645412463
2.55	3.6664926423
2.55555555556	3.6684449027
2.56111111111	3.6703980264
2.56666666667	3.6723520122
2.57222222222	3.6743068591
2.57777777778	3.6762625661
2.58333333333	3.6782191320
2.58888888889	3.6801765559
2.59444444444	3.6821348367
2.6	3.6840939735
2.60555555556	3.6860539654
2.61111111111	3.6880148112
2.61666666667	3.6899765102
2.62222222222	3.6919390614
2.62777777778	3.6939024640
2.63333333333	3.6958667170
2.63888888889	3.6978318196
2.64444444444	3.6997977710
2.65	3.7017645704
2.65555555556	3.7037322170
2.66111111111	3.7057007100
2.66666666667	3.7076700488
2.67222222222	3.7096402324
2.67777777778	3.7116112603
2.68333333333	3.7135831318
2.68888888889	3.7155558462
2.69444444444	3.7175294028
2.7	3.7195038011
2.70555555556	3.7214790404
2.71111111111	3.7234551202
2.71666666667	3.7254320399
2.72222222222	3.7274097990
2.72777777778	3.7293883969
2.73333333333	3.7313678331
2.73888888889	3.7333481073
2.74444444444	3.7353292189
2.75	3.7373111675
2.75555555556	3.7392939527
2.76111111111	3.7412775741
2.76666666667	3.7432620314
2.77222222222	3.7452473242
2.77777777778	3.7472334523
2.78333333333	3.7492204152
2.78888888889	3.7512082129
2.79444444444	3.7531968449
2.8	3.7551863111
2.80555555556	3.7571766113
2.81111111111	3.7591677453
2.81666666667	3.7611597129
2.82222222222	3.7631525141
2.82777777778	3.7651461487
2.83333333333	3.7671406166
2.83888888889	3.7691359179
2.84444444444	3.7711320523
2.85	3.7731290201
2.85555555556	3.7751268211
2.86111111111	3.7771254554
2.86666666667	3.7791249230
2.87222222222	3.7811252242
2.87777777778	3.7831263589
2.88333333333	3.7851283273
2.88888888889	3.7871311296
2.89444444444	3.7891347661
2.9	3.7911392368
2.90555555556	3.7931445421
2.91111111111	3.7951506822
2.91666666667	3.7971576574
2.92222222222	3.7991654681
2.92777777778	3.8011741146
2.93333333333	3.8031835973
2.93888888889	3.8051939166
2.94444444444	3.8072050729
2.95	3.8092170667
2.95555555556	3.8112298985
2.96111111111	3.8132435688
2.96666666667	3.8152580781
2.97222222222	3.8172734271
2.97777777778	3.8192896162
2.98333333333	3.8213066463
2.98888888889	3.8233245179
2.99444444444	3.8253432316
3.0	3.8273627884
3.00555555556	3.8293831888
3.01111111111	3.8314044337
3.01666666667	3.8334265238
3.02222222222	3.8354494601
3.02777777778	3.8374732434
3.03333333333	3.8394978746
3.03888888889	3.8415233546
3.04444444444	3.8435496844
3.05	3.8455768650
3.05555555556	3.8476048975
3.06111111111	3.8496337828
3.06666666667	3.8516635222
3.07222222222	3.8536941167
3.07777777778	3.8557255674
3.08333333333	3.8577578757
3.08888888889	3.8597910427
3.09444444444	3.8618250696
3.1	3.8638599578
3.10555555556	3.8658957086
3.11111111111	3.8679323234
3.11666666667	3.8699698036
3.12222222222	3.8720081506
3.12777777778	3.8740473659
3.13333333333	3.8760874511
3.13888888889	3.8781284075
3.14444444444	3.8801702370
3.15	3.8822129410
3.15555555556	3.8842565212
3.16111111111	3.8863009793
3.16666666667	3.8883463172
3.17222222222	3.8903925364
3.17777777778	3.8924396390
3.18333333333	3.8944876266
3.18888888889	3.8965365013
3.19444444444	3.8985862649
3.2	3.9006369194
3.20555555556	3.9026884669
3.21111111111	3.9047409094
3.21666666667	3.9067942490
3.22222222222	3.9088484879
3.22777777778	3.9109036282
3.23333333333	3.9129596722
3.23888888889	3.9150166221
3.24444444444	3.9170744804
3.25	3.9191332492
3.25555555556	3.9211929311
3.26111111111	3.9232535286
3.26666666667	3.9253150440
3.27222222222	3.9273774800
3.27777777778	3.9294408392
3.28333333333	3.9315051242
3.28888888889	3.9335703377
3.29444444444	3.9356364824
3.3	3.9377035612
3.30555555556	3.9397715768
3.31111111111	3.9418405323
3.31666666667	3.9439104305
3.32222222222	3.9459812744
3.32777777778	3.9480530671
3.33333333333	3.9501258117
3.33888888889	3.9521995113
3.34444444444	3.9542741692
3.35	3.9563497886
3.35555555556	3.9584263729
3.36111111111	3.9605039254
3.36666666667	3.9625824496
3.37222222222	3.9646619489
3.37777777778	3.9667424270
3.38333333333	3.9688238875
3.38888888889	3.9709063339
3.39444444444	3.9729897702
3.4	3.9750742000
3.40555555556	3.9771596272
3.41111111111	3.9792460558
3.41666666667	3.9813334897
3.42222222222	3.9834219330
3.42777777778	3.9855113899
3.43333333333	3.9876018644
3.43888888889	3.9896933610
3.44444444444	3.9917858838
3.45	3.9938794374
3.45555555556	3.9959740261
3.46111111111	3.9980696545
3.46666666667	4.0001663273
3.47222222222	4.0022640490
3.47777777778	4.0043628246
3.48333333333	4.0064626587
3.48888888889	4.0085635564
3.49444444444	4.0106655226
3.5	4.0127685624
3.50555555556	4.0148726810
3.51111111111	4.0169778835
3.51666666667	4.0190841754
3.52222222222	4.0211915620
3.52777777778	4.0233000488
3.53333333333	4.0254096413
3.53888888889	4.0275203454
3.54444444444	4.0296321666
3.55	4.0317451110
3.55555555556	4.0338591843
3.56111111111	4.0359743926
3.56666666667	4.0380907421
3.57222222222	4.0402082390
3.57777777778	4.0423268897
3.58333333333	4.0444467005
3.58888888889	4.0465676779
3.59444444444	4.0486898287
3.6	4.0508131595
3.60555555556	4.0529376772
3.61111111111	4.0550633888
3.61666666667	4.0571903013
3.62222222222	4.0593184219
3.62777777778	4.0614477579
3.63333333333	4.0635783167
3.63888888889	4.0657101058
3.64444444444	4.0678431329
3.65	4.0699774058
3.65555555556	4.0721129324
3.66111111111	4.0742497206
3.66666666667	4.0763877787
3.67222222222	4.0785271149
3.67777777778	4.0806677377
3.68333333333	4.0828096556
3.68888888889	4.0849528774
3.69444444444	4.0870974118
3.7	4.0892432679
3.70555555556	4.0913904548
3.71111111111	4.0935389818
3.71666666667	4.0956888584
3.72222222222	4.0978400941
3.72777777778	4.0999926987
3.73333333333	4.1021466822
3.73888888889	4.1043020545
3.74444444444	4.1064588261
3.75	4.1086170073
3.75555555556	4.1107766088
3.76111111111	4.1129376413
3.76666666667	4.1151001158
3.77222222222	4.1172640435
3.77777777778	4.1194294357
3.78333333333	4.1215963040
3.78888888889	4.1237646602
3.79444444444	4.1259345163
3.8	4.1281058843
3.80555555556	4.1302787767
3.81111111111	4.1324532061
3.81666666667	4.1346291853
3.82222222222	4.1368067274
3.82777777778	4.1389858456
3.83333333333	4.1411665536
3.83888888889	4.1433488651
3.84444444444	4.1455327941
3.85	4.1477183550
3.85555555556	4.1499055622
3.86111111111	4.1520944306
3.86666666667	4.1542849753
3.87222222222	4.1564772117
3.87777777778	4.1586711554
3.88333333333	4.1608668225
3.88888888889	4.1630642292
3.89444444444	4.1652633921
3.9	4.1674643280
3.90555555556	4.1696670544
3.91111111111	4.1718715886
3.91666666667	4.1740779487
3.92222222222	4.1762861530
3.92777777778	4.1784962200
3.93333333333	4.1807081689
3.93888888889	4.1829220189
3.94444444444	4.1851377900
3.95	4.1873555023
3.95555555556	4.1895751765
3.96111111111	4.1917968337
3.96666666667	4.1940204953
3.97222222222	4.1962461833
3.97777777778	4.1984739202
3.98333333333	4.2007037289
3.98888888889	4.2029356328
3.99444444444	4.2051696559
4.0	4.2074058226
4.00555555556	4.2096441579
4.01111111111	4.2118846874
4.01666666667	4.2141274374
4.02222222222	4.2163724345
4.02777777778	4.2186197061
4.03333333333	4.2208692803
4.03888888889	4.2231211858
4.04444444444	4.2253754519
4.05	4.2276321087
4.05555555556	4.2298911871
4.06111111111	4.2321527186
4.06666666667	4.2344167357
4.07222222222	4.2366832713
4.07777777778	4.2389523597
4.08333333333	4.2412240357
4.08888888889	4.2434983351
4.09444444444	4.2457752946
4.1	4.2480549520
4.10555555556	4.2503373461
4.11111111111	4.2526225166
4.11666666667	4.2549105045
4.12222222222	4.2572013517
4.12777777778	4.2594951016
4.13333333333	4.2617917986
4.13888888889	4.2640914884
4.14444444444	4.2663942183
4.15	4.2687000367
4.15555555556	4.2710089937
4.16111111111	4.2733211408
4.16666666667	4.2756365311
4.17222222222	4.2779552194
4.17777777778	4.2802772624
4.18333333333	4.2826027186
4.18888888889	4.2849316482
4.19444444444	4.2872641137
4.2	4.2896001797
4.20555555556	4.2919399130
4.21111111111	4.2942833827
4.21666666667	4.2966306605
4.22222222222	4.2989818207
4.22777777778	4.3013369404
4.23333333333	4.3036960995
4.23888888889	4.3060593813
4.24444444444	4.3084268721
4.25	4.3107986618
4.25555555556	4.3131748440
4.26111111111	4.3155555163
4.26666666667	4.3179407804
4.27222222222	4.3203307425
4.27777777778	4.3227255136
4.28333333333	4.3251252098
4.28888888889	4.3275299528
4.29444444444	4.3299398699
4.3	4.3323550949
4.30555555556	4.3347757683
4.31111111111	4.3372020382
4.31666666667	4.3396340604
4.32222222222	4.3420719992
4.32777777778	4.3445160286
4.33333333333	4.3469663326
4.33888888889	4.3494231063
4.34444444444	4.3518865572
4.35	4.3543569059
4.35555555556	4.3568343880
4.36111111111	4.3593192556
4.36666666667	4.3618117787
4.37222222222	4.3643122478
4.37777777778	4.3668209759
4.38333333333	4.3693383019
4.38888888889	4.3718645935
4.39444444444	4.3744002514
4.4	4.3769457142
4.40555555556	4.3795014641
4.41111111111	4.3820680340
4.41666666667	4.3846460166
4.42222222222	4.3872360752
4.42777777778	4.3898389579
4.43333333333	4.3924555154
4.43888888889	4.3950867257
4.44444444444	4.3977337258
4.45	4.4003978567
4.45555555556	4.4030807271
4.46111111111	4.4057843087
4.46666666667	4.4085110838
4.47222222222	4.4112642916
4.47777777778	4.4140483708
4.48333333333	4.4168698630
4.48888888889	4.4197396246
4.49444444444	4.4226805216
4.5	4.4259141696
4.50555555556	4.4294343125
4.51111111111	4.4330185171
4.51666666667	4.4366451481
4.52222222222	4.4403027672
4.52777777778	4.4439848788
4.53333333333	4.4476867249
4.53888888889	4.4514049746
4.54444444444	4.4551369334
4.55	4.4588805180
4.55555555556	4.4626339633
4.56111111111	4.4663958225
4.56666666667	4.4701648365
4.57222222222	4.4739399335
4.57777777778	4.4777201639
4.58333333333	4.4815046982
4.58888888889	4.4852927918
4.59444444444	4.4890837818
4.6	4.4928770673
4.60555555556	4.4966721063
4.61111111111	4.5004684029
4.61666666667	4.5042655053
4.62222222222	4.5080629977
4.62777777778	4.5118604978
4.63333333333	4.5156576519
4.63888888889	4.5194541328
4.64444444444	4.5232496364
4.65	4.5270438798
4.65555555556	4.5308365989
4.66111111111	4.5346275472
4.66666666667	4.5384164939
4.67222222222	4.5422032224
4.67777777778	4.5459875296
4.68333333333	4.5497692245
4.68888888889	4.5535481272
4.69444444444	4.5573240682
4.7	4.5610968876
4.70555555556	4.5648664345
4.71111111111	4.5686325661
4.71666666667	4.5723951474
4.72222222222	4.5761540508
4.72777777778	4.5799091550
4.73333333333	4.5836603454
4.73888888889	4.5874075130
4.74444444444	4.5911505547
4.75	4.5948893724
4.75555555556	4.5986238728
4.76111111111	4.6023539675
4.76666666667	4.6060795723
4.77222222222	4.6098006073
4.77777777778	4.6135169963
4.78333333333	4.6172286669
4.78888888889	4.6209355503
4.79444444444	4.6246375808
4.8	4.6283346962
4.80555555556	4.6320268369
4.81111111111	4.6357139464
4.81666666667	4.6393959710
4.82222222222	4.6430728594
4.82777777778	4.6467445628
4.83333333333	4.6504110348
4.83888888889	4.6540722312
4.84444444444	4.6577281101
4.85	4.6613786313
4.85555555556	4.6650237569
4.86111111111	4.6686634508
4.86666666667	4.6722976786
4.87222222222	4.6759264076
4.87777777778	4.6795496069
4.88333333333	4.6831672471
4.88888888889	4.6867793002
4.89444444444	4.6903857397
4.9	4.6939865407
4.90555555556	4.6975816793
4.91111111111	4.7011711332
4.91666666667	4.7047548812
4.92222222222	4.7083329031
4.92777777778	4.7119051801
4.93333333333	4.7154716945
4.93888888889	4.7190324294
4.94444444444	4.7225873692
4.95	4.7261364992
4.95555555556	4.7296798054
4.96111111111	4.7332172751
4.96666666667	4.7367488961
4.97222222222	4.7402746574
4.97777777778	4.7437945485
4.98333333333	4.7473085598
4.98888888889	4.7508166825
4.99444444444	4.7543189086
5.0	4.7578152306
5.00555555556	4.7613056417
5.01111111111	4.7647901359
5.01666666667	4.7682687078
5.02222222222	4.7717413525
5.02777777778	4.7752080658
5.03333333333	4.7786688440
5.03888888889	4.7821236840
5.04444444444	4.7855725832
5.05	4.7890155394
5.05555555556	4.7924525512
5.06111111111	4.7958836175
5.06666666667	4.7993087375
5.07222222222	4.8027279110
5.07777777778	4.8061411384
5.08333333333	4.8095484203
5.08888888889	4.8129497577
5.09444444444	4.8163451521
5.1	4.8197346052
5.10555555556	4.8231181194
5.11111111111	4.8264956972
5.11666666667	4.8298673414
5.12222222222	4.8332330553
5.12777777778	4.8365928424
5.13333333333	4.8399467066
5.13888888889	4.8432946520
5.14444444444	4.8466366831
5.15	4.8499728046
5.15555555556	4.8533030216
5.16111111111	4.8566273392
5.16666666667	4.8599457630
5.17222222222	4.8632582987
5.17777777778	4.8665649524
5.18333333333	4.8698657303
5.18888888889	4.8731606388
5.19444444444	4.8764496847
5.2	4.8797328747
5.20555555556	4.8830102160
5.21111111111	4.8862817159
5.21666666667	4.8895473817
5.22222222222	4.8928072213
5.22777777778	4.8960612423
5.23333333333	4.8993094528
5.23888888889	4.9025518610
5.24444444444	4.9057884751
5.25	4.9090193037
5.25555555556	4.9122443553
5.26111111111	4.9154636388
5.26666666667	4.9186771630
5.27222222222	4.9218849371
5.27777777778	4.9250869701
5.28333333333	4.9282832713
5.28888888889	4.9314738502
5.29444444444	4.9346587164
5.3	4.9378378794
5.30555555556	4.9410113491
5.31111111111	4.9441791353
5.31666666667	4.9473412479
5.32222222222	4.9504976971
5.32777777778	4.9536484929
5.33333333333	4.9567936457
5.33888888889	4.9599331657
5.34444444444	4.9630670635
5.35	4.9661953495
5.35555555556	4.9693180342
5.36111111111	4.9724351284
5.36666666667	4.9755466427
5.37222222222	4.9786525881
5.37777777778	4.9817529752
5.38333333333	4.9848478151
5.38888888889	4.9879371188
5.39444444444	4.9910208973
5.4	4.9940991617
5.40555555556	4.9971719232
5.41111111111	5.0002391929
5.41666666667	5.0033009823
5.42222222222	5.0063573024
5.42777777778	5.0094081648
5.43333333333	5.0124535809
5.43888888889	5.0154935620
5.44444444444	5.0185281196
5.45	5.0215572653
5.45555555556	5.0245810106
5.46111111111	5.0275993671
5.46666666667	5.0306123464
5.47222222222	5.0336199602
5.47777777778	5.0366222202
5.48333333333	5.0396191380
5.48888888889	5.0426107254
5.49444444444	5.0455969941
5.5	5.0485779035
5.50555555556	5.0515516452
5.51111111111	5.0545182757
5.51666666667	5.0574778218
5.52222222222	5.0604303226
5.52777777778	5.0633758078
5.53333333333	5.0663143124
5.53888888889	5.0692458668
5.54444444444	5.0721705038
5.55	5.0750882542
5.55555555556	5.0779991496
5.56111111111	5.0809032205
5.56666666667	5.0838004976
5.57222222222	5.0866910110
5.57777777778	5.0895747911
5.58333333333	5.0924518674
5.58888888889	5.0953222697
5.59444444444	5.0981860272
5.6	5.1010431691
5.60555555556	5.1038937244
5.61111111111	5.1067377216
5.61666666667	5.1095751894
5.62222222222	5.1124061560
5.62777777778	5.1152306495
5.63333333333	5.1180486978
5.63888888889	5.1208603285
5.64444444444	5.1236655692
5.65	5.1264644471
5.65555555556	5.1292569894
5.66111111111	5.1320432230
5.66666666667	5.1348231746
5.67222222222	5.1375968709
5.67777777778	5.1403643381
5.68333333333	5.1431256026
5.68888888889	5.1458806902
5.69444444444	5.1486296269
5.7	5.1513724383
5.70555555556	5.1541091500
5.71111111111	5.1568397873
5.71666666667	5.1595643754
5.72222222222	5.1622829393
5.72777777778	5.1649955038
5.73333333333	5.1677020936
5.73888888889	5.1704027333
5.74444444444	5.1730974471
5.75	5.1757862594
5.75555555556	5.1784691942
5.76111111111	5.1811462754
5.76666666667	5.1838175267
5.77222222222	5.1864829717
5.77777777778	5.1891426339
5.78333333333	5.1917965366
5.78888888889	5.1944447030
5.79444444444	5.1970871560
5.8	5.1997239185
5.80555555556	5.2023550133
5.81111111111	5.2049804629
5.81666666667	5.2076002897
5.82222222222	5.2102145162
5.82777777778	5.2128231644
5.83333333333	5.2154262564
5.83888888889	5.2180238140
5.84444444444	5.2206158591
5.85	5.2232024133
5.85555555556	5.2257834980
5.86111111111	5.2283591347
5.86666666667	5.2309293446
5.87222222222	5.2334941488
5.87777777778	5.2360535682
5.88333333333	5.2386076238
5.88888888889	5.2411563363
5.89444444444	5.2436997262
5.9	5.2462378141
5.90555555556	5.2487706204
5.91111111111	5.2512981653
5.91666666667	5.2538204689
5.92222222222	5.2563375512
5.92777777778	5.2588494322
5.93333333333	5.2613561315
5.93888888889	5.2638576690
5.94444444444	5.2663540640
5.95	5.2688453361
5.95555555556	5.2713315045
5.96111111111	5.2738125885
5.96666666667	5.2762886072
5.97222222222	5.2787595795
5.97777777778	5.2812255244
5.98333333333	5.2836864605
5.98888888889	5.2861424066
5.99444444444	5.2885933813
6.0	5.2910394029
6.00555555556	5.2934804898
6.01111111111	5.2959166603
6.01666666667	5.2983479326
6.02222222222	5.3007743245
6.02777777778	5.3031958541
6.03333333333	5.3056125392
6.03888888889	5.3080243976
6.04444444444	5.3104314469
6.05	5.3128337045
6.05555555556	5.3152311881
6.06111111111	5.3176239148
6.06666666667	5.3200119020
6.07222222222	5.3223951668
6.07777777778	5.3247737262
6.08333333333	5.3271475973
6.08888888889	5.3295167969
6.09444444444	5.3318813418
6.1	5.3342412486
6.10555555556	5.3365965339
6.11111111111	5.3389472144
6.11666666667	5.3412933063
6.12222222222	5.3436348260
6.12777777778	5.3459717898
6.13333333333	5.3483042138
6.13888888889	5.3506321140
6.14444444444	5.3529555064
6.15	5.3552744070
6.15555555556	5.3575888316
6.16111111111	5.3598987958
6.16666666667	5.3622043153
6.17222222222	5.3645054056
6.17777777778	5.3668020823
6.18333333333	5.3690943607
6.18888888889	5.3713822561
6.19444444444	5.3736657838
6.2	5.3759449589
6.20555555556	5.3782197965
6.21111111111	5.3804903115
6.21666666667	5.3827565190
6.22222222222	5.3850184336
6.22777777778	5.3872760702
6.23333333333	5.3895294435
6.23888888889	5.3917785680
6.24444444444	5.3940234583
6.25	5.3962641289
6.25555555556	5.3985005940
6.26111111111	5.4007328681
6.26666666667	5.4029609653
6.27222222222	5.4051848999
6.27777777778	5.4074046858
6.28333333333	5.4096203372
6.28888888889	5.4118318679
6.29444444444	5.4140392918
6.3	5.4162426227
6.30555555556	5.4184418744
6.31111111111	5.4206370605
6.31666666667	5.4228281947
6.32222222222	5.4250152903
6.32777777778	5.4271983609
6.33333333333	5.4293774199
6.33888888889	5.4315524806
6.34444444444	5.4337235563
6.35	5.4358906601
6.35555555556	5.4380538051
6.36111111111	5.4402130045
6.36666666667	5.4423682711
6.37222222222	5.4445196180
6.37777777778	5.4466670580
6.38333333333	5.4488106039
6.38888888889	5.4509502684
6.39444444444	5.4530860642
6.4	5.4552180040
6.40555555556	5.4573461002
6.41111111111	5.4594703653
6.41666666667	5.4615908119
6.42222222222	5.4637074522
6.42777777778	5.4658202986
6.43333333333	5.4679293632
6.43888888889	5.4700346584
6.44444444444	5.4721361962
6.45	5.4742339886
6.45555555556	5.4763280478
6.46111111111	5.4784183856
6.46666666667	5.4805050140
6.47222222222	5.4825879448
6.47777777778	5.4846671897
6.48333333333	5.4867427605
6.48888888889	5.4888146689
6.49444444444	5.4908829265
6.5	5.4929475448
6.50555555556	5.4950085354
6.51111111111	5.4970659096
6.51666666667	5.4991196790
6.52222222222	5.5011698547
6.52777777778	5.5032164482
6.53333333333	5.5052594706
6.53888888889	5.5072989332
6.54444444444	5.5093348470
6.55	5.5113672232
6.55555555556	5.5133960727
6.56111111111	5.5154214066
6.56666666667	5.5174432357
6.57222222222	5.5194615710
6.57777777778	5.5214764232
6.58333333333	5.5234878031
6.58888888889	5.5254957215
6.59444444444	5.5275001890
6.6	5.5295012163
6.60555555556	5.5314988138
6.61111111111	5.5334929922
6.61666666667	5.5354837619
6.62222222222	5.5374711333
6.62777777778	5.5394551169
6.63333333333	5.5414357229
6.63888888889	5.5434129617
6.64444444444	5.5453868434
6.65	5.5473573783
6.65555555556	5.5493245766
6.66111111111	5.5512884482
6.66666666667	5.5532490034
6.67222222222	5.5552062520
6.67777777778	5.5571602040
6.68333333333	5.5591108694
6.68888888889	5.5610582581
6.69444444444	5.5630023798
6.7	5.5649432444
6.70555555556	5.5668808616
6.71111111111	5.5688152411
6.71666666667	5.5707463925
6.72222222222	5.5726743255
6.72777777778	5.5745990496
6.73333333333	5.5765205744
6.73888888889	5.5784389094
6.74444444444	5.5803540639
6.75	5.5822660474
6.75555555556	5.5841748693
6.76111111111	5.5860805388
6.76666666667	5.5879830653
6.77222222222	5.5898824580
6.77777777778	5.5917787260
6.78333333333	5.5936718786
6.78888888889	5.5955619248
6.79444444444	5.5974488738
6.8	5.5993327345
6.80555555556	5.6012135160
6.81111111111	5.6030912273
6.81666666667	5.6049658771
6.82222222222	5.6068374745
6.82777777778	5.6087060282
6.83333333333	5.6105715471
6.83888888889	5.6124340400
6.84444444444	5.6142935155
6.85	5.6161499823
6.85555555556	5.6180034492
6.86111111111	5.6198539247
6.86666666667	5.6217014174
6.87222222222	5.6235459358
6.87777777778	5.6253874885
6.88333333333	5.6272260839
6.88888888889	5.6290617305
6.89444444444	5.6308944367
6.9	5.6327242107
6.90555555556	5.6345510610
6.91111111111	5.6363749959
6.91666666667	5.6381960235
6.92222222222	5.6400141522
6.92777777778	5.6418293901
6.93333333333	5.6436417453
6.93888888889	5.6454512260
6.94444444444	5.6472578403
6.95	5.6490615962
6.95555555556	5.6508625018
6.96111111111	5.6526605650
6.96666666667	5.6544557937
6.97222222222	5.6562481959
6.97777777778	5.6580377795
6.98333333333	5.6598245524
6.98888888889	5.6616085223
6.99444444444	5.6633896970
7.0	5.6651680843
7.00555555556	5.6669436920
7.01111111111	5.6687165276
7.01666666667	5.6704865989
7.02222222222	5.6722539135
7.02777777778	5.6740184790
7.03333333333	5.6757803030
7.03888888889	5.6775393930
7.04444444444	5.6792957564
7.05	5.6810494009
7.05555555556	5.6828003337
7.06111111111	5.6845485624
7.06666666667	5.6862940944
7.07222222222	5.6880369368
7.07777777778	5.6897770972
7.08333333333	5.6915145828
7.08888888889	5.6932494008
7.09444444444	5.6949815585
7.1	5.6967110631
7.10555555556	5.6984379217
7.11111111111	5.7001621416
7.11666666667	5.7018837298
7.12222222222	5.7036026935
7.12777777778	5.7053190396
7.13333333333	5.7070327753
7.13888888889	5.7087439075
7.14444444444	5.7104524432
7.15	5.7121583894
7.15555555556	5.7138617530
7.16111111111	5.7155625408
7.16666666667	5.7172607599
7.17222222222	5.7189564169
7.17777777778	5.7206495187
7.18333333333	5.7223400721
7.18888888889	5.7240280839
7.19444444444	5.7257135607
7.2	5.7273965094
7.20555555556	5.7290769365
7.21111111111	5.7307548488
7.21666666667	5.7324302529
7.22222222222	5.7341031553
7.22777777778	5.7357735627
7.23333333333	5.7374414816
7.23888888889	5.7391069185
7.24444444444	5.7407698799
7.25	5.7424303724
7.25555555556	5.7440884023
7.26111111111	5.7457439760
7.26666666667	5.7473971001
7.27222222222	5.7490477808
7.27777777778	5.7506960246
7.28333333333	5.7523418377
7.28888888889	5.7539852264
7.29444444444	5.7556261971
7.3	5.7572647559
7.30555555556	5.7589009092
7.31111111111	5.7605346630
7.31666666667	5.7621660237
7.32222222222	5.7637949973
7.32777777778	5.7654215901
7.33333333333	5.7670458080
7.33888888889	5.7686676572
7.34444444444	5.7702871438
7.35	5.7719042739
7.35555555556	5.7735190533
7.36111111111	5.7751314882
7.36666666667	5.7767415845
7.37222222222	5.7783493482
7.37777777778	5.7799547852
7.38333333333	5.7815579013
7.38888888889	5.7831587026
7.39444444444	5.7847571948
7.4	5.7863533838
7.40555555556	5.7879472754
7.41111111111	5.7895388754
7.41666666667	5.7911281896
7.42222222222	5.7927152238
7.42777777778	5.7942999836
7.43333333333	5.7958824749
7.43888888889	5.7974627032
7.44444444444	5.7990406743
7.45	5.8006163938
7.45555555556	5.8021898673
7.46111111111	5.8037611005
7.46666666667	5.8053300989
7.47222222222	5.8068968681
7.47777777778	5.8084614136
7.48333333333	5.8100237410
7.48888888889	5.8115838558
7.49444444444	5.8131417635
7.5	5.8146974695
7.50555555556	5.8162509792
7.51111111111	5.8178022982
7.51666666667	5.8193514318
7.52222222222	5.8208983853
7.52777777778	5.8224431642
7.53333333333	5.8239857738
7.53888888889	5.8255262195
7.54444444444	5.8270645065
7.55	5.8286006401
7.55555555556	5.8301346256
7.56111111111	5.8316664683
7.56666666667	5.8331961733
7.57222222222	5.8347237459
7.57777777778	5.8362491914
7.58333333333	5.8377725148
7.58888888889	5.8392937213
7.59444444444	5.8408128161
7.6	5.8423298043
7.60555555556	5.8438446909
7.61111111111	5.8453574812
7.61666666667	5.8468681800
7.62222222222	5.8483767926
7.62777777778	5.8498833239
7.63333333333	5.8513877788
7.63888888889	5.8528901625
7.64444444444	5.8543904800
7.65	5.8558887360
7.65555555556	5.8573849357
7.66111111111	5.8588790838
7.66666666667	5.8603711854
7.67222222222	5.8618612454
7.67777777778	5.8633492685
7.68333333333	5.8648352596
7.68888888889	5.8663192236
7.69444444444	5.8678011654
7.7	5.8692810896
7.70555555556	5.8707590011
7.71111111111	5.8722349047
7.71666666667	5.8737088052
7.72222222222	5.8751807071
7.72777777778	5.8766506154
7.73333333333	5.8781185346
7.73888888889	5.8795844695
7.74444444444	5.8810484247
7.75	5.8825104049
7.75555555556	5.8839704148
7.76111111111	5.8854284589
7.76666666667	5.8868845419
7.77222222222	5.8883386683
7.77777777778	5.8897908428
7.78333333333	5.8912410699
7.78888888889	5.8926893541
7.79444444444	5.8941357000
7.8	5.8955801120
7.80555555556	5.8970225948
7.81111111111	5.8984631526
7.81666666667	5.8999017902
7.82222222222	5.9013385118
7.82777777778	5.9027733219
7.83333333333	5.9042062249
7.83888888889	5.9056372253
7.84444444444	5.9070663275
7.85	5.9084935357
7.85555555556	5.9099188544
7.86111111111	5.9113422880
7.86666666667	5.9127638407
7.87222222222	5.9141835168
7.87777777778	5.9156013208
7.88333333333	5.9170172568
7.88888888889	5.9184313291
7.89444444444	5.9198435421
7.9	5.9212538999
7.90555555556	5.9226624067
7.91111111111	5.9240690669
7.91666666667	5.9254738845
7.92222222222	5.9268768638
7.92777777778	5.9282780090
7.93333333333	5.9296773242
7.93888888889	5.9310748136
7.94444444444	5.9324704813
7.95	5.9338643314
7.95555555556	5.9352563680
7.96111111111	5.9366465952
7.96666666667	5.9380350172
7.97222222222	5.9394216379
7.97777777778	5.9408064614
7.98333333333	5.9421894918
7.98888888889	5.9435707330
7.99444444444	5.9449501892
8.0	5.9463278642
8.00555555556	5.9477037621
8.01111111111	5.9490778868
8.01666666667	5.9504502424
8.02222222222	5.9518208327
8.02777777778	5.9531896617
8.03333333333	5.9545567333
8.03888888889	5.9559220514
8.04444444444	5.9572856199
8.05	5.9586474427
8.05555555556	5.9600075237
8.06111111111	5.9613658667
8.06666666667	5.9627224756
8.07222222222	5.9640773542
8.07777777778	5.9654305062
8.08333333333	5.9667819356
8.08888888889	5.9681316462
8.09444444444	5.9694796416
8.1	5.9708259257
8.10555555556	5.9721705022
8.11111111111	5.9735133749
8.11666666667	5.9748545475
8.12222222222	5.9761940238
8.12777777778	5.9775318074
8.13333333333	5.9788679020
8.13888888889	5.9802023114
8.14444444444	5.9815350391
8.15	5.9828660890
8.15555555556	5.9841954645
8.16111111111	5.9855231694
8.16666666667	5.9868492073
8.17222222222	5.9881735819
8.17777777778	5.9894962966
8.18333333333	5.9908173551
8.18888888889	5.9921367610
8.19444444444	5.9934545178
8.2	5.9947706292
8.20555555556	5.9960850987
8.21111111111	5.9973979297
8.21666666667	5.9987091259
8.22222222222	6.0000186907
8.22777777778	6.0013266276
8.23333333333	6.0026329402
8.23888888889	6.0039376319
8.24444444444	6.0052407062
8.25	6.0065421666
8.25555555556	6.0078420164
8.26111111111	6.0091402592
8.26666666667	6.0104368984
8.27222222222	6.0117319373
8.27777777778	6.0130253795
8.28333333333	6.0143172282
8.28888888889	6.0156074869
8.29444444444	6.0168961589
8.3	6.0181832477
8.30555555556	6.0194687565
8.31111111111	6.0207526887
8.31666666667	6.0220350476
8.32222222222	6.0233158366
8.32777777778	6.0245950590
8.33333333333	6.0258727181
8.33888888889	6.0271488171
8.34444444444	6.0284233594
8.35	6.0296963482
8.35555555556	6.0309677868
8.36111111111	6.0322376784
8.36666666667	6.0335060263
8.37222222222	6.0347728337
8.37777777778	6.0360381039
8.38333333333	6.0373018399
8.38888888889	6.0385640451
8.39444444444	6.0398247227
8.4	6.0410838758
8.40555555556	6.0423415075
8.41111111111	6.0435976212
8.41666666667	6.0448522198
8.42222222222	6.0461053066
8.42777777778	6.0473568847
8.43333333333	6.0486069571
8.43888888889	6.0498555272
8.44444444444	6.0511025978
8.45	6.0523481722
8.45555555556	6.0535922534
8.46111111111	6.0548348445
8.46666666667	6.0560759485
8.47222222222	6.0573155686
8.47777777778	6.0585537078
8.48333333333	6.0597903690
8.48888888889	6.0610255554
8.49444444444	6.0622592700
8.5	6.0634915158
8.50555555556	6.0647222958
8.51111111111	6.0659516129
8.51666666667	6.0671794703
8.52222222222	6.0684058708
8.52777777778	6.0696308174
8.53333333333	6.0708543130
8.53888888889	6.0720763608
8.54444444444	6.0732969634
8.55	6.0745161240
8.55555555556	6.0757338455
8.56111111111	6.0769501307
8.56666666667	6.0781649825
8.57222222222	6.0793784039
8.57777777778	6.0805903978
8.58333333333	6.0818009670
8.58888888889	6.0830101144
8.59444444444	6.0842178428
8.6	6.0854241552
8.60555555556	6.0866290544
8.61111111111	6.0878325432
8.61666666667	6.0890346245
8.62222222222	6.0902353010
8.62777777778	6.0914345756
8.63333333333	6.0926324511
8.63888888889	6.0938289303
8.64444444444	6.0950240160
8.65	6.0962177109
8.65555555556	6.0974100179
8.66111111111	6.0986009397
8.66666666667	6.0997904791
8.67222222222	6.1009786388
8.67777777778	6.1021654215
8.68333333333	6.1033508301
8.68888888889	6.1045348672
8.69444444444	6.1057175355
8.7	6.1068988377
8.70555555556	6.1080787766
8.71111111111	6.1092573549
8.71666666667	6.1104345752
8.72222222222	6.1116104402
8.72777777778	6.1127849526
8.73333333333	6.1139581151
8.73888888889	6.1151299302
8.74444444444	6.1163004007
8.75	6.1174695292
8.75555555556	6.1186373184
8.76111111111	6.1198037708
8.76666666667	6.1209688891
8.77222222222	6.1221326759
8.77777777778	6.1232951337
8.78333333333	6.1244562653
8.78888888889	6.1256160731
8.79444444444	6.1267745598
8.8	6.1279317279
8.80555555556	6.1290875801
8.81111111111	6.1302421187
8.81666666667	6.1313953465
8.82222222222	6.1325472660
8.82777777778	6.1336978797
8.83333333333	6.1348471900
8.83888888889	6.1359951997
8.84444444444	6.1371419111
8.85	6.1382873268
8.85555555556	6.1394314492
8.86111111111	6.1405742809
8.86666666667	6.1417158244
8.87222222222	6.1428560822
8.87777777778	6.1439950566
8.88333333333	6.1451327503
8.88888888889	6.1462691656
8.89444444444	6.1474043050
8.9	6.1485381709
8.90555555556	6.1496707658
8.91111111111	6.1508020922
8.91666666667	6.1519321524
8.92222222222	6.1530609488
8.92777777778	6.1541884840
8.93333333333	6.1553147602
8.93888888889	6.1564397799
8.94444444444	6.1575635455
8.95	6.1586860593
8.95555555556	6.1598073238
8.96111111111	6.1609273413
8.96666666667	6.1620461142
8.97222222222	6.1631636449
8.97777777778	6.1642799356
8.98333333333	6.1653949888
8.98888888889	6.1665088068
8.99444444444	6.1676213918
9.0	6.1687327464
9.00555555556	6.1698428727
9.01111111111	6.1709517730
9.01666666667	6.1720594498
9.02222222222	6.1731659053
9.02777777778	6.1742711417
9.03333333333	6.1753751615
9.03888888889	6.1764779667
9.04444444444	6.1775795599
9.05	6.1786799431
9.05555555556	6.1797791187
9.06111111111	6.1808770890
9.06666666667	6.1819738561
9.07222222222	6.1830694223
9.07777777778	6.1841637900
9.08333333333	6.1852569612
9.08888888889	6.1863489383
9.09444444444	6.1874397234
9.1	6.1885293188
9.10555555556	6.1896177267
9.11111111111	6.1907049492
9.11666666667	6.1917909887
9.12222222222	6.1928758472
9.12777777778	6.1939595270
9.13333333333	6.1950420302
9.13888888889	6.1961233591
9.14444444444	6.1972035157
9.15	6.1982825023
9.15555555556	6.1993603209
9.16111111111	6.2004369739
9.16666666667	6.2015124632
9.17222222222	6.2025867911
9.17777777778	6.2036599597
9.18333333333	6.2047319710
9.18888888889	6.2058028273
9.19444444444	6.2068725306
9.2	6.2079410831
9.20555555556	6.2090084869
9.21111111111	6.2100747440
9.21666666667	6.2111398566
9.22222222222	6.2122038267
9.22777777778	6.2132666564
9.23333333333	6.2143283479
9.23888888889	6.2153889031
9.24444444444	6.2164483242
9.25	6.2175066131
9.25555555556	6.2185637721
9.26111111111	6.2196198030
9.26666666667	6.2206747080
9.27222222222	6.2217284892
9.27777777778	6.2227811484
9.28333333333	6.2238326878
9.28888888889	6.2248831094
9.29444444444	6.2259324152
9.3	6.2269806072
9.30555555556	6.2280276875
9.31111111111	6.2290736579
9.31666666667	6.2301185206
9.32222222222	6.2311622776
9.32777777778	6.2322049307
9.33333333333	6.2332464820
9.33888888889	6.2342869335
9.34444444444	6.2353262871
9.35	6.2363645448
9.35555555556	6.2374017086
9.36111111111	6.2384377803
9.36666666667	6.2394727621
9.37222222222	6.2405066558
9.37777777778	6.2415394633
9.38333333333	6.2425711867
9.38888888889	6.2436018277
9.39444444444	6.2446313884
9.4	6.2456598707
9.40555555556	6.2466872765
9.41111111111	6.2477136076
9.41666666667	6.2487388661
9.42222222222	6.2497630538
9.42777777778	6.2507861725
9.43333333333	6.2518082243
9.43888888889	6.2528292109
9.44444444444	6.2538491344
9.45	6.2548679964
9.45555555556	6.2558857990
9.46111111111	6.2569025439
9.46666666667	6.2579182331
9.47222222222	6.2589328684
9.47777777778	6.2599464516
9.48333333333	6.2609589847
9.48888888889	6.2619704693
9.49444444444	6.2629809075
9.5	6.2639903010
9.50555555556	6.2649986516
9.51111111111	6.2660059612
9.51666666667	6.2670122316
9.52222222222	6.2680174646
9.52777777778	6.2690216620
9.53333333333	6.2700248257
9.53888888889	6.2710269574
9.54444444444	6.2720280589
9.55	6.2730281320
9.55555555556	6.2740271785
9.56111111111	6.2750252003
9.56666666667	6.2760221990
9.57222222222	6.2770181764
9.57777777778	6.2780131343
9.58333333333	6.2790070746
9.58888888889	6.2799999989
9.59444444444	6.2809919090
9.6	6.2819828066
9.60555555556	6.2829726935
9.61111111111	6.2839615715
9.61666666667	6.2849494423
9.62222222222	6.2859363076
9.62777777778	6.2869221691
9.63333333333	6.2879070286
9.63888888889	6.2888908879
9.64444444444	6.2898737485
9.65	6.2908556123
9.65555555556	6.2918364809
9.66111111111	6.2928163561
9.66666666667	6.2937952395
9.67222222222	6.2947731328
9.67777777778	6.2957500378
9.68333333333	6.2967259561
9.68888888889	6.2977008895
9.69444444444	6.2986748395
9.7	6.2996478079
9.70555555556	6.3006197963
9.71111111111	6.3015908064
9.71666666667	6.3025608399
9.72222222222	6.3035298985
9.72777777778	6.3044979837
9.73333333333	6.3054650972
9.73888888889	6.3064312408
9.74444444444	6.3073964159
9.75	6.3083606244
9.75555555556	6.3093238677
9.76111111111	6.3102861475
9.76666666667	6.3112474656
9.77222222222	6.3122078234
9.77777777778	6.3131672226
9.78333333333	6.3141256648
9.78888888889	6.3150831516
9.79444444444	6.3160396847
9.8	6.3169952656
9.80555555556	6.3179498960
9.81111111111	6.3189035774
9.81666666667	6.3198563114
9.82222222222	6.3208080996
9.82777777778	6.3217589436
9.83333333333	6.3227088450
9.83888888889	6.3236578054
9.84444444444	6.3246058263
9.85	6.3255529093
9.85555555556	6.3264990559
9.86111111111	6.3274442678
9.86666666667	6.3283885464
9.87222222222	6.3293318934
9.87777777778	6.3302743103
9.88333333333	6.3312157986
9.88888888889	6.3321563598
9.89444444444	6.3330959956
9.9	6.3340347074
9.90555555556	6.3349724968
9.91111111111	6.3359093654
9.91666666667	6.3368453145
9.92222222222	6.3377803458
9.92777777778	6.3387144607
9.93333333333	6.3396476609
9.93888888889	6.3405799477
9.94444444444	6.3415113227
9.95	6.3424417874
9.95555555556	6.3433713433
9.96111111111	6.3442999920
9.96666666667	6.3452277348
9.97222222222	6.3461545732
9.97777777778	6.3470805088
9.98333333333	6.3480055431
9.98888888889	6.3489296775
9.99444444444	6.3498529134
