0.0	2.9091196405
0.00357142857143	2.9096267108
0.00714285714286	2.9102894968
0.0107142857143	2.9110018627
0.0142857142857	2.9117365752
0.0178571428571	2.9124836349
0.0214285714286	2.9132385462
0.025	2.9139989916
0.0285714285714	2.9147636504
0.0321428571429	2.9155317094
0.0357142857143	2.9163026376
0.0392857142857	2.9170760705
0.0428571428571	2.9178517484
0.0464285714286	2.9186294800
0.05	2.9194091205
0.0535714285714	2.9201905580
0.0571428571429	2.9209737037
0.0607142857143	2.9217584868
0.0642857142857	2.9225448491
0.0678571428571	2.9233327428
0.0714285714286	2.9241221276
0.075	2.9249129698
0.0785714285714	2.9257052404
0.0821428571429	2.9264989144
0.0857142857143	2.9272939701
0.0892857142857	2.9280903887
0.0928571428571	2.9288881533
0.0964285714286	2.9296872492
0.1	2.9304876631
0.103571428571	2.9312893832
0.107142857143	2.9320923987
0.110714285714	2.9328966999
0.114285714286	2.9337022778
0.117857142857	2.9345091245
0.121428571429	2.9353172324
0.125	2.9361265945
0.128571428571	2.9369372045
0.132142857143	2.9377490565
0.135714285714	2.9385621447
0.139285714286	2.9393764641
0.142857142857	2.9401920096
0.146428571429	2.9410087766
0.15	2.9418267608
0.153571428571	2.9426459579
0.157142857143	2.9434663640
0.160714285714	2.9442879753
0.164285714286	2.9451107881
0.167857142857	2.9459347989
0.171428571429	2.9467600045
0.175	2.9475864015
0.178571428571	2.9484139869
0.182142857143	2.9492427577
0.185714285714	2.9500727108
0.189285714286	2.9509038436
0.192857142857	2.9517361532
0.196428571429	2.9525696369
0.2	2.9534042922
0.203571428571	2.9542401164
0.207142857143	2.9550771071
0.210714285714	2.9559152619
0.214285714286	2.9567545782
0.217857142857	2.9575950539
0.221428571429	2.9584366865
0.225	2.9592794738
0.228571428571	2.9601234135
0.232142857143	2.9609685035
0.235714285714	2.9618147416
0.239285714286	2.9626621256
0.242857142857	2.9635106533
0.246428571429	2.9643603228
0.25	2.9652111320
0.253571428571	2.9660630787
0.257142857143	2.9669161610
0.260714285714	2.9677703769
0.264285714286	2.9686257244
0.267857142857	2.9694822015
0.271428571429	2.9703398062
0.275	2.9711985366
0.278571428571	2.9720583909
0.282142857143	2.9729193670
0.285714285714	2.9737814631
0.289285714286	2.9746446772
0.292857142857	2.9755090076
0.296428571429	2.9763744523
0.3	2.9772410095
0.303571428571	2.9781086774
0.307142857143	2.9789774541
0.310714285714	2.9798473377
0.314285714286	2.9807183265
0.317857142857	2.9815904187
0.321428571429	2.9824636124
0.325	2.9833379058
0.328571428571	2.9842132972
0.332142857143	2.9850897847
0.335714285714	2.9859673666
0.339285714286	2.9868460411
0.342857142857	2.9877258065
0.346428571429	2.9886066609
0.35	2.9894886027
0.353571428571	2.9903716300
0.357142857143	2.9912557411
0.360714285714	2.9921409343
0.364285714286	2.9930272078
0.367857142857	2.9939145598
0.371428571429	2.9948029888
0.375	2.9956924928
0.378571428571	2.9965830703
0.382142857143	2.9974747194
0.385714285714	2.9983674384
0.389285714286	2.9992612257
0.392857142857	3.0001560795
0.396428571429	3.0010519981
0.4	3.0019489797
0.403571428571	3.0028470228
0.407142857143	3.0037461255
0.410714285714	3.0046462863
0.414285714286	3.0055475033
0.417857142857	3.0064497749
0.421428571429	3.0073530993
0.425	3.0082574750
0.428571428571	3.0091629002
0.432142857143	3.0100693731
0.435714285714	3.0109768922
0.439285714286	3.0118854558
0.442857142857	3.0127950621
0.446428571429	3.0137057095
0.45	3.0146173963
0.453571428571	3.0155301208
0.457142857143	3.0164438813
0.460714285714	3.0173586763
0.464285714286	3.0182745039
0.467857142857	3.0191913625
0.471428571429	3.0201092505
0.475	3.0210281662
0.478571428571	3.0219481079
0.482142857143	3.0228690739
0.485714285714	3.0237910627
0.489285714286	3.0247140724
0.492857142857	3.0256381016
0.496428571429	3.0265631484
0.5	3.0274892113
0.503571428571	3.0284162886
0.507142857143	3.0293443786
0.510714285714	3.0302734797
0.514285714286	3.0312035902
0.517857142857	3.0321347085
0.521428571429	3.0330668329
0.525	3.0339999618
0.528571428571	3.0349340935
0.532142857143	3.0358692264
0.535714285714	3.0368053588
0.539285714286	3.0377424891
0.542857142857	3.0386806156
0.546428571429	3.0396197367
0.55	3.0405598508
0.553571428571	3.0415009562
0.557142857143	3.0424430513
0.560714285714	3.0433861344
0.564285714286	3.0443302040
0.567857142857	3.0452752583
0.571428571429	3.0462212957
0.575	3.0471683146
0.578571428571	3.0481163134
0.582142857143	3.0490652904
0.585714285714	3.0500152440
0.589285714286	3.0509661726
0.592857142857	3.0519180746
0.596428571429	3.0528709483
0.6	3.0538247920
0.603571428571	3.0547796043
0.607142857143	3.0557353834
0.610714285714	3.0566921277
0.614285714286	3.0576498356
0.617857142857	3.0586085055
0.621428571429	3.0595681358
0.625	3.0605287248
0.628571428571	3.0614902710
0.632142857143	3.0624527727
0.635714285714	3.0634162283
0.639285714286	3.0643806362
0.642857142857	3.0653459947
0.646428571429	3.0663123023
0.65	3.0672795574
0.653571428571	3.0682477584
0.657142857143	3.0692169036
0.660714285714	3.0701869914
0.664285714286	3.0711580203
0.667857142857	3.0721299886
0.671428571429	3.0731028947
0.675	3.0740767370
0.678571428571	3.0750515140
0.682142857143	3.0760272240
0.685714285714	3.0770038655
0.689285714286	3.0779814368
0.692857142857	3.0789599363
0.696428571429	3.0799393625
0.7	3.0809197137
0.703571428571	3.0819009884
0.707142857143	3.0828831849
0.710714285714	3.0838663018
0.714285714286	3.0848503373
0.717857142857	3.0858352900
0.721428571429	3.0868211582
0.725	3.0878079403
0.728571428571	3.0887956348
0.732142857143	3.0897842401
0.735714285714	3.0907737546
0.739285714286	3.0917641767
0.742857142857	3.0927555048
0.746428571429	3.0937477374
0.75	3.0947408729
0.753571428571	3.0957349097
0.757142857143	3.0967298463
0.760714285714	3.0977256811
0.764285714286	3.0987224124
0.767857142857	3.0997200388
0.771428571429	3.1007185587
0.775	3.1017179705
0.778571428571	3.1027182727
0.782142857143	3.1037194636
0.785714285714	3.1047215417
0.789285714286	3.1057245055
0.792857142857	3.1067283534
0.796428571429	3.1077330839
0.8	3.1087386954
0.803571428571	3.1097451863
0.807142857143	3.1107525550
0.810714285714	3.1117608002
0.814285714286	3.1127699201
0.817857142857	3.1137799132
0.821428571429	3.1147907780
0.825	3.1158025130
0.828571428571	3.1168151166
0.832142857143	3.1178285872
0.835714285714	3.1188429234
0.839285714286	3.1198581235
0.842857142857	3.1208741861
0.846428571429	3.1218911096
0.85	3.1229088924
0.853571428571	3.1239275331
0.857142857143	3.1249470301
0.860714285714	3.1259673819
0.864285714286	3.1269885869
0.867857142857	3.1280106436
0.871428571429	3.1290335505
0.875	3.1300573061
0.878571428571	3.1310819088
0.882142857143	3.1321073572
0.885714285714	3.1331336496
0.889285714286	3.1341607847
0.892857142857	3.1351887608
0.896428571429	3.1362175764
0.9	3.1372472301
0.903571428571	3.1382777204
0.907142857143	3.1393090456
0.910714285714	3.1403412044
0.914285714286	3.1413741951
0.917857142857	3.1424080164
0.921428571429	3.1434426666
0.925	3.1444781443
0.928571428571	3.1455144481
0.932142857143	3.1465515763
0.935714285714	3.1475895275
0.939285714286	3.1486283002
0.942857142857	3.1496678929
0.946428571429	3.1507083041
0.95	3.1517495324
0.953571428571	3.1527915762
0.957142857143	3.1538344340
0.960714285714	3.1548781044
0.964285714286	3.1559225858
0.967857142857	3.1569678769
0.971428571429	3.1580139760
0.975	3.1590608818
0.978571428571	3.1601085928
0.982142857143	3.1611571074
0.985714285714	3.1622064243
0.989285714286	3.1632565419
0.992857142857	3.1643074587
0.996428571429	3.1653591734
1.0	3.1664116843
1.00357142857	3.1674649902
1.00714285714	3.1685190894
1.01071428571	3.1695739806
1.01428571429	3.1706296623
1.01785714286	3.1716861330
1.02142857143	3.1727433912
1.025	3.1738014356
1.02857142857	3.1748602646
1.03214285714	3.1759198768
1.03571428571	3.1769802708
1.03928571429	3.1780414452
1.04285714286	3.1791033983
1.04642857143	3.1801661289
1.05	3.1812296355
1.05357142857	3.1822939167
1.05714285714	3.1833589709
1.06071428571	3.1844247968
1.06428571429	3.1854913929
1.06785714286	3.1865587579
1.07142857143	3.1876268902
1.075	3.1886957884
1.07857142857	3.1897654512
1.08214285714	3.1908358770
1.08571428571	3.1919070645
1.08928571429	3.1929790123
1.09285714286	3.1940517189
1.09642857143	3.1951251829
1.1	3.1961994029
1.10357142857	3.1972743774
1.10714285714	3.1983501052
1.11071428571	3.1994265846
1.11428571429	3.2005038145
1.11785714286	3.2015817932
1.12142857143	3.2026605195
1.125	3.2037399920
1.12857142857	3.2048202091
1.13214285714	3.2059011697
1.13571428571	3.2069828721
1.13928571429	3.2080653151
1.14285714286	3.2091484972
1.14642857143	3.2102324171
1.15	3.2113170734
1.15357142857	3.2124024646
1.15714285714	3.2134885895
1.16071428571	3.2145754465
1.16428571429	3.2156630344
1.16785714286	3.2167513517
1.17142857143	3.2178403972
1.175	3.2189301693
1.17857142857	3.2200206667
1.18214285714	3.2211118882
1.18571428571	3.2222038322
1.18928571429	3.2232964974
1.19285714286	3.2243898824
1.19642857143	3.2254839860
1.2	3.2265788067
1.20357142857	3.2276743432
1.20714285714	3.2287705941
1.21071428571	3.2298675580
1.21428571429	3.2309652336
1.21785714286	3.2320636196
1.22142857143	3.2331627147
1.225	3.2342625173
1.22857142857	3.2353630263
1.23214285714	3.2364642403
1.23571428571	3.2375661578
1.23928571429	3.2386687777
1.24285714286	3.2397720985
1.24642857143	3.2408761190
1.25	3.2419808377
1.25357142857	3.2430862534
1.25714285714	3.2441923647
1.26071428571	3.2452991703
1.26428571429	3.2464066689
1.26785714286	3.2475148591
1.27142857143	3.2486237397
1.275	3.2497333092
1.27857142857	3.2508435665
1.28214285714	3.2519545102
1.28571428571	3.2530661389
1.28928571429	3.2541784514
1.29285714286	3.2552914464
1.29642857143	3.2564051224
1.3	3.2575194784
1.30357142857	3.2586345129
1.30714285714	3.2597502246
1.31071428571	3.2608666123
1.31428571429	3.2619836746
1.31785714286	3.2631014103
1.32142857143	3.2642198180
1.325	3.2653388966
1.32857142857	3.2664586446
1.33214285714	3.2675790608
1.33571428571	3.2687001439
1.33928571429	3.2698218927
1.34285714286	3.2709443059
1.34642857143	3.2720673822
1.35	3.2731911202
1.35357142857	3.2743155188
1.35714285714	3.2754405767
1.36071428571	3.2765662926
1.36428571429	3.2776926653
1.36785714286	3.2788196934
1.37142857143	3.2799473758
1.375	3.2810757111
1.37857142857	3.2822046981
1.38214285714	3.2833343355
1.38571428571	3.2844646222
1.38928571429	3.2855955568
1.39285714286	3.2867271381
1.39642857143	3.2878593649
1.4	3.2889922359
1.40357142857	3.2901257498
1.40714285714	3.2912599055
1.41071428571	3.2923947017
1.41428571429	3.2935301371
1.41785714286	3.2946662106
1.42142857143	3.2958029208
1.425	3.2969402667
1.42857142857	3.2980782469
1.43214285714	3.2992168602
1.43571428571	3.3003561054
1.43928571429	3.3014959813
1.44285714286	3.3026364866
1.44642857143	3.3037776202
1.45	3.3049193809
1.45357142857	3.3060617673
1.45714285714	3.3072047784
1.46071428571	3.3083484130
1.46428571429	3.3094926697
1.46785714286	3.3106375474
1.47142857143	3.3117830450
1.475	3.3129291611
1.47857142857	3.3140758947
1.48214285714	3.3152232445
1.48571428571	3.3163712094
1.48928571429	3.3175197881
1.49285714286	3.3186689794
1.49642857143	3.3198187823
1.5	3.3209691955
1.50357142857	3.3221202178
1.50714285714	3.3232718480
1.51071428571	3.3244240850
1.51428571429	3.3255769276
1.51785714286	3.3267303747
1.52142857143	3.3278844250
1.525	3.3290390774
1.52857142857	3.3301943308
1.53214285714	3.3313501839
1.53571428571	3.3325066357
1.53928571429	3.3336636849
1.54285714286	3.3348213305
1.54642857143	3.3359795712
1.55	3.3371384059
1.55357142857	3.3382978335
1.55714285714	3.3394578528
1.56071428571	3.3406184627
1.56428571429	3.3417796621
1.56785714286	3.3429414497
1.57142857143	3.3441038245
1.575	3.3452667854
1.57857142857	3.3464303312
1.58214285714	3.3475944607
1.58571428571	3.3487591729
1.58928571429	3.3499244667
1.59285714286	3.3510903408
1.59642857143	3.3522567943
1.6	3.3534238259
1.60357142857	3.3545914346
1.60714285714	3.3557596193
1.61071428571	3.3569283788
1.61428571429	3.3580977120
1.61785714286	3.3592676179
1.62142857143	3.3604380953
1.625	3.3616091431
1.62857142857	3.3627807602
1.63214285714	3.3639529456
1.63571428571	3.3651256982
1.63928571429	3.3662990168
1.64285714286	3.3674729004
1.64642857143	3.3686473478
1.65	3.3698223581
1.65357142857	3.3709979301
1.65714285714	3.3721740627
1.66071428571	3.3733507549
1.66428571429	3.3745280056
1.66785714286	3.3757058137
1.67142857143	3.3768841782
1.675	3.3780630979
1.67857142857	3.3792425719
1.68214285714	3.3804225990
1.68571428571	3.3816031782
1.68928571429	3.3827843085
1.69285714286	3.3839659888
1.69642857143	3.3851482180
1.7	3.3863309951
1.70357142857	3.3875143190
1.70714285714	3.3886981888
1.71071428571	3.3898826032
1.71428571429	3.3910675615
1.71785714286	3.3922530623
1.72142857143	3.3934391049
1.725	3.3946256880
1.72857142857	3.3958128107
1.73214285714	3.3970004720
1.73571428571	3.3981886708
1.73928571429	3.3993774061
1.74285714286	3.4005666768
1.74642857143	3.4017564821
1.75	3.4029468208
1.75357142857	3.4041376919
1.75714285714	3.4053290944
1.76071428571	3.4065210274
1.76428571429	3.4077134898
1.76785714286	3.4089064805
1.77142857143	3.4100999987
1.775	3.4112940433
1.77857142857	3.4124886133
1.78214285714	3.4136837077
1.78571428571	3.4148793256
1.78928571429	3.4160754659
1.79285714286	3.4172721276
1.79642857143	3.4184693098
1.8	3.4196670115
1.80357142857	3.4208652316
1.80714285714	3.4220639694
1.81071428571	3.4232632236
1.81428571429	3.4244629935
1.81785714286	3.4256632780
1.82142857143	3.4268640761
1.825	3.4280653869
1.82857142857	3.4292672094
1.83214285714	3.4304695427
1.83571428571	3.4316723858
1.83928571429	3.4328757377
1.84285714286	3.4340795976
1.84642857143	3.4352839644
1.85	3.4364888372
1.85357142857	3.4376942150
1.85714285714	3.4389000970
1.86071428571	3.4401064821
1.86428571429	3.4413133695
1.86785714286	3.4425207582
1.87142857143	3.4437286473
1.875	3.4449370359
1.87857142857	3.4461459229
1.88214285714	3.4473553075
1.88571428571	3.4485651889
1.88928571429	3.4497755659
1.89285714286	3.4509864378
1.89642857143	3.4521978037
1.9	3.4534096625
1.90357142857	3.4546220135
1.90714285714	3.4558348556
1.91071428571	3.4570481881
1.91428571429	3.4582620099
1.91785714286	3.4594763202
1.92142857143	3.4606911181
1.925	3.4619064028
1.92857142857	3.4631221732
1.93214285714	3.4643384286
1.93571428571	3.4655551679
1.93928571429	3.4667723905
1.94285714286	3.4679900953
1.94642857143	3.4692082815
1.95	3.4704269482
1.95357142857	3.4716460946
1.95714285714	3.4728657197
1.96071428571	3.4740858228
1.96428571429	3.4753064028
1.96785714286	3.4765274591
1.97142857143	3.4777489906
1.975	3.4789709967
1.97857142857	3.4801934763
1.98214285714	3.4814164286
1.98571428571	3.4826398529
1.98928571429	3.4838637482
1.99285714286	3.4850881137
1.99642857143	3.4863129486
2.0	3.4875382520
2.00357142857	3.4887640230
2.00714285714	3.4899902610
2.01071428571	3.4912169649
2.01428571429	3.4924441340
2.01785714286	3.4936717675
2.02142857143	3.4948998645
2.025	3.4961284243
2.02857142857	3.4973574459
2.03214285714	3.4985869286
2.03571428571	3.4998168716
2.03928571429	3.5010472740
2.04285714286	3.5022781351
2.04642857143	3.5035094540
2.05	3.5047412299
2.05357142857	3.5059734621
2.05714285714	3.5072061497
2.06071428571	3.5084392919
2.06428571429	3.5096728880
2.06785714286	3.5109069372
2.07142857143	3.5121414386
2.075	3.5133763915
2.07857142857	3.5146117951
2.08214285714	3.5158476486
2.08571428571	3.5170839512
2.08928571429	3.5183207023
2.09285714286	3.5195579009
2.09642857143	3.5207955464
2.1	3.5220336379
2.10357142857	3.5232721747
2.10714285714	3.5245111561
2.11071428571	3.5257505812
2.11428571429	3.5269904494
2.11785714286	3.5282307598
2.12142857143	3.5294715117
2.125	3.5307127045
2.12857142857	3.5319543372
2.13214285714	3.5331964092
2.13571428571	3.5344389198
2.13928571429	3.5356818682
2.14285714286	3.5369252537
2.14642857143	3.5381690755
2.15	3.5394133329
2.15357142857	3.5406580252
2.15714285714	3.5419031517
2.16071428571	3.5431487116
2.16428571429	3.5443947043
2.16785714286	3.5456411289
2.17142857143	3.5468879849
2.175	3.5481352714
2.17857142857	3.5493829878
2.18214285714	3.5506311334
2.18571428571	3.5518797075
2.18928571429	3.5531287094
2.19285714286	3.5543781383
2.19642857143	3.5556279936
2.2	3.5568782746
2.20357142857	3.5581289807
2.20714285714	3.5593801110
2.21071428571	3.5606316650
2.21428571429	3.5618836420
2.21785714286	3.5631360413
2.22142857143	3.5643888621
2.225	3.5656421039
2.22857142857	3.5668957660
2.23214285714	3.5681498477
2.23571428571	3.5694043483
2.23928571429	3.5706592672
2.24285714286	3.5719146038
2.24642857143	3.5731703573
2.25	3.5744265272
2.25357142857	3.5756831127
2.25714285714	3.5769401132
2.26071428571	3.5781975282
2.26428571429	3.5794553568
2.26785714286	3.5807135986
2.27142857143	3.5819722529
2.275	3.5832313190
2.27857142857	3.5844907963
2.28214285714	3.5857506842
2.28571428571	3.5870109820
2.28928571429	3.5882716892
2.29285714286	3.5895328052
2.29642857143	3.5907943292
2.3	3.5920562607
2.30357142857	3.5933185992
2.30714285714	3.5945813439
2.31071428571	3.5958444943
2.31428571429	3.5971080497
2.31785714286	3.5983720097
2.32142857143	3.5996363735
2.325	3.6009011407
2.32857142857	3.6021663105
2.33214285714	3.6034318825
2.33571428571	3.6046978560
2.33928571429	3.6059642305
2.34285714286	3.6072310054
2.34642857143	3.6084981800
2.35	3.6097657539
2.35357142857	3.6110337265
2.35714285714	3.6123020972
2.36071428571	3.6135708654
2.36428571429	3.6148400306
2.36785714286	3.6161095923
2.37142857143	3.6173795498
2.375	3.6186499026
2.37857142857	3.6199206502
2.38214285714	3.6211917921
2.38571428571	3.6224633276
2.38928571429	3.6237352563
2.39285714286	3.6250075776
2.39642857143	3.6262802910
2.4	3.6275533959
2.40357142857	3.6288268919
2.40714285714	3.6301007783
2.41071428571	3.6313750548
2.41428571429	3.6326497207
2.41785714286	3.6339247756
2.42142857143	3.6352002189
2.425	3.6364760501
2.42857142857	3.6377522688
2.43214285714	3.6390288744
2.43571428571	3.6403058664
2.43928571429	3.6415832444
2.44285714286	3.6428610078
2.44642857143	3.6441391561
2.45	3.6454176889
2.45357142857	3.6466966057
2.45714285714	3.6479759059
2.46071428571	3.6492555892
2.46428571429	3.6505356550
2.46785714286	3.6518161029
2.47142857143	3.6530969324
2.475	3.6543781431
2.47857142857	3.6556597344
2.48214285714	3.6569417059
2.48571428571	3.6582240572
2.48928571429	3.6595067879
2.49285714286	3.6607898973
2.49642857143	3.6620733852
2.5	3.6633572511
2.50357142857	3.6646414945
2.50714285714	3.6659261150
2.51071428571	3.6672111121
2.51428571429	3.6684964855
2.51785714286	3.6697822347
2.52142857143	3.6710683593
2.525	3.6723548588
2.52857142857	3.6736417329
2.53214285714	3.6749289811
2.53571428571	3.6762166031
2.53928571429	3.6775045983
2.54285714286	3.6787929665
2.54642857143	3.6800817071
2.55	3.6813708199
2.55357142857	3.6826603044
2.55714285714	3.6839501602
2.56071428571	3.6852403869
2.56428571429	3.6865309842
2.56785714286	3.6878219517
2.57142857143	3.6891132890
2.575	3.6904049957
2.57857142857	3.6916970714
2.58214285714	3.6929895158
2.58571428571	3.6942823286
2.58928571429	3.6955755092
2.59285714286	3.6968690575
2.59642857143	3.6981629730
2.6	3.6994572555
2.60357142857	3.7007519044
2.60714285714	3.7020469196
2.61071428571	3.7033423006
2.61428571429	3.7046380472
2.61785714286	3.7059341589
2.62142857143	3.7072306355
2.625	3.7085274767
2.62857142857	3.7098246820
2.63214285714	3.7111222512
2.63571428571	3.7124201840
2.63928571429	3.7137184801
2.64285714286	3.7150171391
2.64642857143	3.7163161608
2.65	3.7176155448
2.65357142857	3.7189152909
2.65714285714	3.7202153987
2.66071428571	3.7215158680
2.66428571429	3.7228166984
2.66785714286	3.7241178897
2.67142857143	3.7254194416
2.675	3.7267213539
2.67857142857	3.7280236262
2.68214285714	3.7293262583
2.68571428571	3.7306292499
2.68928571429	3.7319326008
2.69285714286	3.7332363107
2.69642857143	3.7345403793
2.7	3.7358448064
2.70357142857	3.7371495917
2.70714285714	3.7384547351
2.71071428571	3.7397602362
2.71428571429	3.7410660948
2.71785714286	3.7423723107
2.72142857143	3.7436788837
2.725	3.7449858135
2.72857142857	3.7462930999
2.73214285714	3.7476007427
2.73571428571	3.7489087417
2.73928571429	3.7502170966
2.74285714286	3.7515258073
2.74642857143	3.7528348736
2.75	3.7541442952
2.75357142857	3.7554540720
2.75714285714	3.7567642038
2.76071428571	3.7580746904
2.76428571429	3.7593855315
2.76785714286	3.7606967271
2.77142857143	3.7620082770
2.775	3.7633201809
2.77857142857	3.7646324387
2.78214285714	3.7659450503
2.78571428571	3.7672580155
2.78928571429	3.7685713341
2.79285714286	3.7698850059
2.79642857143	3.7711990309
2.8	3.7725134089
2.80357142857	3.7738281398
2.80714285714	3.7751432234
2.81071428571	3.7764586595
2.81428571429	3.7777744481
2.81785714286	3.7790905890
2.82142857143	3.7804070822
2.825	3.7817239274
2.82857142857	3.7830411247
2.83214285714	3.7843586738
2.83571428571	3.7856765747
2.83928571429	3.7869948273
2.84285714286	3.7883134315
2.84642857143	3.7896323872
2.85	3.7909516942
2.85357142857	3.7922713527
2.85714285714	3.7935913624
2.86071428571	3.7949117232
2.86428571429	3.7962324352
2.86785714286	3.7975534983
2.87142857143	3.7988749123
2.875	3.8001966773
2.87857142857	3.8015187931
2.88214285714	3.8028412598
2.88571428571	3.8041640773
2.88928571429	3.8054872456
2.89285714286	3.8068107646
2.89642857143	3.8081346343
2.9	3.8094588547
2.90357142857	3.8107834257
2.90714285714	3.8121083474
2.91071428571	3.8134336198
2.91428571429	3.8147592427
2.91785714286	3.8160852163
2.92142857143	3.8174115406
2.925	3.8187382154
2.92857142857	3.8200652410
2.93214285714	3.8213926172
2.93571428571	3.8227203441
2.93928571429	3.8240484217
2.94285714286	3.8253768501
2.94642857143	3.8267056292
2.95	3.8280347592
2.95357142857	3.8293642401
2.95714285714	3.8306940720
2.96071428571	3.8320242548
2.96428571429	3.8333547886
2.96785714286	3.8346856736
2.97142857143	3.8360169098
2.975	3.8373484972
2.97857142857	3.8386804360
2.98214285714	3.8400127262
2.98571428571	3.8413453680
2.98928571429	3.8426783613
2.99285714286	3.8440117064
2.99642857143	3.8453454033
3.0	3.8466794521
3.00357142857	3.8480138530
3.00714285714	3.8493486061
3.01071428571	3.8506837115
3.01428571429	3.8520191693
3.01785714286	3.8533549797
3.02142857143	3.8546911428
3.025	3.8560276587
3.02857142857	3.8573645277
3.03214285714	3.8587017499
3.03571428571	3.8600393254
3.03928571429	3.8613772544
3.04285714286	3.8627155371
3.04642857143	3.8640541736
3.05	3.8653931642
3.05357142857	3.8667325091
3.05714285714	3.8680722084
3.06071428571	3.8694122623
3.06428571429	3.8707526711
3.06785714286	3.8720934350
3.07142857143	3.8734345541
3.075	3.8747760288
3.07857142857	3.8761178592
3.08214285714	3.8774600456
3.08571428571	3.8788025882
3.08928571429	3.8801454873
3.09285714286	3.8814887431
3.09642857143	3.8828323559
3.1	3.8841763260
3.10357142857	3.8855206535
3.10714285714	3.8868653389
3.11071428571	3.8882103824
3.11428571429	3.8895557843
3.11785714286	3.8909015448
3.12142857143	3.8922476643
3.125	3.8935941431
3.12857142857	3.8949409816
3.13214285714	3.8962881799
3.13571428571	3.8976357385
3.13928571429	3.8989836577
3.14285714286	3.9003319378
3.14642857143	3.9016805792
3.15	3.9030295823
3.15357142857	3.9043789473
3.15714285714	3.9057286747
3.16071428571	3.9070787648
3.16428571429	3.9084292180
3.16785714286	3.9097800347
3.17142857143	3.9111312153
3.175	3.9124827602
3.17857142857	3.9138346699
3.18214285714	3.9151869446
3.18571428571	3.9165395848
3.18928571429	3.9178925910
3.19285714286	3.9192459636
3.19642857143	3.9205997031
3.2	3.9219538098
3.20357142857	3.9233082843
3.20714285714	3.9246631269
3.21071428571	3.9260183383
3.21428571429	3.9273739187
3.21785714286	3.9287298689
3.22142857143	3.9300861891
3.225	3.9314428800
3.22857142857	3.9327999420
3.23214285714	3.9341573756
3.23571428571	3.9355151814
3.23928571429	3.9368733599
3.24285714286	3.9382319117
3.24642857143	3.9395908372
3.25	3.9409501370
3.25357142857	3.9423098118
3.25714285714	3.9436698619
3.26071428571	3.9450302882
3.26428571429	3.9463910910
3.26785714286	3.9477522710
3.27142857143	3.9491138289
3.275	3.9504757651
3.27857142857	3.9518380804
3.28214285714	3.9532007754
3.28571428571	3.9545638506
3.28928571429	3.9559273068
3.29285714286	3.9572911445
3.29642857143	3.9586553645
3.3	3.9600199674
3.30357142857	3.9613849539
3.30714285714	3.9627503246
3.31071428571	3.9641160803
3.31428571429	3.9654822216
3.31785714286	3.9668487493
3.32142857143	3.9682156641
3.325	3.9695829667
3.32857142857	3.9709506578
3.33214285714	3.9723187383
3.33571428571	3.9736872087
3.33928571429	3.9750560700
3.34285714286	3.9764253229
3.34642857143	3.9777949682
3.35	3.9791650067
3.35357142857	3.9805354391
3.35714285714	3.9819062663
3.36071428571	3.9832774890
3.36428571429	3.9846491083
3.36785714286	3.9860211248
3.37142857143	3.9873935394
3.375	3.9887663530
3.37857142857	3.9901395665
3.38214285714	3.9915131808
3.38571428571	3.9928871967
3.38928571429	3.9942616151
3.39285714286	3.9956364369
3.39642857143	3.9970116632
3.4	3.9983872947
3.40357142857	3.9997633326
3.40714285714	4.0011397776
3.41071428571	4.0025166308
3.41428571429	4.0038938932
3.41785714286	4.0052715657
3.42142857143	4.0066496494
3.425	4.0080281452
3.42857142857	4.0094070542
3.43214285714	4.0107863774
3.43571428571	4.0121661159
3.43928571429	4.0135462707
3.44285714286	4.0149268429
3.44642857143	4.0163078335
3.45	4.0176892438
3.45357142857	4.0190710747
3.45714285714	4.0204533273
3.46071428571	4.0218360029
3.46428571429	4.0232191026
3.46785714286	4.0246026275
3.47142857143	4.0259865787
3.475	4.0273709576
3.47857142857	4.0287557651
3.48214285714	4.0301410027
3.48571428571	4.0315266714
3.48928571429	4.0329127725
3.49285714286	4.0342993073
3.49642857143	4.0356862770
3.5	4.0370736829
3.50357142857	4.0384615263
3.50714285714	4.0398498084
3.51071428571	4.0412385307
3.51428571429	4.0426276944
3.51785714286	4.0440173008
3.52142857143	4.0454073514
3.525	4.0467978475
3.52857142857	4.0481887904
3.53214285714	4.0495801817
3.53571428571	4.0509720226
3.53928571429	4.0523643147
3.54285714286	4.0537570594
3.54642857143	4.0551502581
3.55	4.0565439124
3.55357142857	4.0579380236
3.55714285714	4.0593325934
3.56071428571	4.0607276233
3.56428571429	4.0621231147
3.56785714286	4.0635190693
3.57142857143	4.0649154886
3.575	4.0663123743
3.57857142857	4.0677097279
3.58214285714	4.0691075511
3.58571428571	4.0705058454
3.58928571429	4.0719046127
3.59285714286	4.0733038544
3.59642857143	4.0747035725
3.6	4.0761037685
3.60357142857	4.0775044441
3.60714285714	4.0789056012
3.61071428571	4.0803072416
3.61428571429	4.0817093669
3.61785714286	4.0831119790
3.62142857143	4.0845150798
3.625	4.0859186711
3.62857142857	4.0873227547
3.63214285714	4.0887273326
3.63571428571	4.0901324066
3.63928571429	4.0915379786
3.64285714286	4.0929440507
3.64642857143	4.0943506248
3.65	4.0957577029
3.65357142857	4.0971652869
3.65714285714	4.0985733790
3.66071428571	4.0999819812
3.66428571429	4.1013910955
3.66785714286	4.1028007240
3.67142857143	4.1042108690
3.675	4.1056215324
3.67857142857	4.1070327165
3.68214285714	4.1084444236
3.68571428571	4.1098566557
3.68928571429	4.1112694151
3.69285714286	4.1126827041
3.69642857143	4.1140965250
3.7	4.1155108801
3.70357142857	4.1169257717
3.70714285714	4.1183412023
3.71071428571	4.1197571741
3.71428571429	4.1211736896
3.71785714286	4.1225907512
3.72142857143	4.1240083614
3.725	4.1254265228
3.72857142857	4.1268452378
3.73214285714	4.1282645089
3.73571428571	4.1296843388
3.73928571429	4.1311047301
3.74285714286	4.1325256853
3.74642857143	4.1339472072
3.75	4.1353692985
3.75357142857	4.1367919619
3.75714285714	4.1382152001
3.76071428571	4.1396390159
3.76428571429	4.1410634122
3.76785714286	4.1424883918
3.77142857143	4.1439139575
3.775	4.1453401123
3.77857142857	4.1467668592
3.78214285714	4.1481942011
3.78571428571	4.1496221410
3.78928571429	4.1510506820
3.79285714286	4.1524798272
3.79642857143	4.1539095797
3.8	4.1553399426
3.80357142857	4.1567709192
3.80714285714	4.1582025126
3.81071428571	4.1596347261
3.81428571429	4.1610675631
3.81785714286	4.1625010269
3.82142857143	4.1639351208
3.825	4.1653698483
3.82857142857	4.1668052129
3.83214285714	4.1682412180
3.83571428571	4.1696778672
3.83928571429	4.1711151641
3.84285714286	4.1725531123
3.84642857143	4.1739917155
3.85	4.1754309774
3.85357142857	4.1768709017
3.85714285714	4.1783114923
3.86071428571	4.1797527531
3.86428571429	4.1811946878
3.86785714286	4.1826373006
3.87142857143	4.1840805953
3.875	4.1855245760
3.87857142857	4.1869692468
3.88214285714	4.1884146119
3.88571428571	4.1898606754
3.88928571429	4.1913074417
3.89285714286	4.1927549149
3.89642857143	4.1942030995
3.9	4.1956519999
3.90357142857	4.1971016205
3.90714285714	4.1985519659
3.91071428571	4.2000030406
3.91428571429	4.2014548493
3.91785714286	4.2029073967
3.92142857143	4.2043606876
3.925	4.2058147268
3.92857142857	4.2072695191
3.93214285714	4.2087250695
3.93571428571	4.2101813831
3.93928571429	4.2116384649
3.94285714286	4.2130963200
3.94642857143	4.2145549537
3.95	4.2160143714
3.95357142857	4.2174745782
3.95714285714	4.2189355797
3.96071428571	4.2203973814
3.96428571429	4.2218599889
3.96785714286	4.2233234077
3.97142857143	4.2247876437
3.975	4.2262527027
3.97857142857	4.2277185906
3.98214285714	4.2291853133
3.98571428571	4.2306528769
3.98928571429	4.2321212875
3.99285714286	4.2335905515
3.99642857143	4.2350606751
4.0	4.2365316647
4.00357142857	4.2380035269
4.00714285714	4.2394762683
4.01071428571	4.2409498955
4.01428571429	4.2424244154
4.01785714286	4.2438998349
4.02142857143	4.2453761609
4.025	4.2468534007
4.02857142857	4.2483315613
4.03214285714	4.2498106502
4.03571428571	4.2512906747
4.03928571429	4.2527716425
4.04285714286	4.2542535612
4.04642857143	4.2557364386
4.05	4.2572202825
4.05357142857	4.2587051011
4.05714285714	4.2601909025
4.06071428571	4.2616776950
4.06428571429	4.2631654869
4.06785714286	4.2646542870
4.07142857143	4.2661441039
4.075	4.2676349464
4.07857142857	4.2691268235
4.08214285714	4.2706197444
4.08571428571	4.2721137183
4.08928571429	4.2736087547
4.09285714286	4.2751048633
4.09642857143	4.2766020538
4.1	4.2781003361
4.10357142857	4.2795997204
4.10714285714	4.2811002169
4.11071428571	4.2826018362
4.11428571429	4.2841045889
4.11785714286	4.2856084858
4.12142857143	4.2871135380
4.125	4.2886197568
4.12857142857	4.2901271537
4.13214285714	4.2916357402
4.13571428571	4.2931455283
4.13928571429	4.2946565301
4.14285714286	4.2961687579
4.14642857143	4.2976822244
4.15	4.2991969423
4.15357142857	4.3007129248
4.15714285714	4.3022301851
4.16071428571	4.3037487369
4.16428571429	4.3052685940
4.16785714286	4.3067897706
4.17142857143	4.3083122811
4.175	4.3098361403
4.17857142857	4.3113613632
4.18214285714	4.3128879652
4.18571428571	4.3144159619
4.18928571429	4.3159453695
4.19285714286	4.3174762042
4.19642857143	4.3190084828
4.2	4.3205422224
4.20357142857	4.3220774405
4.20714285714	4.3236141551
4.21071428571	4.3251523843
4.21428571429	4.3266921469
4.21785714286	4.3282334620
4.22142857143	4.3297763494
4.225	4.3313208290
4.22857142857	4.3328669214
4.23214285714	4.3344146477
4.23571428571	4.3359640295
4.23928571429	4.3375150889
4.24285714286	4.3390678487
4.24642857143	4.3406223321
4.25	4.3421785630
4.25357142857	4.3437365659
4.25714285714	4.3452963662
4.26071428571	4.3468579895
4.26428571429	4.3484214625
4.26785714286	4.3499868126
4.27142857143	4.3515540678
4.275	4.3531232571
4.27857142857	4.3546944102
4.28214285714	4.3562675578
4.28571428571	4.3578427313
4.28928571429	4.3594199635
4.29285714286	4.3609992877
4.29642857143	4.3625807386
4.3	4.3641643520
4.30357142857	4.3657501646
4.30714285714	4.3673382145
4.31071428571	4.3689285412
4.31428571429	4.3705211854
4.31785714286	4.3721161893
4.32142857143	4.3737135964
4.325	4.3753134521
4.32857142857	4.3769158033
4.33214285714	4.3785206986
4.33571428571	4.3801281887
4.33928571429	4.3817383260
4.34285714286	4.3833511653
4.34642857143	4.3849667635
4.35	4.3865851798
4.35357142857	4.3882064761
4.35714285714	4.3898307170
4.36071428571	4.3914579699
4.36428571429	4.3930883053
4.36785714286	4.3947217972
4.37142857143	4.3963585230
4.375	4.3979985641
4.37857142857	4.3996420059
4.38214285714	4.4012889385
4.38571428571	4.4029394566
4.38928571429	4.4045936604
4.39285714286	4.4062516559
4.39642857143	4.4079135551
4.4	4.4095794773
4.40357142857	4.4112495490
4.40714285714	4.4129239052
4.41071428571	4.4146026902
4.41428571429	4.4162860583
4.41785714286	4.4179741755
4.42142857143	4.4196672203
4.425	4.4213653858
4.42857142857	4.4230688813
4.43214285714	4.4247779345
4.43571428571	4.4264927946
4.43928571429	4.4282137350
4.44285714286	4.4299410576
4.44642857143	4.4316750977
4.45	4.4334162302
4.45357142857	4.4351648772
4.45714285714	4.4369215185
4.46071428571	4.4386867045
4.46428571429	4.4404610746
4.46785714286	4.4422453818
4.47142857143	4.4440405283
4.475	4.4458476185
4.47857142857	4.4476680410
4.48214285714	4.4495036051
4.48571428571	4.4513567874
4.48928571429	4.4532312333
4.49285714286	4.4551329861
4.49642857143	4.4570747657
4.5	4.4591799245
4.50357142857	4.4614439821
4.50714285714	4.4637435670
4.51071428571	4.4660678523
4.51428571429	4.4684104853
4.51785714286	4.4707680845
4.52142857143	4.4731380644
4.525	4.4755186571
4.52857142857	4.4779084138
4.53214285714	4.4803062182
4.53571428571	4.4827111238
4.53928571429	4.4851223514
4.54285714286	4.4875392246
4.54642857143	4.4899611636
4.55	4.4923876562
4.55357142857	4.4948182515
4.55714285714	4.4972525457
4.56071428571	4.4996901766
4.56428571429	4.5021308159
4.56785714286	4.5045741657
4.57142857143	4.5070199531
4.575	4.5094679279
4.57857142857	4.5119178591
4.58214285714	4.5143695334
4.58571428571	4.5168227525
4.58928571429	4.5192773322
4.59285714286	4.5217331001
4.59642857143	4.5241898954
4.6	4.5266475669
4.60357142857	4.5291059727
4.60714285714	4.5315649793
4.61071428571	4.5340244604
4.61428571429	4.5364842972
4.61785714286	4.5389443768
4.62142857143	4.5414045924
4.625	4.5438648429
4.62857142857	4.5463250317
4.63214285714	4.5487850675
4.63571428571	4.5512448629
4.63928571429	4.5537043349
4.64285714286	4.5561634040
4.64642857143	4.5586219945
4.65	4.5610800340
4.65357142857	4.5635374531
4.65714285714	4.5659941855
4.66071428571	4.5684501677
4.66428571429	4.5709053385
4.66785714286	4.5733596396
4.67142857143	4.5758130147
4.675	4.5782654100
4.67857142857	4.5807167735
4.68214285714	4.5831670554
4.68571428571	4.5856162077
4.68928571429	4.5880641841
4.69285714286	4.5905109403
4.69642857143	4.5929564332
4.7	4.5954006217
4.70357142857	4.5978434658
4.70714285714	4.6002849271
4.71071428571	4.6027249686
4.71428571429	4.6051635544
4.71785714286	4.6076006499
4.72142857143	4.6100362218
4.725	4.6124702377
4.72857142857	4.6149026666
4.73214285714	4.6173334783
4.73571428571	4.6197626436
4.73928571429	4.6221901343
4.74285714286	4.6246159233
4.74642857143	4.6270399840
4.75	4.6294622910
4.75357142857	4.6318828196
4.75714285714	4.6343015459
4.76071428571	4.6367184466
4.76428571429	4.6391334995
4.76785714286	4.6415466827
4.77142857143	4.6439579752
4.775	4.6463673567
4.77857142857	4.6487748075
4.78214285714	4.6511803083
4.78571428571	4.6535838408
4.78928571429	4.6559853869
4.79285714286	4.6583849292
4.79642857143	4.6607824509
4.8	4.6631779356
4.80357142857	4.6655713675
4.80714285714	4.6679627313
4.81071428571	4.6703520121
4.81428571429	4.6727391954
4.81785714286	4.6751242673
4.82142857143	4.6775072142
4.825	4.6798880230
4.82857142857	4.6822666811
4.83214285714	4.6846431760
4.83571428571	4.6870174958
4.83928571429	4.6893896289
4.84285714286	4.6917595642
4.84642857143	4.6941272907
4.85	4.6964927980
4.85357142857	4.6988560758
4.85714285714	4.7012171142
4.86071428571	4.7035759037
4.86428571429	4.7059324350
4.86785714286	4.7082866991
4.87142857143	4.7106386875
4.875	4.7129883916
4.87857142857	4.7153358033
4.88214285714	4.7176809149
4.88571428571	4.7200237185
4.88928571429	4.7223642070
4.89285714286	4.7247023732
4.89642857143	4.7270382103
4.9	4.7293717115
4.90357142857	4.7317028705
4.90714285714	4.7340316810
4.91071428571	4.7363581372
4.91428571429	4.7386822332
4.91785714286	4.7410039634
4.92142857143	4.7433233226
4.925	4.7456403054
4.92857142857	4.7479549070
4.93214285714	4.7502671226
4.93571428571	4.7525769474
4.93928571429	4.7548843772
4.94285714286	4.7571894075
4.94642857143	4.7594920344
4.95	4.7617922538
4.95357142857	4.7640900620
4.95714285714	4.7663854554
4.96071428571	4.7686784304
4.96428571429	4.7709689839
4.96785714286	4.7732571125
4.97142857143	4.7755428134
4.975	4.7778260835
4.97857142857	4.7801069201
4.98214285714	4.7823853206
4.98571428571	4.7846612825
4.98928571429	4.7869348034
4.99285714286	4.7892058810
4.99642857143	4.7914745134
5.0	4.7937406983
5.00357142857	4.7960044341
5.00714285714	4.7982657188
5.01071428571	4.8005245508
5.01428571429	4.8027809285
5.01785714286	4.8050348505
5.02142857143	4.8072863155
5.025	4.8095353222
5.02857142857	4.8117818694
5.03214285714	4.8140259561
5.03571428571	4.8162675813
5.03928571429	4.8185067441
5.04285714286	4.8207434439
5.04642857143	4.8229776798
5.05	4.8252094514
5.05357142857	4.8274387580
5.05714285714	4.8296655992
5.06071428571	4.8318899748
5.06428571429	4.8341118844
5.06785714286	4.8363313278
5.07142857143	4.8385483049
5.075	4.8407628157
5.07857142857	4.8429748602
5.08214285714	4.8451844385
5.08571428571	4.8473915507
5.08928571429	4.8495961972
5.09285714286	4.8517983782
5.09642857143	4.8539980941
5.1	4.8561953453
5.10357142857	4.8583901323
5.10714285714	4.8605824557
5.11071428571	4.8627723162
5.11428571429	4.8649597143
5.11785714286	4.8671446509
5.12142857143	4.8693271266
5.125	4.8715071425
5.12857142857	4.8736846994
5.13214285714	4.8758597982
5.13571428571	4.8780324399
5.13928571429	4.8802026257
5.14285714286	4.8823703566
5.14642857143	4.8845356338
5.15	4.8866984584
5.15357142857	4.8888588319
5.15714285714	4.8910167554
5.16071428571	4.8931722303
5.16428571429	4.8953252580
5.16785714286	4.8974758399
5.17142857143	4.8996239775
5.175	4.9017696723
5.17857142857	4.9039129259
5.18214285714	4.9060537399
5.18571428571	4.9081921159
5.18928571429	4.9103280556
5.19285714286	4.9124615607
5.19642857143	4.9145926330
5.2	4.9167212741
5.20357142857	4.9188474861
5.20714285714	4.9209712706
5.21071428571	4.9230926296
5.21428571429	4.9252115651
5.21785714286	4.9273280789
5.22142857143	4.9294421730
5.225	4.9315538495
5.22857142857	4.9336631105
5.23214285714	4.9357699579
5.23571428571	4.9378743939
5.23928571429	4.9399764206
5.24285714286	4.9420760402
5.24642857143	4.9441732549
5.25	4.9462680668
5.25357142857	4.9483604782
5.25714285714	4.9504504915
5.26071428571	4.9525381088
5.26428571429	4.9546233325
5.26785714286	4.9567061649
5.27142857143	4.9587866084
5.275	4.9608646654
5.27857142857	4.9629403382
5.28214285714	4.9650136293
5.28571428571	4.9670845412
5.28928571429	4.9691530763
5.29285714286	4.9712192372
5.29642857143	4.9732830262
5.3	4.9753444460
5.30357142857	4.9774034991
5.30714285714	4.9794601881
5.31071428571	4.9815145155
5.31428571429	4.9835664840
5.31785714286	4.9856160962
5.32142857143	4.9876633547
5.325	4.9897082621
5.32857142857	4.9917508213
5.33214285714	4.9937910347
5.33571428571	4.9958289052
5.33928571429	4.9978644355
5.34285714286	4.9998976282
5.34642857143	5.0019284862
5.35	5.0039570122
5.35357142857	5.0059832090
5.35714285714	5.0080070793
5.36071428571	5.0100286260
5.36428571429	5.0120478519
5.36785714286	5.0140647597
5.37142857143	5.0160793525
5.375	5.0180916329
5.37857142857	5.0201016039
5.38214285714	5.0221092684
5.38571428571	5.0241146292
5.38928571429	5.0261176891
5.39285714286	5.0281184513
5.39642857143	5.0301169184
5.4	5.0321130936
5.40357142857	5.0341069796
5.40714285714	5.0360985795
5.41071428571	5.0380878963
5.41428571429	5.0400749328
5.41785714286	5.0420596920
5.42142857143	5.0440421770
5.425	5.0460223907
5.42857142857	5.0480003361
5.43214285714	5.0499760162
5.43571428571	5.0519494341
5.43928571429	5.0539205927
5.44285714286	5.0558894951
5.44642857143	5.0578561443
5.45	5.0598205434
5.45357142857	5.0617826954
5.45714285714	5.0637426033
5.46071428571	5.0657002702
5.46428571429	5.0676556993
5.46785714286	5.0696088934
5.47142857143	5.0715598559
5.475	5.0735085896
5.47857142857	5.0754550977
5.48214285714	5.0773993833
5.48571428571	5.0793414494
5.48928571429	5.0812812993
5.49285714286	5.0832189360
5.49642857143	5.0851543625
5.5	5.0870875484
5.50357142857	5.0890177566
5.50714285714	5.0909450125
5.51071428571	5.0928693217
5.51428571429	5.0947906967
5.51785714286	5.0967091451
5.52142857143	5.0986246770
5.525	5.1005373007
5.52857142857	5.1024470253
5.53214285714	5.1043538593
5.53571428571	5.1062578112
5.53928571429	5.1081588895
5.54285714286	5.1100571026
5.54642857143	5.1119524589
5.55	5.1138449667
5.55357142857	5.1157346341
5.55714285714	5.1176214694
5.56071428571	5.1195054806
5.56428571429	5.1213866759
5.56785714286	5.1232650633
5.57142857143	5.1251406507
5.575	5.1270134461
5.57857142857	5.1288834574
5.58214285714	5.1307506924
5.58571428571	5.1326151591
5.58928571429	5.1344768651
5.59285714286	5.1363358182
5.59642857143	5.1381920261
5.6	5.1400454964
5.60357142857	5.1418962369
5.60714285714	5.1437442551
5.61071428571	5.1455895584
5.61428571429	5.1474321546
5.61785714286	5.1492720510
5.62142857143	5.1511092551
5.625	5.1529437743
5.62857142857	5.1547756161
5.63214285714	5.1566047877
5.63571428571	5.1584312964
5.63928571429	5.1602551496
5.64285714286	5.1620763546
5.64642857143	5.1638949184
5.65	5.1657108484
5.65357142857	5.1675241516
5.65714285714	5.1693348352
5.66071428571	5.1711429063
5.66428571429	5.1729483720
5.66785714286	5.1747512392
5.67142857143	5.1765515150
5.675	5.1783492064
5.67857142857	5.1801443203
5.68214285714	5.1819368636
5.68571428571	5.1837268431
5.68928571429	5.1855142658
5.69285714286	5.1872991385
5.69642857143	5.1890814679
5.7	5.1908612608
5.70357142857	5.1926385241
5.70714285714	5.1944132642
5.71071428571	5.1961854881
5.71428571429	5.1979552022
5.71785714286	5.1997224133
5.72142857143	5.2014871279
5.725	5.2032493526
5.72857142857	5.2050090939
5.73214285714	5.2067663584
5.73571428571	5.2085211526
5.73928571429	5.2102734828
5.74285714286	5.2120233557
5.74642857143	5.2137707774
5.75	5.2155157546
5.75357142857	5.2172582934
5.75714285714	5.2189984003
5.76071428571	5.2207360815
5.76428571429	5.2224713433
5.76785714286	5.2242041921
5.77142857143	5.2259346339
5.775	5.2276626750
5.77857142857	5.2293883217
5.78214285714	5.2311115800
5.78571428571	5.2328324561
5.78928571429	5.2345509561
5.79285714286	5.2362670860
5.79642857143	5.2379808520
5.8	5.2396922601
5.80357142857	5.2414013163
5.80714285714	5.2431080265
5.81071428571	5.2448123967
5.81428571429	5.2465144330
5.81785714286	5.2482141411
5.82142857143	5.2499115270
5.825	5.2516065965
5.82857142857	5.2532993556
5.83214285714	5.2549898100
5.83571428571	5.2566779655
5.83928571429	5.2583638279
5.84285714286	5.2600474030
5.84642857143	5.2617286965
5.85	5.2634077141
5.85357142857	5.2650844615
5.85714285714	5.2667589443
5.86071428571	5.2684311683
5.86428571429	5.2701011391
5.86785714286	5.2717688622
5.87142857143	5.2734343432
5.875	5.2750975877
5.87857142857	5.2767586012
5.88214285714	5.2784173893
5.88571428571	5.2800739574
5.88928571429	5.2817283111
5.89285714286	5.2833804558
5.89642857143	5.2850303968
5.9	5.2866781397
5.90357142857	5.2883236898
5.90714285714	5.2899670525
5.91071428571	5.2916082332
5.91428571429	5.2932472372
5.91785714286	5.2948840697
5.92142857143	5.2965187362
5.925	5.2981512418
5.92857142857	5.2997815919
5.93214285714	5.3014097916
5.93571428571	5.3030358462
5.93928571429	5.3046597608
5.94285714286	5.3062815407
5.94642857143	5.3079011910
5.95	5.3095187169
5.95357142857	5.3111341234
5.95714285714	5.3127474157
5.96071428571	5.3143585988
5.96428571429	5.3159676779
5.96785714286	5.3175746579
5.97142857143	5.3191795439
5.975	5.3207823408
5.97857142857	5.3223830538
5.98214285714	5.3239816877
5.98571428571	5.3255782475
5.98928571429	5.3271727382
5.99285714286	5.3287651646
5.99642857143	5.3303555316
6.0	5.3319438442
6.00357142857	5.3335301072
6.00714285714	5.3351143255
6.01071428571	5.3366965038
6.01428571429	5.3382766470
6.01785714286	5.3398547599
6.02142857143	5.3414308473
6.025	5.3430049139
6.02857142857	5.3445769644
6.03214285714	5.3461470037
6.03571428571	5.3477150363
6.03928571429	5.3492810671
6.04285714286	5.3508451006
6.04642857143	5.3524071415
6.05	5.3539671945
6.05357142857	5.3555252642
6.05714285714	5.3570813553
6.06071428571	5.3586354722
6.06428571429	5.3601876196
6.06785714286	5.3617378020
6.07142857143	5.3632860240
6.075	5.3648322901
6.07857142857	5.3663766049
6.08214285714	5.3679189728
6.08571428571	5.3694593983
6.08928571429	5.3709978858
6.09285714286	5.3725344399
6.09642857143	5.3740690649
6.1	5.3756017653
6.10357142857	5.3771325455
6.10714285714	5.3786614099
6.11071428571	5.3801883628
6.11428571429	5.3817134086
6.11785714286	5.3832365516
6.12142857143	5.3847577962
6.125	5.3862771467
6.12857142857	5.3877946074
6.13214285714	5.3893101825
6.13571428571	5.3908238764
6.13928571429	5.3923356933
6.14285714286	5.3938456374
6.14642857143	5.3953537130
6.15	5.3968599242
6.15357142857	5.3983642753
6.15714285714	5.3998667704
6.16071428571	5.4013674138
6.16428571429	5.4028662095
6.16785714286	5.4043631617
6.17142857143	5.4058582745
6.175	5.4073515521
6.17857142857	5.4088429985
6.18214285714	5.4103326179
6.18571428571	5.4118204142
6.18928571429	5.4133063916
6.19285714286	5.4147905541
6.19642857143	5.4162729057
6.2	5.4177534504
6.20357142857	5.4192321923
6.20714285714	5.4207091353
6.21071428571	5.4221842834
6.21428571429	5.4236576406
6.21785714286	5.4251292107
6.22142857143	5.4265989979
6.225	5.4280670059
6.22857142857	5.4295332386
6.23214285714	5.4309977001
6.23571428571	5.4324603941
6.23928571429	5.4339213245
6.24285714286	5.4353804952
6.24642857143	5.4368379101
6.25	5.4382935729
6.25357142857	5.4397474875
6.25714285714	5.4411996577
6.26071428571	5.4426500873
6.26428571429	5.4440987800
6.26785714286	5.4455457397
6.27142857143	5.4469909701
6.275	5.4484344749
6.27857142857	5.4498762579
6.28214285714	5.4513163228
6.28571428571	5.4527546733
6.28928571429	5.4541913131
6.29285714286	5.4556262458
6.29642857143	5.4570594753
6.3	5.4584910050
6.30357142857	5.4599208387
6.30714285714	5.4613489800
6.31071428571	5.4627754325
6.31428571429	5.4642001999
6.31785714286	5.4656232857
6.32142857143	5.4670446936
6.325	5.4684644270
6.32857142857	5.4698824896
6.33214285714	5.4712988850
6.33571428571	5.4727136166
6.33928571429	5.4741266881
6.34285714286	5.4755381028
6.34642857143	5.4769478644
6.35	5.4783559764
6.35357142857	5.4797624422
6.35714285714	5.4811672653
6.36071428571	5.4825704491
6.36428571429	5.4839719972
6.36785714286	5.4853719129
6.37142857143	5.4867701998
6.375	5.4881668611
6.37857142857	5.4895619004
6.38214285714	5.4909553211
6.38571428571	5.4923471264
6.38928571429	5.4937373199
6.39285714286	5.4951259048
6.39642857143	5.4965128846
6.4	5.4978982625
6.40357142857	5.4992820420
6.40714285714	5.5006642263
6.41071428571	5.5020448187
6.41428571429	5.5034238226
6.41785714286	5.5048012413
6.42142857143	5.5061770780
6.425	5.5075513360
6.42857142857	5.5089240186
6.43214285714	5.5102951290
6.43571428571	5.5116646705
6.43928571429	5.5130326464
6.44285714286	5.5143990597
6.44642857143	5.5157639138
6.45	5.5171272119
6.45357142857	5.5184889571
6.45714285714	5.5198491526
6.46071428571	5.5212078016
6.46428571429	5.5225649073
6.46785714286	5.5239204729
6.47142857143	5.5252745014
6.475	5.5266269960
6.47857142857	5.5279779599
6.48214285714	5.5293273961
6.48571428571	5.5306753077
6.48928571429	5.5320216979
6.49285714286	5.5333665698
6.49642857143	5.5347099264
6.5	5.5360517707
6.50357142857	5.5373921059
6.50714285714	5.5387309351
6.51071428571	5.5400682611
6.51428571429	5.5414040872
6.51785714286	5.5427384162
6.52142857143	5.5440712512
6.525	5.5454025953
6.52857142857	5.5467324514
6.53214285714	5.5480608224
6.53571428571	5.5493877115
6.53928571429	5.5507131215
6.54285714286	5.5520370554
6.54642857143	5.5533595161
6.55	5.5546805067
6.55357142857	5.5560000300
6.55714285714	5.5573180889
6.56071428571	5.5586346864
6.56428571429	5.5599498254
6.56785714286	5.5612635088
6.57142857143	5.5625757394
6.575	5.5638865202
6.57857142857	5.5651958540
6.58214285714	5.5665037436
6.58571428571	5.5678101921
6.58928571429	5.5691152021
6.59285714286	5.5704187765
6.59642857143	5.5717209182
6.6	5.5730216300
6.60357142857	5.5743209146
6.60714285714	5.5756187750
6.61071428571	5.5769152138
6.61428571429	5.5782102340
6.61785714286	5.5795038381
6.62142857143	5.5807960292
6.625	5.5820868098
6.62857142857	5.5833761828
6.63214285714	5.5846641509
6.63571428571	5.5859507168
6.63928571429	5.5872358833
6.64285714286	5.5885196531
6.64642857143	5.5898020289
6.65	5.5910830135
6.65357142857	5.5923626094
6.65714285714	5.5936408195
6.66071428571	5.5949176464
6.66428571429	5.5961930928
6.66785714286	5.5974671613
6.67142857143	5.5987398546
6.675	5.6000111754
6.67857142857	5.6012811263
6.68214285714	5.6025497100
6.68571428571	5.6038169290
6.68928571429	5.6050827860
6.69285714286	5.6063472837
6.69642857143	5.6076104246
6.7	5.6088722113
6.70357142857	5.6101326464
6.70714285714	5.6113917325
6.71071428571	5.6126494722
6.71428571429	5.6139058681
6.71785714286	5.6151609227
6.72142857143	5.6164146386
6.725	5.6176670183
6.72857142857	5.6189180643
6.73214285714	5.6201677793
6.73571428571	5.6214161657
6.73928571429	5.6226632260
6.74285714286	5.6239089628
6.74642857143	5.6251533786
6.75	5.6263964758
6.75357142857	5.6276382571
6.75714285714	5.6288787247
6.76071428571	5.6301178813
6.76428571429	5.6313557293
6.76785714286	5.6325922711
6.77142857143	5.6338275092
6.775	5.6350614461
6.77857142857	5.6362940842
6.78214285714	5.6375254260
6.78571428571	5.6387554738
6.78928571429	5.6399842302
6.79285714286	5.6412116974
6.79642857143	5.6424378780
6.8	5.6436627743
6.80357142857	5.6448863887
6.80714285714	5.6461087236
6.81071428571	5.6473297814
6.81428571429	5.6485495645
6.81785714286	5.6497680753
6.82142857143	5.6509853160
6.825	5.6522012891
6.82857142857	5.6534159969
6.83214285714	5.6546294417
6.83571428571	5.6558416259
6.83928571429	5.6570525519
6.84285714286	5.6582622218
6.84642857143	5.6594706382
6.85	5.6606778032
6.85357142857	5.6618837192
6.85714285714	5.6630883884
6.86071428571	5.6642918132
6.86428571429	5.6654939959
6.86785714286	5.6666949387
6.87142857143	5.6678946439
6.875	5.6690931137
6.87857142857	5.6702903505
6.88214285714	5.6714863565
6.88571428571	5.6726811339
6.88928571429	5.6738746850
6.89285714286	5.6750670120
6.89642857143	5.6762581171
6.9	5.6774480027
6.90357142857	5.6786366707
6.90714285714	5.6798241236
6.91071428571	5.6810103635
6.91428571429	5.6821953926
6.91785714286	5.6833792131
6.92142857143	5.6845618272
6.925	5.6857432370
6.92857142857	5.6869234448
6.93214285714	5.6881024527
6.93571428571	5.6892802629
6.93928571429	5.6904568775
6.94285714286	5.6916322987
6.94642857143	5.6928065287
6.95	5.6939795695
6.95357142857	5.6951514234
6.95714285714	5.6963220924
6.96071428571	5.6974915786
6.96428571429	5.6986598843
6.96785714286	5.6998270115
6.97142857143	5.7009929622
6.975	5.7021577387
6.97857142857	5.7033213430
6.98214285714	5.7044837772
6.98571428571	5.7056450434
6.98928571429	5.7068051436
6.99285714286	5.7079640800
6.99642857143	5.7091218546
7.0	5.7102784695
7.00357142857	5.7114339267
7.00714285714	5.7125882282
7.01071428571	5.7137413762
7.01428571429	5.7148933727
7.01785714286	5.7160442197
7.02142857143	5.7171939192
7.025	5.7183424733
7.02857142857	5.7194898839
7.03214285714	5.7206361532
7.03571428571	5.7217812831
7.03928571429	5.7229252755
7.04285714286	5.7240681326
7.04642857143	5.7252098563
7.05	5.7263504486
7.05357142857	5.7274899115
7.05714285714	5.7286282469
7.06071428571	5.7297654568
7.06428571429	5.7309015432
7.06785714286	5.7320365081
7.07142857143	5.7331703534
7.075	5.7343030811
7.07857142857	5.7354346931
7.08214285714	5.7365651914
7.08571428571	5.7376945778
7.08928571429	5.7388228544
7.09285714286	5.7399500230
7.09642857143	5.7410760857
7.1	5.7422010442
7.10357142857	5.7433249005
7.10714285714	5.7444476565
7.11071428571	5.7455693142
7.11428571429	5.7466898754
7.11785714286	5.7478093419
7.12142857143	5.7489277158
7.125	5.7500449989
7.12857142857	5.7511611930
7.13214285714	5.7522763001
7.13571428571	5.7533903220
7.13928571429	5.7545032605
7.14285714286	5.7556151176
7.14642857143	5.7567258950
7.15	5.7578355947
7.15357142857	5.7589442184
7.15714285714	5.7600517681
7.16071428571	5.7611582455
7.16428571429	5.7622636526
7.16785714286	5.7633679910
7.17142857143	5.7644712626
7.175	5.7655734693
7.17857142857	5.7666746129
7.18214285714	5.7677746952
7.18571428571	5.7688737179
7.18928571429	5.7699716829
7.19285714286	5.7710685919
7.19642857143	5.7721644469
7.2	5.7732592494
7.20357142857	5.7743530014
7.20714285714	5.7754457046
7.21071428571	5.7765373608
7.21428571429	5.7776279717
7.21785714286	5.7787175391
7.22142857143	5.7798060648
7.225	5.7808935505
7.22857142857	5.7819799980
7.23214285714	5.7830654090
7.23571428571	5.7841497852
7.23928571429	5.7852331284
7.24285714286	5.7863154404
7.24642857143	5.7873967228
7.25	5.7884769774
7.25357142857	5.7895562059
7.25714285714	5.7906344100
7.26071428571	5.7917115914
7.26428571429	5.7927877518
7.26785714286	5.7938628930
7.27142857143	5.7949370166
7.275	5.7960101244
7.27857142857	5.7970822179
7.28214285714	5.7981532990
7.28571428571	5.7992233693
7.28928571429	5.8002924304
7.29285714286	5.8013604840
7.29642857143	5.8024275319
7.3	5.8034935756
7.30357142857	5.8045586168
7.30714285714	5.8056226573
7.31071428571	5.8066856985
7.31428571429	5.8077477423
7.31785714286	5.8088087902
7.32142857143	5.8098688439
7.325	5.8109279050
7.32857142857	5.8119859752
7.33214285714	5.8130430560
7.33571428571	5.8140991491
7.33928571429	5.8151542562
7.34285714286	5.8162083788
7.34642857143	5.8172615185
7.35	5.8183136770
7.35357142857	5.8193648559
7.35714285714	5.8204150567
7.36071428571	5.8214642812
7.36428571429	5.8225125307
7.36785714286	5.8235598071
7.37142857143	5.8246061117
7.375	5.8256514463
7.37857142857	5.8266958124
7.38214285714	5.8277392115
7.38571428571	5.8287816453
7.38928571429	5.8298231153
7.39285714286	5.8308636231
7.39642857143	5.8319031702
7.4	5.8329417582
7.40357142857	5.8339793887
7.40714285714	5.8350160631
7.41071428571	5.8360517831
7.41428571429	5.8370865501
7.41785714286	5.8381203657
7.42142857143	5.8391532315
7.425	5.8401851490
7.42857142857	5.8412161197
7.43214285714	5.8422461451
7.43571428571	5.8432752268
7.43928571429	5.8443033662
7.44285714286	5.8453305649
7.44642857143	5.8463568243
7.45	5.8473821461
7.45357142857	5.8484065316
7.45714285714	5.8494299824
7.46071428571	5.8504525000
7.46428571429	5.8514740859
7.46785714286	5.8524947415
7.47142857143	5.8535144683
7.475	5.8545332679
7.47857142857	5.8555511417
7.48214285714	5.8565680911
7.48571428571	5.8575841177
7.48928571429	5.8585992229
7.49285714286	5.8596134081
7.49642857143	5.8606266749
7.5	5.8616390246
7.50357142857	5.8626504588
7.50714285714	5.8636609789
7.51071428571	5.8646705863
7.51428571429	5.8656792825
7.51785714286	5.8666870688
7.52142857143	5.8676939468
7.525	5.8686999179
7.52857142857	5.8697049835
7.53214285714	5.8707091451
7.53571428571	5.8717124040
7.53928571429	5.8727147616
7.54285714286	5.8737162195
7.54642857143	5.8747167789
7.55	5.8757164413
7.55357142857	5.8767152082
7.55714285714	5.8777130809
7.56071428571	5.8787100608
7.56428571429	5.8797061493
7.56785714286	5.8807013478
7.57142857143	5.8816956577
7.575	5.8826890804
7.57857142857	5.8836816173
7.58214285714	5.8846732697
7.58571428571	5.8856640390
7.58928571429	5.8866539266
7.59285714286	5.8876429339
7.59642857143	5.8886310622
7.6	5.8896183129
7.60357142857	5.8906046873
7.60714285714	5.8915901869
7.61071428571	5.8925748130
7.61428571429	5.8935585668
7.61785714286	5.8945414499
7.62142857143	5.8955234634
7.625	5.8965046088
7.62857142857	5.8974848874
7.63214285714	5.8984643006
7.63571428571	5.8994428496
7.63928571429	5.9004205358
7.64285714286	5.9013973605
7.64642857143	5.9023733251
7.65	5.9033484309
7.65357142857	5.9043226791
7.65714285714	5.9052960711
7.66071428571	5.9062686083
7.66428571429	5.9072402919
7.66785714286	5.9082111232
7.67142857143	5.9091811036
7.675	5.9101502342
7.67857142857	5.9111185166
7.68214285714	5.9120859518
7.68571428571	5.9130525413
7.68928571429	5.9140182863
7.69285714286	5.9149831880
7.69642857143	5.9159472479
7.7	5.9169104671
7.70357142857	5.9178728469
7.70714285714	5.9188343887
7.71071428571	5.9197950936
7.71428571429	5.9207549630
7.71785714286	5.9217139981
7.72142857143	5.9226722001
7.725	5.9236295704
7.72857142857	5.9245861102
7.73214285714	5.9255418208
7.73571428571	5.9264967034
7.73928571429	5.9274507592
7.74285714286	5.9284039895
7.74642857143	5.9293563955
7.75	5.9303079785
7.75357142857	5.9312587398
7.75714285714	5.9322086805
7.76071428571	5.9331578019
7.76428571429	5.9341061052
7.76785714286	5.9350535916
7.77142857143	5.9360002624
7.775	5.9369461188
7.77857142857	5.9378911621
7.78214285714	5.9388353933
7.78571428571	5.9397788138
7.78928571429	5.9407214247
7.79285714286	5.9416632273
7.79642857143	5.9426042227
7.8	5.9435444122
7.80357142857	5.9444837970
7.80714285714	5.9454223783
7.81071428571	5.9463601572
7.81428571429	5.9472971349
7.81785714286	5.9482333127
7.82142857143	5.9491686917
7.825	5.9501032732
7.82857142857	5.9510370582
7.83214285714	5.9519700480
7.83571428571	5.9529022437
7.83928571429	5.9538336466
7.84285714286	5.9547642578
7.84642857143	5.9556940784
7.85	5.9566231097
7.85357142857	5.9575513527
7.85714285714	5.9584788088
7.86071428571	5.9594054789
7.86428571429	5.9603313643
7.86785714286	5.9612564661
7.87142857143	5.9621807856
7.875	5.9631043237
7.87857142857	5.9640270817
7.88214285714	5.9649490608
7.88571428571	5.9658702620
7.88928571429	5.9667906864
7.89285714286	5.9677103354
7.89642857143	5.9686292099
7.9	5.9695473111
7.90357142857	5.9704646401
7.90714285714	5.9713811981
7.91071428571	5.9722969862
7.91428571429	5.9732120054
7.91785714286	5.9741262570
7.92142857143	5.9750397421
7.925	5.9759524617
7.92857142857	5.9768644169
7.93214285714	5.9777756090
7.93571428571	5.9786860389
7.93928571429	5.9795957078
7.94285714286	5.9805046168
7.94642857143	5.9814127670
7.95	5.9823201595
7.95357142857	5.9832267954
7.95714285714	5.9841326758
7.96071428571	5.9850378017
7.96428571429	5.9859421743
7.96785714286	5.9868457947
7.97142857143	5.9877486639
7.975	5.9886507830
7.97857142857	5.9895521531
7.98214285714	5.9904527753
7.98571428571	5.9913526506
7.98928571429	5.9922517802
7.99285714286	5.9931501650
7.99642857143	5.9940478062
8.0	5.9949447048
8.00357142857	5.9958408619
8.00714285714	5.9967362786
8.01071428571	5.9976309559
8.01428571429	5.9985248948
8.01785714286	5.9994180965
8.02142857143	6.0003105620
8.025	6.0012022922
8.02857142857	6.0020932884
8.03214285714	6.0029835515
8.03571428571	6.0038730825
8.03928571429	6.0047618825
8.04285714286	6.0056499526
8.04642857143	6.0065372938
8.05	6.0074239071
8.05357142857	6.0083097935
8.05714285714	6.0091949542
8.06071428571	6.0100793900
8.06428571429	6.0109631021
8.06785714286	6.0118460914
8.07142857143	6.0127283591
8.075	6.0136099060
8.07857142857	6.0144907333
8.08214285714	6.0153708419
8.08571428571	6.0162502328
8.08928571429	6.0171289071
8.09285714286	6.0180068658
8.09642857143	6.0188841099
8.1	6.0197606403
8.10357142857	6.0206364582
8.10714285714	6.0215115644
8.11071428571	6.0223859601
8.11428571429	6.0232596461
8.11785714286	6.0241326235
8.12142857143	6.0250048933
8.125	6.0258764565
8.12857142857	6.0267473140
8.13214285714	6.0276174669
8.13571428571	6.0284869160
8.13928571429	6.0293556625
8.14285714286	6.0302237073
8.14642857143	6.0310910514
8.15	6.0319576957
8.15357142857	6.0328236413
8.15714285714	6.0336888890
8.16071428571	6.0345534399
8.16428571429	6.0354172950
8.16785714286	6.0362804551
8.17142857143	6.0371429214
8.175	6.0380046946
8.17857142857	6.0388657759
8.18214285714	6.0397261661
8.18571428571	6.0405858662
8.18928571429	6.0414448771
8.19285714286	6.0423031999
8.19642857143	6.0431608355
8.2	6.0440177848
8.20357142857	6.0448740487
8.20714285714	6.0457296283
8.21071428571	6.0465845244
8.21428571429	6.0474387380
8.21785714286	6.0482922700
8.22142857143	6.0491451215
8.225	6.0499972932
8.22857142857	6.0508487862
8.23214285714	6.0516996013
8.23571428571	6.0525497396
8.23928571429	6.0533992019
8.24285714286	6.0542479892
8.24642857143	6.0550961023
8.25	6.0559435423
8.25357142857	6.0567903100
8.25714285714	6.0576364063
8.26071428571	6.0584818322
8.26428571429	6.0593265886
8.26785714286	6.0601706764
8.27142857143	6.0610140965
8.275	6.0618568498
8.27857142857	6.0626989373
8.28214285714	6.0635403598
8.28571428571	6.0643811182
8.28928571429	6.0652212135
8.29285714286	6.0660606465
8.29642857143	6.0668994181
8.3	6.0677375293
8.30357142857	6.0685749809
8.30714285714	6.0694117739
8.31071428571	6.0702479091
8.31428571429	6.0710833874
8.31785714286	6.0719182096
8.32142857143	6.0727523768
8.325	6.0735858898
8.32857142857	6.0744187493
8.33214285714	6.0752509565
8.33571428571	6.0760825120
8.33928571429	6.0769134169
8.34285714286	6.0777436719
8.34642857143	6.0785732779
8.35	6.0794022359
8.35357142857	6.0802305467
8.35714285714	6.0810582111
8.36071428571	6.0818852300
8.36428571429	6.0827116044
8.36785714286	6.0835373350
8.37142857143	6.0843624227
8.375	6.0851868684
8.37857142857	6.0860106729
8.38214285714	6.0868338371
8.38571428571	6.0876563619
8.38928571429	6.0884782481
8.39285714286	6.0892994965
8.39642857143	6.0901201081
8.4	6.0909400836
8.40357142857	6.0917594239
8.40714285714	6.0925781299
8.41071428571	6.0933962023
8.41428571429	6.0942136421
8.41785714286	6.0950304501
8.42142857143	6.0958466271
8.425	6.0966621740
8.42857142857	6.0974770915
8.43214285714	6.0982913806
8.43571428571	6.0991050420
8.43928571429	6.0999180766
8.44285714286	6.1007304853
8.44642857143	6.1015422688
8.45	6.1023534279
8.45357142857	6.1031639636
8.45714285714	6.1039738766
8.46071428571	6.1047831677
8.46428571429	6.1055918378
8.46785714286	6.1063998877
8.47142857143	6.1072073181
8.475	6.1080141300
8.47857142857	6.1088203241
8.48214285714	6.1096259013
8.48571428571	6.1104308623
8.48928571429	6.1112352080
8.49285714286	6.1120389391
8.49642857143	6.1128420565
8.5	6.1136445610
8.50357142857	6.1144464533
8.50714285714	6.1152477343
8.51071428571	6.1160484049
8.51428571429	6.1168484657
8.51785714286	6.1176479175
8.52142857143	6.1184467613
8.525	6.1192449977
8.52857142857	6.1200426275
8.53214285714	6.1208396516
8.53571428571	6.1216360708
8.53928571429	6.1224318857
8.54285714286	6.1232270973
8.54642857143	6.1240217062
8.55	6.1248157134
8.55357142857	6.1256091195
8.55714285714	6.1264019253
8.56071428571	6.1271941316
8.56428571429	6.1279857393
8.56785714286	6.1287767490
8.57142857143	6.1295671615
8.575	6.1303569777
8.57857142857	6.1311461983
8.58214285714	6.1319348240
8.58571428571	6.1327228556
8.58928571429	6.1335102939
8.59285714286	6.1342971397
8.59642857143	6.1350833937
8.6	6.1358690567
8.60357142857	6.1366541295
8.60714285714	6.1374386127
8.61071428571	6.1382225072
8.61428571429	6.1390058137
8.61785714286	6.1397885330
8.62142857143	6.1405706658
8.625	6.1413522130
8.62857142857	6.1421331751
8.63214285714	6.1429135530
8.63571428571	6.1436933475
8.63928571429	6.1444725592
8.64285714286	6.1452511889
8.64642857143	6.1460292375
8.65	6.1468067055
8.65357142857	6.1475835938
8.65714285714	6.1483599030
8.66071428571	6.1491356340
8.66428571429	6.1499107875
8.66785714286	6.1506853642
8.67142857143	6.1514593648
8.675	6.1522327901
8.67857142857	6.1530056407
8.68214285714	6.1537779175
8.68571428571	6.1545496212
8.68928571429	6.1553207525
8.69285714286	6.1560913121
8.69642857143	6.1568613007
8.7	6.1576307191
8.70357142857	6.1583995679
8.70714285714	6.1591678480
8.71071428571	6.1599355600
8.71428571429	6.1607027046
8.71785714286	6.1614692826
8.72142857143	6.1622352947
8.725	6.1630007416
8.72857142857	6.1637656240
8.73214285714	6.1645299426
8.73571428571	6.1652936981
8.73928571429	6.1660568913
8.74285714286	6.1668195228
8.74642857143	6.1675815933
8.75	6.1683431036
8.75357142857	6.1691040544
8.75714285714	6.1698644463
8.76071428571	6.1706242801
8.76428571429	6.1713835564
8.76785714286	6.1721422761
8.77142857143	6.1729004396
8.775	6.1736580478
8.77857142857	6.1744151014
8.78214285714	6.1751716010
8.78571428571	6.1759275474
8.78928571429	6.1766829412
8.79285714286	6.1774377831
8.79642857143	6.1781920738
8.8	6.1789458140
8.80357142857	6.1796990043
8.80714285714	6.1804516456
8.81071428571	6.1812037384
8.81428571429	6.1819552834
8.81785714286	6.1827062813
8.82142857143	6.1834567328
8.825	6.1842066386
8.82857142857	6.1849559993
8.83214285714	6.1857048157
8.83571428571	6.1864530883
8.83928571429	6.1872008179
8.84285714286	6.1879480052
8.84642857143	6.1886946508
8.85	6.1894407553
8.85357142857	6.1901863195
8.85714285714	6.1909313441
8.86071428571	6.1916758296
8.86428571429	6.1924197767
8.86785714286	6.1931631862
8.87142857143	6.1939060587
8.875	6.1946483948
8.87857142857	6.1953901952
8.88214285714	6.1961314606
8.88571428571	6.1968721916
8.88928571429	6.1976123888
8.89285714286	6.1983520530
8.89642857143	6.1990911848
8.9	6.1998297848
8.90357142857	6.2005678538
8.90714285714	6.2013053922
8.91071428571	6.2020424009
8.91428571429	6.2027788803
8.91785714286	6.2035148313
8.92142857143	6.2042502544
8.925	6.2049851503
8.92857142857	6.2057195196
8.93214285714	6.2064533630
8.93571428571	6.2071866811
8.93928571429	6.2079194746
8.94285714286	6.2086517440
8.94642857143	6.2093834900
8.95	6.2101147134
8.95357142857	6.2108454146
8.95714285714	6.2115755943
8.96071428571	6.2123052533
8.96428571429	6.2130343920
8.96785714286	6.2137630112
8.97142857143	6.2144911114
8.975	6.2152186933
8.97857142857	6.2159457576
8.98214285714	6.2166723048
8.98571428571	6.2173983355
8.98928571429	6.2181238505
8.99285714286	6.2188488503
8.99642857143	6.2195733355
9.0	6.2202973069
9.00357142857	6.2210207649
9.00714285714	6.2217437102
9.01071428571	6.2224661434
9.01428571429	6.2231880652
9.01785714286	6.2239094761
9.02142857143	6.2246303768
9.025	6.2253507679
9.02857142857	6.2260706500
9.03214285714	6.2267900237
9.03571428571	6.2275088897
9.03928571429	6.2282272485
9.04285714286	6.2289451007
9.04642857143	6.2296624470
9.05	6.2303792879
9.05357142857	6.2310956241
9.05714285714	6.2318114561
9.06071428571	6.2325267847
9.06428571429	6.2332416103
9.06785714286	6.2339559335
9.07142857143	6.2346697551
9.075	6.2353830755
9.07857142857	6.2360958954
9.08214285714	6.2368082154
9.08571428571	6.2375200360
9.08928571429	6.2382313579
9.09285714286	6.2389421817
9.09642857143	6.2396525078
9.1	6.2403623371
9.10357142857	6.2410716699
9.10714285714	6.2417805070
9.11071428571	6.2424888489
9.11428571429	6.2431966962
9.11785714286	6.2439040494
9.12142857143	6.2446109093
9.125	6.2453172763
9.12857142857	6.2460231510
9.13214285714	6.2467285340
9.13571428571	6.2474334260
9.13928571429	6.2481378274
9.14285714286	6.2488417389
9.14642857143	6.2495451610
9.15	6.2502480944
9.15357142857	6.2509505395
9.15714285714	6.2516524970
9.16071428571	6.2523539675
9.16428571429	6.2530549515
9.16785714286	6.2537554496
9.17142857143	6.2544554623
9.175	6.2551549903
9.17857142857	6.2558540341
9.18214285714	6.2565525942
9.18571428571	6.2572506713
9.18928571429	6.2579482659
9.19285714286	6.2586453786
9.19642857143	6.2593420099
9.2	6.2600381605
9.20357142857	6.2607338307
9.20714285714	6.2614290214
9.21071428571	6.2621237329
9.21428571429	6.2628179658
9.21785714286	6.2635117208
9.22142857143	6.2642049984
9.225	6.2648977990
9.22857142857	6.2655901234
9.23214285714	6.2662819720
9.23571428571	6.2669733453
9.23928571429	6.2676642441
9.24285714286	6.2683546687
9.24642857143	6.2690446198
9.25	6.2697340978
9.25357142857	6.2704231035
9.25714285714	6.2711116372
9.26071428571	6.2717996996
9.26428571429	6.2724872911
9.26785714286	6.2731744124
9.27142857143	6.2738610640
9.275	6.2745472465
9.27857142857	6.2752329603
9.28214285714	6.2759182060
9.28571428571	6.2766029842
9.28928571429	6.2772872953
9.29285714286	6.2779711400
9.29642857143	6.2786545188
9.3	6.2793374322
9.30357142857	6.2800198808
9.30714285714	6.2807018650
9.31071428571	6.2813833855
9.31428571429	6.2820644427
9.31785714286	6.2827450372
9.32142857143	6.2834251696
9.325	6.2841048402
9.32857142857	6.2847840498
9.33214285714	6.2854627988
9.33571428571	6.2861410878
9.33928571429	6.2868189172
9.34285714286	6.2874962876
9.34642857143	6.2881731995
9.35	6.2888496535
9.35357142857	6.2895256501
9.35714285714	6.2902011897
9.36071428571	6.2908762730
9.36428571429	6.2915509005
9.36785714286	6.2922250726
9.37142857143	6.2928987898
9.375	6.2935720528
9.37857142857	6.2942448620
9.38214285714	6.2949172180
9.38571428571	6.2955891212
9.38928571429	6.2962605722
9.39285714286	6.2969315715
9.39642857143	6.2976021196
9.4	6.2982722170
9.40357142857	6.2989418642
9.40714285714	6.2996110618
9.41071428571	6.3002798102
9.41428571429	6.3009481100
9.41785714286	6.3016159616
9.42142857143	6.3022833657
9.425	6.3029503226
9.42857142857	6.3036168329
9.43214285714	6.3042828971
9.43571428571	6.3049485157
9.43928571429	6.3056136893
9.44285714286	6.3062784182
9.44642857143	6.3069427030
9.45	6.3076065443
9.45357142857	6.3082699425
9.45714285714	6.3089328981
9.46071428571	6.3095954116
9.46428571429	6.3102574835
9.46785714286	6.3109191144
9.47142857143	6.3115803046
9.475	6.3122410548
9.47857142857	6.3129013653
9.48214285714	6.3135612368
9.48571428571	6.3142206696
9.48928571429	6.3148796643
9.49285714286	6.3155382214
9.49642857143	6.3161963414
9.5	6.3168540247
9.50357142857	6.3175112718
9.50714285714	6.3181680833
9.51071428571	6.3188244596
9.51428571429	6.3194804012
9.51785714286	6.3201359086
9.52142857143	6.3207909823
9.525	6.3214456227
9.52857142857	6.3220998304
9.53214285714	6.3227536058
9.53571428571	6.3234069494
9.53928571429	6.3240598617
9.54285714286	6.3247123432
9.54642857143	6.3253643944
9.55	6.3260160157
9.55357142857	6.3266672076
9.55714285714	6.3273179705
9.56071428571	6.3279683051
9.56428571429	6.3286182117
9.56785714286	6.3292676908
9.57142857143	6.3299167429
9.575	6.3305653685
9.57857142857	6.3312135680
9.58214285714	6.3318613419
9.58571428571	6.3325086907
9.58928571429	6.3331556149
9.59285714286	6.3338021149
9.59642857143	6.3344481911
9.6	6.3350938442
9.60357142857	6.3357390745
9.60714285714	6.3363838824
9.61071428571	6.3370282686
9.61428571429	6.3376722333
9.61785714286	6.3383157772
9.62142857143	6.3389589006
9.625	6.3396016041
9.62857142857	6.3402438880
9.63214285714	6.3408857528
9.63571428571	6.3415271991
9.63928571429	6.3421682273
9.64285714286	6.3428088377
9.64642857143	6.3434490310
9.65	6.3440888075
9.65357142857	6.3447281677
9.65714285714	6.3453671120
9.66071428571	6.3460056410
9.66428571429	6.3466437551
9.66785714286	6.3472814546
9.67142857143	6.3479187402
9.675	6.3485556122
9.67857142857	6.3491920710
9.68214285714	6.3498281172
9.68571428571	6.3504637512
9.68928571429	6.3510989734
9.69285714286	6.3517337843
9.69642857143	6.3523681843
9.7	6.3530021739
9.70357142857	6.3536357536
9.70714285714	6.3542689237
9.71071428571	6.3549016848
9.71428571429	6.3555340372
9.71785714286	6.3561659814
9.72142857143	6.3567975179
9.725	6.3574286471
9.72857142857	6.3580593694
9.73214285714	6.3586896853
9.73571428571	6.3593195952
9.73928571429	6.3599490996
9.74285714286	6.3605781989
9.74642857143	6.3612068935
9.75	6.3618351840
9.75357142857	6.3624630706
9.75714285714	6.3630905539
9.76071428571	6.3637176343
9.76428571429	6.3643443122
9.76785714286	6.3649705881
9.77142857143	6.3655964624
9.775	6.3662219355
9.77857142857	6.3668470078
9.78214285714	6.3674716799
9.78571428571	6.3680959521
9.78928571429	6.3687198248
9.79285714286	6.3693432986
9.79642857143	6.3699663737
9.8	6.3705890507
9.80357142857	6.3712113300
9.80714285714	6.3718332120
9.81071428571	6.3724546971
9.81428571429	6.3730757857
9.81785714286	6.3736964784
9.82142857143	6.3743167754
9.825	6.3749366773
9.82857142857	6.3755561844
9.83214285714	6.3761752972
9.83571428571	6.3767940161
9.83928571429	6.3774123415
9.84285714286	6.3780302739
9.84642857143	6.3786478136
9.85	6.3792649611
9.85357142857	6.3798817168
9.85714285714	6.3804980811
9.86071428571	6.3811140544
9.86428571429	6.3817296372
9.86785714286	6.3823448299
9.87142857143	6.3829596328
9.875	6.3835740464
9.87857142857	6.3841880712
9.88214285714	6.3848017075
9.88571428571	6.3854149557
9.88928571429	6.3860278163
9.89285714286	6.3866402896
9.89642857143	6.3872523761
9.9	6.3878640762
9.90357142857	6.3884753903
9.90714285714	6.3890863188
9.91071428571	6.3896968621
9.91428571429	6.3903070206
9.91785714286	6.3909167947
9.92142857143	6.3915261849
9.925	6.3921351915
9.92857142857	6.3927438150
9.93214285714	6.3933520557
9.93571428571	6.3939599141
9.93928571429	6.3945673906
9.94285714286	6.3951744855
9.94642857143	6.3957811992
9.95	6.3963875323
9.95357142857	6.3969934850
9.95714285714	6.3975990578
9.96071428571	6.3982042510
9.96428571429	6.3988090651
9.96785714286	6.3994135005
9.97142857143	6.4000175575
9.975	6.4006212367
9.97857142857	6.4012245382
9.98214285714	6.4018274626
9.98571428571	6.4024300103
9.98928571429	6.4030321816
9.99285714286	6.4036339770
9.99642857143	6.4042353968
