0.0	2.9091196405
0.003125	2.9095543687
0.00625	2.9101191882
0.009375	2.9107320915
0.0125	2.9113675725
0.015625	2.9120156295
0.01875	2.9126716257
0.021875	2.9133331330
0.025	2.9139987567
0.028125	2.9146676360
0.03125	2.9153392085
0.034375	2.9160130888
0.0375	2.9166890027
0.040625	2.9173667490
0.04375	2.9180461755
0.046875	2.9187271651
0.05	2.9194096254
0.053125	2.9200934822
0.05625	2.9207786756
0.059375	2.9214651558
0.0625	2.9221528816
0.065625	2.9228418180
0.06875	2.9235319356
0.071875	2.9242232088
0.075	2.9249156156
0.078125	2.9256091368
0.08125	2.9263037556
0.084375	2.9269994571
0.0875	2.9276962281
0.090625	2.9283940568
0.09375	2.9290929326
0.096875	2.9297928461
0.1	2.9304937884
0.103125	2.9311957517
0.10625	2.9318987288
0.109375	2.9326027131
0.1125	2.9333076985
0.115625	2.9340136793
0.11875	2.9347206504
0.121875	2.9354286068
0.125	2.9361375441
0.128125	2.9368474579
0.13125	2.9375583442
0.134375	2.9382701993
0.1375	2.9389830197
0.140625	2.9396968019
0.14375	2.9404115428
0.146875	2.9411272393
0.15	2.9418438885
0.153125	2.9425614876
0.15625	2.9432800340
0.159375	2.9439995251
0.1625	2.9447199585
0.165625	2.9454413317
0.16875	2.9461636426
0.171875	2.9468868889
0.175	2.9476110685
0.178125	2.9483361792
0.18125	2.9490622192
0.184375	2.9497891864
0.1875	2.9505170789
0.190625	2.9512458948
0.19375	2.9519756324
0.196875	2.9527062899
0.2	2.9534378655
0.203125	2.9541703575
0.20625	2.9549037643
0.209375	2.9556380842
0.2125	2.9563733156
0.215625	2.9571094569
0.21875	2.9578465065
0.221875	2.9585844630
0.225	2.9593233249
0.228125	2.9600630905
0.23125	2.9608037585
0.234375	2.9615453274
0.2375	2.9622877957
0.240625	2.9630311620
0.24375	2.9637754250
0.246875	2.9645205832
0.25	2.9652666353
0.253125	2.9660135798
0.25625	2.9667614155
0.259375	2.9675101409
0.2625	2.9682597548
0.265625	2.9690102559
0.26875	2.9697616427
0.271875	2.9705139140
0.275	2.9712670686
0.278125	2.9720211051
0.28125	2.9727760222
0.284375	2.9735318187
0.2875	2.9742884933
0.290625	2.9750460447
0.29375	2.9758044717
0.296875	2.9765637730
0.3	2.9773239475
0.303125	2.9780849938
0.30625	2.9788469107
0.309375	2.9796096971
0.3125	2.9803733516
0.315625	2.9811378730
0.31875	2.9819032602
0.321875	2.9826695120
0.325	2.9834366271
0.328125	2.9842046043
0.33125	2.9849734424
0.334375	2.9857431402
0.3375	2.9865136966
0.340625	2.9872851103
0.34375	2.9880573802
0.346875	2.9888305051
0.35	2.9896044838
0.353125	2.9903793150
0.35625	2.9911549978
0.359375	2.9919315307
0.3625	2.9927089128
0.365625	2.9934871428
0.36875	2.9942662195
0.371875	2.9950461419
0.375	2.9958269086
0.378125	2.9966085186
0.38125	2.9973909707
0.384375	2.9981742638
0.3875	2.9989583966
0.390625	2.9997433681
0.39375	3.0005291771
0.396875	3.0013158223
0.4	3.0021033028
0.403125	3.0028916172
0.40625	3.0036807646
0.409375	3.0044707436
0.4125	3.0052615533
0.415625	3.0060531923
0.41875	3.0068456597
0.421875	3.0076389542
0.425	3.0084330747
0.428125	3.0092280201
0.43125	3.0100237893
0.434375	3.0108203810
0.4375	3.0116177941
0.440625	3.0124160276
0.44375	3.0132150803
0.446875	3.0140149510
0.45	3.0148156386
0.453125	3.0156171420
0.45625	3.0164194600
0.459375	3.0172225916
0.4625	3.0180265355
0.465625	3.0188312907
0.46875	3.0196368560
0.471875	3.0204432303
0.475	3.0212504125
0.478125	3.0220584015
0.48125	3.0228671960
0.484375	3.0236767951
0.4875	3.0244871975
0.490625	3.0252984021
0.49375	3.0261104079
0.496875	3.0269232137
0.5	3.0277368184
0.503125	3.0285512208
0.50625	3.0293664198
0.509375	3.0301824144
0.5125	3.0309992033
0.515625	3.0318167856
0.51875	3.0326351600
0.521875	3.0334543254
0.525	3.0342742807
0.528125	3.0350950249
0.53125	3.0359165568
0.534375	3.0367388752
0.5375	3.0375619791
0.540625	3.0383858673
0.54375	3.0392105388
0.546875	3.0400359924
0.55	3.0408622270
0.553125	3.0416892415
0.55625	3.0425170348
0.559375	3.0433456057
0.5625	3.0441749532
0.565625	3.0450050762
0.56875	3.0458359735
0.571875	3.0466676441
0.575	3.0475000868
0.578125	3.0483333005
0.58125	3.0491672841
0.584375	3.0500020365
0.5875	3.0508375567
0.590625	3.0516738434
0.59375	3.0525108956
0.596875	3.0533487122
0.6	3.0541872921
0.603125	3.0550266342
0.60625	3.0558667374
0.609375	3.0567076005
0.6125	3.0575492225
0.615625	3.0583916023
0.61875	3.0592347388
0.621875	3.0600786308
0.625	3.0609232774
0.628125	3.0617686773
0.63125	3.0626148294
0.634375	3.0634617328
0.6375	3.0643093863
0.640625	3.0651577887
0.64375	3.0660069391
0.646875	3.0668568362
0.65	3.0677074791
0.653125	3.0685588665
0.65625	3.0694109975
0.659375	3.0702638709
0.6625	3.0711174857
0.665625	3.0719718407
0.66875	3.0728269348
0.671875	3.0736827670
0.675	3.0745393362
0.678125	3.0753966413
0.68125	3.0762546812
0.684375	3.0771134547
0.6875	3.0779729609
0.690625	3.0788331987
0.69375	3.0796941669
0.696875	3.0805558644
0.7	3.0814182902
0.703125	3.0822814433
0.70625	3.0831453224
0.709375	3.0840099266
0.7125	3.0848752547
0.715625	3.0857413057
0.71875	3.0866080784
0.721875	3.0874755719
0.725	3.0883437850
0.728125	3.0892127167
0.73125	3.0900823658
0.734375	3.0909527313
0.7375	3.0918238122
0.740625	3.0926956072
0.74375	3.0935681155
0.746875	3.0944413358
0.75	3.0953152672
0.753125	3.0961899085
0.75625	3.0970652586
0.759375	3.0979413166
0.7625	3.0988180813
0.765625	3.0996955516
0.76875	3.1005737266
0.771875	3.1014526050
0.775	3.1023321860
0.778125	3.1032124683
0.78125	3.1040934509
0.784375	3.1049751327
0.7875	3.1058575128
0.790625	3.1067405900
0.79375	3.1076243632
0.796875	3.1085088314
0.8	3.1093939936
0.803125	3.1102798486
0.80625	3.1111663955
0.809375	3.1120536331
0.8125	3.1129415604
0.815625	3.1138301763
0.81875	3.1147194798
0.821875	3.1156094698
0.825	3.1165001452
0.828125	3.1173915051
0.83125	3.1182835483
0.834375	3.1191762739
0.8375	3.1200696806
0.840625	3.1209637676
0.84375	3.1218585337
0.846875	3.1227539779
0.85	3.1236500992
0.853125	3.1245468964
0.85625	3.1254443686
0.859375	3.1263425146
0.8625	3.1272413336
0.865625	3.1281408243
0.86875	3.1290409858
0.871875	3.1299418170
0.875	3.1308433168
0.878125	3.1317454844
0.88125	3.1326483184
0.884375	3.1335518181
0.8875	3.1344559822
0.890625	3.1353608099
0.89375	3.1362662999
0.896875	3.1371724514
0.9	3.1380792632
0.903125	3.1389867343
0.90625	3.1398948637
0.909375	3.1408036504
0.9125	3.1417130932
0.915625	3.1426231913
0.91875	3.1435339436
0.921875	3.1444453489
0.925	3.1453574064
0.928125	3.1462701149
0.93125	3.1471834735
0.934375	3.1480974811
0.9375	3.1490121367
0.940625	3.1499274392
0.94375	3.1508433877
0.946875	3.1517599811
0.95	3.1526772184
0.953125	3.1535950986
0.95625	3.1545136206
0.959375	3.1554327835
0.9625	3.1563525862
0.965625	3.1572730277
0.96875	3.1581941070
0.971875	3.1591158230
0.975	3.1600381748
0.978125	3.1609611614
0.98125	3.1618847817
0.984375	3.1628090346
0.9875	3.1637339193
0.990625	3.1646594347
0.99375	3.1655855798
0.996875	3.1665123536
1.0	3.1674397550
1.003125	3.1683677831
1.00625	3.1692964369
1.009375	3.1702257153
1.0125	3.1711556174
1.015625	3.1720861421
1.01875	3.1730172885
1.021875	3.1739490555
1.025	3.1748814422
1.028125	3.1758144476
1.03125	3.1767480706
1.034375	3.1776823103
1.0375	3.1786171656
1.040625	3.1795526356
1.04375	3.1804887193
1.046875	3.1814254157
1.05	3.1823627238
1.053125	3.1833006426
1.05625	3.1842391711
1.059375	3.1851783084
1.0625	3.1861180534
1.065625	3.1870584051
1.06875	3.1879993627
1.071875	3.1889409250
1.075	3.1898830911
1.078125	3.1908258601
1.08125	3.1917692309
1.084375	3.1927132026
1.0875	3.1936577741
1.090625	3.1946029446
1.09375	3.1955487130
1.096875	3.1964950784
1.1	3.1974420398
1.103125	3.1983895961
1.10625	3.1993377465
1.109375	3.2002864900
1.1125	3.2012358256
1.115625	3.2021857524
1.11875	3.2031362692
1.121875	3.2040873753
1.125	3.2050390696
1.128125	3.2059913512
1.13125	3.2069442191
1.134375	3.2078976724
1.1375	3.2088517100
1.140625	3.2098063310
1.14375	3.2107615345
1.146875	3.2117173195
1.15	3.2126736851
1.153125	3.2136306302
1.15625	3.2145881540
1.159375	3.2155462555
1.1625	3.2165049337
1.165625	3.2174641876
1.16875	3.2184240165
1.171875	3.2193844191
1.175	3.2203453948
1.178125	3.2213069424
1.18125	3.2222690611
1.184375	3.2232317498
1.1875	3.2241950077
1.190625	3.2251588339
1.19375	3.2261232272
1.196875	3.2270881870
1.2	3.2280537121
1.203125	3.2290198017
1.20625	3.2299864548
1.209375	3.2309536705
1.2125	3.2319214478
1.215625	3.2328897858
1.21875	3.2338586837
1.221875	3.2348281404
1.225	3.2357981550
1.228125	3.2367687266
1.23125	3.2377398543
1.234375	3.2387115371
1.2375	3.2396837742
1.240625	3.2406565645
1.24375	3.2416299072
1.246875	3.2426038014
1.25	3.2435782461
1.253125	3.2445532404
1.25625	3.2455287834
1.259375	3.2465048742
1.2625	3.2474815119
1.265625	3.2484586955
1.26875	3.2494364241
1.271875	3.2504146969
1.275	3.2513935129
1.278125	3.2523728711
1.28125	3.2533527708
1.284375	3.2543332110
1.2875	3.2553141908
1.290625	3.2562957092
1.29375	3.2572777654
1.296875	3.2582603585
1.3	3.2592434876
1.303125	3.2602271517
1.30625	3.2612113501
1.309375	3.2621960817
1.3125	3.2631813457
1.315625	3.2641671411
1.31875	3.2651534672
1.321875	3.2661403230
1.325	3.2671277075
1.328125	3.2681156201
1.33125	3.2691040596
1.334375	3.2700930253
1.3375	3.2710825162
1.340625	3.2720725315
1.34375	3.2730630704
1.346875	3.2740541318
1.35	3.2750457149
1.353125	3.2760378189
1.35625	3.2770304429
1.359375	3.2780235859
1.3625	3.2790172472
1.365625	3.2800114258
1.36875	3.2810061209
1.371875	3.2820013316
1.375	3.2829970570
1.378125	3.2839932963
1.38125	3.2849900485
1.384375	3.2859873129
1.3875	3.2869850885
1.390625	3.2879833745
1.39375	3.2889821700
1.396875	3.2899814742
1.4	3.2909812862
1.403125	3.2919816051
1.40625	3.2929824301
1.409375	3.2939837603
1.4125	3.2949855949
1.415625	3.2959879331
1.41875	3.2969907738
1.421875	3.2979941164
1.425	3.2989979600
1.428125	3.3000023037
1.43125	3.3010071466
1.434375	3.3020124879
1.4375	3.3030183268
1.440625	3.3040246624
1.44375	3.3050314940
1.446875	3.3060388205
1.45	3.3070466413
1.453125	3.3080549554
1.45625	3.3090637620
1.459375	3.3100730603
1.4625	3.3110828495
1.465625	3.3120931287
1.46875	3.3131038971
1.471875	3.3141151538
1.475	3.3151268981
1.478125	3.3161391290
1.48125	3.3171518458
1.484375	3.3181650477
1.4875	3.3191787338
1.490625	3.3201929032
1.49375	3.3212075553
1.496875	3.3222226891
1.5	3.3232383038
1.503125	3.3242543987
1.50625	3.3252709728
1.509375	3.3262880254
1.5125	3.3273055557
1.515625	3.3283235629
1.51875	3.3293420460
1.521875	3.3303610045
1.525	3.3313804373
1.528125	3.3324003438
1.53125	3.3334207231
1.534375	3.3344415743
1.5375	3.3354628968
1.540625	3.3364846897
1.54375	3.3375069522
1.546875	3.3385296835
1.55	3.3395528828
1.553125	3.3405765493
1.55625	3.3416006822
1.559375	3.3426252808
1.5625	3.3436503441
1.565625	3.3446758715
1.56875	3.3457018622
1.571875	3.3467283153
1.575	3.3477552300
1.578125	3.3487826057
1.58125	3.3498104414
1.584375	3.3508387365
1.5875	3.3518674901
1.590625	3.3528967014
1.59375	3.3539263698
1.596875	3.3549564943
1.6	3.3559870742
1.603125	3.3570181088
1.60625	3.3580495973
1.609375	3.3590815388
1.6125	3.3601139327
1.615625	3.3611467782
1.61875	3.3621800744
1.621875	3.3632138207
1.625	3.3642480163
1.628125	3.3652826603
1.63125	3.3663177521
1.634375	3.3673532908
1.6375	3.3683892757
1.640625	3.3694257062
1.64375	3.3704625813
1.646875	3.3714999003
1.65	3.3725376626
1.653125	3.3735758672
1.65625	3.3746145136
1.659375	3.3756536009
1.6625	3.3766931284
1.665625	3.3777330953
1.66875	3.3787735009
1.671875	3.3798143445
1.675	3.3808556253
1.678125	3.3818973425
1.68125	3.3829394955
1.684375	3.3839820834
1.6875	3.3850251056
1.690625	3.3860685614
1.69375	3.3871124499
1.696875	3.3881567704
1.7	3.3892015222
1.703125	3.3902467047
1.70625	3.3912923170
1.709375	3.3923383584
1.7125	3.3933848282
1.715625	3.3944317257
1.71875	3.3954790501
1.721875	3.3965268008
1.725	3.3975749770
1.728125	3.3986235780
1.73125	3.3996726031
1.734375	3.4007220515
1.7375	3.4017719225
1.740625	3.4028222155
1.74375	3.4038729298
1.746875	3.4049240645
1.75	3.4059756190
1.753125	3.4070275926
1.75625	3.4080799846
1.759375	3.4091327943
1.7625	3.4101860209
1.765625	3.4112396639
1.76875	3.4122937224
1.771875	3.4133481958
1.775	3.4144030833
1.778125	3.4154583844
1.78125	3.4165140982
1.784375	3.4175702242
1.7875	3.4186267615
1.790625	3.4196837096
1.79375	3.4207410677
1.796875	3.4217988351
1.8	3.4228570112
1.803125	3.4239155952
1.80625	3.4249745865
1.809375	3.4260339845
1.8125	3.4270937883
1.815625	3.4281539974
1.81875	3.4292146111
1.821875	3.4302756286
1.825	3.4313370494
1.828125	3.4323988727
1.83125	3.4334610979
1.834375	3.4345237243
1.8375	3.4355867512
1.840625	3.4366501780
1.84375	3.4377140040
1.846875	3.4387782286
1.85	3.4398428510
1.853125	3.4409078706
1.85625	3.4419732868
1.859375	3.4430390989
1.8625	3.4441053062
1.865625	3.4451719082
1.86875	3.4462389040
1.871875	3.4473062931
1.875	3.4483740749
1.878125	3.4494422486
1.88125	3.4505108137
1.884375	3.4515797694
1.8875	3.4526491152
1.890625	3.4537188504
1.89375	3.4547889744
1.896875	3.4558594864
1.9	3.4569303860
1.903125	3.4580016724
1.90625	3.4590733450
1.909375	3.4601454031
1.9125	3.4612178462
1.915625	3.4622906736
1.91875	3.4633638847
1.921875	3.4644374788
1.925	3.4655114553
1.928125	3.4665858137
1.93125	3.4676605532
1.934375	3.4687356732
1.9375	3.4698111732
1.940625	3.4708870525
1.94375	3.4719633105
1.946875	3.4730399465
1.95	3.4741169600
1.953125	3.4751943504
1.95625	3.4762721170
1.959375	3.4773502592
1.9625	3.4784287764
1.965625	3.4795076681
1.96875	3.4805869335
1.971875	3.4816665721
1.975	3.4827465834
1.978125	3.4838269666
1.98125	3.4849077212
1.984375	3.4859888466
1.9875	3.4870703422
1.990625	3.4881522075
1.99375	3.4892344417
1.996875	3.4903170443
2.0	3.4914000148
2.003125	3.4924833525
2.00625	3.4935670569
2.009375	3.4946511273
2.0125	3.4957355633
2.015625	3.4968203641
2.01875	3.4979055292
2.021875	3.4989910581
2.025	3.5000769501
2.028125	3.5011632047
2.03125	3.5022498213
2.034375	3.5033367994
2.0375	3.5044241383
2.040625	3.5055118375
2.04375	3.5065998964
2.046875	3.5076883145
2.05	3.5087770912
2.053125	3.5098662259
2.05625	3.5109557181
2.059375	3.5120455671
2.0625	3.5131357726
2.065625	3.5142263337
2.06875	3.5153172502
2.071875	3.5164085213
2.075	3.5175001465
2.078125	3.5185921252
2.08125	3.5196844570
2.084375	3.5207771413
2.0875	3.5218701775
2.090625	3.5229635650
2.09375	3.5240573034
2.096875	3.5251513921
2.1	3.5262458306
2.103125	3.5273406182
2.10625	3.5284357545
2.109375	3.5295312390
2.1125	3.5306270710
2.115625	3.5317232502
2.11875	3.5328197758
2.121875	3.5339166475
2.125	3.5350138646
2.128125	3.5361114267
2.13125	3.5372093333
2.134375	3.5383075837
2.1375	3.5394061775
2.140625	3.5405051142
2.14375	3.5416043933
2.146875	3.5427040141
2.15	3.5438039763
2.153125	3.5449042793
2.15625	3.5460049225
2.159375	3.5471059056
2.1625	3.5482072279
2.165625	3.5493088889
2.16875	3.5504108883
2.171875	3.5515132253
2.175	3.5526158997
2.178125	3.5537189107
2.18125	3.5548222580
2.184375	3.5559259411
2.1875	3.5570299594
2.190625	3.5581343125
2.19375	3.5592389999
2.196875	3.5603440210
2.2	3.5614493755
2.203125	3.5625550627
2.20625	3.5636610822
2.209375	3.5647674336
2.2125	3.5658741163
2.215625	3.5669811299
2.21875	3.5680884739
2.221875	3.5691961477
2.225	3.5703041510
2.228125	3.5714124833
2.23125	3.5725211441
2.234375	3.5736301328
2.2375	3.5747394491
2.240625	3.5758490925
2.24375	3.5769590625
2.246875	3.5780693587
2.25	3.5791799805
2.253125	3.5802909275
2.25625	3.5814021993
2.259375	3.5825137955
2.2625	3.5836257154
2.265625	3.5847379588
2.26875	3.5858505250
2.271875	3.5869634138
2.275	3.5880766246
2.278125	3.5891901570
2.28125	3.5903040106
2.284375	3.5914181848
2.2875	3.5925326794
2.290625	3.5936474937
2.29375	3.5947626274
2.296875	3.5958780800
2.3	3.5969938512
2.303125	3.5981099404
2.30625	3.5992263472
2.309375	3.6003430713
2.3125	3.6014601121
2.315625	3.6025774692
2.31875	3.6036951423
2.321875	3.6048131309
2.325	3.6059314346
2.328125	3.6070500529
2.33125	3.6081689855
2.334375	3.6092882318
2.3375	3.6104077916
2.340625	3.6115276644
2.34375	3.6126478497
2.346875	3.6137683473
2.35	3.6148891565
2.353125	3.6160102771
2.35625	3.6171317087
2.359375	3.6182534508
2.3625	3.6193755031
2.365625	3.6204978651
2.36875	3.6216205364
2.371875	3.6227435167
2.375	3.6238668056
2.378125	3.6249904026
2.38125	3.6261143073
2.384375	3.6272385195
2.3875	3.6283630386
2.390625	3.6294878644
2.39375	3.6306129963
2.396875	3.6317384341
2.4	3.6328641774
2.403125	3.6339902258
2.40625	3.6351165788
2.409375	3.6362432362
2.4125	3.6373701976
2.415625	3.6384974625
2.41875	3.6396250306
2.421875	3.6407529016
2.425	3.6418810751
2.428125	3.6430095507
2.43125	3.6441383280
2.434375	3.6452674068
2.4375	3.6463967865
2.440625	3.6475264670
2.44375	3.6486564478
2.446875	3.6497867285
2.45	3.6509173089
2.453125	3.6520481885
2.45625	3.6531793670
2.459375	3.6543108442
2.4625	3.6554426195
2.465625	3.6565746928
2.46875	3.6577070636
2.471875	3.6588397316
2.475	3.6599726964
2.478125	3.6611059578
2.48125	3.6622395155
2.484375	3.6633733689
2.4875	3.6645075180
2.490625	3.6656419622
2.49375	3.6667767014
2.496875	3.6679117351
2.5	3.6690470630
2.503125	3.6701826849
2.50625	3.6713186004
2.509375	3.6724548092
2.5125	3.6735913109
2.515625	3.6747281053
2.51875	3.6758651921
2.521875	3.6770025709
2.525	3.6781402415
2.528125	3.6792782035
2.53125	3.6804164566
2.534375	3.6815550006
2.5375	3.6826938350
2.540625	3.6838329598
2.54375	3.6849723744
2.546875	3.6861120787
2.55	3.6872520724
2.553125	3.6883923551
2.55625	3.6895329266
2.559375	3.6906737866
2.5625	3.6918149349
2.565625	3.6929563710
2.56875	3.6940980948
2.571875	3.6952401060
2.575	3.6963824042
2.578125	3.6975249893
2.58125	3.6986678610
2.584375	3.6998110189
2.5875	3.7009544628
2.590625	3.7020981925
2.59375	3.7032422077
2.596875	3.7043865081
2.6	3.7055310934
2.603125	3.7066759635
2.60625	3.7078211180
2.609375	3.7089665567
2.6125	3.7101122794
2.615625	3.7112582857
2.61875	3.7124045755
2.621875	3.7135511486
2.625	3.7146980045
2.628125	3.7158451432
2.63125	3.7169925644
2.634375	3.7181402678
2.6375	3.7192882533
2.640625	3.7204365205
2.64375	3.7215850692
2.646875	3.7227338993
2.65	3.7238830105
2.653125	3.7250324025
2.65625	3.7261820752
2.659375	3.7273320282
2.6625	3.7284822615
2.665625	3.7296327748
2.66875	3.7307835679
2.671875	3.7319346405
2.675	3.7330859925
2.678125	3.7342376236
2.68125	3.7353895337
2.684375	3.7365417225
2.6875	3.7376941898
2.690625	3.7388469354
2.69375	3.7399999593
2.696875	3.7411532610
2.7	3.7423068405
2.703125	3.7434606976
2.70625	3.7446148320
2.709375	3.7457692436
2.7125	3.7469239322
2.715625	3.7480788977
2.71875	3.7492341398
2.721875	3.7503896583
2.725	3.7515454532
2.728125	3.7527015242
2.73125	3.7538578711
2.734375	3.7550144938
2.7375	3.7561713921
2.740625	3.7573285658
2.74375	3.7584860149
2.746875	3.7596437391
2.75	3.7608017382
2.753125	3.7619600122
2.75625	3.7631185608
2.759375	3.7642773839
2.7625	3.7654364815
2.765625	3.7665958532
2.76875	3.7677554990
2.771875	3.7689154188
2.775	3.7700756123
2.778125	3.7712360796
2.78125	3.7723968203
2.784375	3.7735578345
2.7875	3.7747191219
2.790625	3.7758806825
2.79375	3.7770425160
2.796875	3.7782046225
2.8	3.7793670018
2.803125	3.7805296537
2.80625	3.7816925782
2.809375	3.7828557751
2.8125	3.7840192443
2.815625	3.7851829858
2.81875	3.7863469993
2.821875	3.7875112849
2.825	3.7886758424
2.828125	3.7898406717
2.83125	3.7910057727
2.834375	3.7921711453
2.8375	3.7933367895
2.840625	3.7945027051
2.84375	3.7956688920
2.846875	3.7968353503
2.85	3.7980020797
2.853125	3.7991690803
2.85625	3.8003363519
2.859375	3.8015038945
2.8625	3.8026717079
2.865625	3.8038397923
2.86875	3.8050081473
2.871875	3.8061767731
2.875	3.8073456696
2.878125	3.8085148366
2.88125	3.8096842742
2.884375	3.8108539822
2.8875	3.8120239607
2.890625	3.8131942096
2.89375	3.8143647288
2.896875	3.8155355183
2.9	3.8167065781
2.903125	3.8178779081
2.90625	3.8190495083
2.909375	3.8202213787
2.9125	3.8213935192
2.915625	3.8225659298
2.91875	3.8237386105
2.921875	3.8249115613
2.925	3.8260847821
2.928125	3.8272582730
2.93125	3.8284320339
2.934375	3.8296060648
2.9375	3.8307803657
2.940625	3.8319549366
2.94375	3.8331297776
2.946875	3.8343048885
2.95	3.8354802695
2.953125	3.8366559204
2.95625	3.8378318414
2.959375	3.8390080325
2.9625	3.8401844936
2.965625	3.8413612249
2.96875	3.8425382262
2.971875	3.8437154976
2.975	3.8448930392
2.978125	3.8460708510
2.98125	3.8472489331
2.984375	3.8484272854
2.9875	3.8496059080
2.990625	3.8507848009
2.99375	3.8519639643
2.996875	3.8531433981
3.0	3.8543231023
3.003125	3.8555030772
3.00625	3.8566833226
3.009375	3.8578638387
3.0125	3.8590446256
3.015625	3.8602256832
3.01875	3.8614070117
3.021875	3.8625886112
3.025	3.8637704817
3.028125	3.8649526233
3.03125	3.8661350360
3.034375	3.8673177201
3.0375	3.8685006755
3.040625	3.8696839024
3.04375	3.8708674008
3.046875	3.8720511708
3.05	3.8732352127
3.053125	3.8744195263
3.05625	3.8756041120
3.059375	3.8767889697
3.0625	3.8779740996
3.065625	3.8791595019
3.06875	3.8803451765
3.071875	3.8815311238
3.075	3.8827173437
3.078125	3.8839038364
3.08125	3.8850906021
3.084375	3.8862776409
3.0875	3.8874649530
3.090625	3.8886525384
3.09375	3.8898403974
3.096875	3.8910285300
3.1	3.8922169365
3.103125	3.8934056170
3.10625	3.8945945717
3.109375	3.8957838007
3.1125	3.8969733042
3.115625	3.8981630824
3.11875	3.8993531355
3.121875	3.9005434636
3.125	3.9017340669
3.128125	3.9029249457
3.13125	3.9041161000
3.134375	3.9053075302
3.1375	3.9064992363
3.140625	3.9076912187
3.14375	3.9088834774
3.146875	3.9100760128
3.15	3.9112688251
3.153125	3.9124619144
3.15625	3.9136552810
3.159375	3.9148489250
3.1625	3.9160428469
3.165625	3.9172370467
3.16875	3.9184315247
3.171875	3.9196262811
3.175	3.9208213163
3.178125	3.9220166304
3.18125	3.9232122237
3.184375	3.9244080965
3.1875	3.9256042490
3.190625	3.9268006814
3.19375	3.9279973942
3.196875	3.9291943875
3.2	3.9303916616
3.203125	3.9315892167
3.20625	3.9327870533
3.209375	3.9339851715
3.2125	3.9351835718
3.215625	3.9363822542
3.21875	3.9375812193
3.221875	3.9387804672
3.225	3.9399799983
3.228125	3.9411798130
3.23125	3.9423799114
3.234375	3.9435802940
3.2375	3.9447809611
3.240625	3.9459819131
3.24375	3.9471831502
3.246875	3.9483846728
3.25	3.9495864812
3.253125	3.9507885758
3.25625	3.9519909571
3.259375	3.9531936252
3.2625	3.9543965806
3.265625	3.9555998237
3.26875	3.9568033548
3.271875	3.9580071744
3.275	3.9592112827
3.278125	3.9604156803
3.28125	3.9616203674
3.284375	3.9628253445
3.2875	3.9640306120
3.290625	3.9652361703
3.29375	3.9664420199
3.296875	3.9676481611
3.3	3.9688545943
3.303125	3.9700613200
3.30625	3.9712683387
3.309375	3.9724756507
3.3125	3.9736832566
3.315625	3.9748911567
3.31875	3.9760993515
3.321875	3.9773078415
3.325	3.9785166271
3.328125	3.9797257089
3.33125	3.9809350873
3.334375	3.9821447627
3.3375	3.9833547357
3.340625	3.9845650068
3.34375	3.9857755764
3.346875	3.9869864450
3.35	3.9881976133
3.353125	3.9894090816
3.35625	3.9906208505
3.359375	3.9918329206
3.3625	3.9930452923
3.365625	3.9942579662
3.36875	3.9954709429
3.371875	3.9966842228
3.375	3.9978978066
3.378125	3.9991116949
3.38125	4.0003258881
3.384375	4.0015403868
3.3875	4.0027551917
3.390625	4.0039703033
3.39375	4.0051857222
3.396875	4.0064014491
3.4	4.0076174844
3.403125	4.0088338289
3.40625	4.0100504831
3.409375	4.0112674476
3.4125	4.0124847232
3.415625	4.0137023103
3.41875	4.0149202098
3.421875	4.0161384222
3.425	4.0173569481
3.428125	4.0185757883
3.43125	4.0197949434
3.434375	4.0210144141
3.4375	4.0222342010
3.440625	4.0234543049
3.44375	4.0246747265
3.446875	4.0258954664
3.45	4.0271165254
3.453125	4.0283379042
3.45625	4.0295596034
3.459375	4.0307816239
3.4625	4.0320039664
3.465625	4.0332266317
3.46875	4.0344496204
3.471875	4.0356729333
3.475	4.0368965713
3.478125	4.0381205350
3.48125	4.0393448253
3.484375	4.0405694430
3.4875	4.0417943888
3.490625	4.0430196637
3.49375	4.0442452683
3.496875	4.0454712035
3.5	4.0466974701
3.503125	4.0479240690
3.50625	4.0491510011
3.509375	4.0503782671
3.5125	4.0516058679
3.515625	4.0528338045
3.51875	4.0540620777
3.521875	4.0552906884
3.525	4.0565196374
3.528125	4.0577489257
3.53125	4.0589785543
3.534375	4.0602085239
3.5375	4.0614388356
3.540625	4.0626694903
3.54375	4.0639004890
3.546875	4.0651318326
3.55	4.0663635220
3.553125	4.0675955583
3.55625	4.0688279424
3.559375	4.0700606754
3.5625	4.0712937582
3.565625	4.0725271919
3.56875	4.0737609774
3.571875	4.0749951159
3.575	4.0762296083
3.578125	4.0774644558
3.58125	4.0786996593
3.584375	4.0799352200
3.5875	4.0811711389
3.590625	4.0824074171
3.59375	4.0836440558
3.596875	4.0848810560
3.6	4.0861184189
3.603125	4.0873561457
3.60625	4.0885942374
3.609375	4.0898326952
3.6125	4.0910715203
3.615625	4.0923107139
3.61875	4.0935502771
3.621875	4.0947902113
3.625	4.0960305175
3.628125	4.0972711970
3.63125	4.0985122510
3.634375	4.0997536809
3.6375	4.1009954878
3.640625	4.1022376730
3.64375	4.1034802379
3.646875	4.1047231837
3.65	4.1059665117
3.653125	4.1072102232
3.65625	4.1084543196
3.659375	4.1096988023
3.6625	4.1109436725
3.665625	4.1121889318
3.66875	4.1134345813
3.671875	4.1146806226
3.675	4.1159270571
3.678125	4.1171738861
3.68125	4.1184211112
3.684375	4.1196687338
3.6875	4.1209167553
3.690625	4.1221651773
3.69375	4.1234140012
3.696875	4.1246632285
3.7	4.1259128608
3.703125	4.1271628996
3.70625	4.1284133465
3.709375	4.1296642030
3.7125	4.1309154707
3.715625	4.1321671512
3.71875	4.1334192462
3.721875	4.1346717572
3.725	4.1359246860
3.728125	4.1371780341
3.73125	4.1384318033
3.734375	4.1396859953
3.7375	4.1409406117
3.740625	4.1421956543
3.74375	4.1434511248
3.746875	4.1447070251
3.75	4.1459633569
3.753125	4.1472201219
3.75625	4.1484773220
3.759375	4.1497349591
3.7625	4.1509930350
3.765625	4.1522515516
3.76875	4.1535105107
3.771875	4.1547699142
3.775	4.1560297642
3.778125	4.1572900625
3.78125	4.1585508111
3.784375	4.1598120120
3.7875	4.1610736672
3.790625	4.1623357787
3.79375	4.1635983486
3.796875	4.1648613789
3.8	4.1661248718
3.803125	4.1673888293
3.80625	4.1686532535
3.809375	4.1699181467
3.8125	4.1711835110
3.815625	4.1724493486
3.81875	4.1737156617
3.821875	4.1749824526
3.825	4.1762497235
3.828125	4.1775174767
3.83125	4.1787857145
3.834375	4.1800544394
3.8375	4.1813236535
3.840625	4.1825933594
3.84375	4.1838635594
3.846875	4.1851342560
3.85	4.1864054516
3.853125	4.1876771488
3.85625	4.1889493500
3.859375	4.1902220578
3.8625	4.1914952747
3.865625	4.1927690034
3.86875	4.1940432465
3.871875	4.1953180066
3.875	4.1965932865
3.878125	4.1978690887
3.88125	4.1991454162
3.884375	4.2004222716
3.8875	4.2016996577
3.890625	4.2029775774
3.89375	4.2042560336
3.896875	4.2055350291
3.9	4.2068145669
3.903125	4.2080946499
3.90625	4.2093752811
3.909375	4.2106564636
3.9125	4.2119382004
3.915625	4.2132204946
3.91875	4.2145033494
3.921875	4.2157867678
3.925	4.2170707532
3.928125	4.2183553087
3.93125	4.2196404377
3.934375	4.2209261434
3.9375	4.2222124292
3.940625	4.2234992985
3.94375	4.2247867548
3.946875	4.2260748014
3.95	4.2273634419
3.953125	4.2286526799
3.95625	4.2299425190
3.959375	4.2312329628
3.9625	4.2325240150
3.965625	4.2338156793
3.96875	4.2351079595
3.971875	4.2364008594
3.975	4.2376943829
3.978125	4.2389885339
3.98125	4.2402833163
3.984375	4.2415787342
3.9875	4.2428747917
3.990625	4.2441714928
3.99375	4.2454688417
3.996875	4.2467668426
4.0	4.2480654998
4.003125	4.2493648176
4.00625	4.2506648004
4.009375	4.2519654526
4.0125	4.2532667788
4.015625	4.2545687834
4.01875	4.2558714710
4.021875	4.2571748465
4.025	4.2584789144
4.028125	4.2597836796
4.03125	4.2610891469
4.034375	4.2623953212
4.0375	4.2637022076
4.040625	4.2650098111
4.04375	4.2663181368
4.046875	4.2676271899
4.05	4.2689369757
4.053125	4.2702474996
4.05625	4.2715587668
4.059375	4.2728707830
4.0625	4.2741835537
4.065625	4.2754970845
4.06875	4.2768113812
4.071875	4.2781264495
4.075	4.2794422954
4.078125	4.2807589249
4.08125	4.2820763439
4.084375	4.2833945587
4.0875	4.2847135755
4.090625	4.2860334006
4.09375	4.2873540405
4.096875	4.2886755016
4.1	4.2899977907
4.103125	4.2913209144
4.10625	4.2926448796
4.109375	4.2939696932
4.1125	4.2952953623
4.115625	4.2966218939
4.11875	4.2979492955
4.121875	4.2992775743
4.125	4.3006067378
4.128125	4.3019367937
4.13125	4.3032677498
4.134375	4.3045996138
4.1375	4.3059323939
4.140625	4.3072660980
4.14375	4.3086007346
4.146875	4.3099363120
4.15	4.3112728387
4.153125	4.3126103235
4.15625	4.3139487753
4.159375	4.3152882029
4.1625	4.3166286156
4.165625	4.3179700227
4.16875	4.3193124336
4.171875	4.3206558581
4.175	4.3220003060
4.178125	4.3233457872
4.18125	4.3246923121
4.184375	4.3260398909
4.1875	4.3273885342
4.190625	4.3287382529
4.19375	4.3300890579
4.196875	4.3314409604
4.2	4.3327939718
4.203125	4.3341481038
4.20625	4.3355033682
4.209375	4.3368597772
4.2125	4.3382173431
4.215625	4.3395760785
4.21875	4.3409359963
4.221875	4.3422971095
4.225	4.3436594317
4.228125	4.3450229765
4.23125	4.3463877579
4.234375	4.3477537901
4.2375	4.3491210878
4.240625	4.3504896660
4.24375	4.3518595398
4.246875	4.3532307249
4.25	4.3546032372
4.253125	4.3559770931
4.25625	4.3573523093
4.259375	4.3587289029
4.2625	4.3601068914
4.265625	4.3614862928
4.26875	4.3628671255
4.271875	4.3642494083
4.275	4.3656331606
4.278125	4.3670184021
4.28125	4.3684051532
4.284375	4.3697934348
4.2875	4.3711832683
4.290625	4.3725746756
4.29375	4.3739676795
4.296875	4.3753623031
4.3	4.3767585702
4.303125	4.3781565055
4.30625	4.3795561343
4.309375	4.3809574824
4.3125	4.3823605769
4.315625	4.3837654451
4.31875	4.3851721157
4.321875	4.3865806178
4.325	4.3879909819
4.328125	4.3894032392
4.33125	4.3908174220
4.334375	4.3922335636
4.3375	4.3936516986
4.340625	4.3950718626
4.34375	4.3964940927
4.346875	4.3979184271
4.35	4.3993449056
4.353125	4.4007735694
4.35625	4.4022044612
4.359375	4.4036376256
4.3625	4.4050731086
4.365625	4.4065109586
4.36875	4.4079512255
4.371875	4.4093939616
4.375	4.4108392215
4.378125	4.4122870621
4.38125	4.4137375430
4.384375	4.4151907267
4.3875	4.4166466784
4.390625	4.4181054669
4.39375	4.4195671641
4.396875	4.4210318461
4.4	4.4224995928
4.403125	4.4239704887
4.40625	4.4254446229
4.409375	4.4269220900
4.4125	4.4284029903
4.415625	4.4298874305
4.41875	4.4313755242
4.421875	4.4328673928
4.425	4.4343631663
4.428125	4.4358629842
4.43125	4.4373669966
4.434375	4.4388753661
4.4375	4.4403882684
4.440625	4.4419058950
4.44375	4.4434284552
4.446875	4.4449561786
4.45	4.4464893188
4.453125	4.4480281574
4.45625	4.4495730088
4.459375	4.4511242273
4.4625	4.4526822154
4.465625	4.4542474345
4.46875	4.4558204208
4.471875	4.4574018054
4.475	4.4589923443
4.478125	4.4605929626
4.48125	4.4622048233
4.484375	4.4638294413
4.4875	4.4654688902
4.490625	4.4671262211
4.49375	4.4688064924
4.496875	4.4705203526
4.5	4.4723711649
4.503125	4.4743547583
4.50625	4.4763677931
4.509375	4.4784016319
4.5125	4.4804509741
4.515625	4.4825130472
4.51875	4.4845857155
4.521875	4.4866675184
4.525	4.4887572626
4.528125	4.4908540246
4.53125	4.4929570247
4.534375	4.4950656182
4.5375	4.4971792475
4.540625	4.4992974328
4.54375	4.5014197516
4.546875	4.5035458307
4.55	4.5056753364
4.553125	4.5078079690
4.55625	4.5099434569
4.559375	4.5120815532
4.5625	4.5142220320
4.565625	4.5163646857
4.56875	4.5185093228
4.571875	4.5206557662
4.575	4.5228038512
4.578125	4.5249534245
4.58125	4.5271043429
4.584375	4.5292564724
4.5875	4.5314096870
4.590625	4.5335638683
4.59375	4.5357189048
4.596875	4.5378746911
4.6	4.5400311277
4.603125	4.5421881200
4.60625	4.5443455787
4.609375	4.5465034187
4.6125	4.5486615590
4.615625	4.5508199227
4.61875	4.5529784362
4.621875	4.5551370295
4.625	4.5572956355
4.628125	4.5594541903
4.63125	4.5616126324
4.634375	4.5637709031
4.6375	4.5659289462
4.640625	4.5680867075
4.64375	4.5702441351
4.646875	4.5724011791
4.65	4.5745577916
4.653125	4.5767139265
4.65625	4.5788695392
4.659375	4.5810245870
4.6625	4.5831790287
4.665625	4.5853328245
4.66875	4.5874859359
4.671875	4.5896383260
4.675	4.5917899590
4.678125	4.5939408003
4.68125	4.5960908166
4.684375	4.5982399755
4.6875	4.6003882457
4.690625	4.6025355972
4.69375	4.6046820007
4.696875	4.6068274277
4.7	4.6089718510
4.703125	4.6111152439
4.70625	4.6132575807
4.709375	4.6153988365
4.7125	4.6175389870
4.715625	4.6196780088
4.71875	4.6218158791
4.721875	4.6239525758
4.725	4.6260880776
4.728125	4.6282223636
4.73125	4.6303554136
4.734375	4.6324872080
4.7375	4.6346177277
4.740625	4.6367469544
4.74375	4.6388748699
4.746875	4.6410014568
4.75	4.6431266982
4.753125	4.6452505776
4.75625	4.6473730789
4.759375	4.6494941866
4.7625	4.6516138855
4.765625	4.6537321608
4.76875	4.6558489983
4.771875	4.6579643840
4.775	4.6600783043
4.778125	4.6621907461
4.78125	4.6643016965
4.784375	4.6664111431
4.7875	4.6685190737
4.790625	4.6706254766
4.79375	4.6727303402
4.796875	4.6748336533
4.8	4.6769354051
4.803125	4.6790355850
4.80625	4.6811341827
4.809375	4.6832311882
4.8125	4.6853265917
4.815625	4.6874203837
4.81875	4.6895125549
4.821875	4.6916030965
4.825	4.6936919996
4.828125	4.6957792558
4.83125	4.6978648567
4.834375	4.6999487944
4.8375	4.7020310609
4.840625	4.7041116486
4.84375	4.7061905502
4.846875	4.7082677584
4.85	4.7103432662
4.853125	4.7124170667
4.85625	4.7144891534
4.859375	4.7165595197
4.8625	4.7186281595
4.865625	4.7206950665
4.86875	4.7227602349
4.871875	4.7248236588
4.875	4.7268853328
4.878125	4.7289452513
4.88125	4.7310034090
4.884375	4.7330598008
4.8875	4.7351144218
4.890625	4.7371672670
4.89375	4.7392183317
4.896875	4.7412676115
4.9	4.7433151018
4.903125	4.7453607984
4.90625	4.7474046971
4.909375	4.7494467937
4.9125	4.7514870845
4.915625	4.7535255657
4.91875	4.7555622334
4.921875	4.7575970842
4.925	4.7596301146
4.928125	4.7616613212
4.93125	4.7636907008
4.934375	4.7657182504
4.9375	4.7677439668
4.940625	4.7697678471
4.94375	4.7717898885
4.946875	4.7738100883
4.95	4.7758284438
4.953125	4.7778449526
4.95625	4.7798596120
4.959375	4.7818724199
4.9625	4.7838833739
4.965625	4.7858924718
4.96875	4.7878997116
4.971875	4.7899050911
4.975	4.7919086085
4.978125	4.7939102620
4.98125	4.7959100497
4.984375	4.7979079698
4.9875	4.7999040209
4.990625	4.8018982014
4.99375	4.8038905096
4.996875	4.8058809444
5.0	4.8078695042
5.003125	4.8098561878
5.00625	4.8118409940
5.009375	4.8138239216
5.0125	4.8158049696
5.015625	4.8177841370
5.01875	4.8197614227
5.021875	4.8217368260
5.025	4.8237103458
5.028125	4.8256819815
5.03125	4.8276517324
5.034375	4.8296195977
5.0375	4.8315855769
5.040625	4.8335496693
5.04375	4.8355118745
5.046875	4.8374721920
5.05	4.8394306214
5.053125	4.8413871624
5.05625	4.8433418146
5.059375	4.8452945778
5.0625	4.8472454517
5.065625	4.8491944362
5.06875	4.8511415312
5.071875	4.8530867365
5.075	4.8550300523
5.078125	4.8569714783
5.08125	4.8589110148
5.084375	4.8608486618
5.0875	4.8627844194
5.090625	4.8647182878
5.09375	4.8666502672
5.096875	4.8685803579
5.1	4.8705085601
5.103125	4.8724348741
5.10625	4.8743593004
5.109375	4.8762818393
5.1125	4.8782024913
5.115625	4.8801212567
5.11875	4.8820381362
5.121875	4.8839531302
5.125	4.8858662393
5.128125	4.8877774640
5.13125	4.8896868051
5.134375	4.8915942632
5.1375	4.8934998389
5.140625	4.8954035330
5.14375	4.8973053462
5.146875	4.8992052792
5.15	4.9011033330
5.153125	4.9029995083
5.15625	4.9048938060
5.159375	4.9067862269
5.1625	4.9086767720
5.165625	4.9105654422
5.16875	4.9124522384
5.171875	4.9143371617
5.175	4.9162202131
5.178125	4.9181013935
5.18125	4.9199807041
5.184375	4.9218581458
5.1875	4.9237337199
5.190625	4.9256074275
5.19375	4.9274792696
5.196875	4.9293492474
5.2	4.9312173622
5.203125	4.9330836152
5.20625	4.9349480075
5.209375	4.9368105404
5.2125	4.9386712152
5.215625	4.9405300332
5.21875	4.9423869956
5.221875	4.9442421039
5.225	4.9460953593
5.228125	4.9479467631
5.23125	4.9497963169
5.234375	4.9516440219
5.2375	4.9534898796
5.240625	4.9553338914
5.24375	4.9571760587
5.246875	4.9590163831
5.25	4.9608548659
5.253125	4.9626915087
5.25625	4.9645263129
5.259375	4.9663592801
5.2625	4.9681904119
5.265625	4.9700197097
5.26875	4.9718471752
5.271875	4.9736728099
5.275	4.9754966153
5.278125	4.9773185932
5.28125	4.9791387451
5.284375	4.9809570726
5.2875	4.9827735774
5.290625	4.9845882611
5.29375	4.9864011254
5.296875	4.9882121720
5.3	4.9900214025
5.303125	4.9918288187
5.30625	4.9936344222
5.309375	4.9954382149
5.3125	4.9972401983
5.315625	4.9990403743
5.31875	5.0008387446
5.321875	5.0026353110
5.325	5.0044300752
5.328125	5.0062230391
5.33125	5.0080142043
5.334375	5.0098035728
5.3375	5.0115911462
5.340625	5.0133769265
5.34375	5.0151609155
5.346875	5.0169431149
5.35	5.0187235267
5.353125	5.0205021527
5.35625	5.0222789947
5.359375	5.0240540546
5.3625	5.0258273343
5.365625	5.0275988357
5.36875	5.0293685606
5.371875	5.0311365110
5.375	5.0329026888
5.378125	5.0346670958
5.38125	5.0364297339
5.384375	5.0381906052
5.3875	5.0399497115
5.390625	5.0417070548
5.39375	5.0434626370
5.396875	5.0452164601
5.4	5.0469685260
5.403125	5.0487188366
5.40625	5.0504673940
5.409375	5.0522142001
5.4125	5.0539592569
5.415625	5.0557025663
5.41875	5.0574441304
5.421875	5.0591839511
5.425	5.0609220305
5.428125	5.0626583705
5.43125	5.0643929732
5.434375	5.0661258405
5.4375	5.0678569744
5.440625	5.0695863771
5.44375	5.0713140505
5.446875	5.0730399966
5.45	5.0747642175
5.453125	5.0764867151
5.45625	5.0782074916
5.459375	5.0799265490
5.4625	5.0816438893
5.465625	5.0833595146
5.46875	5.0850734269
5.471875	5.0867856283
5.475	5.0884961208
5.478125	5.0902049066
5.48125	5.0919119876
5.484375	5.0936173659
5.4875	5.0953210436
5.490625	5.0970230228
5.49375	5.0987233055
5.496875	5.1004218939
5.5	5.1021187605
5.503125	5.1038133446
5.50625	5.1055056671
5.509375	5.1071957314
5.5125	5.1088835462
5.515625	5.1105691170
5.51875	5.1122524504
5.521875	5.1139335524
5.525	5.1156124289
5.528125	5.1172890857
5.53125	5.1189635287
5.534375	5.1206357637
5.5375	5.1223057962
5.540625	5.1239736320
5.54375	5.1256392767
5.546875	5.1273027358
5.55	5.1289640148
5.553125	5.1306231192
5.55625	5.1322800546
5.559375	5.1339348263
5.5625	5.1355874398
5.565625	5.1372379004
5.56875	5.1388862135
5.571875	5.1405323844
5.575	5.1421764184
5.578125	5.1438183208
5.58125	5.1454580968
5.584375	5.1470957517
5.5875	5.1487312906
5.590625	5.1503647188
5.59375	5.1519960414
5.596875	5.1536252636
5.6	5.1552523904
5.603125	5.1568774270
5.60625	5.1585003784
5.609375	5.1601212497
5.6125	5.1617400459
5.615625	5.1633567720
5.61875	5.1649714330
5.621875	5.1665840338
5.625	5.1681945795
5.628125	5.1698030750
5.63125	5.1714095251
5.634375	5.1730139348
5.6375	5.1746163089
5.640625	5.1762166523
5.64375	5.1778149698
5.646875	5.1794112662
5.65	5.1810055463
5.653125	5.1825978150
5.65625	5.1841880768
5.659375	5.1857763367
5.6625	5.1873625994
5.665625	5.1889468694
5.66875	5.1905291516
5.671875	5.1921094505
5.675	5.1936877709
5.678125	5.1952641173
5.68125	5.1968384945
5.684375	5.1984109069
5.6875	5.1999813592
5.690625	5.2015498559
5.69375	5.2031164016
5.696875	5.2046810009
5.7	5.2062436581
5.703125	5.2078043779
5.70625	5.2093631648
5.709375	5.2109200231
5.7125	5.2124749573
5.715625	5.2140279719
5.71875	5.2155790713
5.721875	5.2171282598
5.725	5.2186755420
5.728125	5.2202209220
5.73125	5.2217644044
5.734375	5.2233059934
5.7375	5.2248456934
5.740625	5.2263835086
5.74375	5.2279194434
5.746875	5.2294535020
5.75	5.2309856887
5.753125	5.2325160078
5.75625	5.2340444634
5.759375	5.2355710598
5.7625	5.2370958012
5.765625	5.2386186918
5.76875	5.2401397358
5.771875	5.2416589372
5.775	5.2431763003
5.778125	5.2446918292
5.78125	5.2462055280
5.784375	5.2477174008
5.7875	5.2492274516
5.790625	5.2507356846
5.79375	5.2522421038
5.796875	5.2537467133
5.8	5.2552495170
5.803125	5.2567505191
5.80625	5.2582497234
5.809375	5.2597471341
5.8125	5.2612427550
5.815625	5.2627365901
5.81875	5.2642286434
5.821875	5.2657189187
5.825	5.2672074201
5.828125	5.2686941515
5.83125	5.2701791166
5.834375	5.2716623195
5.8375	5.2731437639
5.840625	5.2746234538
5.84375	5.2761013929
5.846875	5.2775775851
5.85	5.2790520342
5.853125	5.2805247440
5.85625	5.2819957183
5.859375	5.2834649609
5.8625	5.2849324756
5.865625	5.2863982660
5.86875	5.2878623359
5.871875	5.2893246891
5.875	5.2907853293
5.878125	5.2922442602
5.88125	5.2937014854
5.884375	5.2951570086
5.8875	5.2966108336
5.890625	5.2980629639
5.89375	5.2995134032
5.896875	5.3009621552
5.9	5.3024092233
5.903125	5.3038546114
5.90625	5.3052983228
5.909375	5.3067403613
5.9125	5.3081807304
5.915625	5.3096194336
5.91875	5.3110564745
5.921875	5.3124918567
5.925	5.3139255836
5.928125	5.3153576588
5.93125	5.3167880857
5.934375	5.3182168679
5.9375	5.3196440088
5.940625	5.3210695120
5.94375	5.3224933808
5.946875	5.3239156186
5.95	5.3253362290
5.953125	5.3267552154
5.95625	5.3281725811
5.959375	5.3295883296
5.9625	5.3310024643
5.965625	5.3324149884
5.96875	5.3338259055
5.971875	5.3352352189
5.975	5.3366429318
5.978125	5.3380490477
5.98125	5.3394535698
5.984375	5.3408565015
5.9875	5.3422578461
5.990625	5.3436576068
5.99375	5.3450557870
5.996875	5.3464523900
6.0	5.3478474189
6.003125	5.3492408771
6.00625	5.3506327677
6.009375	5.3520230941
6.0125	5.3534118593
6.015625	5.3547990668
6.01875	5.3561847196
6.021875	5.3575688209
6.025	5.3589513739
6.028125	5.3603323818
6.03125	5.3617118478
6.034375	5.3630897750
6.0375	5.3644661665
6.040625	5.3658410255
6.04375	5.3672143551
6.046875	5.3685861584
6.05	5.3699564385
6.053125	5.3713251985
6.05625	5.3726924415
6.059375	5.3740581705
6.0625	5.3754223887
6.065625	5.3767850991
6.06875	5.3781463047
6.071875	5.3795060085
6.075	5.3808642136
6.078125	5.3822209231
6.08125	5.3835761398
6.084375	5.3849298669
6.0875	5.3862821073
6.090625	5.3876328640
6.09375	5.3889821399
6.096875	5.3903299380
6.1	5.3916762613
6.103125	5.3930211127
6.10625	5.3943644952
6.109375	5.3957064117
6.1125	5.3970468651
6.115625	5.3983858582
6.11875	5.3997233941
6.121875	5.4010594756
6.125	5.4023941056
6.128125	5.4037272869
6.13125	5.4050590225
6.134375	5.4063893151
6.1375	5.4077181677
6.140625	5.4090455830
6.14375	5.4103715639
6.146875	5.4116961133
6.15	5.4130192339
6.153125	5.4143409286
6.15625	5.4156612001
6.159375	5.4169800512
6.1625	5.4182974848
6.165625	5.4196135035
6.16875	5.4209281102
6.171875	5.4222413076
6.175	5.4235530985
6.178125	5.4248634855
6.18125	5.4261724715
6.184375	5.4274800592
6.1875	5.4287862512
6.190625	5.4300910503
6.19375	5.4313944592
6.196875	5.4326964805
6.2	5.4339971171
6.203125	5.4352963714
6.20625	5.4365942463
6.209375	5.4378907443
6.2125	5.4391858682
6.215625	5.4404796205
6.21875	5.4417720039
6.221875	5.4430630210
6.225	5.4443526745
6.228125	5.4456409670
6.23125	5.4469279010
6.234375	5.4482134792
6.2375	5.4494977042
6.240625	5.4507805786
6.24375	5.4520621048
6.246875	5.4533422856
6.25	5.4546211234
6.253125	5.4558986209
6.25625	5.4571747805
6.259375	5.4584496048
6.2625	5.4597230964
6.265625	5.4609952577
6.26875	5.4622660914
6.271875	5.4635355998
6.275	5.4648037855
6.278125	5.4660706510
6.28125	5.4673361988
6.284375	5.4686004314
6.2875	5.4698633512
6.290625	5.4711249607
6.29375	5.4723852624
6.296875	5.4736442587
6.3	5.4749019522
6.303125	5.4761583451
6.30625	5.4774134400
6.309375	5.4786672393
6.3125	5.4799197453
6.315625	5.4811709606
6.31875	5.4824208875
6.321875	5.4836695285
6.325	5.4849168858
6.328125	5.4861629620
6.33125	5.4874077593
6.334375	5.4886512802
6.3375	5.4898935270
6.340625	5.4911345021
6.34375	5.4923742078
6.346875	5.4936126465
6.35	5.4948498205
6.353125	5.4960857322
6.35625	5.4973203838
6.359375	5.4985537778
6.3625	5.4997859164
6.365625	5.5010168019
6.36875	5.5022464366
6.371875	5.5034748228
6.375	5.5047019629
6.378125	5.5059278591
6.38125	5.5071525136
6.384375	5.5083759287
6.3875	5.5095981068
6.390625	5.5108190500
6.39375	5.5120387607
6.396875	5.5132572409
6.4	5.5144744931
6.403125	5.5156905194
6.40625	5.5169053221
6.409375	5.5181189033
6.4125	5.5193312653
6.415625	5.5205424104
6.41875	5.5217523406
6.421875	5.5229610582
6.425	5.5241685654
6.428125	5.5253748644
6.43125	5.5265799573
6.434375	5.5277838463
6.4375	5.5289865337
6.440625	5.5301880215
6.44375	5.5313883119
6.446875	5.5325874070
6.45	5.5337853090
6.453125	5.5349820201
6.45625	5.5361775423
6.459375	5.5373718779
6.4625	5.5385650288
6.465625	5.5397569973
6.46875	5.5409477854
6.471875	5.5421373953
6.475	5.5433258289
6.478125	5.5445130886
6.48125	5.5456991762
6.484375	5.5468840939
6.4875	5.5480678438
6.490625	5.5492504280
6.49375	5.5504318484
6.496875	5.5516121073
6.5	5.5527912065
6.503125	5.5539691482
6.50625	5.5551459344
6.509375	5.5563215672
6.5125	5.5574960486
6.515625	5.5586693805
6.51875	5.5598415651
6.521875	5.5610126043
6.525	5.5621825002
6.528125	5.5633512547
6.53125	5.5645188699
6.534375	5.5656853478
6.5375	5.5668506902
6.540625	5.5680148993
6.54375	5.5691779771
6.546875	5.5703399253
6.55	5.5715007462
6.553125	5.5726604415
6.55625	5.5738190133
6.559375	5.5749764636
6.5625	5.5761327942
6.565625	5.5772880071
6.56875	5.5784421042
6.571875	5.5795950876
6.575	5.5807469590
6.578125	5.5818977205
6.58125	5.5830473740
6.584375	5.5841959213
6.5875	5.5853433643
6.590625	5.5864897051
6.59375	5.5876349454
6.596875	5.5887790872
6.6	5.5899221323
6.603125	5.5910640827
6.60625	5.5922049402
6.609375	5.5933447067
6.6125	5.5944833840
6.615625	5.5956209741
6.61875	5.5967574787
6.621875	5.5978928998
6.625	5.5990272392
6.628125	5.6001604987
6.63125	5.6012926801
6.634375	5.6024237854
6.6375	5.6035538163
6.640625	5.6046827747
6.64375	5.6058106624
6.646875	5.6069374812
6.65	5.6080632328
6.653125	5.6091879193
6.65625	5.6103115422
6.659375	5.6114341035
6.6625	5.6125556048
6.665625	5.6136760481
6.66875	5.6147954351
6.671875	5.6159137676
6.675	5.6170310473
6.678125	5.6181472760
6.68125	5.6192624556
6.684375	5.6203765876
6.6875	5.6214896740
6.690625	5.6226017165
6.69375	5.6237127167
6.696875	5.6248226765
6.7	5.6259315977
6.703125	5.6270394818
6.70625	5.6281463307
6.709375	5.6292521462
6.7125	5.6303569298
6.715625	5.6314606834
6.71875	5.6325634086
6.721875	5.6336651072
6.725	5.6347657808
6.728125	5.6358654313
6.73125	5.6369640602
6.734375	5.6380616692
6.7375	5.6391582601
6.740625	5.6402538346
6.74375	5.6413483942
6.746875	5.6424419408
6.75	5.6435344759
6.753125	5.6446260013
6.75625	5.6457165185
6.759375	5.6468060293
6.7625	5.6478945354
6.765625	5.6489820383
6.76875	5.6500685397
6.771875	5.6511540412
6.775	5.6522385446
6.778125	5.6533220514
6.78125	5.6544045633
6.784375	5.6554860819
6.7875	5.6565666088
6.790625	5.6576461456
6.79375	5.6587246940
6.796875	5.6598022556
6.8	5.6608788319
6.803125	5.6619544246
6.80625	5.6630290353
6.809375	5.6641026656
6.8125	5.6651753170
6.815625	5.6662469912
6.81875	5.6673176898
6.821875	5.6683874143
6.825	5.6694561662
6.828125	5.6705239473
6.83125	5.6715907590
6.834375	5.6726566029
6.8375	5.6737214806
6.840625	5.6747853936
6.84375	5.6758483435
6.846875	5.6769103318
6.85	5.6779713601
6.853125	5.6790314300
6.85625	5.6800905429
6.859375	5.6811487004
6.8625	5.6822059041
6.865625	5.6832621554
6.86875	5.6843174559
6.871875	5.6853718071
6.875	5.6864252105
6.878125	5.6874776677
6.88125	5.6885291802
6.884375	5.6895797494
6.8875	5.6906293768
6.890625	5.6916780640
6.89375	5.6927258125
6.896875	5.6937726237
6.9	5.6948184992
6.903125	5.6958634404
6.90625	5.6969074488
6.909375	5.6979505259
6.9125	5.6989926732
6.915625	5.7000338920
6.91875	5.7010741840
6.921875	5.7021135506
6.925	5.7031519932
6.928125	5.7041895132
6.93125	5.7052261122
6.934375	5.7062617916
6.9375	5.7072965528
6.940625	5.7083303973
6.94375	5.7093633266
6.946875	5.7103953419
6.95	5.7114264449
6.953125	5.7124566369
6.95625	5.7134859194
6.959375	5.7145142937
6.9625	5.7155417613
6.965625	5.7165683236
6.96875	5.7175939821
6.971875	5.7186187381
6.975	5.7196425930
6.978125	5.7206655483
6.98125	5.7216876054
6.984375	5.7227087656
6.9875	5.7237290303
6.990625	5.7247484009
6.99375	5.7257668789
6.996875	5.7267844656
7.0	5.7278011624
7.003125	5.7288169706
7.00625	5.7298318917
7.009375	5.7308459270
7.0125	5.7318590778
7.015625	5.7328713456
7.01875	5.7338827318
7.021875	5.7348932375
7.025	5.7359028644
7.028125	5.7369116136
7.03125	5.7379194865
7.034375	5.7389264845
7.0375	5.7399326089
7.040625	5.7409378611
7.04375	5.7419422423
7.046875	5.7429457540
7.05	5.7439483975
7.053125	5.7449501741
7.05625	5.7459510850
7.059375	5.7469511317
7.0625	5.7479503155
7.065625	5.7489486377
7.06875	5.7499460995
7.071875	5.7509427024
7.075	5.7519384475
7.078125	5.7529333363
7.08125	5.7539273700
7.084375	5.7549205499
7.0875	5.7559128773
7.090625	5.7569043535
7.09375	5.7578949798
7.096875	5.7588847574
7.1	5.7598736878
7.103125	5.7608617721
7.10625	5.7618490116
7.109375	5.7628354076
7.1125	5.7638209614
7.115625	5.7648056742
7.11875	5.7657895473
7.121875	5.7667725820
7.125	5.7677547796
7.128125	5.7687361412
7.13125	5.7697166682
7.134375	5.7706963618
7.1375	5.7716752232
7.140625	5.7726532537
7.14375	5.7736304546
7.146875	5.7746068270
7.15	5.7755823723
7.153125	5.7765570917
7.15625	5.7775309863
7.159375	5.7785040574
7.1625	5.7794763064
7.165625	5.7804477342
7.16875	5.7814183423
7.171875	5.7823881318
7.175	5.7833571040
7.178125	5.7843252600
7.18125	5.7852926010
7.184375	5.7862591284
7.1875	5.7872248432
7.190625	5.7881897467
7.19375	5.7891538401
7.196875	5.7901171245
7.2	5.7910796013
7.203125	5.7920412715
7.20625	5.7930021363
7.209375	5.7939621971
7.2125	5.7949214548
7.215625	5.7958799108
7.21875	5.7968375662
7.221875	5.7977944221
7.225	5.7987504798
7.228125	5.7997057405
7.23125	5.8006602052
7.234375	5.8016138752
7.2375	5.8025667516
7.240625	5.8035188356
7.24375	5.8044701284
7.246875	5.8054206310
7.25	5.8063703447
7.253125	5.8073192707
7.25625	5.8082674100
7.259375	5.8092147638
7.2625	5.8101613332
7.265625	5.8111071195
7.26875	5.8120521237
7.271875	5.8129963469
7.275	5.8139397904
7.278125	5.8148824552
7.28125	5.8158243425
7.284375	5.8167654534
7.2875	5.8177057890
7.290625	5.8186453505
7.29375	5.8195841389
7.296875	5.8205221555
7.3	5.8214594012
7.303125	5.8223958772
7.30625	5.8233315847
7.309375	5.8242665247
7.3125	5.8252006983
7.315625	5.8261341067
7.31875	5.8270667509
7.321875	5.8279986321
7.325	5.8289297513
7.328125	5.8298601097
7.33125	5.8307897082
7.334375	5.8317185481
7.3375	5.8326466304
7.340625	5.8335739562
7.34375	5.8345005266
7.346875	5.8354263426
7.35	5.8363514053
7.353125	5.8372757159
7.35625	5.8381992753
7.359375	5.8391220847
7.3625	5.8400441451
7.365625	5.8409654575
7.36875	5.8418860232
7.371875	5.8428058430
7.375	5.8437249181
7.378125	5.8446432496
7.38125	5.8455608384
7.384375	5.8464776857
7.3875	5.8473937925
7.390625	5.8483091598
7.39375	5.8492237887
7.396875	5.8501376802
7.4	5.8510508354
7.403125	5.8519632554
7.40625	5.8528749410
7.409375	5.8537858935
7.4125	5.8546961138
7.415625	5.8556056029
7.41875	5.8565143619
7.421875	5.8574223919
7.425	5.8583296937
7.428125	5.8592362685
7.43125	5.8601421173
7.434375	5.8610472411
7.4375	5.8619516410
7.440625	5.8628553178
7.44375	5.8637582727
7.446875	5.8646605066
7.45	5.8655620206
7.453125	5.8664628156
7.45625	5.8673628928
7.459375	5.8682622530
7.4625	5.8691608972
7.465625	5.8700588265
7.46875	5.8709560419
7.471875	5.8718525444
7.475	5.8727483349
7.478125	5.8736434144
7.48125	5.8745377840
7.484375	5.8754314446
7.4875	5.8763243972
7.490625	5.8772166427
7.49375	5.8781081822
7.496875	5.8789990167
7.5	5.8798891470
7.503125	5.8807785742
7.50625	5.8816672993
7.509375	5.8825553232
7.5125	5.8834426469
7.515625	5.8843292714
7.51875	5.8852151976
7.521875	5.8861004264
7.525	5.8869849589
7.528125	5.8878687960
7.53125	5.8887519387
7.534375	5.8896343879
7.5375	5.8905161445
7.540625	5.8913972095
7.54375	5.8922775839
7.546875	5.8931572686
7.55	5.8940362645
7.553125	5.8949145727
7.55625	5.8957921939
7.559375	5.8966691293
7.5625	5.8975453796
7.565625	5.8984209459
7.56875	5.8992958290
7.571875	5.9001700300
7.575	5.9010435497
7.578125	5.9019163890
7.58125	5.9027885489
7.584375	5.9036600304
7.5875	5.9045308343
7.590625	5.9054009615
7.59375	5.9062704130
7.596875	5.9071391896
7.6	5.9080072924
7.603125	5.9088747222
7.60625	5.9097414799
7.609375	5.9106075664
7.6125	5.9114729827
7.615625	5.9123377296
7.61875	5.9132018080
7.621875	5.9140652189
7.625	5.9149279632
7.628125	5.9157900416
7.63125	5.9166514553
7.634375	5.9175122049
7.6375	5.9183722915
7.640625	5.9192317159
7.64375	5.9200904790
7.646875	5.9209485817
7.65	5.9218060249
7.653125	5.9226628094
7.65625	5.9235189362
7.659375	5.9243744061
7.6625	5.9252292200
7.665625	5.9260833788
7.66875	5.9269368833
7.671875	5.9277897345
7.675	5.9286419332
7.678125	5.9294934802
7.68125	5.9303443765
7.684375	5.9311946229
7.6875	5.9320442202
7.690625	5.9328931694
7.69375	5.9337414713
7.696875	5.9345891267
7.7	5.9354361365
7.703125	5.9362825017
7.70625	5.9371282229
7.709375	5.9379733011
7.7125	5.9388177371
7.715625	5.9396615318
7.71875	5.9405046860
7.721875	5.9413472006
7.725	5.9421890764
7.728125	5.9430303143
7.73125	5.9438709150
7.734375	5.9447108795
7.7375	5.9455502086
7.740625	5.9463889031
7.74375	5.9472269638
7.746875	5.9480643916
7.75	5.9489011873
7.753125	5.9497373518
7.75625	5.9505728858
7.759375	5.9514077902
7.7625	5.9522420659
7.765625	5.9530757136
7.76875	5.9539087342
7.771875	5.9547411284
7.775	5.9555728972
7.778125	5.9564040412
7.78125	5.9572345615
7.784375	5.9580644586
7.7875	5.9588937336
7.790625	5.9597223871
7.79375	5.9605504200
7.796875	5.9613778331
7.8	5.9622046272
7.803125	5.9630308031
7.80625	5.9638563616
7.809375	5.9646813035
7.8125	5.9655056296
7.815625	5.9663293408
7.81875	5.9671524377
7.821875	5.9679749213
7.825	5.9687967922
7.828125	5.9696180513
7.83125	5.9704386994
7.834375	5.9712587373
7.8375	5.9720781657
7.840625	5.9728969855
7.84375	5.9737151974
7.846875	5.9745328022
7.85	5.9753498007
7.853125	5.9761661937
7.85625	5.9769819819
7.859375	5.9777971661
7.8625	5.9786117472
7.865625	5.9794257258
7.86875	5.9802391028
7.871875	5.9810518789
7.875	5.9818640550
7.878125	5.9826756316
7.88125	5.9834866097
7.884375	5.9842969901
7.8875	5.9851067733
7.890625	5.9859159603
7.89375	5.9867245518
7.896875	5.9875325485
7.9	5.9883399512
7.903125	5.9891467607
7.90625	5.9899529777
7.909375	5.9907586030
7.9125	5.9915636373
7.915625	5.9923680814
7.91875	5.9931719360
7.921875	5.9939752019
7.925	5.9947778798
7.928125	5.9955799705
7.93125	5.9963814747
7.934375	5.9971823931
7.9375	5.9979827266
7.940625	5.9987824758
7.94375	5.9995816414
7.946875	6.0003802243
7.95	6.0011782251
7.953125	6.0019756447
7.95625	6.0027724836
7.959375	6.0035687427
7.9625	6.0043644227
7.965625	6.0051595243
7.96875	6.0059540482
7.971875	6.0067479952
7.975	6.0075413660
7.978125	6.0083341613
7.98125	6.0091263818
7.984375	6.0099180283
7.9875	6.0107091015
7.990625	6.0114996021
7.99375	6.0122895308
7.996875	6.0130788884
8.0	6.0138676755
8.003125	6.0146558928
8.00625	6.0154435411
8.009375	6.0162306211
8.0125	6.0170171335
8.015625	6.0178030791
8.01875	6.0185884584
8.021875	6.0193732722
8.025	6.0201575213
8.028125	6.0209412062
8.03125	6.0217243278
8.034375	6.0225068867
8.0375	6.0232888837
8.040625	6.0240703194
8.04375	6.0248511945
8.046875	6.0256315097
8.05	6.0264112657
8.053125	6.0271904632
8.05625	6.0279691029
8.059375	6.0287471855
8.0625	6.0295247116
8.065625	6.0303016820
8.06875	6.0310780974
8.071875	6.0318539584
8.075	6.0326292657
8.078125	6.0334040200
8.08125	6.0341782220
8.084375	6.0349518723
8.0875	6.0357249717
8.090625	6.0364975208
8.09375	6.0372695203
8.096875	6.0380409708
8.1	6.0388118731
8.103125	6.0395822279
8.10625	6.0403520357
8.109375	6.0411212972
8.1125	6.0418900132
8.115625	6.0426581843
8.11875	6.0434258112
8.121875	6.0441928944
8.125	6.0449594348
8.128125	6.0457254329
8.13125	6.0464908895
8.134375	6.0472558051
8.1375	6.0480201805
8.140625	6.0487840162
8.14375	6.0495473131
8.146875	6.0503100716
8.15	6.0510722925
8.153125	6.0518339764
8.15625	6.0525951240
8.159375	6.0533557359
8.1625	6.0541158128
8.165625	6.0548753553
8.16875	6.0556343641
8.171875	6.0563928398
8.175	6.0571507831
8.178125	6.0579081945
8.18125	6.0586650749
8.184375	6.0594214247
8.1875	6.0601772447
8.190625	6.0609325354
8.19375	6.0616872975
8.196875	6.0624415318
8.2	6.0631952387
8.203125	6.0639484189
8.20625	6.0647010731
8.209375	6.0654532018
8.2125	6.0662048058
8.215625	6.0669558857
8.21875	6.0677064420
8.221875	6.0684564755
8.225	6.0692059867
8.228125	6.0699549763
8.23125	6.0707034448
8.234375	6.0714513930
8.2375	6.0721988214
8.240625	6.0729457307
8.24375	6.0736921215
8.246875	6.0744379944
8.25	6.0751833500
8.253125	6.0759281889
8.25625	6.0766725119
8.259375	6.0774163193
8.2625	6.0781596120
8.265625	6.0789023905
8.26875	6.0796446554
8.271875	6.0803864073
8.275	6.0811276468
8.278125	6.0818683746
8.28125	6.0826085913
8.284375	6.0833482974
8.2875	6.0840874936
8.290625	6.0848261804
8.29375	6.0855643586
8.296875	6.0863020286
8.3	6.0870391911
8.303125	6.0877758467
8.30625	6.0885119959
8.309375	6.0892476394
8.3125	6.0899827779
8.315625	6.0907174118
8.31875	6.0914515417
8.321875	6.0921851683
8.325	6.0929182922
8.328125	6.0936509139
8.33125	6.0943830341
8.334375	6.0951146533
8.3375	6.0958457722
8.340625	6.0965763912
8.34375	6.0973065110
8.346875	6.0980361323
8.35	6.0987652555
8.353125	6.0994938812
8.35625	6.1002220101
8.359375	6.1009496427
8.3625	6.1016767796
8.365625	6.1024034214
8.36875	6.1031295686
8.371875	6.1038552219
8.375	6.1045803818
8.378125	6.1053050489
8.38125	6.1060292238
8.384375	6.1067529070
8.3875	6.1074760991
8.390625	6.1081988007
8.39375	6.1089210124
8.396875	6.1096427347
8.4	6.1103639682
8.403125	6.1110847135
8.40625	6.1118049711
8.409375	6.1125247416
8.4125	6.1132440256
8.415625	6.1139628236
8.41875	6.1146811363
8.421875	6.1153989640
8.425	6.1161163075
8.428125	6.1168331673
8.43125	6.1175495439
8.434375	6.1182654379
8.4375	6.1189808499
8.440625	6.1196957804
8.44375	6.1204102300
8.446875	6.1211241992
8.45	6.1218376886
8.453125	6.1225506987
8.45625	6.1232632301
8.459375	6.1239752833
8.4625	6.1246868590
8.465625	6.1253979576
8.46875	6.1261085796
8.471875	6.1268187257
8.475	6.1275283964
8.478125	6.1282375922
8.48125	6.1289463137
8.484375	6.1296545614
8.4875	6.1303623358
8.490625	6.1310696376
8.49375	6.1317764672
8.496875	6.1324828252
8.5	6.1331887121
8.503125	6.1338941285
8.50625	6.1345990749
8.509375	6.1353035518
8.5125	6.1360075598
8.515625	6.1367110993
8.51875	6.1374141711
8.521875	6.1381167755
8.525	6.1388189131
8.528125	6.1395205845
8.53125	6.1402217901
8.534375	6.1409225305
8.5375	6.1416228063
8.540625	6.1423226179
8.54375	6.1430219659
8.546875	6.1437208508
8.55	6.1444192731
8.553125	6.1451172334
8.55625	6.1458147322
8.559375	6.1465117699
8.5625	6.1472083472
8.565625	6.1479044646
8.56875	6.1486001225
8.571875	6.1492953215
8.575	6.1499900621
8.578125	6.1506843449
8.58125	6.1513781702
8.584375	6.1520715388
8.5875	6.1527644509
8.590625	6.1534569073
8.59375	6.1541489084
8.596875	6.1548404547
8.6	6.1555315467
8.603125	6.1562221849
8.60625	6.1569123699
8.609375	6.1576021021
8.6125	6.1582913821
8.615625	6.1589802104
8.61875	6.1596685874
8.621875	6.1603565137
8.625	6.1610439898
8.628125	6.1617310162
8.63125	6.1624175933
8.634375	6.1631037218
8.6375	6.1637894021
8.640625	6.1644746346
8.64375	6.1651594199
8.646875	6.1658437586
8.65	6.1665276510
8.653125	6.1672110977
8.65625	6.1678940992
8.659375	6.1685766560
8.6625	6.1692587686
8.665625	6.1699404374
8.66875	6.1706216630
8.671875	6.1713024459
8.675	6.1719827865
8.678125	6.1726626853
8.68125	6.1733421429
8.684375	6.1740211597
8.6875	6.1746997362
8.690625	6.1753778729
8.69375	6.1760555703
8.696875	6.1767328288
8.7	6.1774096490
8.703125	6.1780860314
8.70625	6.1787619763
8.709375	6.1794374844
8.7125	6.1801125561
8.715625	6.1807871918
8.71875	6.1814613921
8.721875	6.1821351574
8.725	6.1828084883
8.728125	6.1834813851
8.73125	6.1841538484
8.734375	6.1848258786
8.7375	6.1854974762
8.740625	6.1861686418
8.74375	6.1868393757
8.746875	6.1875096785
8.75	6.1881795505
8.753125	6.1888489924
8.75625	6.1895180045
8.759375	6.1901865874
8.7625	6.1908547414
8.765625	6.1915224672
8.76875	6.1921897650
8.771875	6.1928566355
8.775	6.1935230791
8.778125	6.1941890962
8.78125	6.1948546873
8.784375	6.1955198528
8.7875	6.1961845933
8.790625	6.1968489092
8.79375	6.1975128010
8.796875	6.1981762691
8.8	6.1988393140
8.803125	6.1995019361
8.80625	6.2001641359
8.809375	6.2008259139
8.8125	6.2014872705
8.815625	6.2021482062
8.81875	6.2028087214
8.821875	6.2034688166
8.825	6.2041284923
8.828125	6.2047877488
8.83125	6.2054465868
8.834375	6.2061050065
8.8375	6.2067630085
8.840625	6.2074205932
8.84375	6.2080777610
8.846875	6.2087345125
8.85	6.2093908481
8.853125	6.2100467681
8.85625	6.2107022731
8.859375	6.2113573636
8.8625	6.2120120399
8.865625	6.2126663024
8.86875	6.2133201518
8.871875	6.2139735883
8.875	6.2146266125
8.878125	6.2152792247
8.88125	6.2159314254
8.884375	6.2165832152
8.8875	6.2172345943
8.890625	6.2178855633
8.89375	6.2185361225
8.896875	6.2191862725
8.9	6.2198360136
8.903125	6.2204853464
8.90625	6.2211342712
8.909375	6.2217827884
8.9125	6.2224308986
8.915625	6.2230786021
8.91875	6.2237258994
8.921875	6.2243727909
8.925	6.2250192770
8.928125	6.2256653582
8.93125	6.2263110349
8.934375	6.2269563076
8.9375	6.2276011767
8.940625	6.2282456425
8.94375	6.2288897056
8.946875	6.2295333663
8.95	6.2301766251
8.953125	6.2308194824
8.95625	6.2314619387
8.959375	6.2321039943
8.9625	6.2327456497
8.965625	6.2333869053
8.96875	6.2340277616
8.971875	6.2346682189
8.975	6.2353082777
8.978125	6.2359479384
8.98125	6.2365872014
8.984375	6.2372260672
8.9875	6.2378645362
8.990625	6.2385026087
8.99375	6.2391402852
8.996875	6.2397775661
9.0	6.2404144519
9.003125	6.2410509430
9.00625	6.2416870397
9.009375	6.2423227425
9.0125	6.2429580518
9.015625	6.2435929680
9.01875	6.2442274915
9.021875	6.2448616228
9.025	6.2454953622
9.028125	6.2461287102
9.03125	6.2467616672
9.034375	6.2473942335
9.0375	6.2480264096
9.040625	6.2486581960
9.04375	6.2492895929
9.046875	6.2499206009
9.05	6.2505512203
9.053125	6.2511814515
9.05625	6.2518112950
9.059375	6.2524407511
9.0625	6.2530698203
9.065625	6.2536985029
9.06875	6.2543267994
9.071875	6.2549547101
9.075	6.2555822355
9.078125	6.2562093759
9.08125	6.2568361318
9.084375	6.2574625036
9.0875	6.2580884916
9.090625	6.2587140963
9.09375	6.2593393181
9.096875	6.2599641573
9.1	6.2605886144
9.103125	6.2612126897
9.10625	6.2618363837
9.109375	6.2624596967
9.1125	6.2630826291
9.115625	6.2637051814
9.11875	6.2643273539
9.121875	6.2649491470
9.125	6.2655705612
9.128125	6.2661915967
9.13125	6.2668122541
9.134375	6.2674325336
9.1375	6.2680524357
9.140625	6.2686719607
9.14375	6.2692911092
9.146875	6.2699098813
9.15	6.2705282776
9.153125	6.2711462984
9.15625	6.2717639441
9.159375	6.2723812151
9.1625	6.2729981118
9.165625	6.2736146346
9.16875	6.2742307837
9.171875	6.2748465598
9.175	6.2754619630
9.178125	6.2760769938
9.18125	6.2766916526
9.184375	6.2773059397
9.1875	6.2779198556
9.190625	6.2785334006
9.19375	6.2791465752
9.196875	6.2797593795
9.2	6.2803718142
9.203125	6.2809838795
9.20625	6.2815955758
9.209375	6.2822069034
9.2125	6.2828178629
9.215625	6.2834284545
9.21875	6.2840386786
9.221875	6.2846485356
9.225	6.2852580258
9.228125	6.2858671497
9.23125	6.2864759076
9.234375	6.2870842999
9.2375	6.2876923270
9.240625	6.2882999891
9.24375	6.2889072868
9.246875	6.2895142204
9.25	6.2901207901
9.253125	6.2907269965
9.25625	6.2913328399
9.259375	6.2919383206
9.2625	6.2925434390
9.265625	6.2931481955
9.26875	6.2937525905
9.271875	6.2943566242
9.275	6.2949602972
9.278125	6.2955636096
9.28125	6.2961665620
9.284375	6.2967691547
9.2875	6.2973713879
9.290625	6.2979732622
9.29375	6.2985747778
9.296875	6.2991759352
9.3	6.2997767346
9.303125	6.3003771765
9.30625	6.3009772612
9.309375	6.3015769890
9.3125	6.3021763603
9.315625	6.3027753756
9.31875	6.3033740350
9.321875	6.3039723391
9.325	6.3045702881
9.328125	6.3051678824
9.33125	6.3057651224
9.334375	6.3063620084
9.3375	6.3069585407
9.340625	6.3075547198
9.34375	6.3081505460
9.346875	6.3087460196
9.35	6.3093411410
9.353125	6.3099359105
9.35625	6.3105303285
9.359375	6.3111243954
9.3625	6.3117181115
9.365625	6.3123114770
9.36875	6.3129044925
9.371875	6.3134971583
9.375	6.3140894746
9.378125	6.3146814418
9.38125	6.3152730604
9.384375	6.3158643305
9.3875	6.3164552527
9.390625	6.3170458272
9.39375	6.3176360543
9.396875	6.3182259345
9.4	6.3188154680
9.403125	6.3194046552
9.40625	6.3199934965
9.409375	6.3205819922
9.4125	6.3211701426
9.415625	6.3217579480
9.41875	6.3223454089
9.421875	6.3229325256
9.425	6.3235192983
9.428125	6.3241057275
9.43125	6.3246918135
9.434375	6.3252775566
9.4375	6.3258629572
9.440625	6.3264480155
9.44375	6.3270327320
9.446875	6.3276171069
9.45	6.3282011407
9.453125	6.3287848336
9.45625	6.3293681860
9.459375	6.3299511982
9.4625	6.3305338705
9.465625	6.3311162034
9.46875	6.3316981970
9.471875	6.3322798518
9.475	6.3328611681
9.478125	6.3334421462
9.48125	6.3340227865
9.484375	6.3346030892
9.4875	6.3351830548
9.490625	6.3357626835
9.49375	6.3363419756
9.496875	6.3369209316
9.5	6.3374995517
9.503125	6.3380778363
9.50625	6.3386557856
9.509375	6.3392334001
9.5125	6.3398106800
9.515625	6.3403876256
9.51875	6.3409642374
9.521875	6.3415405156
9.525	6.3421164606
9.528125	6.3426920726
9.53125	6.3432673520
9.534375	6.3438422991
9.5375	6.3444169143
9.540625	6.3449911978
9.54375	6.3455651501
9.546875	6.3461387713
9.55	6.3467120619
9.553125	6.3472850222
9.55625	6.3478576524
9.559375	6.3484299529
9.5625	6.3490019240
9.565625	6.3495735661
9.56875	6.3501448794
9.571875	6.3507158643
9.575	6.3512865211
9.578125	6.3518568501
9.58125	6.3524268517
9.584375	6.3529965260
9.5875	6.3535658736
9.590625	6.3541348946
9.59375	6.3547035894
9.596875	6.3552719583
9.6	6.3558400017
9.603125	6.3564077197
9.60625	6.3569751129
9.609375	6.3575421813
9.6125	6.3581089255
9.615625	6.3586753457
9.61875	6.3592414421
9.621875	6.3598072152
9.625	6.3603726652
9.628125	6.3609377924
9.63125	6.3615025972
9.634375	6.3620670798
9.6375	6.3626312406
9.640625	6.3631950798
9.64375	6.3637585978
9.646875	6.3643217950
9.65	6.3648846715
9.653125	6.3654472277
9.65625	6.3660094639
9.659375	6.3665713805
9.6625	6.3671329777
9.665625	6.3676942558
9.66875	6.3682552151
9.671875	6.3688158560
9.675	6.3693761787
9.678125	6.3699361835
9.68125	6.3704958709
9.684375	6.3710552409
9.6875	6.3716142940
9.690625	6.3721730305
9.69375	6.3727314506
9.696875	6.3732895547
9.7	6.3738473431
9.703125	6.3744048160
9.70625	6.3749619738
9.709375	6.3755188167
9.7125	6.3760753451
9.715625	6.3766315593
9.71875	6.3771874595
9.721875	6.3777430460
9.725	6.3782983193
9.728125	6.3788532794
9.73125	6.3794079269
9.734375	6.3799622618
9.7375	6.3805162846
9.740625	6.3810699956
9.74375	6.3816233949
9.746875	6.3821764830
9.75	6.3827292601
9.753125	6.3832817266
9.75625	6.3838338826
9.759375	6.3843857285
9.7625	6.3849372646
9.765625	6.3854884912
9.76875	6.3860394086
9.771875	6.3865900171
9.775	6.3871403169
9.778125	6.3876903084
9.78125	6.3882399918
9.784375	6.3887893674
9.7875	6.3893384355
9.790625	6.3898871965
9.79375	6.3904356505
9.796875	6.3909837980
9.8	6.3915316391
9.803125	6.3920791742
9.80625	6.3926264035
9.809375	6.3931733274
9.8125	6.3937199461
9.815625	6.3942662598
9.81875	6.3948122690
9.821875	6.3953579739
9.825	6.3959033747
9.828125	6.3964484718
9.83125	6.3969932654
9.834375	6.3975377558
9.8375	6.3980819433
9.840625	6.3986258282
9.84375	6.3991694108
9.846875	6.3997126913
9.85	6.4002556701
9.853125	6.4007983473
9.85625	6.4013407234
9.859375	6.4018827985
9.8625	6.4024245729
9.865625	6.4029660470
9.86875	6.4035072210
9.871875	6.4040480952
9.875	6.4045886699
9.878125	6.4051289453
9.88125	6.4056689217
9.884375	6.4062085995
9.8875	6.4067479788
9.890625	6.4072870600
9.89375	6.4078258433
9.896875	6.4083643290
9.9	6.4089025174
9.903125	6.4094404087
9.90625	6.4099780033
9.909375	6.4105153014
9.9125	6.4110523033
9.915625	6.4115890093
9.91875	6.4121254196
9.921875	6.4126615344
9.925	6.4131973542
9.928125	6.4137328791
9.93125	6.4142681094
9.934375	6.4148030455
9.9375	6.4153376875
9.940625	6.4158720357
9.94375	6.4164060904
9.946875	6.4169398519
9.95	6.4174733205
9.953125	6.4180064964
9.95625	6.4185393798
9.959375	6.4190719711
9.9625	6.4196042706
9.965625	6.4201362784
9.96875	6.4206679949
9.971875	6.4211994203
9.975	6.4217305549
9.978125	6.4222613990
9.98125	6.4227919528
9.984375	6.4233222166
9.9875	6.4238521906
9.990625	6.4243818752
9.99375	6.4249112705
9.996875	6.4254403769
