0.0	2.9091196405
0.00294117647059	2.9095251033
0.00588235294118	2.9100501938
0.00882352941176	2.9106222240
0.0117647058824	2.9112168237
0.0147058823529	2.9118240894
0.0176470588235	2.9124393478
0.0205882352941	2.9130601280
0.0235294117647	2.9136850039
0.0264705882353	2.9143130930
0.0294117647059	2.9149438179
0.0323529411765	2.9155767833
0.0352941176471	2.9162117079
0.0382352941176	2.9168483854
0.0411764705882	2.9174866601
0.0441176470588	2.9181264123
0.0470588235294	2.9187675474
0.05	2.9194099900
0.0529411764706	2.9200536788
0.0558823529412	2.9206985633
0.0588235294118	2.9213446015
0.0617647058824	2.9219917581
0.0647058823529	2.9226400029
0.0676470588235	2.9232893103
0.0705882352941	2.9239396579
0.0735294117647	2.9245910265
0.0764705882353	2.9252433989
0.0794117647059	2.9258967604
0.0823529411765	2.9265510976
0.0852941176471	2.9272063987
0.0882352941176	2.9278626530
0.0911764705882	2.9285198512
0.0941176470588	2.9291779844
0.0970588235294	2.9298370449
0.1	2.9304970256
0.102941176471	2.9311579199
0.105882352941	2.9318197217
0.108823529412	2.9324824255
0.111764705882	2.9331460263
0.114705882353	2.9338105192
0.117647058824	2.9344758998
0.120588235294	2.9351421639
0.123529411765	2.9358093078
0.126470588235	2.9364773276
0.129411764706	2.9371462201
0.132352941176	2.9378159819
0.135294117647	2.9384866101
0.138235294118	2.9391581016
0.141176470588	2.9398304537
0.144117647059	2.9405036639
0.147058823529	2.9411777295
0.15	2.9418526483
0.152941176471	2.9425284178
0.155882352941	2.9432050358
0.158823529412	2.9438825003
0.161764705882	2.9445608092
0.164705882353	2.9452399605
0.167647058824	2.9459199523
0.170588235294	2.9466007827
0.173529411765	2.9472824499
0.176470588235	2.9479649522
0.179411764706	2.9486482880
0.182352941176	2.9493324554
0.185294117647	2.9500174530
0.188235294118	2.9507032792
0.191176470588	2.9513899324
0.194117647059	2.9520774110
0.197058823529	2.9527657138
0.2	2.9534548391
0.202941176471	2.9541447856
0.205882352941	2.9548355520
0.208823529412	2.9555271367
0.211764705882	2.9562195386
0.214705882353	2.9569127562
0.217647058824	2.9576067883
0.220588235294	2.9583016336
0.223529411765	2.9589972908
0.226470588235	2.9596937587
0.229411764706	2.9603910360
0.232352941176	2.9610891215
0.235294117647	2.9617880141
0.238235294118	2.9624877124
0.241176470588	2.9631882154
0.244117647059	2.9638895219
0.247058823529	2.9645916307
0.25	2.9652945406
0.252941176471	2.9659982506
0.255882352941	2.9667027595
0.258823529412	2.9674080662
0.261764705882	2.9681141695
0.264705882353	2.9688210684
0.267647058824	2.9695287618
0.270588235294	2.9702372486
0.273529411765	2.9709465276
0.276470588235	2.9716565979
0.279411764706	2.9723674584
0.282352941176	2.9730791079
0.285294117647	2.9737915455
0.288235294118	2.9745047700
0.291176470588	2.9752187805
0.294117647059	2.9759335758
0.297058823529	2.9766491550
0.3	2.9773655171
0.302941176471	2.9780826608
0.305882352941	2.9788005854
0.308823529412	2.9795192897
0.311764705882	2.9802387727
0.314705882353	2.9809590333
0.317647058824	2.9816800707
0.320588235294	2.9824018837
0.323529411765	2.9831244714
0.326470588235	2.9838478328
0.329411764706	2.9845719668
0.332352941176	2.9852968725
0.335294117647	2.9860225488
0.338235294118	2.9867489948
0.341176470588	2.9874762095
0.344117647059	2.9882041918
0.347058823529	2.9889329409
0.35	2.9896624557
0.352941176471	2.9903927352
0.355882352941	2.9911237784
0.358823529412	2.9918555844
0.361764705882	2.9925881522
0.364705882353	2.9933214808
0.367647058824	2.9940555692
0.370588235294	2.9947904165
0.373529411765	2.9955260217
0.376470588235	2.9962623838
0.379411764706	2.9969995018
0.382352941176	2.9977373749
0.385294117647	2.9984760019
0.388235294118	2.9992153820
0.391176470588	2.9999555141
0.394117647059	3.0006963974
0.397058823529	3.0014380308
0.4	3.0021804134
0.402941176471	3.0029235442
0.405882352941	3.0036674224
0.408823529412	3.0044120468
0.411764705882	3.0051574166
0.414705882353	3.0059035307
0.417647058824	3.0066503883
0.420588235294	3.0073979884
0.423529411765	3.0081463301
0.426470588235	3.0088954123
0.429411764706	3.0096452341
0.432352941176	3.0103957946
0.435294117647	3.0111470928
0.438235294118	3.0118991278
0.441176470588	3.0126518986
0.444117647059	3.0134054043
0.447058823529	3.0141596438
0.45	3.0149146164
0.452941176471	3.0156703210
0.455882352941	3.0164267567
0.458823529412	3.0171839225
0.461764705882	3.0179418174
0.464705882353	3.0187004406
0.467647058824	3.0194597912
0.470588235294	3.0202198680
0.473529411765	3.0209806703
0.476470588235	3.0217421970
0.479411764706	3.0225044473
0.482352941176	3.0232674201
0.485294117647	3.0240311145
0.488235294118	3.0247955297
0.491176470588	3.0255606646
0.494117647059	3.0263265183
0.497058823529	3.0270930899
0.5	3.0278603784
0.502941176471	3.0286283830
0.505882352941	3.0293971025
0.508823529412	3.0301665362
0.511764705882	3.0309366831
0.514705882353	3.0317075422
0.517647058824	3.0324791127
0.520588235294	3.0332513935
0.523529411765	3.0340243837
0.526470588235	3.0347980824
0.529411764706	3.0355724887
0.532352941176	3.0363476016
0.535294117647	3.0371234202
0.538235294118	3.0378999436
0.541176470588	3.0386771708
0.544117647059	3.0394551009
0.547058823529	3.0402337329
0.55	3.0410130660
0.552941176471	3.0417930992
0.555882352941	3.0425738315
0.558823529412	3.0433552621
0.561764705882	3.0441373900
0.564705882353	3.0449202142
0.567647058824	3.0457037339
0.570588235294	3.0464879481
0.573529411765	3.0472728559
0.576470588235	3.0480584564
0.579411764706	3.0488447485
0.582352941176	3.0496317315
0.585294117647	3.0504194043
0.588235294118	3.0512077661
0.591176470588	3.0519968159
0.594117647059	3.0527865528
0.597058823529	3.0535769758
0.6	3.0543680841
0.602941176471	3.0551598767
0.605882352941	3.0559523527
0.608823529412	3.0567455111
0.611764705882	3.0575393511
0.614705882353	3.0583338717
0.617647058824	3.0591290720
0.620588235294	3.0599249511
0.623529411765	3.0607215080
0.626470588235	3.0615187418
0.629411764706	3.0623166516
0.632352941176	3.0631152366
0.635294117647	3.0639144956
0.638235294118	3.0647144279
0.641176470588	3.0655150326
0.644117647059	3.0663163086
0.647058823529	3.0671182551
0.65	3.0679208712
0.652941176471	3.0687241559
0.655882352941	3.0695281084
0.658823529412	3.0703327276
0.661764705882	3.0711380128
0.664705882353	3.0719439629
0.667647058824	3.0727505771
0.670588235294	3.0735578544
0.673529411765	3.0743657940
0.676470588235	3.0751743948
0.679411764706	3.0759836561
0.682352941176	3.0767935768
0.685294117647	3.0776041561
0.688235294118	3.0784153931
0.691176470588	3.0792272868
0.694117647059	3.0800398364
0.697058823529	3.0808530409
0.7	3.0816668993
0.702941176471	3.0824814109
0.705882352941	3.0832965747
0.708823529412	3.0841123897
0.711764705882	3.0849288551
0.714705882353	3.0857459700
0.717647058824	3.0865637334
0.720588235294	3.0873821445
0.723529411765	3.0882012023
0.726470588235	3.0890209060
0.729411764706	3.0898412545
0.732352941176	3.0906622471
0.735294117647	3.0914838828
0.738235294118	3.0923061607
0.741176470588	3.0931290799
0.744117647059	3.0939526395
0.747058823529	3.0947768386
0.75	3.0956016763
0.752941176471	3.0964271516
0.755882352941	3.0972532638
0.758823529412	3.0980800118
0.761764705882	3.0989073949
0.764705882353	3.0997354120
0.767647058824	3.1005640623
0.770588235294	3.1013933449
0.773529411765	3.1022232588
0.776470588235	3.1030538033
0.779411764706	3.1038849773
0.782352941176	3.1047167801
0.785294117647	3.1055492106
0.788235294118	3.1063822680
0.791176470588	3.1072159515
0.794117647059	3.1080502600
0.797058823529	3.1088851928
0.8	3.1097207489
0.802941176471	3.1105569274
0.805882352941	3.1113937275
0.808823529412	3.1122311482
0.811764705882	3.1130691886
0.814705882353	3.1139078479
0.817647058824	3.1147471252
0.820588235294	3.1155870195
0.823529411765	3.1164275301
0.826470588235	3.1172686559
0.829411764706	3.1181103962
0.832352941176	3.1189527500
0.835294117647	3.1197957164
0.838235294118	3.1206392946
0.841176470588	3.1214834837
0.844117647059	3.1223282827
0.847058823529	3.1231736908
0.85	3.1240197072
0.852941176471	3.1248663309
0.855882352941	3.1257135610
0.858823529412	3.1265613967
0.861764705882	3.1274098371
0.864705882353	3.1282588812
0.867647058824	3.1291085283
0.870588235294	3.1299587775
0.873529411765	3.1308096278
0.876470588235	3.1316610784
0.879411764706	3.1325131284
0.882352941176	3.1333657769
0.885294117647	3.1342190231
0.888235294118	3.1350728661
0.891176470588	3.1359273050
0.894117647059	3.1367823389
0.897058823529	3.1376379669
0.9	3.1384941883
0.902941176471	3.1393510020
0.905882352941	3.1402084073
0.908823529412	3.1410664033
0.911764705882	3.1419249890
0.914705882353	3.1427841637
0.917647058824	3.1436439264
0.920588235294	3.1445042764
0.923529411765	3.1453652126
0.926470588235	3.1462267343
0.929411764706	3.1470888406
0.932352941176	3.1479515306
0.935294117647	3.1488148035
0.938235294118	3.1496786584
0.941176470588	3.1505430943
0.944117647059	3.1514081106
0.947058823529	3.1522737062
0.95	3.1531398804
0.952941176471	3.1540066323
0.955882352941	3.1548739610
0.958823529412	3.1557418657
0.961764705882	3.1566103454
0.964705882353	3.1574793994
0.967647058824	3.1583490268
0.970588235294	3.1592192268
0.973529411765	3.1600899984
0.976470588235	3.1609613408
0.979411764706	3.1618332531
0.982352941176	3.1627057346
0.985294117647	3.1635787844
0.988235294118	3.1644524015
0.991176470588	3.1653265852
0.994117647059	3.1662013346
0.997058823529	3.1670766489
1.0	3.1679525272
1.00294117647	3.1688289686
1.00588235294	3.1697059723
1.00882352941	3.1705835375
1.01176470588	3.1714616633
1.01470588235	3.1723403488
1.01764705882	3.1732195933
1.02058823529	3.1740993959
1.02352941176	3.1749797557
1.02647058824	3.1758606719
1.02941176471	3.1767421436
1.03235294118	3.1776241701
1.03529411765	3.1785067504
1.03823529412	3.1793898837
1.04117647059	3.1802735693
1.04411764706	3.1811578062
1.04705882353	3.1820425936
1.05	3.1829279307
1.05294117647	3.1838138166
1.05588235294	3.1847002506
1.05882352941	3.1855872317
1.06176470588	3.1864747592
1.06470588235	3.1873628322
1.06764705882	3.1882514498
1.07058823529	3.1891406113
1.07352941176	3.1900303158
1.07647058824	3.1909205625
1.07941176471	3.1918113506
1.08235294118	3.1927026792
1.08529411765	3.1935945475
1.08823529412	3.1944869547
1.09117647059	3.1953799000
1.09411764706	3.1962733824
1.09705882353	3.1971674013
1.1	3.1980619558
1.10294117647	3.1989570450
1.10588235294	3.1998526682
1.10882352941	3.2007488245
1.11176470588	3.2016455131
1.11470588235	3.2025427331
1.11764705882	3.2034404839
1.12058823529	3.2043387644
1.12352941176	3.2052375741
1.12647058824	3.2061369119
1.12941176471	3.2070367771
1.13235294118	3.2079371690
1.13529411765	3.2088380866
1.13823529412	3.2097395291
1.14117647059	3.2106414958
1.14411764706	3.2115439859
1.14705882353	3.2124469985
1.15	3.2133505328
1.15294117647	3.2142545881
1.15588235294	3.2151591634
1.15882352941	3.2160642581
1.16176470588	3.2169698712
1.16470588235	3.2178760021
1.16764705882	3.2187826498
1.17058823529	3.2196898137
1.17352941176	3.2205974928
1.17647058824	3.2215056864
1.17941176471	3.2224143937
1.18235294118	3.2233236139
1.18529411765	3.2242333462
1.18823529412	3.2251435897
1.19117647059	3.2260543438
1.19411764706	3.2269656076
1.19705882353	3.2278773803
1.2	3.2287896611
1.20294117647	3.2297024492
1.20588235294	3.2306157438
1.20882352941	3.2315295442
1.21176470588	3.2324438495
1.21470588235	3.2333586590
1.21764705882	3.2342739719
1.22058823529	3.2351897873
1.22352941176	3.2361061046
1.22647058824	3.2370229228
1.22941176471	3.2379402413
1.23235294118	3.2388580592
1.23529411765	3.2397763758
1.23823529412	3.2406951903
1.24117647059	3.2416145019
1.24411764706	3.2425343097
1.24705882353	3.2434546131
1.25	3.2443754113
1.25294117647	3.2452967035
1.25588235294	3.2462184888
1.25882352941	3.2471407666
1.26176470588	3.2480635361
1.26470588235	3.2489867964
1.26764705882	3.2499105469
1.27058823529	3.2508347866
1.27352941176	3.2517595150
1.27647058824	3.2526847311
1.27941176471	3.2536104343
1.28235294118	3.2545366237
1.28529411765	3.2554632986
1.28823529412	3.2563904583
1.29117647059	3.2573181019
1.29411764706	3.2582462287
1.29705882353	3.2591748379
1.3	3.2601039288
1.30294117647	3.2610335007
1.30588235294	3.2619635526
1.30882352941	3.2628940840
1.31176470588	3.2638250939
1.31470588235	3.2647565818
1.31764705882	3.2656885468
1.32058823529	3.2666209881
1.32352941176	3.2675539050
1.32647058824	3.2684872968
1.32941176471	3.2694211627
1.33235294118	3.2703555019
1.33529411765	3.2712903138
1.33823529412	3.2722255974
1.34117647059	3.2731613522
1.34411764706	3.2740975773
1.34705882353	3.2750342720
1.35	3.2759714356
1.35294117647	3.2769090673
1.35588235294	3.2778471663
1.35882352941	3.2787857320
1.36176470588	3.2797247635
1.36470588235	3.2806642602
1.36764705882	3.2816042213
1.37058823529	3.2825446460
1.37352941176	3.2834855336
1.37647058824	3.2844268835
1.37941176471	3.2853686948
1.38235294118	3.2863109668
1.38529411765	3.2872536987
1.38823529412	3.2881968899
1.39117647059	3.2891405397
1.39411764706	3.2900846472
1.39705882353	3.2910292117
1.4	3.2919742326
1.40294117647	3.2929197090
1.40588235294	3.2938656404
1.40882352941	3.2948120258
1.41176470588	3.2957588647
1.41470588235	3.2967061563
1.41764705882	3.2976538998
1.42058823529	3.2986020945
1.42352941176	3.2995507398
1.42647058824	3.3004998349
1.42941176471	3.3014493790
1.43235294118	3.3023993716
1.43529411765	3.3033498117
1.43823529412	3.3043006988
1.44117647059	3.3052520321
1.44411764706	3.3062038109
1.44705882353	3.3071560345
1.45	3.3081087021
1.45294117647	3.3090618131
1.45588235294	3.3100153668
1.45882352941	3.3109693624
1.46176470588	3.3119237992
1.46470588235	3.3128786765
1.46764705882	3.3138339937
1.47058823529	3.3147897500
1.47352941176	3.3157459447
1.47647058824	3.3167025771
1.47941176471	3.3176596465
1.48235294118	3.3186171521
1.48529411765	3.3195750934
1.48823529412	3.3205334696
1.49117647059	3.3214922801
1.49411764706	3.3224515240
1.49705882353	3.3234112007
1.5	3.3243713095
1.50294117647	3.3253318498
1.50588235294	3.3262928208
1.50882352941	3.3272542218
1.51176470588	3.3282160522
1.51470588235	3.3291783112
1.51764705882	3.3301409982
1.52058823529	3.3311041125
1.52352941176	3.3320676534
1.52647058824	3.3330316202
1.52941176471	3.3339960122
1.53235294118	3.3349608287
1.53529411765	3.3359260691
1.53823529412	3.3368917327
1.54117647059	3.3378578188
1.54411764706	3.3388243267
1.54705882353	3.3397912557
1.55	3.3407586052
1.55294117647	3.3417263745
1.55588235294	3.3426945629
1.55882352941	3.3436631697
1.56176470588	3.3446321943
1.56470588235	3.3456016360
1.56764705882	3.3465714941
1.57058823529	3.3475417680
1.57352941176	3.3485124569
1.57647058824	3.3494835602
1.57941176471	3.3504550773
1.58235294118	3.3514270075
1.58529411765	3.3523993501
1.58823529412	3.3533721045
1.59117647059	3.3543452699
1.59411764706	3.3553188458
1.59705882353	3.3562928315
1.6	3.3572672262
1.60294117647	3.3582420294
1.60588235294	3.3592172405
1.60882352941	3.3601928586
1.61176470588	3.3611688833
1.61470588235	3.3621453137
1.61764705882	3.3631221494
1.62058823529	3.3640993896
1.62352941176	3.3650770336
1.62647058824	3.3660550809
1.62941176471	3.3670335308
1.63235294118	3.3680123826
1.63529411765	3.3689916357
1.63823529412	3.3699712894
1.64117647059	3.3709513432
1.64411764706	3.3719317963
1.64705882353	3.3729126481
1.65	3.3738938979
1.65294117647	3.3748755452
1.65588235294	3.3758575893
1.65882352941	3.3768400296
1.66176470588	3.3778228654
1.66470588235	3.3788060961
1.66764705882	3.3797897210
1.67058823529	3.3807737395
1.67352941176	3.3817581511
1.67647058824	3.3827429549
1.67941176471	3.3837281506
1.68235294118	3.3847137373
1.68529411765	3.3856997144
1.68823529412	3.3866860815
1.69117647059	3.3876728377
1.69411764706	3.3886599825
1.69705882353	3.3896475154
1.7	3.3906354355
1.70294117647	3.3916237424
1.70588235294	3.3926124354
1.70882352941	3.3936015139
1.71176470588	3.3945909773
1.71470588235	3.3955808249
1.71764705882	3.3965710561
1.72058823529	3.3975616704
1.72352941176	3.3985526671
1.72647058824	3.3995440456
1.72941176471	3.4005358053
1.73235294118	3.4015279456
1.73529411765	3.4025204658
1.73823529412	3.4035133654
1.74117647059	3.4045066438
1.74411764706	3.4055003003
1.74705882353	3.4064943344
1.75	3.4074887454
1.75294117647	3.4084835328
1.75588235294	3.4094786959
1.75882352941	3.4104742342
1.76176470588	3.4114701470
1.76470588235	3.4124664337
1.76764705882	3.4134630938
1.77058823529	3.4144601267
1.77352941176	3.4154575317
1.77647058824	3.4164553083
1.77941176471	3.4174534559
1.78235294118	3.4184519738
1.78529411765	3.4194508616
1.78823529412	3.4204501186
1.79117647059	3.4214497442
1.79411764706	3.4224497378
1.79705882353	3.4234500989
1.8	3.4244508268
1.80294117647	3.4254519211
1.80588235294	3.4264533810
1.80882352941	3.4274552061
1.81176470588	3.4284573957
1.81470588235	3.4294599493
1.81764705882	3.4304628662
1.82058823529	3.4314661460
1.82352941176	3.4324697880
1.82647058824	3.4334737917
1.82941176471	3.4344781565
1.83235294118	3.4354828818
1.83529411765	3.4364879671
1.83823529412	3.4374934117
1.84117647059	3.4384992152
1.84411764706	3.4395053769
1.84705882353	3.4405118963
1.85	3.4415187728
1.85294117647	3.4425260059
1.85588235294	3.4435335950
1.85882352941	3.4445415395
1.86176470588	3.4455498389
1.86470588235	3.4465584926
1.86764705882	3.4475675000
1.87058823529	3.4485768607
1.87352941176	3.4495865740
1.87647058824	3.4505966394
1.87941176471	3.4516070563
1.88235294118	3.4526178243
1.88529411765	3.4536289427
1.88823529412	3.4546404109
1.89117647059	3.4556522285
1.89411764706	3.4566643949
1.89705882353	3.4576769096
1.9	3.4586897720
1.90294117647	3.4597029815
1.90588235294	3.4607165377
1.90882352941	3.4617304399
1.91176470588	3.4627446877
1.91470588235	3.4637592804
1.91764705882	3.4647742177
1.92058823529	3.4657894989
1.92352941176	3.4668051234
1.92647058824	3.4678210908
1.92941176471	3.4688374006
1.93235294118	3.4698540521
1.93529411765	3.4708710449
1.93823529412	3.4718883785
1.94117647059	3.4729060523
1.94411764706	3.4739240657
1.94705882353	3.4749424183
1.95	3.4759611095
1.95294117647	3.4769801389
1.95588235294	3.4779995058
1.95882352941	3.4790192098
1.96176470588	3.4800392503
1.96470588235	3.4810596269
1.96764705882	3.4820803389
1.97058823529	3.4831013860
1.97352941176	3.4841227676
1.97647058824	3.4851444831
1.97941176471	3.4861665320
1.98235294118	3.4871889140
1.98529411765	3.4882116283
1.98823529412	3.4892346746
1.99117647059	3.4902580523
1.99411764706	3.4912817609
1.99705882353	3.4923057999
2.0	3.4933301688
2.00294117647	3.4943548671
2.00588235294	3.4953798943
2.00882352941	3.4964052499
2.01176470588	3.4974309334
2.01470588235	3.4984569443
2.01764705882	3.4994832821
2.02058823529	3.5005099463
2.02352941176	3.5015369364
2.02647058824	3.5025642519
2.02941176471	3.5035918924
2.03235294118	3.5046198573
2.03529411765	3.5056481461
2.03823529412	3.5066767584
2.04117647059	3.5077056937
2.04411764706	3.5087349515
2.04705882353	3.5097645312
2.05	3.5107944325
2.05294117647	3.5118246549
2.05588235294	3.5128551977
2.05882352941	3.5138860607
2.06176470588	3.5149172433
2.06470588235	3.5159487449
2.06764705882	3.5169805653
2.07058823529	3.5180127038
2.07352941176	3.5190451600
2.07647058824	3.5200779334
2.07941176471	3.5211110235
2.08235294118	3.5221444300
2.08529411765	3.5231781523
2.08823529412	3.5242121899
2.09117647059	3.5252465424
2.09411764706	3.5262812093
2.09705882353	3.5273161902
2.1	3.5283514845
2.10294117647	3.5293870919
2.10588235294	3.5304230119
2.10882352941	3.5314592440
2.11176470588	3.5324957877
2.11470588235	3.5335326426
2.11764705882	3.5345698083
2.12058823529	3.5356072843
2.12352941176	3.5366450701
2.12647058824	3.5376831652
2.12941176471	3.5387215694
2.13235294118	3.5397602820
2.13529411765	3.5407993026
2.13823529412	3.5418386309
2.14117647059	3.5428782663
2.14411764706	3.5439182084
2.14705882353	3.5449584568
2.15	3.5459990109
2.15294117647	3.5470398705
2.15588235294	3.5480810350
2.15882352941	3.5491225041
2.16176470588	3.5501642772
2.16470588235	3.5512063539
2.16764705882	3.5522487339
2.17058823529	3.5532914166
2.17352941176	3.5543344016
2.17647058824	3.5553776886
2.17941176471	3.5564212771
2.18235294118	3.5574651666
2.18529411765	3.5585093567
2.18823529412	3.5595538471
2.19117647059	3.5605986372
2.19411764706	3.5616437267
2.19705882353	3.5626891151
2.2	3.5637348021
2.20294117647	3.5647807871
2.20588235294	3.5658270699
2.20882352941	3.5668736499
2.21176470588	3.5679205268
2.21470588235	3.5689677001
2.21764705882	3.5700151694
2.22058823529	3.5710629344
2.22352941176	3.5721109946
2.22647058824	3.5731593496
2.22941176471	3.5742079990
2.23235294118	3.5752569424
2.23529411765	3.5763061793
2.23823529412	3.5773557095
2.24117647059	3.5784055325
2.24411764706	3.5794556478
2.24705882353	3.5805060551
2.25	3.5815567541
2.25294117647	3.5826077442
2.25588235294	3.5836590251
2.25882352941	3.5847105964
2.26176470588	3.5857624578
2.26470588235	3.5868146088
2.26764705882	3.5878670490
2.27058823529	3.5889197780
2.27352941176	3.5899727956
2.27647058824	3.5910261012
2.27941176471	3.5920796945
2.28235294118	3.5931335751
2.28529411765	3.5941877426
2.28823529412	3.5952421967
2.29117647059	3.5962969369
2.29411764706	3.5973519630
2.29705882353	3.5984072744
2.3	3.5994628709
2.30294117647	3.6005187521
2.30588235294	3.6015749176
2.30882352941	3.6026313670
2.31176470588	3.6036880999
2.31470588235	3.6047451161
2.31764705882	3.6058024150
2.32058823529	3.6068599964
2.32352941176	3.6079178600
2.32647058824	3.6089760052
2.32941176471	3.6100344318
2.33235294118	3.6110931395
2.33529411765	3.6121521277
2.33823529412	3.6132113963
2.34117647059	3.6142709448
2.34411764706	3.6153307729
2.34705882353	3.6163908803
2.35	3.6174512665
2.35294117647	3.6185119312
2.35588235294	3.6195728742
2.35882352941	3.6206340949
2.36176470588	3.6216955932
2.36470588235	3.6227573686
2.36764705882	3.6238194208
2.37058823529	3.6248817494
2.37352941176	3.6259443542
2.37647058824	3.6270072347
2.37941176471	3.6280703907
2.38235294118	3.6291338218
2.38529411765	3.6301975277
2.38823529412	3.6312615080
2.39117647059	3.6323257624
2.39411764706	3.6333902905
2.39705882353	3.6344550922
2.4	3.6355201669
2.40294117647	3.6365855144
2.40588235294	3.6376511344
2.40882352941	3.6387170265
2.41176470588	3.6397831905
2.41470588235	3.6408496259
2.41764705882	3.6419163325
2.42058823529	3.6429833100
2.42352941176	3.6440505580
2.42647058824	3.6451180762
2.42941176471	3.6461858644
2.43235294118	3.6472539222
2.43529411765	3.6483222492
2.43823529412	3.6493908452
2.44117647059	3.6504597099
2.44411764706	3.6515288430
2.44705882353	3.6525982441
2.45	3.6536679130
2.45294117647	3.6547378494
2.45588235294	3.6558080528
2.45882352941	3.6568785232
2.46176470588	3.6579492601
2.46470588235	3.6590202633
2.46764705882	3.6600915324
2.47058823529	3.6611630672
2.47352941176	3.6622348674
2.47647058824	3.6633069326
2.47941176471	3.6643792627
2.48235294118	3.6654518573
2.48529411765	3.6665247161
2.48823529412	3.6675978388
2.49117647059	3.6686712252
2.49411764706	3.6697448750
2.49705882353	3.6708187878
2.5	3.6718929635
2.50294117647	3.6729674017
2.50588235294	3.6740421022
2.50882352941	3.6751170647
2.51176470588	3.6761922888
2.51470588235	3.6772677745
2.51764705882	3.6783435213
2.52058823529	3.6794195290
2.52352941176	3.6804957973
2.52647058824	3.6815723260
2.52941176471	3.6826491148
2.53235294118	3.6837261635
2.53529411765	3.6848034718
2.53823529412	3.6858810394
2.54117647059	3.6869588660
2.54411764706	3.6880369515
2.54705882353	3.6891152955
2.55	3.6901938978
2.55294117647	3.6912727582
2.55588235294	3.6923518764
2.55882352941	3.6934312521
2.56176470588	3.6945108851
2.56470588235	3.6955907752
2.56764705882	3.6966709222
2.57058823529	3.6977513257
2.57352941176	3.6988319855
2.57647058824	3.6999129014
2.57941176471	3.7009940732
2.58235294118	3.7020755006
2.58529411765	3.7031571834
2.58823529412	3.7042391213
2.59117647059	3.7053213142
2.59411764706	3.7064037617
2.59705882353	3.7074864637
2.6	3.7085694200
2.60294117647	3.7096526302
2.60588235294	3.7107360943
2.60882352941	3.7118198119
2.61176470588	3.7129037829
2.61470588235	3.7139880069
2.61764705882	3.7150724839
2.62058823529	3.7161572136
2.62352941176	3.7172421958
2.62647058824	3.7183274302
2.62941176471	3.7194129167
2.63235294118	3.7204986551
2.63529411765	3.7215846451
2.63823529412	3.7226708865
2.64117647059	3.7237573792
2.64411764706	3.7248441228
2.64705882353	3.7259311174
2.65	3.7270183625
2.65294117647	3.7281058581
2.65588235294	3.7291936039
2.65882352941	3.7302815997
2.66176470588	3.7313698454
2.66470588235	3.7324583408
2.66764705882	3.7335470856
2.67058823529	3.7346360797
2.67352941176	3.7357253229
2.67647058824	3.7368148150
2.67941176471	3.7379045558
2.68235294118	3.7389945452
2.68529411765	3.7400847829
2.68823529412	3.7411752689
2.69117647059	3.7422660028
2.69411764706	3.7433569846
2.69705882353	3.7444482141
2.7	3.7455396910
2.70294117647	3.7466314153
2.70588235294	3.7477233868
2.70882352941	3.7488156052
2.71176470588	3.7499080705
2.71470588235	3.7510007825
2.71764705882	3.7520937409
2.72058823529	3.7531869457
2.72352941176	3.7542803967
2.72647058824	3.7553740938
2.72941176471	3.7564680367
2.73235294118	3.7575622254
2.73529411765	3.7586566596
2.73823529412	3.7597513393
2.74117647059	3.7608462643
2.74411764706	3.7619414344
2.74705882353	3.7630368495
2.75	3.7641325095
2.75294117647	3.7652284142
2.75588235294	3.7663245636
2.75882352941	3.7674209573
2.76176470588	3.7685175954
2.76470588235	3.7696144777
2.76764705882	3.7707116040
2.77058823529	3.7718089742
2.77352941176	3.7729065883
2.77647058824	3.7740044460
2.77941176471	3.7751025473
2.78235294118	3.7762008920
2.78529411765	3.7772994800
2.78823529412	3.7783983113
2.79117647059	3.7794973856
2.79411764706	3.7805967029
2.79705882353	3.7816962630
2.8	3.7827960659
2.80294117647	3.7838961115
2.80588235294	3.7849963995
2.80882352941	3.7860969300
2.81176470588	3.7871977029
2.81470588235	3.7882987180
2.81764705882	3.7893999752
2.82058823529	3.7905014744
2.82352941176	3.7916032156
2.82647058824	3.7927051986
2.82941176471	3.7938074234
2.83235294118	3.7949098898
2.83529411765	3.7960125979
2.83823529412	3.7971155474
2.84117647059	3.7982187384
2.84411764706	3.7993221707
2.84705882353	3.8004258442
2.85	3.8015297589
2.85294117647	3.8026339148
2.85588235294	3.8037383116
2.85882352941	3.8048429495
2.86176470588	3.8059478282
2.86470588235	3.8070529477
2.86764705882	3.8081583081
2.87058823529	3.8092639091
2.87352941176	3.8103697507
2.87647058824	3.8114758330
2.87941176471	3.8125821557
2.88235294118	3.8136887190
2.88529411765	3.8147955226
2.88823529412	3.8159025666
2.89117647059	3.8170098509
2.89411764706	3.8181173756
2.89705882353	3.8192251404
2.9	3.8203331454
2.90294117647	3.8214413906
2.90588235294	3.8225498759
2.90882352941	3.8236586012
2.91176470588	3.8247675666
2.91470588235	3.8258767720
2.91764705882	3.8269862174
2.92058823529	3.8280959027
2.92352941176	3.8292058280
2.92647058824	3.8303159932
2.92941176471	3.8314263982
2.93235294118	3.8325370431
2.93529411765	3.8336479279
2.93823529412	3.8347590525
2.94117647059	3.8358704169
2.94411764706	3.8369820211
2.94705882353	3.8380938652
2.95	3.8392059490
2.95294117647	3.8403182727
2.95588235294	3.8414308361
2.95882352941	3.8425436394
2.96176470588	3.8436566824
2.96470588235	3.8447699653
2.96764705882	3.8458834879
2.97058823529	3.8469972504
2.97352941176	3.8481112528
2.97647058824	3.8492254950
2.97941176471	3.8503399770
2.98235294118	3.8514546990
2.98529411765	3.8525696609
2.98823529412	3.8536848627
2.99117647059	3.8548003045
2.99411764706	3.8559159863
2.99705882353	3.8570319081
3.0	3.8581480700
3.00294117647	3.8592644719
3.00588235294	3.8603811140
3.00882352941	3.8614979963
3.01176470588	3.8626151188
3.01470588235	3.8637324816
3.01764705882	3.8648500847
3.02058823529	3.8659679282
3.02352941176	3.8670860121
3.02647058824	3.8682043364
3.02941176471	3.8693229013
3.03235294118	3.8704417068
3.03529411765	3.8715607530
3.03823529412	3.8726800399
3.04117647059	3.8737995675
3.04411764706	3.8749193361
3.04705882353	3.8760393455
3.05	3.8771595960
3.05294117647	3.8782800876
3.05588235294	3.8794008204
3.05882352941	3.8805217944
3.06176470588	3.8816430097
3.06470588235	3.8827644665
3.06764705882	3.8838861648
3.07058823529	3.8850081047
3.07352941176	3.8861302864
3.07647058824	3.8872527098
3.07941176471	3.8883753752
3.08235294118	3.8894982826
3.08529411765	3.8906214321
3.08823529412	3.8917448239
3.09117647059	3.8928684580
3.09411764706	3.8939923346
3.09705882353	3.8951164537
3.1	3.8962408156
3.10294117647	3.8973654203
3.10588235294	3.8984902680
3.10882352941	3.8996153587
3.11176470588	3.9007406927
3.11470588235	3.9018662700
3.11764705882	3.9029920908
3.12058823529	3.9041181552
3.12352941176	3.9052444634
3.12647058824	3.9063710155
3.12941176471	3.9074978117
3.13235294118	3.9086248522
3.13529411765	3.9097521370
3.13823529412	3.9108796663
3.14117647059	3.9120074404
3.14411764706	3.9131354593
3.14705882353	3.9142637232
3.15	3.9153922323
3.15294117647	3.9165209868
3.15588235294	3.9176499869
3.15882352941	3.9187792326
3.16176470588	3.9199087243
3.16470588235	3.9210384621
3.16764705882	3.9221684461
3.17058823529	3.9232986766
3.17352941176	3.9244291538
3.17647058824	3.9255598779
3.17941176471	3.9266908490
3.18235294118	3.9278220674
3.18529411765	3.9289535332
3.18823529412	3.9300852468
3.19117647059	3.9312172082
3.19411764706	3.9323494178
3.19705882353	3.9334818757
3.2	3.9346145821
3.20294117647	3.9357475373
3.20588235294	3.9368807416
3.20882352941	3.9380141951
3.21176470588	3.9391478980
3.21470588235	3.9402818507
3.21764705882	3.9414160534
3.22058823529	3.9425505062
3.22352941176	3.9436852096
3.22647058824	3.9448201636
3.22941176471	3.9459553686
3.23235294118	3.9470908248
3.23529411765	3.9482265326
3.23823529412	3.9493624920
3.24117647059	3.9504987035
3.24411764706	3.9516351674
3.24705882353	3.9527718838
3.25	3.9539088530
3.25294117647	3.9550460754
3.25588235294	3.9561835513
3.25882352941	3.9573212808
3.26176470588	3.9584592644
3.26470588235	3.9595975023
3.26764705882	3.9607359948
3.27058823529	3.9618747423
3.27352941176	3.9630137450
3.27647058824	3.9641530033
3.27941176471	3.9652925174
3.28235294118	3.9664322877
3.28529411765	3.9675723145
3.28823529412	3.9687125982
3.29117647059	3.9698531391
3.29411764706	3.9709939375
3.29705882353	3.9721349937
3.3	3.9732763082
3.30294117647	3.9744178812
3.30588235294	3.9755597131
3.30882352941	3.9767018042
3.31176470588	3.9778441550
3.31470588235	3.9789867658
3.31764705882	3.9801296370
3.32058823529	3.9812727688
3.32352941176	3.9824161618
3.32647058824	3.9835598163
3.32941176471	3.9847037326
3.33235294118	3.9858479112
3.33529411765	3.9869923525
3.33823529412	3.9881370568
3.34117647059	3.9892820245
3.34411764706	3.9904272562
3.34705882353	3.9915727521
3.35	3.9927185127
3.35294117647	3.9938645384
3.35588235294	3.9950108297
3.35882352941	3.9961573869
3.36176470588	3.9973042105
3.36470588235	3.9984513010
3.36764705882	3.9995986587
3.37058823529	4.0007462842
3.37352941176	4.0018941778
3.37647058824	4.0030423401
3.37941176471	4.0041907715
3.38235294118	4.0053394724
3.38529411765	4.0064884434
3.38823529412	4.0076376849
3.39117647059	4.0087871973
3.39411764706	4.0099369812
3.39705882353	4.0110870371
3.4	4.0122373655
3.40294117647	4.0133879668
3.40588235294	4.0145388415
3.40882352941	4.0156899903
3.41176470588	4.0168414135
3.41470588235	4.0179931117
3.41764705882	4.0191450854
3.42058823529	4.0202973352
3.42352941176	4.0214498616
3.42647058824	4.0226026651
3.42941176471	4.0237557463
3.43235294118	4.0249091057
3.43529411765	4.0260627439
3.43823529412	4.0272166614
3.44117647059	4.0283708589
3.44411764706	4.0295253368
3.44705882353	4.0306800958
3.45	4.0318351364
3.45294117647	4.0329904593
3.45588235294	4.0341460650
3.45882352941	4.0353019541
3.46176470588	4.0364581272
3.46470588235	4.0376145850
3.46764705882	4.0387713281
3.47058823529	4.0399283570
3.47352941176	4.0410856724
3.47647058824	4.0422432750
3.47941176471	4.0434011654
3.48235294118	4.0445593442
3.48529411765	4.0457178121
3.48823529412	4.0468765697
3.49117647059	4.0480356177
3.49411764706	4.0491949569
3.49705882353	4.0503545877
3.5	4.0515145110
3.50294117647	4.0526747275
3.50588235294	4.0538352377
3.50882352941	4.0549960425
3.51176470588	4.0561571426
3.51470588235	4.0573185385
3.51764705882	4.0584802312
3.52058823529	4.0596422212
3.52352941176	4.0608045094
3.52647058824	4.0619670965
3.52941176471	4.0631299832
3.53235294118	4.0642931703
3.53529411765	4.0654566585
3.53823529412	4.0666204486
3.54117647059	4.0677845414
3.54411764706	4.0689489377
3.54705882353	4.0701136383
3.55	4.0712786439
3.55294117647	4.0724439554
3.55588235294	4.0736095736
3.55882352941	4.0747754993
3.56176470588	4.0759417333
3.56470588235	4.0771082764
3.56764705882	4.0782751296
3.57058823529	4.0794422936
3.57352941176	4.0806097693
3.57647058824	4.0817775576
3.57941176471	4.0829456593
3.58235294118	4.0841140754
3.58529411765	4.0852828067
3.58823529412	4.0864518541
3.59117647059	4.0876212185
3.59411764706	4.0887909008
3.59705882353	4.0899609020
3.6	4.0911312230
3.60294117647	4.0923018647
3.60588235294	4.0934728280
3.60882352941	4.0946441140
3.61176470588	4.0958157235
3.61470588235	4.0969876577
3.61764705882	4.0981599173
3.62058823529	4.0993325034
3.62352941176	4.1005054171
3.62647058824	4.1016786593
3.62941176471	4.1028522311
3.63235294118	4.1040261334
3.63529411765	4.1052003673
3.63823529412	4.1063749339
3.64117647059	4.1075498342
3.64411764706	4.1087250693
3.64705882353	4.1099006401
3.65	4.1110765479
3.65294117647	4.1122527938
3.65588235294	4.1134293787
3.65882352941	4.1146063038
3.66176470588	4.1157835703
3.66470588235	4.1169611793
3.66764705882	4.1181391319
3.67058823529	4.1193174293
3.67352941176	4.1204960726
3.67647058824	4.1216750630
3.67941176471	4.1228544018
3.68235294118	4.1240340900
3.68529411765	4.1252141289
3.68823529412	4.1263945197
3.69117647059	4.1275752636
3.69411764706	4.1287563620
3.69705882353	4.1299378159
3.7	4.1311196268
3.70294117647	4.1323017958
3.70588235294	4.1334843242
3.70882352941	4.1346672134
3.71176470588	4.1358504647
3.71470588235	4.1370340793
3.71764705882	4.1382180587
3.72058823529	4.1394024040
3.72352941176	4.1405871168
3.72647058824	4.1417721984
3.72941176471	4.1429576501
3.73235294118	4.1441434734
3.73529411765	4.1453296697
3.73823529412	4.1465162403
3.74117647059	4.1477031867
3.74411764706	4.1488905104
3.74705882353	4.1500782129
3.75	4.1512662955
3.75294117647	4.1524547598
3.75588235294	4.1536436074
3.75882352941	4.1548328396
3.76176470588	4.1560224581
3.76470588235	4.1572124643
3.76764705882	4.1584028599
3.77058823529	4.1595936464
3.77352941176	4.1607848254
3.77647058824	4.1619763986
3.77941176471	4.1631683674
3.78235294118	4.1643607336
3.78529411765	4.1655534989
3.78823529412	4.1667466648
3.79117647059	4.1679402331
3.79411764706	4.1691342054
3.79705882353	4.1703285835
3.8	4.1715233691
3.80294117647	4.1727185640
3.80588235294	4.1739141699
3.80882352941	4.1751101886
3.81176470588	4.1763066219
3.81470588235	4.1775034715
3.81764705882	4.1787007395
3.82058823529	4.1798984275
3.82352941176	4.1810965375
3.82647058824	4.1822950714
3.82941176471	4.1834940310
3.83235294118	4.1846934183
3.83529411765	4.1858932352
3.83823529412	4.1870934837
3.84117647059	4.1882941658
3.84411764706	4.1894952835
3.84705882353	4.1906968388
3.85	4.1918988337
3.85294117647	4.1931012703
3.85588235294	4.1943041507
3.85882352941	4.1955074771
3.86176470588	4.1967112514
3.86470588235	4.1979154759
3.86764705882	4.1991201528
3.87058823529	4.2003252841
3.87352941176	4.2015308722
3.87647058824	4.2027369194
3.87941176471	4.2039434277
3.88235294118	4.2051503996
3.88529411765	4.2063578373
3.88823529412	4.2075657431
3.89117647059	4.2087741195
3.89411764706	4.2099829687
3.89705882353	4.2111922933
3.9	4.2124020956
3.90294117647	4.2136123781
3.90588235294	4.2148231432
3.90882352941	4.2160343935
3.91176470588	4.2172461315
3.91470588235	4.2184583598
3.91764705882	4.2196710809
3.92058823529	4.2208842975
3.92352941176	4.2220980122
3.92647058824	4.2233122277
3.92941176471	4.2245269467
3.93235294118	4.2257421719
3.93529411765	4.2269579060
3.93823529412	4.2281741520
3.94117647059	4.2293909125
3.94411764706	4.2306081905
3.94705882353	4.2318259888
3.95	4.2330443103
3.95294117647	4.2342631580
3.95588235294	4.2354825350
3.95882352941	4.2367024441
3.96176470588	4.2379228884
3.96470588235	4.2391438711
3.96764705882	4.2403653952
3.97058823529	4.2415874639
3.97352941176	4.2428100805
3.97647058824	4.2440332480
3.97941176471	4.2452569698
3.98235294118	4.2464812493
3.98529411765	4.2477060896
3.98823529412	4.2489314943
3.99117647059	4.2501574667
3.99411764706	4.2513840103
3.99705882353	4.2526111287
4.0	4.2538388252
4.00294117647	4.2550671036
4.00588235294	4.2562959675
4.00882352941	4.2575254205
4.01176470588	4.2587554664
4.01470588235	4.2599861089
4.01764705882	4.2612173518
4.02058823529	4.2624491991
4.02352941176	4.2636816545
4.02647058824	4.2649147221
4.02941176471	4.2661484058
4.03235294118	4.2673827098
4.03529411765	4.2686176381
4.03823529412	4.2698531948
4.04117647059	4.2710893843
4.04411764706	4.2723262106
4.04705882353	4.2735636783
4.05	4.2748017916
4.05294117647	4.2760405550
4.05588235294	4.2772799729
4.05882352941	4.2785200500
4.06176470588	4.2797607908
4.06470588235	4.2810022000
4.06764705882	4.2822442823
4.07058823529	4.2834870425
4.07352941176	4.2847304856
4.07647058824	4.2859746163
4.07941176471	4.2872194398
4.08235294118	4.2884649611
4.08529411765	4.2897111852
4.08823529412	4.2909581175
4.09117647059	4.2922057632
4.09411764706	4.2934541277
4.09705882353	4.2947032163
4.1	4.2959530347
4.10294117647	4.2972035883
4.10588235294	4.2984548829
4.10882352941	4.2997069241
4.11176470588	4.3009597179
4.11470588235	4.3022132702
4.11764705882	4.3034675869
4.12058823529	4.3047226742
4.12352941176	4.3059785382
4.12647058824	4.3072351852
4.12941176471	4.3084926217
4.13235294118	4.3097508540
4.13529411765	4.3110098888
4.13823529412	4.3122697327
4.14117647059	4.3135303925
4.14411764706	4.3147918752
4.14705882353	4.3160541876
4.15	4.3173173370
4.15294117647	4.3185813305
4.15588235294	4.3198461755
4.15882352941	4.3211118795
4.16176470588	4.3223784500
4.16470588235	4.3236458947
4.16764705882	4.3249142215
4.17058823529	4.3261834384
4.17352941176	4.3274535535
4.17647058824	4.3287245750
4.17941176471	4.3299965112
4.18235294118	4.3312693709
4.18529411765	4.3325431625
4.18823529412	4.3338178950
4.19117647059	4.3350935774
4.19411764706	4.3363702188
4.19705882353	4.3376478286
4.2	4.3389264162
4.20294117647	4.3402059913
4.20588235294	4.3414865638
4.20882352941	4.3427681437
4.21176470588	4.3440507413
4.21470588235	4.3453343669
4.21764705882	4.3466190312
4.22058823529	4.3479047450
4.22352941176	4.3491915194
4.22647058824	4.3504793656
4.22941176471	4.3517682951
4.23235294118	4.3530583197
4.23529411765	4.3543494513
4.23823529412	4.3556417021
4.24117647059	4.3569350847
4.24411764706	4.3582296116
4.24705882353	4.3595252960
4.25	4.3608221511
4.25294117647	4.3621201906
4.25588235294	4.3634194281
4.25882352941	4.3647198781
4.26176470588	4.3660215549
4.26470588235	4.3673244734
4.26764705882	4.3686286487
4.27058823529	4.3699340965
4.27352941176	4.3712408326
4.27647058824	4.3725488732
4.27941176471	4.3738582351
4.28235294118	4.3751689353
4.28529411765	4.3764809914
4.28823529412	4.3777944212
4.29117647059	4.3791092433
4.29411764706	4.3804254764
4.29705882353	4.3817431399
4.3	4.3830622537
4.30294117647	4.3843828382
4.30588235294	4.3857049145
4.30882352941	4.3870285040
4.31176470588	4.3883536289
4.31470588235	4.3896803120
4.31764705882	4.3910085768
4.32058823529	4.3923384473
4.32352941176	4.3936699484
4.32647058824	4.3950031058
4.32941176471	4.3963379457
4.33235294118	4.3976744955
4.33529411765	4.3990127831
4.33823529412	4.4003528376
4.34117647059	4.4016946889
4.34411764706	4.4030383680
4.34705882353	4.4043839067
4.35	4.4057313383
4.35294117647	4.4070806969
4.35588235294	4.4084320181
4.35882352941	4.4097853386
4.36176470588	4.4111406966
4.36470588235	4.4124981318
4.36764705882	4.4138576853
4.37058823529	4.4152193999
4.37352941176	4.4165833202
4.37647058824	4.4179494925
4.37941176471	4.4193179653
4.38235294118	4.4206887890
4.38529411765	4.4220620164
4.38823529412	4.4234377026
4.39117647059	4.4248159053
4.39411764706	4.4261966851
4.39705882353	4.4275801054
4.4	4.4289662329
4.40294117647	4.4303551379
4.40588235294	4.4317468943
4.40882352941	4.4331415802
4.41176470588	4.4345392781
4.41470588235	4.4359400755
4.41764705882	4.4373440650
4.42058823529	4.4387513453
4.42352941176	4.4401620214
4.42647058824	4.4415762055
4.42941176471	4.4429940178
4.43235294118	4.4444155870
4.43529411765	4.4458410522
4.43823529412	4.4472705631
4.44117647059	4.4487042823
4.44411764706	4.4501423867
4.44705882353	4.4515850695
4.45	4.4530325428
4.45294117647	4.4544850408
4.45588235294	4.4559428232
4.45882352941	4.4574061806
4.46176470588	4.4588754399
4.46470588235	4.4603509724
4.46764705882	4.4618332043
4.47058823529	4.4633226301
4.47352941176	4.4648198322
4.47647058824	4.4663255079
4.47941176471	4.4678405109
4.48235294118	4.4693659136
4.48529411765	4.4709031136
4.48823529412	4.4724540232
4.49117647059	4.4740214563
4.49411764706	4.4756100784
4.49705882353	4.4772297117
4.5	4.4789757549
4.50294117647	4.4808441578
4.50588235294	4.4827395465
4.50882352941	4.4846541529
4.51176470588	4.4865831010
4.51470588235	4.4885238571
4.51764705882	4.4904744659
4.52058823529	4.4924335881
4.52352941176	4.4944001323
4.52647058824	4.4963732513
4.52941176471	4.4983522317
4.53235294118	4.5003364823
4.53529411765	4.5023254927
4.53823529412	4.5043188231
4.54117647059	4.5063160862
4.54411764706	4.5083169402
4.54705882353	4.5103210791
4.55	4.5123282281
4.55294117647	4.5143381384
4.55588235294	4.5163505834
4.55882352941	4.5183653559
4.56176470588	4.5203822655
4.56470588235	4.5224011365
4.56764705882	4.5244218063
4.57058823529	4.5264441237
4.57352941176	4.5284679480
4.57647058824	4.5304931475
4.57941176471	4.5325195991
4.58235294118	4.5345471870
4.58529411765	4.5365758024
4.58823529412	4.5386053428
4.59117647059	4.5406357111
4.59411764706	4.5426668156
4.59705882353	4.5446985695
4.6	4.5467308903
4.60294117647	4.5487636996
4.60588235294	4.5507969228
4.60882352941	4.5528304890
4.61176470588	4.5548643302
4.61470588235	4.5568983818
4.61764705882	4.5589325819
4.62058823529	4.5609668713
4.62352941176	4.5630011933
4.62647058824	4.5650354935
4.62941176471	4.5670697199
4.63235294118	4.5691038223
4.63529411765	4.5711377528
4.63823529412	4.5731714649
4.64117647059	4.5752049144
4.64411764706	4.5772380582
4.64705882353	4.5792708552
4.65	4.5813032656
4.65294117647	4.5833352511
4.65588235294	4.5853667746
4.65882352941	4.5873978004
4.66176470588	4.5894282941
4.66470588235	4.5914582222
4.66764705882	4.5934875526
4.67058823529	4.5955162540
4.67352941176	4.5975442963
4.67647058824	4.5995716504
4.67941176471	4.6015982879
4.68235294118	4.6036241814
4.68529411765	4.6056493045
4.68823529412	4.6076736315
4.69117647059	4.6096971373
4.69411764706	4.6117197978
4.69705882353	4.6137415897
4.7	4.6157624900
4.70294117647	4.6177824767
4.70588235294	4.6198015285
4.70882352941	4.6218196243
4.71176470588	4.6238367441
4.71470588235	4.6258528682
4.71764705882	4.6278679774
4.72058823529	4.6298820533
4.72352941176	4.6318950777
4.72647058824	4.6339070331
4.72941176471	4.6359179025
4.73235294118	4.6379276692
4.73529411765	4.6399363172
4.73823529412	4.6419438307
4.74117647059	4.6439501944
4.74411764706	4.6459553935
4.74705882353	4.6479594135
4.75	4.6499622402
4.75294117647	4.6519638600
4.75588235294	4.6539642596
4.75882352941	4.6559634258
4.76176470588	4.6579613461
4.76470588235	4.6599580080
4.76764705882	4.6619533996
4.77058823529	4.6639475092
4.77352941176	4.6659403253
4.77647058824	4.6679318369
4.77941176471	4.6699220331
4.78235294118	4.6719109033
4.78529411765	4.6738984374
4.78823529412	4.6758846251
4.79117647059	4.6778694569
4.79411764706	4.6798529232
4.79705882353	4.6818350146
4.8	4.6838157222
4.80294117647	4.6857950372
4.80588235294	4.6877729509
4.80882352941	4.6897494550
4.81176470588	4.6917245413
4.81470588235	4.6936982019
4.81764705882	4.6956704291
4.82058823529	4.6976412152
4.82352941176	4.6996105529
4.82647058824	4.7015784351
4.82941176471	4.7035448547
4.83235294118	4.7055098049
4.83529411765	4.7074732791
4.83823529412	4.7094352708
4.84117647059	4.7113957737
4.84411764706	4.7133547816
4.84705882353	4.7153122886
4.85	4.7172682888
4.85294117647	4.7192227766
4.85588235294	4.7211757463
4.85882352941	4.7231271926
4.86176470588	4.7250771103
4.86470588235	4.7270254942
4.86764705882	4.7289723394
4.87058823529	4.7309176409
4.87352941176	4.7328613941
4.87647058824	4.7348035944
4.87941176471	4.7367442373
4.88235294118	4.7386833184
4.88529411765	4.7406208334
4.88823529412	4.7425567784
4.89117647059	4.7444911492
4.89411764706	4.7464239420
4.89705882353	4.7483551529
4.9	4.7502847783
4.90294117647	4.7522128146
4.90588235294	4.7541392582
4.90882352941	4.7560641059
4.91176470588	4.7579873543
4.91470588235	4.7599090003
4.91764705882	4.7618290406
4.92058823529	4.7637474724
4.92352941176	4.7656642927
4.92647058824	4.7675794987
4.92941176471	4.7694930876
4.93235294118	4.7714050567
4.93529411765	4.7733154035
4.93823529412	4.7752241255
4.94117647059	4.7771312203
4.94411764706	4.7790366854
4.94705882353	4.7809405187
4.95	4.7828427179
4.95294117647	4.7847432810
4.95588235294	4.7866422058
4.95882352941	4.7885394905
4.96176470588	4.7904351330
4.96470588235	4.7923291316
4.96764705882	4.7942214845
4.97058823529	4.7961121899
4.97352941176	4.7980012462
4.97647058824	4.7998886519
4.97941176471	4.8017744054
4.98235294118	4.8036585052
4.98529411765	4.8055409500
4.98823529412	4.8074217384
4.99117647059	4.8093008691
4.99411764706	4.8111783409
4.99705882353	4.8130541526
5.0	4.8149283031
5.00294117647	4.8168007913
5.00588235294	4.8186716162
5.00882352941	4.8205407768
5.01176470588	4.8224082723
5.01470588235	4.8242741016
5.01764705882	4.8261382642
5.02058823529	4.8280007590
5.02352941176	4.8298615855
5.02647058824	4.8317207430
5.02941176471	4.8335782307
5.03235294118	4.8354340482
5.03529411765	4.8372881948
5.03823529412	4.8391406702
5.04117647059	4.8409914737
5.04411764706	4.8428406050
5.04705882353	4.8446880638
5.05	4.8465338496
5.05294117647	4.8483779621
5.05588235294	4.8502204012
5.05882352941	4.8520611665
5.06176470588	4.8539002579
5.06470588235	4.8557376752
5.06764705882	4.8575734183
5.07058823529	4.8594074872
5.07352941176	4.8612398817
5.07647058824	4.8630706019
5.07941176471	4.8648996478
5.08235294118	4.8667270193
5.08529411765	4.8685527167
5.08823529412	4.8703767401
5.09117647059	4.8721990895
5.09411764706	4.8740197651
5.09705882353	4.8758387672
5.1	4.8776560960
5.10294117647	4.8794717517
5.10588235294	4.8812857347
5.10882352941	4.8830980452
5.11176470588	4.8849086836
5.11470588235	4.8867176504
5.11764705882	4.8885249458
5.12058823529	4.8903305703
5.12352941176	4.8921345244
5.12647058824	4.8939368086
5.12941176471	4.8957374233
5.13235294118	4.8975363690
5.13529411765	4.8993336464
5.13823529412	4.9011292560
5.14117647059	4.9029231984
5.14411764706	4.9047154742
5.14705882353	4.9065060841
5.15	4.9082950287
5.15294117647	4.9100823087
5.15588235294	4.9118679249
5.15882352941	4.9136518779
5.16176470588	4.9154341685
5.16470588235	4.9172147974
5.16764705882	4.9189937655
5.17058823529	4.9207710736
5.17352941176	4.9225467225
5.17647058824	4.9243207130
5.17941176471	4.9260930460
5.18235294118	4.9278637224
5.18529411765	4.9296327431
5.18823529412	4.9314001090
5.19117647059	4.9331658211
5.19411764706	4.9349298802
5.19705882353	4.9366922874
5.2	4.9384530437
5.20294117647	4.9402121500
5.20588235294	4.9419696074
5.20882352941	4.9437254169
5.21176470588	4.9454795795
5.21470588235	4.9472320963
5.21764705882	4.9489829685
5.22058823529	4.9507321970
5.22352941176	4.9524797831
5.22647058824	4.9542257277
5.22941176471	4.9559700321
5.23235294118	4.9577126974
5.23529411765	4.9594537248
5.23823529412	4.9611931154
5.24117647059	4.9629308704
5.24411764706	4.9646669911
5.24705882353	4.9664014786
5.25	4.9681343341
5.25294117647	4.9698655590
5.25588235294	4.9715951544
5.25882352941	4.9733231217
5.26176470588	4.9750494620
5.26470588235	4.9767741767
5.26764705882	4.9784972670
5.27058823529	4.9802187343
5.27352941176	4.9819385799
5.27647058824	4.9836568052
5.27941176471	4.9853734113
5.28235294118	4.9870883998
5.28529411765	4.9888017719
5.28823529412	4.9905135290
5.29117647059	4.9922236725
5.29411764706	4.9939322038
5.29705882353	4.9956391242
5.3	4.9973444353
5.30294117647	4.9990481383
5.30588235294	5.0007502347
5.30882352941	5.0024507259
5.31176470588	5.0041496134
5.31470588235	5.0058468987
5.31764705882	5.0075425831
5.32058823529	5.0092366681
5.32352941176	5.0109291552
5.32647058824	5.0126200459
5.32941176471	5.0143093417
5.33235294118	5.0159970440
5.33529411765	5.0176831544
5.33823529412	5.0193676743
5.34117647059	5.0210506054
5.34411764706	5.0227319489
5.34705882353	5.0244117067
5.35	5.0260898800
5.35294117647	5.0277664706
5.35588235294	5.0294414799
5.35882352941	5.0311149094
5.36176470588	5.0327867609
5.36470588235	5.0344570357
5.36764705882	5.0361257355
5.37058823529	5.0377928619
5.37352941176	5.0394584163
5.37647058824	5.0411224006
5.37941176471	5.0427848161
5.38235294118	5.0444456645
5.38529411765	5.0461049474
5.38823529412	5.0477626665
5.39117647059	5.0494188233
5.39411764706	5.0510734194
5.39705882353	5.0527264565
5.4	5.0543779362
5.40294117647	5.0560278601
5.40588235294	5.0576762298
5.40882352941	5.0593230471
5.41176470588	5.0609683135
5.41470588235	5.0626120306
5.41764705882	5.0642542002
5.42058823529	5.0658948239
5.42352941176	5.0675339034
5.42647058824	5.0691714403
5.42941176471	5.0708074362
5.43235294118	5.0724418929
5.43529411765	5.0740748120
5.43823529412	5.0757061953
5.44117647059	5.0773360443
5.44411764706	5.0789643608
5.44705882353	5.0805911464
5.45	5.0822164028
5.45294117647	5.0838401319
5.45588235294	5.0854623351
5.45882352941	5.0870830143
5.46176470588	5.0887021711
5.46470588235	5.0903198072
5.46764705882	5.0919359244
5.47058823529	5.0935505243
5.47352941176	5.0951636087
5.47647058824	5.0967751793
5.47941176471	5.0983852377
5.48235294118	5.0999937858
5.48529411765	5.1016008252
5.48823529412	5.1032063577
5.49117647059	5.1048103849
5.49411764706	5.1064129087
5.49705882353	5.1080139307
5.5	5.1096134250
5.50294117647	5.1112108964
5.50588235294	5.1128063641
5.50882352941	5.1143998309
5.51176470588	5.1159913042
5.51470588235	5.1175807886
5.51764705882	5.1191682899
5.52058823529	5.1207538128
5.52352941176	5.1223373626
5.52647058824	5.1239189440
5.52941176471	5.1254985620
5.53235294118	5.1270762213
5.53529411765	5.1286519267
5.53823529412	5.1302256830
5.54117647059	5.1317974948
5.54411764706	5.1333673669
5.54705882353	5.1349353038
5.55	5.1365013101
5.55294117647	5.1380653905
5.55588235294	5.1396275494
5.55882352941	5.1411877914
5.56176470588	5.1427461211
5.56470588235	5.1443025428
5.56764705882	5.1458570610
5.57058823529	5.1474096803
5.57352941176	5.1489604050
5.57647058824	5.1505092394
5.57941176471	5.1520561881
5.58235294118	5.1536012553
5.58529411765	5.1551444454
5.58823529412	5.1566857628
5.59117647059	5.1582252117
5.59411764706	5.1597627964
5.59705882353	5.1612985212
5.6	5.1628323903
5.60294117647	5.1643644081
5.60588235294	5.1658945786
5.60882352941	5.1674229062
5.61176470588	5.1689493949
5.61470588235	5.1704740491
5.61764705882	5.1719968728
5.62058823529	5.1735178702
5.62352941176	5.1750370453
5.62647058824	5.1765544024
5.62941176471	5.1780699455
5.63235294118	5.1795836787
5.63529411765	5.1810956061
5.63823529412	5.1826057316
5.64117647059	5.1841140594
5.64411764706	5.1856205934
5.64705882353	5.1871253377
5.65	5.1886282962
5.65294117647	5.1901294730
5.65588235294	5.1916288720
5.65882352941	5.1931264970
5.66176470588	5.1946223522
5.66470588235	5.1961164413
5.66764705882	5.1976087684
5.67058823529	5.1990993372
5.67352941176	5.2005881517
5.67647058824	5.2020752157
5.67941176471	5.2035605331
5.68235294118	5.2050441077
5.68529411765	5.2065259433
5.68823529412	5.2080060438
5.69117647059	5.2094844129
5.69411764706	5.2109610544
5.69705882353	5.2124359721
5.7	5.2139091698
5.70294117647	5.2153806512
5.70588235294	5.2168504200
5.70882352941	5.2183184800
5.71176470588	5.2197848348
5.71470588235	5.2212494882
5.71764705882	5.2227124438
5.72058823529	5.2241737052
5.72352941176	5.2256332763
5.72647058824	5.2270911605
5.72941176471	5.2285473616
5.73235294118	5.2300018831
5.73529411765	5.2314547286
5.73823529412	5.2329059018
5.74117647059	5.2343554062
5.74411764706	5.2358032454
5.74705882353	5.2372494230
5.75	5.2386939425
5.75294117647	5.2401368074
5.75588235294	5.2415780213
5.75882352941	5.2430175876
5.76176470588	5.2444555099
5.76470588235	5.2458917917
5.76764705882	5.2473264364
5.77058823529	5.2487594475
5.77352941176	5.2501908285
5.77647058824	5.2516205827
5.77941176471	5.2530487137
5.78235294118	5.2544752248
5.78529411765	5.2559001195
5.78823529412	5.2573234012
5.79117647059	5.2587450731
5.79411764706	5.2601651388
5.79705882353	5.2615836016
5.8	5.2630004648
5.80294117647	5.2644157317
5.80588235294	5.2658294058
5.80882352941	5.2672414903
5.81176470588	5.2686519885
5.81470588235	5.2700609038
5.81764705882	5.2714682393
5.82058823529	5.2728739985
5.82352941176	5.2742781846
5.82647058824	5.2756808008
5.82941176471	5.2770818503
5.83235294118	5.2784813365
5.83529411765	5.2798792625
5.83823529412	5.2812756315
5.84117647059	5.2826704469
5.84411764706	5.2840637116
5.84705882353	5.2854554290
5.85	5.2868456023
5.85294117647	5.2882342345
5.85588235294	5.2896213288
5.85882352941	5.2910068884
5.86176470588	5.2923909164
5.86470588235	5.2937734160
5.86764705882	5.2951543902
5.87058823529	5.2965338422
5.87352941176	5.2979117751
5.87647058824	5.2992881918
5.87941176471	5.3006630957
5.88235294118	5.3020364896
5.88529411765	5.3034083766
5.88823529412	5.3047787599
5.89117647059	5.3061476423
5.89411764706	5.3075150271
5.89705882353	5.3088809171
5.9	5.3102453154
5.90294117647	5.3116082250
5.90588235294	5.3129696489
5.90882352941	5.3143295901
5.91176470588	5.3156880515
5.91470588235	5.3170450361
5.91764705882	5.3184005469
5.92058823529	5.3197545868
5.92352941176	5.3211071588
5.92647058824	5.3224582657
5.92941176471	5.3238079105
5.93235294118	5.3251560961
5.93529411765	5.3265028254
5.93823529412	5.3278481014
5.94117647059	5.3291919268
5.94411764706	5.3305343045
5.94705882353	5.3318752375
5.95	5.3332147286
5.95294117647	5.3345527806
5.95588235294	5.3358893964
5.95882352941	5.3372245787
5.96176470588	5.3385583305
5.96470588235	5.3398906546
5.96764705882	5.3412215537
5.97058823529	5.3425510306
5.97352941176	5.3438790882
5.97647058824	5.3452057292
5.97941176471	5.3465309564
5.98235294118	5.3478547725
5.98529411765	5.3491771804
5.98823529412	5.3504981827
5.99117647059	5.3518177822
5.99411764706	5.3531359816
5.99705882353	5.3544527837
6.0	5.3557681912
6.00294117647	5.3570822067
6.00588235294	5.3583948331
6.00882352941	5.3597060729
6.01176470588	5.3610159288
6.01470588235	5.3623244036
6.01764705882	5.3636314998
6.02058823529	5.3649372203
6.02352941176	5.3662415675
6.02647058824	5.3675445442
6.02941176471	5.3688461530
6.03235294118	5.3701463964
6.03529411765	5.3714452773
6.03823529412	5.3727427981
6.04117647059	5.3740389614
6.04411764706	5.3753337699
6.04705882353	5.3766272261
6.05	5.3779193327
6.05294117647	5.3792100922
6.05588235294	5.3804995072
6.05882352941	5.3817875802
6.06176470588	5.3830743137
6.06470588235	5.3843597105
6.06764705882	5.3856437728
6.07058823529	5.3869265034
6.07352941176	5.3882079048
6.07647058824	5.3894879793
6.07941176471	5.3907667296
6.08235294118	5.3920441582
6.08529411765	5.3933202675
6.08823529412	5.3945950601
6.09117647059	5.3958685384
6.09411764706	5.3971407049
6.09705882353	5.3984115620
6.1	5.3996811122
6.10294117647	5.4009493581
6.10588235294	5.4022163019
6.10882352941	5.4034819462
6.11176470588	5.4047462934
6.11470588235	5.4060093459
6.11764705882	5.4072711061
6.12058823529	5.4085315765
6.12352941176	5.4097907594
6.12647058824	5.4110486572
6.12941176471	5.4123052724
6.13235294118	5.4135606073
6.13529411765	5.4148146643
6.13823529412	5.4160674458
6.14117647059	5.4173189540
6.14411764706	5.4185691915
6.14705882353	5.4198181605
6.15	5.4210658634
6.15294117647	5.4223123025
6.15588235294	5.4235574801
6.15882352941	5.4248013986
6.16176470588	5.4260440603
6.16470588235	5.4272854675
6.16764705882	5.4285256225
6.17058823529	5.4297645276
6.17352941176	5.4310021851
6.17647058824	5.4322385973
6.17941176471	5.4334737665
6.18235294118	5.4347076948
6.18529411765	5.4359403847
6.18823529412	5.4371718383
6.19117647059	5.4384020580
6.19411764706	5.4396310459
6.19705882353	5.4408588043
6.2	5.4420853355
6.20294117647	5.4433106416
6.20588235294	5.4445347249
6.20882352941	5.4457575876
6.21176470588	5.4469792319
6.21470588235	5.4481996601
6.21764705882	5.4494188743
6.22058823529	5.4506368767
6.22352941176	5.4518536695
6.22647058824	5.4530692549
6.22941176471	5.4542836351
6.23235294118	5.4554968121
6.23529411765	5.4567087883
6.23823529412	5.4579195657
6.24117647059	5.4591291466
6.24411764706	5.4603375329
6.24705882353	5.4615447270
6.25	5.4627507309
6.25294117647	5.4639555467
6.25588235294	5.4651591766
6.25882352941	5.4663616227
6.26176470588	5.4675628871
6.26470588235	5.4687629718
6.26764705882	5.4699618791
6.27058823529	5.4711596110
6.27352941176	5.4723561696
6.27647058824	5.4735515570
6.27941176471	5.4747457752
6.28235294118	5.4759388263
6.28529411765	5.4771307124
6.28823529412	5.4783214355
6.29117647059	5.4795109978
6.29411764706	5.4806994011
6.29705882353	5.4818866477
6.3	5.4830727396
6.30294117647	5.4842576786
6.30588235294	5.4854414670
6.30882352941	5.4866241067
6.31176470588	5.4878055997
6.31470588235	5.4889859481
6.31764705882	5.4901651538
6.32058823529	5.4913432189
6.32352941176	5.4925201454
6.32647058824	5.4936959351
6.32941176471	5.4948705902
6.33235294118	5.4960441126
6.33529411765	5.4972165043
6.33823529412	5.4983877672
6.34117647059	5.4995579034
6.34411764706	5.5007269147
6.34705882353	5.5018948031
6.35	5.5030615706
6.35294117647	5.5042272192
6.35588235294	5.5053917507
6.35882352941	5.5065551671
6.36176470588	5.5077174703
6.36470588235	5.5088786623
6.36764705882	5.5100387449
6.37058823529	5.5111977201
6.37352941176	5.5123555898
6.37647058824	5.5135123559
6.37941176471	5.5146680203
6.38235294118	5.5158225848
6.38529411765	5.5169760514
6.38823529412	5.5181284220
6.39117647059	5.5192796985
6.39411764706	5.5204298826
6.39705882353	5.5215789763
6.4	5.5227269815
6.40294117647	5.5238739000
6.40588235294	5.5250197336
6.40882352941	5.5261644843
6.41176470588	5.5273081538
6.41470588235	5.5284507440
6.41764705882	5.5295922567
6.42058823529	5.5307326939
6.42352941176	5.5318720572
6.42647058824	5.5330103485
6.42941176471	5.5341475696
6.43235294118	5.5352837224
6.43529411765	5.5364188087
6.43823529412	5.5375528302
6.44117647059	5.5386857888
6.44411764706	5.5398176862
6.44705882353	5.5409485242
6.45	5.5420783047
6.45294117647	5.5432070294
6.45588235294	5.5443347001
6.45882352941	5.5454613185
6.46176470588	5.5465868865
6.46470588235	5.5477114058
6.46764705882	5.5488348781
6.47058823529	5.5499573051
6.47352941176	5.5510786888
6.47647058824	5.5521990307
6.47941176471	5.5533183327
6.48235294118	5.5544365964
6.48529411765	5.5555538237
6.48823529412	5.5566700162
6.49117647059	5.5577851756
6.49411764706	5.5588993037
6.49705882353	5.5600124022
6.5	5.5611244728
6.50294117647	5.5622355172
6.50588235294	5.5633455371
6.50882352941	5.5644545342
6.51176470588	5.5655625103
6.51470588235	5.5666694669
6.51764705882	5.5677754057
6.52058823529	5.5688803286
6.52352941176	5.5699842371
6.52647058824	5.5710871328
6.52941176471	5.5721890176
6.53235294118	5.5732898929
6.53529411765	5.5743897606
6.53823529412	5.5754886223
6.54117647059	5.5765864795
6.54411764706	5.5776833340
6.54705882353	5.5787791874
6.55	5.5798740413
6.55294117647	5.5809678974
6.55588235294	5.5820607573
6.55882352941	5.5831526226
6.56176470588	5.5842434950
6.56470588235	5.5853333761
6.56764705882	5.5864222675
6.57058823529	5.5875101707
6.57352941176	5.5885970875
6.57647058824	5.5896830194
6.57941176471	5.5907679680
6.58235294118	5.5918519350
6.58529411765	5.5929349218
6.58823529412	5.5940169301
6.59117647059	5.5950979615
6.59411764706	5.5961780176
6.59705882353	5.5972570999
6.6	5.5983352100
6.60294117647	5.5994123495
6.60588235294	5.6004885200
6.60882352941	5.6015637229
6.61176470588	5.6026379599
6.61470588235	5.6037112325
6.61764705882	5.6047835423
6.62058823529	5.6058548908
6.62352941176	5.6069252796
6.62647058824	5.6079947102
6.62941176471	5.6090631841
6.63235294118	5.6101307029
6.63529411765	5.6111972680
6.63823529412	5.6122628811
6.64117647059	5.6133275436
6.64411764706	5.6143912571
6.64705882353	5.6154540230
6.65	5.6165158430
6.65294117647	5.6175767184
6.65588235294	5.6186366508
6.65882352941	5.6196956417
6.66176470588	5.6207536925
6.66470588235	5.6218108049
6.66764705882	5.6228669802
6.67058823529	5.6239222200
6.67352941176	5.6249765257
6.67647058824	5.6260298988
6.67941176471	5.6270823408
6.68235294118	5.6281338531
6.68529411765	5.6291844373
6.68823529412	5.6302340947
6.69117647059	5.6312828269
6.69411764706	5.6323306353
6.69705882353	5.6333775214
6.7	5.6344234866
6.70294117647	5.6354685323
6.70588235294	5.6365126600
6.70882352941	5.6375558712
6.71176470588	5.6385981672
6.71470588235	5.6396395495
6.71764705882	5.6406800196
6.72058823529	5.6417195789
6.72352941176	5.6427582287
6.72647058824	5.6437959706
6.72941176471	5.6448328058
6.73235294118	5.6458687360
6.73529411765	5.6469037623
6.73823529412	5.6479378863
6.74117647059	5.6489711094
6.74411764706	5.6500034329
6.74705882353	5.6510348583
6.75	5.6520653869
6.75294117647	5.6530950202
6.75588235294	5.6541237595
6.75882352941	5.6551516062
6.76176470588	5.6561785617
6.76470588235	5.6572046274
6.76764705882	5.6582298046
6.77058823529	5.6592540948
6.77352941176	5.6602774992
6.77647058824	5.6613000193
6.77941176471	5.6623216563
6.78235294118	5.6633424118
6.78529411765	5.6643622870
6.78823529412	5.6653812832
6.79117647059	5.6663994019
6.79411764706	5.6674166443
6.79705882353	5.6684330119
6.8	5.6694485059
6.80294117647	5.6704631277
6.80588235294	5.6714768786
6.80882352941	5.6724897600
6.81176470588	5.6735017732
6.81470588235	5.6745129195
6.81764705882	5.6755232002
6.82058823529	5.6765326167
6.82352941176	5.6775411702
6.82647058824	5.6785488622
6.82941176471	5.6795556938
6.83235294118	5.6805616664
6.83529411765	5.6815667813
6.83823529412	5.6825710398
6.84117647059	5.6835744432
6.84411764706	5.6845769928
6.84705882353	5.6855786898
6.85	5.6865795357
6.85294117647	5.6875795316
6.85588235294	5.6885786789
6.85882352941	5.6895769788
6.86176470588	5.6905744326
6.86470588235	5.6915710415
6.86764705882	5.6925668069
6.87058823529	5.6935617301
6.87352941176	5.6945558122
6.87647058824	5.6955490546
6.87941176471	5.6965414584
6.88235294118	5.6975330251
6.88529411765	5.6985237557
6.88823529412	5.6995136517
6.89117647059	5.7005027141
6.89411764706	5.7014909444
6.89705882353	5.7024783436
6.9	5.7034649131
6.90294117647	5.7044506541
6.90588235294	5.7054355678
6.90882352941	5.7064196554
6.91176470588	5.7074029183
6.91470588235	5.7083853576
6.91764705882	5.7093669745
6.92058823529	5.7103477703
6.92352941176	5.7113277461
6.92647058824	5.7123069033
6.92941176471	5.7132852429
6.93235294118	5.7142627663
6.93529411765	5.7152394746
6.93823529412	5.7162153691
6.94117647059	5.7171904509
6.94411764706	5.7181647212
6.94705882353	5.7191381813
6.95	5.7201108323
6.95294117647	5.7210826754
6.95588235294	5.7220537118
6.95882352941	5.7230239427
6.96176470588	5.7239933694
6.96470588235	5.7249619929
6.96764705882	5.7259298144
6.97058823529	5.7268968352
6.97352941176	5.7278630563
6.97647058824	5.7288284790
6.97941176471	5.7297931045
6.98235294118	5.7307569339
6.98529411765	5.7317199683
6.98823529412	5.7326822090
6.99117647059	5.7336436570
6.99411764706	5.7346043136
6.99705882353	5.7355641799
7.0	5.7365232571
7.00294117647	5.7374815462
7.00588235294	5.7384390485
7.00882352941	5.7393957651
7.01176470588	5.7403516971
7.01470588235	5.7413068457
7.01764705882	5.7422612120
7.02058823529	5.7432147972
7.02352941176	5.7441676023
7.02647058824	5.7451196285
7.02941176471	5.7460708769
7.03235294118	5.7470213487
7.03529411765	5.7479710450
7.03823529412	5.7489199668
7.04117647059	5.7498681154
7.04411764706	5.7508154918
7.04705882353	5.7517620971
7.05	5.7527079325
7.05294117647	5.7536529990
7.05588235294	5.7545972978
7.05882352941	5.7555408300
7.06176470588	5.7564835966
7.06470588235	5.7574255988
7.06764705882	5.7583668376
7.07058823529	5.7593073142
7.07352941176	5.7602470296
7.07647058824	5.7611859850
7.07941176471	5.7621241814
7.08235294118	5.7630616198
7.08529411765	5.7639983015
7.08823529412	5.7649342274
7.09117647059	5.7658693987
7.09411764706	5.7668038163
7.09705882353	5.7677374815
7.1	5.7686703952
7.10294117647	5.7696025585
7.10588235294	5.7705339726
7.10882352941	5.7714646383
7.11176470588	5.7723945569
7.11470588235	5.7733237294
7.11764705882	5.7742521568
7.12058823529	5.7751798402
7.12352941176	5.7761067806
7.12647058824	5.7770329791
7.12941176471	5.7779584368
7.13235294118	5.7788831546
7.13529411765	5.7798071337
7.13823529412	5.7807303750
7.14117647059	5.7816528796
7.14411764706	5.7825746486
7.14705882353	5.7834956830
7.15	5.7844159837
7.15294117647	5.7853355519
7.15588235294	5.7862543886
7.15882352941	5.7871724948
7.16176470588	5.7880898715
7.16470588235	5.7890065197
7.16764705882	5.7899224405
7.17058823529	5.7908376349
7.17352941176	5.7917521038
7.17647058824	5.7926658484
7.17941176471	5.7935788696
7.18235294118	5.7944911684
7.18529411765	5.7954027459
7.18823529412	5.7963136030
7.19117647059	5.7972237408
7.19411764706	5.7981331602
7.19705882353	5.7990418622
7.2	5.7999498479
7.20294117647	5.8008571182
7.20588235294	5.8017636741
7.20882352941	5.8026695167
7.21176470588	5.8035746469
7.21470588235	5.8044790657
7.21764705882	5.8053827740
7.22058823529	5.8062857729
7.22352941176	5.8071880634
7.22647058824	5.8080896463
7.22941176471	5.8089905228
7.23235294118	5.8098906938
7.23529411765	5.8107901601
7.23823529412	5.8116889229
7.24117647059	5.8125869831
7.24411764706	5.8134843417
7.24705882353	5.8143809995
7.25	5.8152769576
7.25294117647	5.8161722170
7.25588235294	5.8170667786
7.25882352941	5.8179606433
7.26176470588	5.8188538121
7.26470588235	5.8197462860
7.26764705882	5.8206380659
7.27058823529	5.8215291527
7.27352941176	5.8224195475
7.27647058824	5.8233092511
7.27941176471	5.8241982645
7.28235294118	5.8250865886
7.28529411765	5.8259742245
7.28823529412	5.8268611729
7.29117647059	5.8277474349
7.29411764706	5.8286330114
7.29705882353	5.8295179032
7.3	5.8304021115
7.30294117647	5.8312856370
7.30588235294	5.8321684807
7.30882352941	5.8330506435
7.31176470588	5.8339321263
7.31470588235	5.8348129302
7.31764705882	5.8356930559
7.32058823529	5.8365725044
7.32352941176	5.8374512767
7.32647058824	5.8383293735
7.32941176471	5.8392067959
7.33235294118	5.8400835448
7.33529411765	5.8409596210
7.33823529412	5.8418350255
7.34117647059	5.8427097592
7.34411764706	5.8435838229
7.34705882353	5.8444572176
7.35	5.8453299442
7.35294117647	5.8462020035
7.35588235294	5.8470733965
7.35882352941	5.8479441241
7.36176470588	5.8488141871
7.36470588235	5.8496835864
7.36764705882	5.8505523230
7.37058823529	5.8514203977
7.37352941176	5.8522878114
7.37647058824	5.8531545649
7.37941176471	5.8540206593
7.38235294118	5.8548860952
7.38529411765	5.8557508737
7.38823529412	5.8566149956
7.39117647059	5.8574784617
7.39411764706	5.8583412730
7.39705882353	5.8592034303
7.4	5.8600649344
7.40294117647	5.8609257864
7.40588235294	5.8617859869
7.40882352941	5.8626455369
7.41176470588	5.8635044372
7.41470588235	5.8643626888
7.41764705882	5.8652202924
7.42058823529	5.8660772489
7.42352941176	5.8669335592
7.42647058824	5.8677892241
7.42941176471	5.8686442445
7.43235294118	5.8694986212
7.43529411765	5.8703523551
7.43823529412	5.8712054470
7.44117647059	5.8720578977
7.44411764706	5.8729097082
7.44705882353	5.8737608792
7.45	5.8746114117
7.45294117647	5.8754613063
7.45588235294	5.8763105641
7.45882352941	5.8771591857
7.46176470588	5.8780071721
7.46470588235	5.8788545240
7.46764705882	5.8797012424
7.47058823529	5.8805473280
7.47352941176	5.8813927816
7.47647058824	5.8822376041
7.47941176471	5.8830817963
7.48235294118	5.8839253591
7.48529411765	5.8847682932
7.48823529412	5.8856105995
7.49117647059	5.8864522788
7.49411764706	5.8872933319
7.49705882353	5.8881337596
7.5	5.8889735627
7.50294117647	5.8898127421
7.50588235294	5.8906512985
7.50882352941	5.8914892329
7.51176470588	5.8923265458
7.51470588235	5.8931632383
7.51764705882	5.8939993110
7.52058823529	5.8948347648
7.52352941176	5.8956696005
7.52647058824	5.8965038189
7.52941176471	5.8973374208
7.53235294118	5.8981704069
7.53529411765	5.8990027782
7.53823529412	5.8998345352
7.54117647059	5.9006656790
7.54411764706	5.9014962102
7.54705882353	5.9023261296
7.55	5.9031554380
7.55294117647	5.9039841363
7.55588235294	5.9048122251
7.55882352941	5.9056397054
7.56176470588	5.9064665777
7.56470588235	5.9072928430
7.56764705882	5.9081185021
7.57058823529	5.9089435556
7.57352941176	5.9097680044
7.57647058824	5.9105918492
7.57941176471	5.9114150908
7.58235294118	5.9122377301
7.58529411765	5.9130597676
7.58823529412	5.9138812043
7.59117647059	5.9147020409
7.59411764706	5.9155222781
7.59705882353	5.9163419168
7.6	5.9171609576
7.60294117647	5.9179794014
7.60588235294	5.9187972489
7.60882352941	5.9196145008
7.61176470588	5.9204311579
7.61470588235	5.9212472210
7.61764705882	5.9220626908
7.62058823529	5.9228775681
7.62352941176	5.9236918537
7.62647058824	5.9245055482
7.62941176471	5.9253186524
7.63235294118	5.9261311671
7.63529411765	5.9269430930
7.63823529412	5.9277544308
7.64117647059	5.9285651814
7.64411764706	5.9293753454
7.64705882353	5.9301849235
7.65	5.9309939166
7.65294117647	5.9318023254
7.65588235294	5.9326101505
7.65882352941	5.9334173928
7.66176470588	5.9342240529
7.66470588235	5.9350301316
7.66764705882	5.9358356297
7.67058823529	5.9366405477
7.67352941176	5.9374448866
7.67647058824	5.9382486470
7.67941176471	5.9390518295
7.68235294118	5.9398544351
7.68529411765	5.9406564643
7.68823529412	5.9414579179
7.69117647059	5.9422587966
7.69411764706	5.9430591011
7.69705882353	5.9438588322
7.7	5.9446579906
7.70294117647	5.9454565769
7.70588235294	5.9462545919
7.70882352941	5.9470520363
7.71176470588	5.9478489108
7.71470588235	5.9486452162
7.71764705882	5.9494409530
7.72058823529	5.9502361221
7.72352941176	5.9510307242
7.72647058824	5.9518247599
7.72941176471	5.9526182299
7.73235294118	5.9534111349
7.73529411765	5.9542034757
7.73823529412	5.9549952530
7.74117647059	5.9557864674
7.74411764706	5.9565771196
7.74705882353	5.9573672104
7.75	5.9581567404
7.75294117647	5.9589457103
7.75588235294	5.9597341208
7.75882352941	5.9605219726
7.76176470588	5.9613092663
7.76470588235	5.9620960028
7.76764705882	5.9628821826
7.77058823529	5.9636678065
7.77352941176	5.9644528750
7.77647058824	5.9652373890
7.77941176471	5.9660213491
7.78235294118	5.9668047560
7.78529411765	5.9675876103
7.78823529412	5.9683699127
7.79117647059	5.9691516639
7.79411764706	5.9699328646
7.79705882353	5.9707135154
7.8	5.9714936171
7.80294117647	5.9722731702
7.80588235294	5.9730521755
7.80882352941	5.9738306337
7.81176470588	5.9746085453
7.81470588235	5.9753859111
7.81764705882	5.9761627318
7.82058823529	5.9769390079
7.82352941176	5.9777147402
7.82647058824	5.9784899293
7.82941176471	5.9792645758
7.83235294118	5.9800386805
7.83529411765	5.9808122440
7.83823529412	5.9815852670
7.84117647059	5.9823577501
7.84411764706	5.9831296939
7.84705882353	5.9839010991
7.85	5.9846719664
7.85294117647	5.9854422965
7.85588235294	5.9862120898
7.85882352941	5.9869813472
7.86176470588	5.9877500693
7.86470588235	5.9885182567
7.86764705882	5.9892859100
7.87058823529	5.9900530300
7.87352941176	5.9908196171
7.87647058824	5.9915856722
7.87941176471	5.9923511958
7.88235294118	5.9931161885
7.88529411765	5.9938806510
7.88823529412	5.9946445840
7.89117647059	5.9954079881
7.89411764706	5.9961708638
7.89705882353	5.9969332120
7.9	5.9976950330
7.90294117647	5.9984563277
7.90588235294	5.9992170967
7.90882352941	5.9999773405
7.91176470588	6.0007370598
7.91470588235	6.0014962552
7.91764705882	6.0022549273
7.92058823529	6.0030130769
7.92352941176	6.0037707044
7.92647058824	6.0045278106
7.92941176471	6.0052843960
7.93235294118	6.0060404612
7.93529411765	6.0067960069
7.93823529412	6.0075510338
7.94117647059	6.0083055423
7.94411764706	6.0090595332
7.94705882353	6.0098130071
7.95	6.0105659645
7.95294117647	6.0113184060
7.95588235294	6.0120703324
7.95882352941	6.0128217442
7.96176470588	6.0135726419
7.96470588235	6.0143230263
7.96764705882	6.0150728979
7.97058823529	6.0158222574
7.97352941176	6.0165711052
7.97647058824	6.0173194421
7.97941176471	6.0180672687
7.98235294118	6.0188145855
7.98529411765	6.0195613932
7.98823529412	6.0203076923
7.99117647059	6.0210534834
7.99411764706	6.0217987672
7.99705882353	6.0225435442
8.0	6.0232878151
8.00294117647	6.0240315804
8.00588235294	6.0247748407
8.00882352941	6.0255175967
8.01176470588	6.0262598488
8.01470588235	6.0270015978
8.01764705882	6.0277428442
8.02058823529	6.0284835885
8.02352941176	6.0292238314
8.02647058824	6.0299635735
8.02941176471	6.0307028153
8.03235294118	6.0314415574
8.03529411765	6.0321798005
8.03823529412	6.0329175450
8.04117647059	6.0336547917
8.04411764706	6.0343915409
8.04705882353	6.0351277934
8.05	6.0358635498
8.05294117647	6.0365988105
8.05588235294	6.0373335762
8.05882352941	6.0380678474
8.06176470588	6.0388016248
8.06470588235	6.0395349088
8.06764705882	6.0402677002
8.07058823529	6.0409999993
8.07352941176	6.0417318069
8.07647058824	6.0424631234
8.07941176471	6.0431939495
8.08235294118	6.0439242858
8.08529411765	6.0446541327
8.08823529412	6.0453834908
8.09117647059	6.0461123608
8.09411764706	6.0468407432
8.09705882353	6.0475686385
8.1	6.0482960473
8.10294117647	6.0490229701
8.10588235294	6.0497494076
8.10882352941	6.0504753603
8.11176470588	6.0512008287
8.11470588235	6.0519258135
8.11764705882	6.0526503151
8.12058823529	6.0533743341
8.12352941176	6.0540978711
8.12647058824	6.0548209266
8.12941176471	6.0555435011
8.13235294118	6.0562655954
8.13529411765	6.0569872097
8.13823529412	6.0577083449
8.14117647059	6.0584290013
8.14411764706	6.0591491795
8.14705882353	6.0598688801
8.15	6.0605881036
8.15294117647	6.0613068506
8.15588235294	6.0620251216
8.15882352941	6.0627429171
8.16176470588	6.0634602378
8.16470588235	6.0641770841
8.16764705882	6.0648934565
8.17058823529	6.0656093557
8.17352941176	6.0663247821
8.17647058824	6.0670397364
8.17941176471	6.0677542189
8.18235294118	6.0684682304
8.18529411765	6.0691817712
8.18823529412	6.0698948420
8.19117647059	6.0706074433
8.19411764706	6.0713195755
8.19705882353	6.0720312394
8.2	6.0727424352
8.20294117647	6.0734531637
8.20588235294	6.0741634253
8.20882352941	6.0748732206
8.21176470588	6.0755825500
8.21470588235	6.0762914142
8.21764705882	6.0769998136
8.22058823529	6.0777077487
8.22352941176	6.0784152201
8.22647058824	6.0791222284
8.22941176471	6.0798287740
8.23235294118	6.0805348574
8.23529411765	6.0812404792
8.23823529412	6.0819456399
8.24117647059	6.0826503400
8.24411764706	6.0833545801
8.24705882353	6.0840583605
8.25	6.0847616820
8.25294117647	6.0854645449
8.25588235294	6.0861669498
8.25882352941	6.0868688972
8.26176470588	6.0875703877
8.26470588235	6.0882714217
8.26764705882	6.0889719997
8.27058823529	6.0896721222
8.27352941176	6.0903717899
8.27647058824	6.0910710031
8.27941176471	6.0917697623
8.28235294118	6.0924680682
8.28529411765	6.0931659212
8.28823529412	6.0938633217
8.29117647059	6.0945602704
8.29411764706	6.0952567676
8.29705882353	6.0959528140
8.3	6.0966484100
8.30294117647	6.0973435560
8.30588235294	6.0980382527
8.30882352941	6.0987325005
8.31176470588	6.0994263000
8.31470588235	6.1001196515
8.31764705882	6.1008125556
8.32058823529	6.1015050128
8.32352941176	6.1021970237
8.32647058824	6.1028885886
8.32941176471	6.1035797081
8.33235294118	6.1042703827
8.33529411765	6.1049606128
8.33823529412	6.1056503990
8.34117647059	6.1063397418
8.34411764706	6.1070286416
8.34705882353	6.1077170989
8.35	6.1084051143
8.35294117647	6.1090926881
8.35588235294	6.1097798210
8.35882352941	6.1104665133
8.36176470588	6.1111527656
8.36470588235	6.1118385784
8.36764705882	6.1125239520
8.37058823529	6.1132088871
8.37352941176	6.1138933841
8.37647058824	6.1145774435
8.37941176471	6.1152610657
8.38235294118	6.1159442513
8.38529411765	6.1166270007
8.38823529412	6.1173093144
8.39117647059	6.1179911928
8.39411764706	6.1186726365
8.39705882353	6.1193536459
8.4	6.1200342216
8.40294117647	6.1207143639
8.40588235294	6.1213940733
8.40882352941	6.1220733504
8.41176470588	6.1227521956
8.41470588235	6.1234306093
8.41764705882	6.1241085921
8.42058823529	6.1247861443
8.42352941176	6.1254632666
8.42647058824	6.1261399593
8.42941176471	6.1268162229
8.43235294118	6.1274920579
8.43529411765	6.1281674647
8.43823529412	6.1288424438
8.44117647059	6.1295169957
8.44411764706	6.1301911208
8.44705882353	6.1308648197
8.45	6.1315380926
8.45294117647	6.1322109403
8.45588235294	6.1328833630
8.45882352941	6.1335553612
8.46176470588	6.1342269355
8.46470588235	6.1348980862
8.46764705882	6.1355688138
8.47058823529	6.1362391188
8.47352941176	6.1369090016
8.47647058824	6.1375784628
8.47941176471	6.1382475027
8.48235294118	6.1389161217
8.48529411765	6.1395843205
8.48823529412	6.1402520993
8.49117647059	6.1409194587
8.49411764706	6.1415863991
8.49705882353	6.1422529209
8.5	6.1429190247
8.50294117647	6.1435847108
8.50588235294	6.1442499798
8.50882352941	6.1449148320
8.51176470588	6.1455792679
8.51470588235	6.1462432879
8.51764705882	6.1469068925
8.52058823529	6.1475700822
8.52352941176	6.1482328574
8.52647058824	6.1488952185
8.52941176471	6.1495571659
8.53235294118	6.1502187002
8.53529411765	6.1508798217
8.53823529412	6.1515405310
8.54117647059	6.1522008283
8.54411764706	6.1528607143
8.54705882353	6.1535201892
8.55	6.1541792537
8.55294117647	6.1548379080
8.55588235294	6.1554961526
8.55882352941	6.1561539880
8.56176470588	6.1568114146
8.56470588235	6.1574684328
8.56764705882	6.1581250431
8.57058823529	6.1587812459
8.57352941176	6.1594370416
8.57647058824	6.1600924307
8.57941176471	6.1607474136
8.58235294118	6.1614019907
8.58529411765	6.1620561625
8.58823529412	6.1627099294
8.59117647059	6.1633632918
8.59411764706	6.1640162501
8.59705882353	6.1646688048
8.6	6.1653209563
8.60294117647	6.1659727050
8.60588235294	6.1666240514
8.60882352941	6.1672749958
8.61176470588	6.1679255388
8.61470588235	6.1685756807
8.61764705882	6.1692254219
8.62058823529	6.1698747629
8.62352941176	6.1705237040
8.62647058824	6.1711722458
8.62941176471	6.1718203886
8.63235294118	6.1724681329
8.63529411765	6.1731154790
8.63823529412	6.1737624274
8.64117647059	6.1744089786
8.64411764706	6.1750551328
8.64705882353	6.1757008906
8.65	6.1763462523
8.65294117647	6.1769912184
8.65588235294	6.1776357893
8.65882352941	6.1782799654
8.66176470588	6.1789237471
8.66470588235	6.1795671348
8.66764705882	6.1802101290
8.67058823529	6.1808527300
8.67352941176	6.1814949382
8.67647058824	6.1821367541
8.67941176471	6.1827781781
8.68235294118	6.1834192106
8.68529411765	6.1840598520
8.68823529412	6.1847001026
8.69117647059	6.1853399630
8.69411764706	6.1859794335
8.69705882353	6.1866185145
8.7	6.1872572064
8.70294117647	6.1878955097
8.70588235294	6.1885334247
8.70882352941	6.1891709518
8.71176470588	6.1898080915
8.71470588235	6.1904448441
8.71764705882	6.1910812100
8.72058823529	6.1917171897
8.72352941176	6.1923527835
8.72647058824	6.1929879919
8.72941176471	6.1936228152
8.73235294118	6.1942572538
8.73529411765	6.1948913082
8.73823529412	6.1955249787
8.74117647059	6.1961582658
8.74411764706	6.1967911698
8.74705882353	6.1974236911
8.75	6.1980558301
8.75294117647	6.1986875872
8.75588235294	6.1993189628
8.75882352941	6.1999499573
8.76176470588	6.2005805711
8.76470588235	6.2012108046
8.76764705882	6.2018406582
8.77058823529	6.2024701322
8.77352941176	6.2030992271
8.77647058824	6.2037279432
8.77941176471	6.2043562809
8.78235294118	6.2049842407
8.78529411765	6.2056118228
8.78823529412	6.2062390278
8.79117647059	6.2068658559
8.79411764706	6.2074923076
8.79705882353	6.2081183833
8.8	6.2087440833
8.80294117647	6.2093694080
8.80588235294	6.2099943578
8.80882352941	6.2106189331
8.81176470588	6.2112431343
8.81470588235	6.2118669617
8.81764705882	6.2124904158
8.82058823529	6.2131134968
8.82352941176	6.2137362053
8.82647058824	6.2143585415
8.82941176471	6.2149805059
8.83235294118	6.2156020988
8.83529411765	6.2162233206
8.83823529412	6.2168441718
8.84117647059	6.2174646525
8.84411764706	6.2180847633
8.84705882353	6.2187045046
8.85	6.2193238766
8.85294117647	6.2199428797
8.85588235294	6.2205615145
8.85882352941	6.2211797811
8.86176470588	6.2217976800
8.86470588235	6.2224152116
8.86764705882	6.2230323762
8.87058823529	6.2236491742
8.87352941176	6.2242656059
8.87647058824	6.2248816718
8.87941176471	6.2254973722
8.88235294118	6.2261127075
8.88529411765	6.2267276781
8.88823529412	6.2273422842
8.89117647059	6.2279565264
8.89411764706	6.2285704049
8.89705882353	6.2291839201
8.9	6.2297970724
8.90294117647	6.2304098621
8.90588235294	6.2310222896
8.90882352941	6.2316343554
8.91176470588	6.2322460596
8.91470588235	6.2328574028
8.91764705882	6.2334683852
8.92058823529	6.2340790073
8.92352941176	6.2346892693
8.92647058824	6.2352991718
8.92941176471	6.2359087149
8.93235294118	6.2365178990
8.93529411765	6.2371267247
8.93823529412	6.2377351921
8.94117647059	6.2383433016
8.94411764706	6.2389510537
8.94705882353	6.2395584486
8.95	6.2401654867
8.95294117647	6.2407721684
8.95588235294	6.2413784941
8.95882352941	6.2419844640
8.96176470588	6.2425900786
8.96470588235	6.2431953382
8.96764705882	6.2438002431
8.97058823529	6.2444047937
8.97352941176	6.2450089904
8.97647058824	6.2456128335
8.97941176471	6.2462163233
8.98235294118	6.2468194603
8.98529411765	6.2474222447
8.98823529412	6.2480246769
8.99117647059	6.2486267573
8.99411764706	6.2492284862
8.99705882353	6.2498298639
9.0	6.2504308909
9.00294117647	6.2510315674
9.00588235294	6.2516318938
9.00882352941	6.2522318705
9.01176470588	6.2528314977
9.01470588235	6.2534307759
9.01764705882	6.2540297054
9.02058823529	6.2546282865
9.02352941176	6.2552265196
9.02647058824	6.2558244050
9.02941176471	6.2564219431
9.03235294118	6.2570191341
9.03529411765	6.2576159785
9.03823529412	6.2582124766
9.04117647059	6.2588086287
9.04411764706	6.2594044352
9.04705882353	6.2599998964
9.05	6.2605950127
9.05294117647	6.2611897843
9.05588235294	6.2617842116
9.05882352941	6.2623782951
9.06176470588	6.2629720349
9.06470588235	6.2635654314
9.06764705882	6.2641584851
9.07058823529	6.2647511961
9.07352941176	6.2653435649
9.07647058824	6.2659355918
9.07941176471	6.2665272771
9.08235294118	6.2671186211
9.08529411765	6.2677096243
9.08823529412	6.2683002868
9.09117647059	6.2688906091
9.09411764706	6.2694805915
9.09705882353	6.2700702343
9.1	6.2706595378
9.10294117647	6.2712485025
9.10588235294	6.2718371285
9.10882352941	6.2724254163
9.11176470588	6.2730133662
9.11470588235	6.2736009784
9.11764705882	6.2741882534
9.12058823529	6.2747751914
9.12352941176	6.2753617928
9.12647058824	6.2759480579
9.12941176471	6.2765339871
9.13235294118	6.2771195806
9.13529411765	6.2777048389
9.13823529412	6.2782897621
9.14117647059	6.2788743507
9.14411764706	6.2794586049
9.14705882353	6.2800425251
9.15	6.2806261116
9.15294117647	6.2812093648
9.15588235294	6.2817922849
9.15882352941	6.2823748724
9.16176470588	6.2829571274
9.16470588235	6.2835390503
9.16764705882	6.2841206415
9.17058823529	6.2847019012
9.17352941176	6.2852828299
9.17647058824	6.2858634277
9.17941176471	6.2864436950
9.18235294118	6.2870236322
9.18529411765	6.2876032396
9.18823529412	6.2881825174
9.19117647059	6.2887614661
9.19411764706	6.2893400858
9.19705882353	6.2899183770
9.2	6.2904963399
9.20294117647	6.2910739749
9.20588235294	6.2916512822
9.20882352941	6.2922282622
9.21176470588	6.2928049153
9.21470588235	6.2933812416
9.21764705882	6.2939572416
9.22058823529	6.2945329156
9.22352941176	6.2951082637
9.22647058824	6.2956832865
9.22941176471	6.2962579841
9.23235294118	6.2968323569
9.23529411765	6.2974064053
9.23823529412	6.2979801294
9.24117647059	6.2985535297
9.24411764706	6.2991266064
9.24705882353	6.2996993598
9.25	6.3002717903
9.25294117647	6.3008438981
9.25588235294	6.3014156836
9.25882352941	6.3019871471
9.26176470588	6.3025582888
9.26470588235	6.3031291091
9.26764705882	6.3036996083
9.27058823529	6.3042697868
9.27352941176	6.3048396447
9.27647058824	6.3054091824
9.27941176471	6.3059784002
9.28235294118	6.3065472985
9.28529411765	6.3071158774
9.28823529412	6.3076841374
9.29117647059	6.3082520787
9.29411764706	6.3088197016
9.29705882353	6.3093870065
9.3	6.3099539936
9.30294117647	6.3105206632
9.30588235294	6.3110870156
9.30882352941	6.3116530512
9.31176470588	6.3122187702
9.31470588235	6.3127841729
9.31764705882	6.3133492597
9.32058823529	6.3139140308
9.32352941176	6.3144784865
9.32647058824	6.3150426271
9.32941176471	6.3156064530
9.33235294118	6.3161699643
9.33529411765	6.3167331615
9.33823529412	6.3172960448
9.34117647059	6.3178586145
9.34411764706	6.3184208709
9.34705882353	6.3189828142
9.35	6.3195444449
9.35294117647	6.3201057631
9.35588235294	6.3206667693
9.35882352941	6.3212274636
9.36176470588	6.3217878463
9.36470588235	6.3223479178
9.36764705882	6.3229076784
9.37058823529	6.3234671283
9.37352941176	6.3240262678
9.37647058824	6.3245850972
9.37941176471	6.3251436169
9.38235294118	6.3257018270
9.38529411765	6.3262597279
9.38823529412	6.3268173200
9.39117647059	6.3273746033
9.39411764706	6.3279315784
9.39705882353	6.3284882454
9.4	6.3290446046
9.40294117647	6.3296006563
9.40588235294	6.3301564008
9.40882352941	6.3307118385
9.41176470588	6.3312669695
9.41470588235	6.3318217941
9.41764705882	6.3323763128
9.42058823529	6.3329305256
9.42352941176	6.3334844330
9.42647058824	6.3340380351
9.42941176471	6.3345913324
9.43235294118	6.3351443250
9.43529411765	6.3356970133
9.43823529412	6.3362493975
9.44117647059	6.3368014780
9.44411764706	6.3373532549
9.44705882353	6.3379047286
9.45	6.3384558994
9.45294117647	6.3390067675
9.45588235294	6.3395573332
9.45882352941	6.3401075969
9.46176470588	6.3406575587
9.46470588235	6.3412072190
9.46764705882	6.3417565780
9.47058823529	6.3423056360
9.47352941176	6.3428543934
9.47647058824	6.3434028503
9.47941176471	6.3439510071
9.48235294118	6.3444988640
9.48529411765	6.3450464213
9.48823529412	6.3455936792
9.49117647059	6.3461406382
9.49411764706	6.3466872983
9.49705882353	6.3472336600
9.5	6.3477797235
9.50294117647	6.3483254890
9.50588235294	6.3488709568
9.50882352941	6.3494161273
9.51176470588	6.3499610006
9.51470588235	6.3505055771
9.51764705882	6.3510498570
9.52058823529	6.3515938406
9.52352941176	6.3521375282
9.52647058824	6.3526809200
9.52941176471	6.3532240163
9.53235294118	6.3537668174
9.53529411765	6.3543093235
9.53823529412	6.3548515350
9.54117647059	6.3553934521
9.54411764706	6.3559350750
9.54705882353	6.3564764040
9.55	6.3570174395
9.55294117647	6.3575581816
9.55588235294	6.3580986306
9.55882352941	6.3586387869
9.56176470588	6.3591786506
9.56470588235	6.3597182220
9.56764705882	6.3602575015
9.57058823529	6.3607964892
9.57352941176	6.3613351854
9.57647058824	6.3618735905
9.57941176471	6.3624117046
9.58235294118	6.3629495280
9.58529411765	6.3634870611
9.58823529412	6.3640243039
9.59117647059	6.3645612569
9.59411764706	6.3650979203
9.59705882353	6.3656342944
9.6	6.3661703793
9.60294117647	6.3667061754
9.60588235294	6.3672416830
9.60882352941	6.3677769022
9.61176470588	6.3683118334
9.61470588235	6.3688464768
9.61764705882	6.3693808327
9.62058823529	6.3699149013
9.62352941176	6.3704486829
9.62647058824	6.3709821778
9.62941176471	6.3715153862
9.63235294118	6.3720483084
9.63529411765	6.3725809446
9.63823529412	6.3731132951
9.64117647059	6.3736453601
9.64411764706	6.3741771400
9.64705882353	6.3747086349
9.65	6.3752398451
9.65294117647	6.3757707709
9.65588235294	6.3763014126
9.65882352941	6.3768317703
9.66176470588	6.3773618444
9.66470588235	6.3778916350
9.66764705882	6.3784211426
9.67058823529	6.3789503672
9.67352941176	6.3794793092
9.67647058824	6.3800079688
9.67941176471	6.3805363463
9.68235294118	6.3810644419
9.68529411765	6.3815922559
9.68823529412	6.3821197885
9.69117647059	6.3826470400
9.69411764706	6.3831740106
9.69705882353	6.3837007006
9.7	6.3842271102
9.70294117647	6.3847532398
9.70588235294	6.3852790894
9.70882352941	6.3858046595
9.71176470588	6.3863299501
9.71470588235	6.3868549617
9.71764705882	6.3873796944
9.72058823529	6.3879041485
9.72352941176	6.3884283242
9.72647058824	6.3889522218
9.72941176471	6.3894758415
9.73235294118	6.3899991836
9.73529411765	6.3905222484
9.73823529412	6.3910450359
9.74117647059	6.3915675467
9.74411764706	6.3920897807
9.74705882353	6.3926117384
9.75	6.3931334199
9.75294117647	6.3936548256
9.75588235294	6.3941759556
9.75882352941	6.3946968101
9.76176470588	6.3952173895
9.76470588235	6.3957376940
9.76764705882	6.3962577238
9.77058823529	6.3967774792
9.77352941176	6.3972969604
9.77647058824	6.3978161676
9.77941176471	6.3983351011
9.78235294118	6.3988537612
9.78529411765	6.3993721480
9.78823529412	6.3998902619
9.79117647059	6.4004081030
9.79411764706	6.4009256716
9.79705882353	6.4014429680
9.8	6.4019599923
9.80294117647	6.4024767449
9.80588235294	6.4029932259
9.80882352941	6.4035094356
9.81176470588	6.4040253743
9.81470588235	6.4045410421
9.81764705882	6.4050564394
9.82058823529	6.4055715663
9.82352941176	6.4060864232
9.82647058824	6.4066010101
9.82941176471	6.4071153274
9.83235294118	6.4076293754
9.83529411765	6.4081431542
9.83823529412	6.4086566640
9.84117647059	6.4091699052
9.84411764706	6.4096828779
9.84705882353	6.4101955824
9.85	6.4107080189
9.85294117647	6.4112201877
9.85588235294	6.4117320890
9.85882352941	6.4122437230
9.86176470588	6.4127550900
9.86470588235	6.4132661901
9.86764705882	6.4137770237
9.87058823529	6.4142875910
9.87352941176	6.4147978921
9.87647058824	6.4153079274
9.87941176471	6.4158176970
9.88235294118	6.4163272012
9.88529411765	6.4168364402
9.88823529412	6.4173454143
9.89117647059	6.4178541237
9.89411764706	6.4183625686
9.89705882353	6.4188707492
9.9	6.4193786658
9.90294117647	6.4198863186
9.90588235294	6.4203937079
9.90882352941	6.4209008338
9.91176470588	6.4214076966
9.91470588235	6.4219142965
9.91764705882	6.4224206338
9.92058823529	6.4229267086
9.92352941176	6.4234325213
9.92647058824	6.4239380720
9.92941176471	6.4244433609
9.93235294118	6.4249483884
9.93529411765	6.4254531545
9.93823529412	6.4259576596
9.94117647059	6.4264619039
9.94411764706	6.4269658876
9.94705882353	6.4274696108
9.95	6.4279730740
9.95294117647	6.4284762772
9.95588235294	6.4289792206
9.95882352941	6.4294819046
9.96176470588	6.4299843294
9.96470588235	6.4304864951
9.96764705882	6.4309884020
9.97058823529	6.4314900503
9.97352941176	6.4319914403
9.97647058824	6.4324925721
9.97941176471	6.4329934460
9.98235294118	6.4334940622
9.98529411765	6.4339944209
9.98823529412	6.4344945224
9.99117647059	6.4349943668
9.99411764706	6.4354939544
9.99705882353	6.4359932855
