0.0	4.1547045216
0.00384615384615	4.1549967904
0.00769230769231	4.1552909589
0.0115384615385	4.1555883169
0.0153846153846	4.1558889240
0.0192307692308	4.1561928446
0.0230769230769	4.1565001422
0.0269230769231	4.1568108794
0.0307692307692	4.1571251176
0.0346153846154	4.1574429169
0.0384615384615	4.1577643363
0.0423076923077	4.1580894326
0.0461538461538	4.1584182613
0.05	4.1587508755
0.0538461538462	4.1590873265
0.0576923076923	4.1594276630
0.0615384615385	4.1597719310
0.0653846153846	4.1601201739
0.0692307692308	4.1604724320
0.0730769230769	4.1608287423
0.0769230769231	4.1611891386
0.0807692307692	4.1615536508
0.0846153846154	4.1619223052
0.0884615384615	4.1622951237
0.0923076923077	4.1626721241
0.0961538461538	4.1630533198
0.1	4.1634387194
0.103846153846	4.1638283266
0.107692307692	4.1642221401
0.111538461538	4.1646201532
0.115384615385	4.1650223539
0.119230769231	4.1654287246
0.123076923077	4.1658392420
0.126923076923	4.1662538768
0.130769230769	4.1666725938
0.134615384615	4.1670953517
0.138461538462	4.1675221030
0.142307692308	4.1679527940
0.146153846154	4.1683873647
0.15	4.1688257488
0.153846153846	4.1692678736
0.157692307692	4.1697136601
0.161538461538	4.1701630233
0.165384615385	4.1706158716
0.169230769231	4.1710721077
0.173076923077	4.1715316280
0.176923076923	4.1719943235
0.180769230769	4.1724600790
0.184615384615	4.1729287743
0.188461538462	4.1734002838
0.192307692308	4.1738744769
0.196153846154	4.1743512183
0.2	4.1748303683
0.203846153846	4.1753117831
0.207692307692	4.1757953151
0.211538461538	4.1762808134
0.215384615385	4.1767681237
0.219230769231	4.1772570896
0.223076923077	4.1777475517
0.226923076923	4.1782393492
0.230769230769	4.1787323208
0.234615384615	4.1792263150
0.238461538462	4.1797212507
0.242307692308	4.1802171125
0.246153846154	4.1807138960
0.25	4.1812116028
0.253846153846	4.1817102330
0.257692307692	4.1822097869
0.261538461538	4.1827102643
0.265384615385	4.1832116649
0.269230769231	4.1837139882
0.273076923077	4.1842172339
0.276923076923	4.1847214014
0.280769230769	4.1852264900
0.284615384615	4.1857324991
0.288461538462	4.1862394281
0.292307692308	4.1867472764
0.296153846154	4.1872560432
0.3	4.1877657278
0.303846153846	4.1882763297
0.307692307692	4.1887878480
0.311538461538	4.1893002820
0.315384615385	4.1898136310
0.319230769231	4.1903278944
0.323076923077	4.1908430712
0.326923076923	4.1913591609
0.330769230769	4.1918761627
0.334615384615	4.1923940758
0.338461538462	4.1929128994
0.342307692308	4.1934326329
0.346153846154	4.1939532754
0.35	4.1944748262
0.353846153846	4.1949972846
0.357692307692	4.1955206497
0.361538461538	4.1960449208
0.365384615385	4.1965700971
0.369230769231	4.1970961779
0.373076923077	4.1976231623
0.376923076923	4.1981510497
0.380769230769	4.1986798391
0.384615384615	4.1992095299
0.388461538462	4.1997401212
0.392307692308	4.2002716123
0.396153846154	4.2008040023
0.4	4.2013372905
0.403846153846	4.2018714761
0.407692307692	4.2024065583
0.411538461538	4.2029425363
0.415384615385	4.2034794093
0.419230769231	4.2040171765
0.423076923077	4.2045558371
0.426923076923	4.2050953903
0.430769230769	4.2056358352
0.434615384615	4.2061771712
0.438461538462	4.2067193973
0.442307692308	4.2072625129
0.446153846154	4.2078065169
0.45	4.2083514088
0.453846153846	4.2088971875
0.457692307692	4.2094438524
0.461538461538	4.2099914026
0.465384615385	4.2105398373
0.469230769231	4.2110891557
0.473076923077	4.2116393569
0.476923076923	4.2121904402
0.480769230769	4.2127424046
0.484615384615	4.2132952495
0.488461538462	4.2138489739
0.492307692308	4.2144035771
0.496153846154	4.2149590581
0.5	4.2155154163
0.503846153846	4.2160726507
0.507692307692	4.2166307605
0.511538461538	4.2171897450
0.515384615385	4.2177496031
0.519230769231	4.2183103342
0.523076923077	4.2188719374
0.526923076923	4.2194344119
0.530769230769	4.2199977567
0.534615384615	4.2205619711
0.538461538462	4.2211270543
0.542307692308	4.2216930054
0.546153846154	4.2222598235
0.55	4.2228275078
0.553846153846	4.2233960575
0.557692307692	4.2239654717
0.561538461538	4.2245357496
0.565384615385	4.2251068903
0.569230769231	4.2256788930
0.573076923077	4.2262517568
0.576923076923	4.2268254808
0.580769230769	4.2274000644
0.584615384615	4.2279755064
0.588461538462	4.2285518063
0.592307692308	4.2291289629
0.596153846154	4.2297069756
0.6	4.2302858435
0.603846153846	4.2308655656
0.607692307692	4.2314461412
0.611538461538	4.2320275693
0.615384615385	4.2326098492
0.619230769231	4.2331929800
0.623076923077	4.2337769607
0.626923076923	4.2343617906
0.630769230769	4.2349474688
0.634615384615	4.2355339943
0.638461538462	4.2361213664
0.642307692308	4.2367095842
0.646153846154	4.2372986468
0.65	4.2378885534
0.653846153846	4.2384793030
0.657692307692	4.2390708949
0.661538461538	4.2396633281
0.665384615385	4.2402566017
0.669230769231	4.2408507150
0.673076923077	4.2414456669
0.676923076923	4.2420414567
0.680769230769	4.2426380836
0.684615384615	4.2432355465
0.688461538462	4.2438338446
0.692307692308	4.2444329771
0.696153846154	4.2450329431
0.7	4.2456337416
0.703846153846	4.2462353719
0.707692307692	4.2468378331
0.711538461538	4.2474411242
0.715384615385	4.2480452444
0.719230769231	4.2486501928
0.723076923077	4.2492559685
0.726923076923	4.2498625707
0.730769230769	4.2504699984
0.734615384615	4.2510782509
0.738461538462	4.2516873271
0.742307692308	4.2522972262
0.746153846154	4.2529079473
0.75	4.2535194896
0.753846153846	4.2541318522
0.757692307692	4.2547450341
0.761538461538	4.2553590345
0.765384615385	4.2559738525
0.769230769231	4.2565894872
0.773076923077	4.2572059377
0.776923076923	4.2578232032
0.780769230769	4.2584412827
0.784615384615	4.2590601754
0.788461538462	4.2596798803
0.792307692308	4.2603003966
0.796153846154	4.2609217233
0.8	4.2615438597
0.803846153846	4.2621668047
0.807692307692	4.2627905576
0.811538461538	4.2634151174
0.815384615385	4.2640404831
0.819230769231	4.2646666540
0.823076923077	4.2652936292
0.826923076923	4.2659214076
0.830769230769	4.2665499886
0.834615384615	4.2671793710
0.838461538462	4.2678095541
0.842307692308	4.2684405369
0.846153846154	4.2690723187
0.85	4.2697048983
0.853846153846	4.2703382750
0.857692307692	4.2709724479
0.861538461538	4.2716074161
0.865384615385	4.2722431786
0.869230769231	4.2728797346
0.873076923077	4.2735170831
0.876923076923	4.2741552234
0.880769230769	4.2747941544
0.884615384615	4.2754338753
0.888461538462	4.2760743851
0.892307692308	4.2767156830
0.896153846154	4.2773577681
0.9	4.2780006395
0.903846153846	4.2786442962
0.907692307692	4.2792887374
0.911538461538	4.2799339622
0.915384615385	4.2805799696
0.919230769231	4.2812267588
0.923076923077	4.2818743289
0.926923076923	4.2825226789
0.930769230769	4.2831718080
0.934615384615	4.2838217152
0.938461538462	4.2844723997
0.942307692308	4.2851238606
0.946153846154	4.2857760969
0.95	4.2864291077
0.953846153846	4.2870828922
0.957692307692	4.2877374494
0.961538461538	4.2883927785
0.965384615385	4.2890488785
0.969230769231	4.2897057485
0.973076923077	4.2903633876
0.976923076923	4.2910217950
0.980769230769	4.2916809697
0.984615384615	4.2923409108
0.988461538462	4.2930016174
0.992307692308	4.2936630886
0.996153846154	4.2943253235
1.0	4.2949883213
1.00384615385	4.2956520809
1.00769230769	4.2963166015
1.01153846154	4.2969818822
1.01538461538	4.2976479221
1.01923076923	4.2983147203
1.02307692308	4.2989822758
1.02692307692	4.2996505878
1.03076923077	4.3003196554
1.03461538462	4.3009894776
1.03846153846	4.3016600536
1.04230769231	4.3023313825
1.04615384615	4.3030034633
1.05	4.3036762952
1.05384615385	4.3043498772
1.05769230769	4.3050242085
1.06153846154	4.3056992881
1.06538461538	4.3063751151
1.06923076923	4.3070516887
1.07307692308	4.3077290079
1.07692307692	4.3084070718
1.08076923077	4.3090858796
1.08461538462	4.3097654303
1.08846153846	4.3104457230
1.09230769231	4.3111267568
1.09615384615	4.3118085309
1.1	4.3124910442
1.10384615385	4.3131742960
1.10769230769	4.3138582853
1.11153846154	4.3145430112
1.11538461538	4.3152284728
1.11923076923	4.3159146692
1.12307692308	4.3166015996
1.12692307692	4.3172892629
1.13076923077	4.3179776583
1.13461538462	4.3186667850
1.13846153846	4.3193566420
1.14230769231	4.3200472283
1.14615384615	4.3207385432
1.15	4.3214305857
1.15384615385	4.3221233550
1.15769230769	4.3228168500
1.16153846154	4.3235110699
1.16538461538	4.3242060139
1.16923076923	4.3249016810
1.17307692308	4.3255980703
1.17692307692	4.3262951810
1.18076923077	4.3269930120
1.18461538462	4.3276915627
1.18846153846	4.3283908319
1.19230769231	4.3290908189
1.19615384615	4.3297915228
1.2	4.3304929426
1.20384615385	4.3311950775
1.20769230769	4.3318979265
1.21153846154	4.3326014888
1.21538461538	4.3333057635
1.21923076923	4.3340107497
1.22307692308	4.3347164465
1.22692307692	4.3354228530
1.23076923077	4.3361299683
1.23461538462	4.3368377916
1.23846153846	4.3375463218
1.24230769231	4.3382555582
1.24615384615	4.3389654999
1.25	4.3396761459
1.25384615385	4.3403874954
1.25769230769	4.3410995475
1.26153846154	4.3418123013
1.26538461538	4.3425257559
1.26923076923	4.3432399105
1.27307692308	4.3439547640
1.27692307692	4.3446703158
1.28076923077	4.3453865648
1.28461538462	4.3461035101
1.28846153846	4.3468211510
1.29230769231	4.3475394865
1.29615384615	4.3482585158
1.3	4.3489782378
1.30384615385	4.3496986519
1.30769230769	4.3504197570
1.31153846154	4.3511415524
1.31538461538	4.3518640371
1.31923076923	4.3525872102
1.32307692308	4.3533110709
1.32692307692	4.3540356183
1.33076923077	4.3547608515
1.33461538462	4.3554867696
1.33846153846	4.3562133718
1.34230769231	4.3569406572
1.34615384615	4.3576686249
1.35	4.3583972740
1.35384615385	4.3591266037
1.35769230769	4.3598566131
1.36153846154	4.3605873013
1.36538461538	4.3613186674
1.36923076923	4.3620507106
1.37307692308	4.3627834300
1.37692307692	4.3635168247
1.38076923077	4.3642508939
1.38461538462	4.3649856367
1.38846153846	4.3657210522
1.39230769231	4.3664571395
1.39615384615	4.3671938979
1.4	4.3679313264
1.40384615385	4.3686694241
1.40769230769	4.3694081902
1.41153846154	4.3701476239
1.41538461538	4.3708877242
1.41923076923	4.3716284904
1.42307692308	4.3723699215
1.42692307692	4.3731120167
1.43076923077	4.3738547751
1.43461538462	4.3745981958
1.43846153846	4.3753422781
1.44230769231	4.3760870210
1.44615384615	4.3768324238
1.45	4.3775784854
1.45384615385	4.3783252052
1.45769230769	4.3790725822
1.46153846154	4.3798206155
1.46538461538	4.3805693044
1.46923076923	4.3813186480
1.47307692308	4.3820686454
1.47692307692	4.3828192958
1.48076923077	4.3835705982
1.48461538462	4.3843225520
1.48846153846	4.3850751562
1.49230769231	4.3858284100
1.49615384615	4.3865823125
1.5	4.3873368629
1.50384615385	4.3880920604
1.50769230769	4.3888479041
1.51153846154	4.3896043931
1.51538461538	4.3903615267
1.51923076923	4.3911193039
1.52307692308	4.3918777240
1.52692307692	4.3926367861
1.53076923077	4.3933964894
1.53461538462	4.3941568330
1.53846153846	4.3949178161
1.54230769231	4.3956794379
1.54615384615	4.3964416975
1.55	4.3972045941
1.55384615385	4.3979681268
1.55769230769	4.3987322949
1.56153846154	4.3994970976
1.56538461538	4.4002625339
1.56923076923	4.4010286030
1.57307692308	4.4017953042
1.57692307692	4.4025626365
1.58076923077	4.4033305993
1.58461538462	4.4040991916
1.58846153846	4.4048684126
1.59230769231	4.4056382616
1.59615384615	4.4064087376
1.6	4.4071798399
1.60384615385	4.4079515677
1.60769230769	4.4087239201
1.61153846154	4.4094968963
1.61538461538	4.4102704955
1.61923076923	4.4110447169
1.62307692308	4.4118195597
1.62692307692	4.4125950230
1.63076923077	4.4133711061
1.63461538462	4.4141478082
1.63846153846	4.4149251283
1.64230769231	4.4157030659
1.64615384615	4.4164816199
1.65	4.4172607897
1.65384615385	4.4180405743
1.65769230769	4.4188209731
1.66153846154	4.4196019852
1.66538461538	4.4203836098
1.66923076923	4.4211658462
1.67307692308	4.4219486934
1.67692307692	4.4227321508
1.68076923077	4.4235162174
1.68461538462	4.4243008926
1.68846153846	4.4250861756
1.69230769231	4.4258720654
1.69615384615	4.4266585615
1.7	4.4274456629
1.70384615385	4.4282333688
1.70769230769	4.4290216786
1.71153846154	4.4298105913
1.71538461538	4.4306001063
1.71923076923	4.4313902227
1.72307692308	4.4321809397
1.72692307692	4.4329722566
1.73076923077	4.4337641726
1.73461538462	4.4345566869
1.73846153846	4.4353497987
1.74230769231	4.4361435073
1.74615384615	4.4369378118
1.75	4.4377327116
1.75384615385	4.4385282058
1.75769230769	4.4393242937
1.76153846154	4.4401209744
1.76538461538	4.4409182473
1.76923076923	4.4417161115
1.77307692308	4.4425145664
1.77692307692	4.4433136110
1.78076923077	4.4441132447
1.78461538462	4.4449134668
1.78846153846	4.4457142763
1.79230769231	4.4465156727
1.79615384615	4.4473176550
1.8	4.4481202227
1.80384615385	4.4489233748
1.80769230769	4.4497271107
1.81153846154	4.4505314297
1.81538461538	4.4513363308
1.81923076923	4.4521418135
1.82307692308	4.4529478770
1.82692307692	4.4537545204
1.83076923077	4.4545617431
1.83461538462	4.4553695444
1.83846153846	4.4561779234
1.84230769231	4.4569868794
1.84615384615	4.4577964118
1.85	4.4586065197
1.85384615385	4.4594172025
1.85769230769	4.4602284593
1.86153846154	4.4610402895
1.86538461538	4.4618526923
1.86923076923	4.4626656670
1.87307692308	4.4634792128
1.87692307692	4.4642933291
1.88076923077	4.4651080151
1.88461538462	4.4659232701
1.88846153846	4.4667390933
1.89230769231	4.4675554841
1.89615384615	4.4683724417
1.9	4.4691899653
1.90384615385	4.4700080544
1.90769230769	4.4708267081
1.91153846154	4.4716459257
1.91538461538	4.4724657066
1.91923076923	4.4732860500
1.92307692308	4.4741069552
1.92692307692	4.4749284216
1.93076923077	4.4757504483
1.93461538462	4.4765730347
1.93846153846	4.4773961801
1.94230769231	4.4782198837
1.94615384615	4.4790441450
1.95	4.4798689631
1.95384615385	4.4806943374
1.95769230769	4.4815202672
1.96153846154	4.4823467518
1.96538461538	4.4831737906
1.96923076923	4.4840013827
1.97307692308	4.4848295275
1.97692307692	4.4856582244
1.98076923077	4.4864874726
1.98461538462	4.4873172715
1.98846153846	4.4881476203
1.99230769231	4.4889785184
1.99615384615	4.4898099652
2.0	4.4906419599
2.00384615385	4.4914745019
2.00769230769	4.4923075904
2.01153846154	4.4931412249
2.01538461538	4.4939754046
2.01923076923	4.4948101289
2.02307692308	4.4956453970
2.02692307692	4.4964812085
2.03076923077	4.4973175624
2.03461538462	4.4981544583
2.03846153846	4.4989918955
2.04230769231	4.4998298732
2.04615384615	4.5006683909
2.05	4.5015074478
2.05384615385	4.5023470434
2.05769230769	4.5031871769
2.06153846154	4.5040278477
2.06538461538	4.5048690552
2.06923076923	4.5057107987
2.07307692308	4.5065530776
2.07692307692	4.5073958912
2.08076923077	4.5082392389
2.08461538462	4.5090831200
2.08846153846	4.5099275340
2.09230769231	4.5107724801
2.09615384615	4.5116179578
2.1	4.5124639663
2.10384615385	4.5133105051
2.10769230769	4.5141575736
2.11153846154	4.5150051711
2.11538461538	4.5158532969
2.11923076923	4.5167019505
2.12307692308	4.5175511313
2.12692307692	4.5184008386
2.13076923077	4.5192510717
2.13461538462	4.5201018302
2.13846153846	4.5209531133
2.14230769231	4.5218049205
2.14615384615	4.5226572511
2.15	4.5235101046
2.15384615385	4.5243634803
2.15769230769	4.5252173776
2.16153846154	4.5260717959
2.16538461538	4.5269267346
2.16923076923	4.5277821932
2.17307692308	4.5286381709
2.17692307692	4.5294946673
2.18076923077	4.5303516818
2.18461538462	4.5312092136
2.18846153846	4.5320672623
2.19230769231	4.5329258273
2.19615384615	4.5337849079
2.2	4.5346445036
2.20384615385	4.5355046138
2.20769230769	4.5363652380
2.21153846154	4.5372263755
2.21538461538	4.5380880257
2.21923076923	4.5389501882
2.22307692308	4.5398128622
2.22692307692	4.5406760474
2.23076923077	4.5415397430
2.23461538462	4.5424039485
2.23846153846	4.5432686634
2.24230769231	4.5441338871
2.24615384615	4.5449996190
2.25	4.5458658585
2.25384615385	4.5467326052
2.25769230769	4.5475998585
2.26153846154	4.5484676178
2.26538461538	4.5493358825
2.26923076923	4.5502046521
2.27307692308	4.5510739261
2.27692307692	4.5519437040
2.28076923077	4.5528139851
2.28461538462	4.5536847689
2.28846153846	4.5545560550
2.29230769231	4.5554278427
2.29615384615	4.5563001316
2.3	4.5571729211
2.30384615385	4.5580462107
2.30769230769	4.5589199998
2.31153846154	4.5597942879
2.31538461538	4.5606690746
2.31923076923	4.5615443592
2.32307692308	4.5624201413
2.32692307692	4.5632964203
2.33076923077	4.5641731958
2.33461538462	4.5650504673
2.33846153846	4.5659282341
2.34230769231	4.5668064958
2.34615384615	4.5676852520
2.35	4.5685645021
2.35384615385	4.5694442455
2.35769230769	4.5703244819
2.36153846154	4.5712052107
2.36538461538	4.5720864314
2.36923076923	4.5729681435
2.37307692308	4.5738503466
2.37692307692	4.5747330401
2.38076923077	4.5756162236
2.38461538462	4.5764998966
2.38846153846	4.5773840586
2.39230769231	4.5782687091
2.39615384615	4.5791538477
2.4	4.5800394739
2.40384615385	4.5809255871
2.40769230769	4.5818121871
2.41153846154	4.5826992732
2.41538461538	4.5835868450
2.41923076923	4.5844749021
2.42307692308	4.5853634439
2.42692307692	4.5862524702
2.43076923077	4.5871419803
2.43461538462	4.5880319738
2.43846153846	4.5889224504
2.44230769231	4.5898134094
2.44615384615	4.5907048506
2.45	4.5915967735
2.45384615385	4.5924891775
2.45769230769	4.5933820624
2.46153846154	4.5942754276
2.46538461538	4.5951692727
2.46923076923	4.5960635973
2.47307692308	4.5969584010
2.47692307692	4.5978536833
2.48076923077	4.5987494438
2.48461538462	4.5996456822
2.48846153846	4.6005423979
2.49230769231	4.6014395906
2.49615384615	4.6023372598
2.5	4.6032354053
2.50384615385	4.6041340264
2.50769230769	4.6050331229
2.51153846154	4.6059326943
2.51538461538	4.6068327403
2.51923076923	4.6077332604
2.52307692308	4.6086342543
2.52692307692	4.6095357216
2.53076923077	4.6104376618
2.53461538462	4.6113400746
2.53846153846	4.6122429596
2.54230769231	4.6131463165
2.54615384615	4.6140501448
2.55	4.6149544442
2.55384615385	4.6158592143
2.55769230769	4.6167644548
2.56153846154	4.6176701652
2.56538461538	4.6185763452
2.56923076923	4.6194829945
2.57307692308	4.6203901127
2.57692307692	4.6212976994
2.58076923077	4.6222057543
2.58461538462	4.6231142770
2.58846153846	4.6240232672
2.59230769231	4.6249327246
2.59615384615	4.6258426488
2.6	4.6267530394
2.60384615385	4.6276638962
2.60769230769	4.6285752188
2.61153846154	4.6294870068
2.61538461538	4.6303992600
2.61923076923	4.6313119780
2.62307692308	4.6322251605
2.62692307692	4.6331388072
2.63076923077	4.6340529177
2.63461538462	4.6349674918
2.63846153846	4.6358825292
2.64230769231	4.6367980295
2.64615384615	4.6377139924
2.65	4.6386304177
2.65384615385	4.6395473050
2.65769230769	4.6404646540
2.66153846154	4.6413824645
2.66538461538	4.6423007362
2.66923076923	4.6432194688
2.67307692308	4.6441386619
2.67692307692	4.6450583154
2.68076923077	4.6459784289
2.68461538462	4.6468990022
2.68846153846	4.6478200350
2.69230769231	4.6487415270
2.69615384615	4.6496634780
2.7	4.6505858877
2.70384615385	4.6515087559
2.70769230769	4.6524320823
2.71153846154	4.6533558666
2.71538461538	4.6542801087
2.71923076923	4.6552048082
2.72307692308	4.6561299649
2.72692307692	4.6570555786
2.73076923077	4.6579816490
2.73461538462	4.6589081760
2.73846153846	4.6598351593
2.74230769231	4.6607625986
2.74615384615	4.6616904938
2.75	4.6626188446
2.75384615385	4.6635476508
2.75769230769	4.6644769122
2.76153846154	4.6654066286
2.76538461538	4.6663367998
2.76923076923	4.6672674256
2.77307692308	4.6681985058
2.77692307692	4.6691300402
2.78076923077	4.6700620286
2.78461538462	4.6709944708
2.78846153846	4.6719273667
2.79230769231	4.6728607160
2.79615384615	4.6737945186
2.8	4.6747287743
2.80384615385	4.6756634830
2.80769230769	4.6765986444
2.81153846154	4.6775342584
2.81538461538	4.6784703250
2.81923076923	4.6794068438
2.82307692308	4.6803438147
2.82692307692	4.6812812377
2.83076923077	4.6822191125
2.83461538462	4.6831574391
2.83846153846	4.6840962172
2.84230769231	4.6850354468
2.84615384615	4.6859751277
2.85	4.6869152598
2.85384615385	4.6878558430
2.85769230769	4.6887968771
2.86153846154	4.6897383621
2.86538461538	4.6906802978
2.86923076923	4.6916226842
2.87307692308	4.6925655211
2.87692307692	4.6935088084
2.88076923077	4.6944525461
2.88461538462	4.6953967340
2.88846153846	4.6963413720
2.89230769231	4.6972864602
2.89615384615	4.6982319984
2.9	4.6991779864
2.90384615385	4.7001244244
2.90769230769	4.7010713121
2.91153846154	4.7020186496
2.91538461538	4.7029664368
2.91923076923	4.7039146736
2.92307692308	4.7048633599
2.92692307692	4.7058124958
2.93076923077	4.7067620812
2.93461538462	4.7077121160
2.93846153846	4.7086626002
2.94230769231	4.7096135339
2.94615384615	4.7105649169
2.95	4.7115167492
2.95384615385	4.7124690309
2.95769230769	4.7134217619
2.96153846154	4.7143749422
2.96538461538	4.7153285719
2.96923076923	4.7162826509
2.97307692308	4.7172371791
2.97692307692	4.7181921568
2.98076923077	4.7191475838
2.98461538462	4.7201034601
2.98846153846	4.7210597859
2.99230769231	4.7220165611
2.99615384615	4.7229737858
3.0	4.7239314600
3.00384615385	4.7248895837
3.00769230769	4.7258481570
3.01153846154	4.7268071800
3.01538461538	4.7277666527
3.01923076923	4.7287265752
3.02307692308	4.7296869475
3.02692307692	4.7306477697
3.03076923077	4.7316090419
3.03461538462	4.7325707642
3.03846153846	4.7335329367
3.04230769231	4.7344955594
3.04615384615	4.7354586325
3.05	4.7364221561
3.05384615385	4.7373861302
3.05769230769	4.7383505550
3.06153846154	4.7393154306
3.06538461538	4.7402807571
3.06923076923	4.7412465347
3.07307692308	4.7422127634
3.07692307692	4.7431794435
3.08076923077	4.7441465751
3.08461538462	4.7451141582
3.08846153846	4.7460821932
3.09230769231	4.7470506801
3.09615384615	4.7480196190
3.1	4.7489890103
3.10384615385	4.7499588540
3.10769230769	4.7509291503
3.11153846154	4.7518998994
3.11538461538	4.7528711016
3.11923076923	4.7538427570
3.12307692308	4.7548148657
3.12692307692	4.7557874282
3.13076923077	4.7567604444
3.13461538462	4.7577339147
3.13846153846	4.7587078394
3.14230769231	4.7596822185
3.14615384615	4.7606570524
3.15	4.7616323414
3.15384615385	4.7626080856
3.15769230769	4.7635842853
3.16153846154	4.7645609409
3.16538461538	4.7655380524
3.16923076923	4.7665156204
3.17307692308	4.7674936449
3.17692307692	4.7684721264
3.18076923077	4.7694510650
3.18461538462	4.7704304612
3.18846153846	4.7714103152
3.19230769231	4.7723906273
3.19615384615	4.7733713978
3.2	4.7743526272
3.20384615385	4.7753343156
3.20769230769	4.7763164635
3.21153846154	4.7772990712
3.21538461538	4.7782821391
3.21923076923	4.7792656674
3.22307692308	4.7802496567
3.22692307692	4.7812341072
3.23076923077	4.7822190194
3.23461538462	4.7832043936
3.23846153846	4.7841902302
3.24230769231	4.7851765296
3.24615384615	4.7861632923
3.25	4.7871505186
3.25384615385	4.7881382090
3.25769230769	4.7891263640
3.26153846154	4.7901149838
3.26538461538	4.7911040691
3.26923076923	4.7920936202
3.27307692308	4.7930836377
3.27692307692	4.7940741219
3.28076923077	4.7950650734
3.28461538462	4.7960564926
3.28846153846	4.7970483800
3.29230769231	4.7980407362
3.29615384615	4.7990335617
3.3	4.8000268569
3.30384615385	4.8010206223
3.30769230769	4.8020148586
3.31153846154	4.8030095663
3.31538461538	4.8040047459
3.31923076923	4.8050003979
3.32307692308	4.8059965229
3.32692307692	4.8069931216
3.33076923077	4.8079901944
3.33461538462	4.8089877421
3.33846153846	4.8099857650
3.34230769231	4.8109842640
3.34615384615	4.8119832396
3.35	4.8129826924
3.35384615385	4.8139826231
3.35769230769	4.8149830322
3.36153846154	4.8159839206
3.36538461538	4.8169852887
3.36923076923	4.8179871374
3.37307692308	4.8189894672
3.37692307692	4.8199922789
3.38076923077	4.8209955731
3.38461538462	4.8219993506
3.38846153846	4.8230036121
3.39230769231	4.8240083583
3.39615384615	4.8250135900
3.4	4.8260193079
3.40384615385	4.8270255128
3.40769230769	4.8280322054
3.41153846154	4.8290393865
3.41538461538	4.8300470569
3.41923076923	4.8310552175
3.42307692308	4.8320638689
3.42692307692	4.8330730121
3.43076923077	4.8340826479
3.43461538462	4.8350927770
3.43846153846	4.8361034004
3.44230769231	4.8371145190
3.44615384615	4.8381261335
3.45	4.8391382450
3.45384615385	4.8401508542
3.45769230769	4.8411639622
3.46153846154	4.8421775697
3.46538461538	4.8431916778
3.46923076923	4.8442062874
3.47307692308	4.8452213995
3.47692307692	4.8462370150
3.48076923077	4.8472531349
3.48461538462	4.8482697601
3.48846153846	4.8492868918
3.49230769231	4.8503045309
3.49615384615	4.8513226785
3.5	4.8523413355
3.50384615385	4.8533605031
3.50769230769	4.8543801823
3.51153846154	4.8554003742
3.51538461538	4.8564210799
3.51923076923	4.8574423005
3.52307692308	4.8584640371
3.52692307692	4.8594862909
3.53076923077	4.8605090630
3.53461538462	4.8615323546
3.53846153846	4.8625561668
3.54230769231	4.8635805009
3.54615384615	4.8646053581
3.55	4.8656307395
3.55384615385	4.8666566464
3.55769230769	4.8676830801
3.56153846154	4.8687100418
3.56538461538	4.8697375328
3.56923076923	4.8707655544
3.57307692308	4.8717941080
3.57692307692	4.8728231948
3.58076923077	4.8738528162
3.58461538462	4.8748829735
3.58846153846	4.8759136682
3.59230769231	4.8769449016
3.59615384615	4.8779766751
3.6	4.8790089902
3.60384615385	4.8800418483
3.60769230769	4.8810752509
3.61153846154	4.8821091993
3.61538461538	4.8831436953
3.61923076923	4.8841787402
3.62307692308	4.8852143355
3.62692307692	4.8862504829
3.63076923077	4.8872871839
3.63461538462	4.8883244401
3.63846153846	4.8893622531
3.64230769231	4.8904006246
3.64615384615	4.8914395560
3.65	4.8924790493
3.65384615385	4.8935191059
3.65769230769	4.8945597277
3.66153846154	4.8956009163
3.66538461538	4.8966426735
3.66923076923	4.8976850010
3.67307692308	4.8987279007
3.67692307692	4.8997713744
3.68076923077	4.9008154238
3.68461538462	4.9018600509
3.68846153846	4.9029052575
3.69230769231	4.9039510456
3.69615384615	4.9049974169
3.7	4.9060443735
3.70384615385	4.9070919174
3.70769230769	4.9081400505
3.71153846154	4.9091887749
3.71538461538	4.9102380926
3.71923076923	4.9112880056
3.72307692308	4.9123385160
3.72692307692	4.9133896261
3.73076923077	4.9144413378
3.73461538462	4.9154936534
3.73846153846	4.9165465750
3.74230769231	4.9176001049
3.74615384615	4.9186542454
3.75	4.9197089986
3.75384615385	4.9207643670
3.75769230769	4.9218203527
3.76153846154	4.9228769583
3.76538461538	4.9239341861
3.76923076923	4.9249920384
3.77307692308	4.9260505178
3.77692307692	4.9271096267
3.78076923077	4.9281693677
3.78461538462	4.9292297432
3.78846153846	4.9302907558
3.79230769231	4.9313524083
3.79615384615	4.9324147031
3.8	4.9334776429
3.80384615385	4.9345412306
3.80769230769	4.9356054687
3.81153846154	4.9366703601
3.81538461538	4.9377359076
3.81923076923	4.9388021140
3.82307692308	4.9398689822
3.82692307692	4.9409365152
3.83076923077	4.9420047158
3.83461538462	4.9430735871
3.83846153846	4.9441431321
3.84230769231	4.9452133539
3.84615384615	4.9462842555
3.85	4.9473558403
3.85384615385	4.9484281112
3.85769230769	4.9495010716
3.86153846154	4.9505747248
3.86538461538	4.9516490740
3.86923076923	4.9527241227
3.87307692308	4.9537998742
3.87692307692	4.9548763320
3.88076923077	4.9559534996
3.88461538462	4.9570313806
3.88846153846	4.9581099785
3.89230769231	4.9591892971
3.89615384615	4.9602693399
3.9	4.9613501107
3.90384615385	4.9624316134
3.90769230769	4.9635138517
3.91153846154	4.9645968297
3.91538461538	4.9656805512
3.91923076923	4.9667650202
3.92307692308	4.9678502409
3.92692307692	4.9689362174
3.93076923077	4.9700229537
3.93461538462	4.9711104543
3.93846153846	4.9721987233
3.94230769231	4.9732877652
3.94615384615	4.9743775844
3.95	4.9754681853
3.95384615385	4.9765595726
3.95769230769	4.9776517508
3.96153846154	4.9787447247
3.96538461538	4.9798384989
3.96923076923	4.9809330784
3.97307692308	4.9820284681
3.97692307692	4.9831246729
3.98076923077	4.9842216978
3.98461538462	4.9853195481
3.98846153846	4.9864182288
3.99230769231	4.9875177454
3.99615384615	4.9886181031
4.0	4.9897193074
4.00384615385	4.9908213639
4.00769230769	4.9919242781
4.01153846154	4.9930280558
4.01538461538	4.9941327028
4.01923076923	4.9952382249
4.02307692308	4.9963446282
4.02692307692	4.9974519187
4.03076923077	4.9985601026
4.03461538462	4.9996691863
4.03846153846	5.0007791760
4.04230769231	5.0018900783
4.04615384615	5.0030018997
4.05	5.0041146470
4.05384615385	5.0052283271
4.05769230769	5.0063429467
4.06153846154	5.0074585131
4.06538461538	5.0085750333
4.06923076923	5.0096925147
4.07307692308	5.0108109646
4.07692307692	5.0119303908
4.08076923077	5.0130508007
4.08461538462	5.0141722024
4.08846153846	5.0152946036
4.09230769231	5.0164180127
4.09615384615	5.0175424377
4.1	5.0186678872
4.10384615385	5.0197943697
4.10769230769	5.0209218939
4.11153846154	5.0220504687
4.11538461538	5.0231801032
4.11923076923	5.0243108066
4.12307692308	5.0254425884
4.12692307692	5.0265754580
4.13076923077	5.0277094254
4.13461538462	5.0288445004
4.13846153846	5.0299806933
4.14230769231	5.0311180145
4.14615384615	5.0322564745
4.15	5.0333960841
4.15384615385	5.0345368544
4.15769230769	5.0356787966
4.16153846154	5.0368219222
4.16538461538	5.0379662431
4.16923076923	5.0391117711
4.17307692308	5.0402585186
4.17692307692	5.0414064981
4.18076923077	5.0425557223
4.18461538462	5.0437062044
4.18846153846	5.0448579578
4.19230769231	5.0460109962
4.19615384615	5.0471653335
4.2	5.0483209842
4.20384615385	5.0494779629
4.20769230769	5.0506362847
4.21153846154	5.0517959649
4.21538461538	5.0529570193
4.21923076923	5.0541194641
4.22307692308	5.0552833159
4.22692307692	5.0564485917
4.23076923077	5.0576153089
4.23461538462	5.0587834854
4.23846153846	5.0599531396
4.24230769231	5.0611242903
4.24615384615	5.0622969568
4.25	5.0634711592
4.25384615385	5.0646469178
4.25769230769	5.0658242537
4.26153846154	5.0670031885
4.26538461538	5.0681837446
4.26923076923	5.0693659447
4.27307692308	5.0705498126
4.27692307692	5.0717353725
4.28076923077	5.0729226497
4.28461538462	5.0741116699
4.28846153846	5.0753024598
4.29230769231	5.0764950471
4.29615384615	5.0776894603
4.3	5.0788857287
4.30384615385	5.0800838829
4.30769230769	5.0812839544
4.31153846154	5.0824859758
4.31538461538	5.0836899810
4.31923076923	5.0848960050
4.32307692308	5.0861040843
4.32692307692	5.0873142567
4.33076923077	5.0885265614
4.33461538462	5.0897410393
4.33846153846	5.0909577331
4.34230769231	5.0921766869
4.34615384615	5.0933979471
4.35	5.0946215619
4.35384615385	5.0958475818
4.35769230769	5.0970760594
4.36153846154	5.0983070502
4.36538461538	5.0995406120
4.36923076923	5.1007768056
4.37307692308	5.1020156951
4.37692307692	5.1032573478
4.38076923077	5.1045018347
4.38461538462	5.1057492308
4.38846153846	5.1069996155
4.39230769231	5.1082530728
4.39615384615	5.1095096922
4.4	5.1107695685
4.40384615385	5.1120328033
4.40769230769	5.1132995050
4.41153846154	5.1145697897
4.41538461538	5.1158437825
4.41923076923	5.1171216181
4.42307692308	5.1184034423
4.42692307692	5.1196894137
4.43076923077	5.1209797051
4.43461538462	5.1222745059
4.43846153846	5.1235740248
4.44230769231	5.1248784929
4.44615384615	5.1261881679
4.45	5.1275033393
4.45384615385	5.1288243354
4.45769230769	5.1301515313
4.46153846154	5.1314853617
4.46538461538	5.1328263368
4.46923076923	5.1341750654
4.47307692308	5.1355322903
4.47692307692	5.1368989411
4.48076923077	5.1382762237
4.48461538462	5.1396657806
4.48846153846	5.1410700147
4.49230769231	5.1424928835
4.49615384615	5.1439426448
4.5	5.1454980715
4.50384615385	5.1471589934
4.50769230769	5.1488468021
4.51153846154	5.1505534079
4.51538461538	5.1522748668
4.51923076923	5.1540087748
4.52307692308	5.1557534820
4.52692307692	5.1575077698
4.53076923077	5.1592706926
4.53461538462	5.1610414889
4.53846153846	5.1628195281
4.54230769231	5.1646042764
4.54615384615	5.1663952732
4.55	5.1681921153
4.55384615385	5.1699944451
4.55769230769	5.1718019414
4.56153846154	5.1736143133
4.56538461538	5.1754312950
4.56923076923	5.1772526414
4.57307692308	5.1790781253
4.57692307692	5.1809075345
4.58076923077	5.1827406698
4.58461538462	5.1845773434
4.58846153846	5.1864173771
4.59230769231	5.1882606013
4.59615384615	5.1901068539
4.6	5.1919559797
4.60384615385	5.1938078290
4.60769230769	5.1956622576
4.61153846154	5.1975191262
4.61538461538	5.1993782996
4.61923076923	5.2012396463
4.62307692308	5.2031030385
4.62692307692	5.2049683517
4.63076923077	5.2068354642
4.63461538462	5.2087042570
4.63846153846	5.2105746136
4.64230769231	5.2124464202
4.64615384615	5.2143195648
4.65	5.2161939377
4.65384615385	5.2180694313
4.65769230769	5.2199459398
4.66153846154	5.2218233592
4.66538461538	5.2237015875
4.66923076923	5.2255805244
4.67307692308	5.2274600713
4.67692307692	5.2293401315
4.68076923077	5.2312206099
4.68461538462	5.2331014135
4.68846153846	5.2349824507
4.69230769231	5.2368636322
4.69615384615	5.2387448705
4.7	5.2406260805
4.70384615385	5.2425071791
4.70769230769	5.2443880860
4.71153846154	5.2462687236
4.71538461538	5.2481490177
4.71923076923	5.2500288979
4.72307692308	5.2519082982
4.72692307692	5.2537871580
4.73076923077	5.2556654234
4.73461538462	5.2575430479
4.73846153846	5.2594199916
4.74230769231	5.2612962170
4.74615384615	5.2631716890
4.75	5.2650463739
4.75384615385	5.2669202397
4.75769230769	5.2687932559
4.76153846154	5.2706653930
4.76538461538	5.2725366228
4.76923076923	5.2744069183
4.77307692308	5.2762762533
4.77692307692	5.2781446026
4.78076923077	5.2800119420
4.78461538462	5.2818782480
4.78846153846	5.2837434980
4.79230769231	5.2856076702
4.79615384615	5.2874707434
4.8	5.2893326971
4.80384615385	5.2911935116
4.80769230769	5.2930531676
4.81153846154	5.2949116467
4.81538461538	5.2967689308
4.81923076923	5.2986250024
4.82307692308	5.3004798448
4.82692307692	5.3023334414
4.83076923077	5.3041857764
4.83461538462	5.3060368344
4.83846153846	5.3078866003
4.84230769231	5.3097350597
4.84615384615	5.3115821985
4.85	5.3134280030
4.85384615385	5.3152724598
4.85769230769	5.3171155561
4.86153846154	5.3189572793
4.86538461538	5.3207976173
4.86923076923	5.3226365582
4.87307692308	5.3244740904
4.87692307692	5.3263102029
4.88076923077	5.3281448848
4.88461538462	5.3299781255
4.88846153846	5.3318099148
4.89230769231	5.3336402427
4.89615384615	5.3354690996
4.9	5.3372964759
4.90384615385	5.3391223627
4.90769230769	5.3409467509
4.91153846154	5.3427696319
4.91538461538	5.3445909974
4.91923076923	5.3464108392
4.92307692308	5.3482291493
4.92692307692	5.3500459201
4.93076923077	5.3518611440
4.93461538462	5.3536748138
4.93846153846	5.3554869224
4.94230769231	5.3572974629
4.94615384615	5.3591064287
4.95	5.3609138132
4.95384615385	5.3627196102
4.95769230769	5.3645238135
4.96153846154	5.3663264173
4.96538461538	5.3681274157
4.96923076923	5.3699268031
4.97307692308	5.3717245741
4.97692307692	5.3735207234
4.98076923077	5.3753152459
4.98461538462	5.3771081367
4.98846153846	5.3788993908
4.99230769231	5.3806890037
4.99615384615	5.3824769708
5.0	5.3842632877
5.00384615385	5.3860479501
5.00769230769	5.3878309539
5.01153846154	5.3896122952
5.01538461538	5.3913919700
5.01923076923	5.3931699747
5.02307692308	5.3949463055
5.02692307692	5.3967209589
5.03076923077	5.3984939317
5.03461538462	5.4002652204
5.03846153846	5.4020348220
5.04230769231	5.4038027333
5.04615384615	5.4055689514
5.05	5.4073334735
5.05384615385	5.4090962967
5.05769230769	5.4108574185
5.06153846154	5.4126168363
5.06538461538	5.4143745476
5.06923076923	5.4161305500
5.07307692308	5.4178848413
5.07692307692	5.4196374193
5.08076923077	5.4213882819
5.08461538462	5.4231374270
5.08846153846	5.4248848528
5.09230769231	5.4266305573
5.09615384615	5.4283745388
5.1	5.4301167956
5.10384615385	5.4318573261
5.10769230769	5.4335961287
5.11153846154	5.4353332020
5.11538461538	5.4370685446
5.11923076923	5.4388021551
5.12307692308	5.4405340323
5.12692307692	5.4422641750
5.13076923077	5.4439925820
5.13461538462	5.4457192524
5.13846153846	5.4474441850
5.14230769231	5.4491673791
5.14615384615	5.4508888337
5.15	5.4526085479
5.15384615385	5.4543265212
5.15769230769	5.4560427526
5.16153846154	5.4577572417
5.16538461538	5.4594699879
5.16923076923	5.4611809905
5.17307692308	5.4628902492
5.17692307692	5.4645977635
5.18076923077	5.4663035330
5.18461538462	5.4680075575
5.18846153846	5.4697098366
5.19230769231	5.4714103701
5.19615384615	5.4731091579
5.2	5.4748061998
5.20384615385	5.4765014958
5.20769230769	5.4781950457
5.21153846154	5.4798868497
5.21538461538	5.4815769077
5.21923076923	5.4832652199
5.22307692308	5.4849517864
5.22692307692	5.4866366074
5.23076923077	5.4883196830
5.23461538462	5.4900010135
5.23846153846	5.4916805993
5.24230769231	5.4933584406
5.24615384615	5.4950345378
5.25	5.4967088914
5.25384615385	5.4983815016
5.25769230769	5.5000523692
5.26153846154	5.5017214944
5.26538461538	5.5033888779
5.26923076923	5.5050545203
5.27307692308	5.5067184221
5.27692307692	5.5083805840
5.28076923077	5.5100410067
5.28461538462	5.5116996909
5.28846153846	5.5133566372
5.29230769231	5.5150118465
5.29615384615	5.5166653195
5.3	5.5183170570
5.30384615385	5.5199670600
5.30769230769	5.5216153292
5.31153846154	5.5232618656
5.31538461538	5.5249066701
5.31923076923	5.5265497436
5.32307692308	5.5281910871
5.32692307692	5.5298307016
5.33076923077	5.5314685882
5.33461538462	5.5331047479
5.33846153846	5.5347391817
5.34230769231	5.5363718908
5.34615384615	5.5380028763
5.35	5.5396321392
5.35384615385	5.5412596809
5.35769230769	5.5428855023
5.36153846154	5.5445096049
5.36538461538	5.5461319897
5.36923076923	5.5477526581
5.37307692308	5.5493716112
5.37692307692	5.5509888504
5.38076923077	5.5526043770
5.38461538462	5.5542181923
5.38846153846	5.5558302976
5.39230769231	5.5574406943
5.39615384615	5.5590493838
5.4	5.5606563674
5.40384615385	5.5622616466
5.40769230769	5.5638652228
5.41153846154	5.5654670974
5.41538461538	5.5670672720
5.41923076923	5.5686657478
5.42307692308	5.5702625265
5.42692307692	5.5718576096
5.43076923077	5.5734509986
5.43461538462	5.5750426949
5.43846153846	5.5766327002
5.44230769231	5.5782210160
5.44615384615	5.5798076439
5.45	5.5813925855
5.45384615385	5.5829758423
5.45769230769	5.5845574160
5.46153846154	5.5861373083
5.46538461538	5.5877155207
5.46923076923	5.5892920548
5.47307692308	5.5908669125
5.47692307692	5.5924400953
5.48076923077	5.5940116049
5.48461538462	5.5955814430
5.48846153846	5.5971496113
5.49230769231	5.5987161116
5.49615384615	5.6002809456
5.5	5.6018440914
5.50384615385	5.6034049924
5.50769230769	5.6049636536
5.51153846154	5.6065200790
5.51538461538	5.6080742727
5.51923076923	5.6096262391
5.52307692308	5.6111759821
5.52692307692	5.6127235059
5.53076923077	5.6142688147
5.53461538462	5.6158119126
5.53846153846	5.6173528038
5.54230769231	5.6188914925
5.54615384615	5.6204279828
5.55	5.6219622790
5.55384615385	5.6234943852
5.55769230769	5.6250243056
5.56153846154	5.6265520445
5.56538461538	5.6280776061
5.56923076923	5.6296009946
5.57307692308	5.6311222143
5.57692307692	5.6326412695
5.58076923077	5.6341581645
5.58461538462	5.6356729035
5.58846153846	5.6371854909
5.59230769231	5.6386959311
5.59615384615	5.6402042283
5.6	5.6417103870
5.60384615385	5.6432144116
5.60769230769	5.6447163064
5.61153846154	5.6462160759
5.61538461538	5.6477137246
5.61923076923	5.6492092569
5.62307692308	5.6507026773
5.62692307692	5.6521939903
5.63076923077	5.6536832006
5.63461538462	5.6551703126
5.63846153846	5.6566553309
5.64230769231	5.6581382601
5.64615384615	5.6596191049
5.65	5.6610978698
5.65384615385	5.6625745597
5.65769230769	5.6640491792
5.66153846154	5.6655217329
5.66538461538	5.6669922257
5.66923076923	5.6684606623
5.67307692308	5.6699270476
5.67692307692	5.6713913862
5.68076923077	5.6728536831
5.68461538462	5.6743139432
5.68846153846	5.6757721712
5.69230769231	5.6772283722
5.69615384615	5.6786825511
5.7	5.6801347128
5.70384615385	5.6815848622
5.70769230769	5.6830330045
5.71153846154	5.6844791445
5.71538461538	5.6859232874
5.71923076923	5.6873654381
5.72307692308	5.6888056019
5.72692307692	5.6902437836
5.73076923077	5.6916799884
5.73461538462	5.6931142214
5.73846153846	5.6945464876
5.74230769231	5.6959767920
5.74615384615	5.6974051397
5.75	5.6988315356
5.75384615385	5.7002559847
5.75769230769	5.7016784920
5.76153846154	5.7030990624
5.76538461538	5.7045177008
5.76923076923	5.7059344121
5.77307692308	5.7073492011
5.77692307692	5.7087620729
5.78076923077	5.7101730321
5.78461538462	5.7115820836
5.78846153846	5.7129892322
5.79230769231	5.7143944826
5.79615384615	5.7157978398
5.8	5.7171993083
5.80384615385	5.7185988930
5.80769230769	5.7199965985
5.81153846154	5.7213924295
5.81538461538	5.7227863908
5.81923076923	5.7241784869
5.82307692308	5.7255687226
5.82692307692	5.7269571024
5.83076923077	5.7283436309
5.83461538462	5.7297283127
5.83846153846	5.7311111525
5.84230769231	5.7324921547
5.84615384615	5.7338713239
5.85	5.7352486646
5.85384615385	5.7366241814
5.85769230769	5.7379978786
5.86153846154	5.7393697608
5.86538461538	5.7407398325
5.86923076923	5.7421080980
5.87307692308	5.7434745618
5.87692307692	5.7448392283
5.88076923077	5.7462021019
5.88461538462	5.7475631869
5.88846153846	5.7489224878
5.89230769231	5.7502800088
5.89615384615	5.7516357542
5.9	5.7529897285
5.90384615385	5.7543419358
5.90769230769	5.7556923805
5.91153846154	5.7570410667
5.91538461538	5.7583879989
5.91923076923	5.7597331811
5.92307692308	5.7610766176
5.92692307692	5.7624183126
5.93076923077	5.7637582703
5.93461538462	5.7650964948
5.93846153846	5.7664329904
5.94230769231	5.7677677611
5.94615384615	5.7691008110
5.95	5.7704321443
5.95384615385	5.7717617651
5.95769230769	5.7730896774
5.96153846154	5.7744158854
5.96538461538	5.7757403930
5.96923076923	5.7770632043
5.97307692308	5.7783843233
5.97692307692	5.7797037540
5.98076923077	5.7810215004
5.98461538462	5.7823375666
5.98846153846	5.7836519563
5.99230769231	5.7849646737
5.99615384615	5.7862757226
6.0	5.7875851070
6.00384615385	5.7888928307
6.00769230769	5.7901988977
6.01153846154	5.7915033119
6.01538461538	5.7928060770
6.01923076923	5.7941071970
6.02307692308	5.7954066757
6.02692307692	5.7967045169
6.03076923077	5.7980007245
6.03461538462	5.7992953021
6.03846153846	5.8005882537
6.04230769231	5.8018795830
6.04615384615	5.8031692937
6.05	5.8044573896
6.05384615385	5.8057438744
6.05769230769	5.8070287519
6.06153846154	5.8083120257
6.06538461538	5.8095936995
6.06923076923	5.8108737771
6.07307692308	5.8121522621
6.07692307692	5.8134291581
6.08076923077	5.8147044688
6.08461538462	5.8159781977
6.08846153846	5.8172503487
6.09230769231	5.8185209251
6.09615384615	5.8197899307
6.1	5.8210573690
6.10384615385	5.8223232436
6.10769230769	5.8235875580
6.11153846154	5.8248503158
6.11538461538	5.8261115204
6.11923076923	5.8273711755
6.12307692308	5.8286292845
6.12692307692	5.8298858510
6.13076923077	5.8311408783
6.13461538462	5.8323943700
6.13846153846	5.8336463296
6.14230769231	5.8348967604
6.14615384615	5.8361456660
6.15	5.8373930497
6.15384615385	5.8386389150
6.15769230769	5.8398832652
6.16153846154	5.8411261037
6.16538461538	5.8423674340
6.16923076923	5.8436072593
6.17307692308	5.8448455831
6.17692307692	5.8460824087
6.18076923077	5.8473177394
6.18461538462	5.8485515786
6.18846153846	5.8497839295
6.19230769231	5.8510147954
6.19615384615	5.8522441797
6.2	5.8534720856
6.20384615385	5.8546985164
6.20769230769	5.8559234753
6.21153846154	5.8571469656
6.21538461538	5.8583689905
6.21923076923	5.8595895532
6.22307692308	5.8608086570
6.22692307692	5.8620263050
6.23076923077	5.8632425005
6.23461538462	5.8644572466
6.23846153846	5.8656705465
6.24230769231	5.8668824034
6.24615384615	5.8680928203
6.25	5.8693018005
6.25384615385	5.8705093470
6.25769230769	5.8717154631
6.26153846154	5.8729201517
6.26538461538	5.8741234160
6.26923076923	5.8753252591
6.27307692308	5.8765256840
6.27692307692	5.8777246939
6.28076923077	5.8789222917
6.28461538462	5.8801184806
6.28846153846	5.8813132635
6.29230769231	5.8825066435
6.29615384615	5.8836986237
6.3	5.8848892069
6.30384615385	5.8860783963
6.30769230769	5.8872661947
6.31153846154	5.8884526053
6.31538461538	5.8896376309
6.31923076923	5.8908212745
6.32307692308	5.8920035391
6.32692307692	5.8931844275
6.33076923077	5.8943639428
6.33461538462	5.8955420879
6.33846153846	5.8967188656
6.34230769231	5.8978942789
6.34615384615	5.8990683307
6.35	5.9002410238
6.35384615385	5.9014123611
6.35769230769	5.9025823455
6.36153846154	5.9037509799
6.36538461538	5.9049182670
6.36923076923	5.9060842098
6.37307692308	5.9072488110
6.37692307692	5.9084120736
6.38076923077	5.9095740002
6.38461538462	5.9107345937
6.38846153846	5.9118938569
6.39230769231	5.9130517926
6.39615384615	5.9142084036
6.4	5.9153636926
6.40384615385	5.9165176623
6.40769230769	5.9176703156
6.41153846154	5.9188216551
6.41538461538	5.9199716837
6.41923076923	5.9211204040
6.42307692308	5.9222678187
6.42692307692	5.9234139306
6.43076923077	5.9245587423
6.43461538462	5.9257022566
6.43846153846	5.9268444761
6.44230769231	5.9279854035
6.44615384615	5.9291250415
6.45	5.9302633927
6.45384615385	5.9314004598
6.45769230769	5.9325362454
6.46153846154	5.9336707521
6.46538461538	5.9348039826
6.46923076923	5.9359359395
6.47307692308	5.9370666253
6.47692307692	5.9381960428
6.48076923077	5.9393241945
6.48461538462	5.9404510829
6.48846153846	5.9415767107
6.49230769231	5.9427010803
6.49615384615	5.9438241945
6.5	5.9449460557
6.50384615385	5.9460666665
6.50769230769	5.9471860294
6.51153846154	5.9483041469
6.51538461538	5.9494210216
6.51923076923	5.9505366559
6.52307692308	5.9516510525
6.52692307692	5.9527642137
6.53076923077	5.9538761421
6.53461538462	5.9549868401
6.53846153846	5.9560963103
6.54230769231	5.9572045551
6.54615384615	5.9583115770
6.55	5.9594173783
6.55384615385	5.9605219616
6.55769230769	5.9616253294
6.56153846154	5.9627274839
6.56538461538	5.9638284277
6.56923076923	5.9649281632
6.57307692308	5.9660266928
6.57692307692	5.9671240188
6.58076923077	5.9682201438
6.58461538462	5.9693150700
6.58846153846	5.9704087998
6.59230769231	5.9715013357
6.59615384615	5.9725926800
6.6	5.9736828350
6.60384615385	5.9747718031
6.60769230769	5.9758595867
6.61153846154	5.9769461880
6.61538461538	5.9780316095
6.61923076923	5.9791158534
6.62307692308	5.9801989221
6.62692307692	5.9812808178
6.63076923077	5.9823615429
6.63461538462	5.9834410997
6.63846153846	5.9845194905
6.64230769231	5.9855967175
6.64615384615	5.9866727830
6.65	5.9877476893
6.65384615385	5.9888214387
6.65769230769	5.9898940334
6.66153846154	5.9909654757
6.66538461538	5.9920357677
6.66923076923	5.9931049119
6.67307692308	5.9941729103
6.67692307692	5.9952397652
6.68076923077	5.9963054788
6.68461538462	5.9973700534
6.68846153846	5.9984334911
6.69230769231	5.9994957941
6.69615384615	6.0005569647
6.7	6.0016170050
6.70384615385	6.0026759171
6.70769230769	6.0037337034
6.71153846154	6.0047903658
6.71538461538	6.0058459067
6.71923076923	6.0069003281
6.72307692308	6.0079536322
6.72692307692	6.0090058212
6.73076923077	6.0100568971
6.73461538462	6.0111068621
6.73846153846	6.0121557184
6.74230769231	6.0132034680
6.74615384615	6.0142501131
6.75	6.0152956557
6.75384615385	6.0163400980
6.75769230769	6.0173834420
6.76153846154	6.0184256899
6.76538461538	6.0194668437
6.76923076923	6.0205069055
6.77307692308	6.0215458773
6.77692307692	6.0225837613
6.78076923077	6.0236205595
6.78461538462	6.0246562739
6.78846153846	6.0256909066
6.79230769231	6.0267244597
6.79615384615	6.0277569351
6.8	6.0287883348
6.80384615385	6.0298186610
6.80769230769	6.0308479157
6.81153846154	6.0318761007
6.81538461538	6.0329032183
6.81923076923	6.0339292702
6.82307692308	6.0349542586
6.82692307692	6.0359781855
6.83076923077	6.0370010528
6.83461538462	6.0380228624
6.83846153846	6.0390436164
6.84230769231	6.0400633168
6.84615384615	6.0410819654
6.85	6.0420995643
6.85384615385	6.0431161154
6.85769230769	6.0441316206
6.86153846154	6.0451460820
6.86538461538	6.0461595013
6.86923076923	6.0471718806
6.87307692308	6.0481832218
6.87692307692	6.0491935267
6.88076923077	6.0502027974
6.88461538462	6.0512110357
6.88846153846	6.0522182434
6.89230769231	6.0532244226
6.89615384615	6.0542295751
6.9	6.0552337028
6.90384615385	6.0562368075
6.90769230769	6.0572388912
6.91153846154	6.0582399557
6.91538461538	6.0592400029
6.91923076923	6.0602390347
6.92307692308	6.0612370528
6.92692307692	6.0622340592
6.93076923077	6.0632300556
6.93461538462	6.0642250440
6.93846153846	6.0652190262
6.94230769231	6.0662120040
6.94615384615	6.0672039792
6.95	6.0681949537
6.95384615385	6.0691849292
6.95769230769	6.0701739076
6.96153846154	6.0711618906
6.96538461538	6.0721488802
6.96923076923	6.0731348780
6.97307692308	6.0741198859
6.97692307692	6.0751039056
6.98076923077	6.0760869390
6.98461538462	6.0770689878
6.98846153846	6.0780500537
6.99230769231	6.0790301387
6.99615384615	6.0800092443
7.0	6.0809873724
7.00384615385	6.0819645247
7.00769230769	6.0829407030
7.01153846154	6.0839159090
7.01538461538	6.0848901444
7.01923076923	6.0858634111
7.02307692308	6.0868357106
7.02692307692	6.0878070448
7.03076923077	6.0887774153
7.03461538462	6.0897468240
7.03846153846	6.0907152724
7.04230769231	6.0916827623
7.04615384615	6.0926492954
7.05	6.0936148734
7.05384615385	6.0945794979
7.05769230769	6.0955431708
7.06153846154	6.0965058936
7.06538461538	6.0974676680
7.06923076923	6.0984284958
7.07307692308	6.0993883785
7.07692307692	6.1003473179
7.08076923077	6.1013053156
7.08461538462	6.1022623733
7.08846153846	6.1032184925
7.09230769231	6.1041736751
7.09615384615	6.1051279226
7.1	6.1060812366
7.10384615385	6.1070336188
7.10769230769	6.1079850708
7.11153846154	6.1089355943
7.11538461538	6.1098851908
7.11923076923	6.1108338621
7.12307692308	6.1117816096
7.12692307692	6.1127284351
7.13076923077	6.1136743400
7.13461538462	6.1146193261
7.13846153846	6.1155633950
7.14230769231	6.1165065481
7.14615384615	6.1174487871
7.15	6.1183901136
7.15384615385	6.1193305292
7.15769230769	6.1202700355
7.16153846154	6.1212086339
7.16538461538	6.1221463262
7.16923076923	6.1230831138
7.17307692308	6.1240189983
7.17692307692	6.1249539812
7.18076923077	6.1258880642
7.18461538462	6.1268212488
7.18846153846	6.1277535365
7.19230769231	6.1286849289
7.19615384615	6.1296154274
7.2	6.1305450337
7.20384615385	6.1314737492
7.20769230769	6.1324015755
7.21153846154	6.1333285141
7.21538461538	6.1342545665
7.21923076923	6.1351797343
7.22307692308	6.1361040189
7.22692307692	6.1370274218
7.23076923077	6.1379499446
7.23461538462	6.1388715888
7.23846153846	6.1397923558
7.24230769231	6.1407122471
7.24615384615	6.1416312643
7.25	6.1425494087
7.25384615385	6.1434666819
7.25769230769	6.1443830854
7.26153846154	6.1452986206
7.26538461538	6.1462132890
7.26923076923	6.1471270921
7.27307692308	6.1480400313
7.27692307692	6.1489521081
7.28076923077	6.1498633239
7.28461538462	6.1507736801
7.28846153846	6.1516831783
7.29230769231	6.1525918199
7.29615384615	6.1534996063
7.3	6.1544065389
7.30384615385	6.1553126192
7.30769230769	6.1562178486
7.31153846154	6.1571222286
7.31538461538	6.1580257604
7.31923076923	6.1589284457
7.32307692308	6.1598302857
7.32692307692	6.1607312819
7.33076923077	6.1616314357
7.33461538462	6.1625307485
7.33846153846	6.1634292217
7.34230769231	6.1643268566
7.34615384615	6.1652236548
7.35	6.1661196175
7.35384615385	6.1670147462
7.35769230769	6.1679090423
7.36153846154	6.1688025071
7.36538461538	6.1696951419
7.36923076923	6.1705869483
7.37307692308	6.1714779274
7.37692307692	6.1723680808
7.38076923077	6.1732574097
7.38461538462	6.1741459156
7.38846153846	6.1750335997
7.39230769231	6.1759204635
7.39615384615	6.1768065083
7.4	6.1776917354
7.40384615385	6.1785761461
7.40769230769	6.1794597419
7.41153846154	6.1803425240
7.41538461538	6.1812244937
7.41923076923	6.1821056525
7.42307692308	6.1829860016
7.42692307692	6.1838655423
7.43076923077	6.1847442761
7.43461538462	6.1856222041
7.43846153846	6.1864993277
7.44230769231	6.1873756482
7.44615384615	6.1882511669
7.45	6.1891258852
7.45384615385	6.1899998043
7.45769230769	6.1908729254
7.46153846154	6.1917452500
7.46538461538	6.1926167793
7.46923076923	6.1934875146
7.47307692308	6.1943574572
7.47692307692	6.1952266083
7.48076923077	6.1960949692
7.48461538462	6.1969625413
7.48846153846	6.1978293257
7.49230769231	6.1986953238
7.49615384615	6.1995605368
7.5	6.2004249660
7.50384615385	6.2012886126
7.50769230769	6.2021514779
7.51153846154	6.2030135632
7.51538461538	6.2038748696
7.51923076923	6.2047353985
7.52307692308	6.2055951511
7.52692307692	6.2064541287
7.53076923077	6.2073123324
7.53461538462	6.2081697635
7.53846153846	6.2090264233
7.54230769231	6.2098823129
7.54615384615	6.2107374337
7.55	6.2115917867
7.55384615385	6.2124453734
7.55769230769	6.2132981947
7.56153846154	6.2141502521
7.56538461538	6.2150015467
7.56923076923	6.2158520796
7.57307692308	6.2167018522
7.57692307692	6.2175508656
7.58076923077	6.2183991210
7.58461538462	6.2192466197
7.58846153846	6.2200933627
7.59230769231	6.2209393514
7.59615384615	6.2217845868
7.6	6.2226290702
7.60384615385	6.2234728028
7.60769230769	6.2243157858
7.61153846154	6.2251580203
7.61538461538	6.2259995074
7.61923076923	6.2268402485
7.62307692308	6.2276802446
7.62692307692	6.2285194969
7.63076923077	6.2293580067
7.63461538462	6.2301957749
7.63846153846	6.2310328029
7.64230769231	6.2318690917
7.64615384615	6.2327046425
7.65	6.2335394566
7.65384615385	6.2343735349
7.65769230769	6.2352068787
7.66153846154	6.2360394891
7.66538461538	6.2368713672
7.66923076923	6.2377025143
7.67307692308	6.2385329314
7.67692307692	6.2393626196
7.68076923077	6.2401915801
7.68461538462	6.2410198140
7.68846153846	6.2418473225
7.69230769231	6.2426741066
7.69615384615	6.2435001676
7.7	6.2443255064
7.70384615385	6.2451501242
7.70769230769	6.2459740222
7.71153846154	6.2467972014
7.71538461538	6.2476196630
7.71923076923	6.2484414080
7.72307692308	6.2492624376
7.72692307692	6.2500827528
7.73076923077	6.2509023548
7.73461538462	6.2517212447
7.73846153846	6.2525394234
7.74230769231	6.2533568922
7.74615384615	6.2541736522
7.75	6.2549897043
7.75384615385	6.2558050497
7.75769230769	6.2566196895
7.76153846154	6.2574336247
7.76538461538	6.2582468564
7.76923076923	6.2590593858
7.77307692308	6.2598712138
7.77692307692	6.2606823415
7.78076923077	6.2614927700
7.78461538462	6.2623025004
7.78846153846	6.2631115336
7.79230769231	6.2639198709
7.79615384615	6.2647275132
7.8	6.2655344616
7.80384615385	6.2663407171
7.80769230769	6.2671462808
7.81153846154	6.2679511537
7.81538461538	6.2687553369
7.81923076923	6.2695588315
7.82307692308	6.2703616384
7.82692307692	6.2711637586
7.83076923077	6.2719651933
7.83461538462	6.2727659435
7.83846153846	6.2735660102
7.84230769231	6.2743653943
7.84615384615	6.2751640970
7.85	6.2759621193
7.85384615385	6.2767594622
7.85769230769	6.2775561267
7.86153846154	6.2783521138
7.86538461538	6.2791474245
7.86923076923	6.2799420599
7.87307692308	6.2807360209
7.87692307692	6.2815293086
7.88076923077	6.2823219240
7.88461538462	6.2831138681
7.88846153846	6.2839051418
7.89230769231	6.2846957462
7.89615384615	6.2854856823
7.9	6.2862749510
7.90384615385	6.2870635534
7.90769230769	6.2878514904
7.91153846154	6.2886387631
7.91538461538	6.2894253723
7.91923076923	6.2902113192
7.92307692308	6.2909966047
7.92692307692	6.2917812297
7.93076923077	6.2925651953
7.93461538462	6.2933485023
7.93846153846	6.2941311519
7.94230769231	6.2949131449
7.94615384615	6.2956944823
7.95	6.2964751651
7.95384615385	6.2972551943
7.95769230769	6.2980345707
7.96153846154	6.2988132955
7.96538461538	6.2995913695
7.96923076923	6.3003687936
7.97307692308	6.3011455689
7.97692307692	6.3019216963
7.98076923077	6.3026971768
7.98461538462	6.3034720112
7.98846153846	6.3042462005
7.99230769231	6.3050197458
7.99615384615	6.3057926478
8.0	6.3065649076
8.00384615385	6.3073365261
8.00769230769	6.3081075042
8.01153846154	6.3088778429
8.01538461538	6.3096475431
8.01923076923	6.3104166057
8.02307692308	6.3111850316
8.02692307692	6.3119528218
8.03076923077	6.3127199772
8.03461538462	6.3134864988
8.03846153846	6.3142523873
8.04230769231	6.3150176438
8.04615384615	6.3157822692
8.05	6.3165462644
8.05384615385	6.3173096302
8.05769230769	6.3180723677
8.06153846154	6.3188344776
8.06538461538	6.3195959610
8.06923076923	6.3203568187
8.07307692308	6.3211170516
8.07692307692	6.3218766606
8.08076923077	6.3226356466
8.08461538462	6.3233940106
8.08846153846	6.3241517533
8.09230769231	6.3249088758
8.09615384615	6.3256653788
8.1	6.3264212633
8.10384615385	6.3271765302
8.10769230769	6.3279311803
8.11153846154	6.3286852145
8.11538461538	6.3294386337
8.11923076923	6.3301914389
8.12307692308	6.3309436307
8.12692307692	6.3316952103
8.13076923077	6.3324461783
8.13461538462	6.3331965357
8.13846153846	6.3339462834
8.14230769231	6.3346954222
8.14615384615	6.3354439529
8.15	6.3361918765
8.15384615385	6.3369391939
8.15769230769	6.3376859058
8.16153846154	6.3384320131
8.16538461538	6.3391775167
8.16923076923	6.3399224175
8.17307692308	6.3406667162
8.17692307692	6.3414104138
8.18076923077	6.3421535111
8.18461538462	6.3428960089
8.18846153846	6.3436379081
8.19230769231	6.3443792096
8.19615384615	6.3451199141
8.2	6.3458600225
8.20384615385	6.3465995357
8.20769230769	6.3473384545
8.21153846154	6.3480767797
8.21538461538	6.3488145122
8.21923076923	6.3495516527
8.22307692308	6.3502882022
8.22692307692	6.3510241614
8.23076923077	6.3517595313
8.23461538462	6.3524943125
8.23846153846	6.3532285059
8.24230769231	6.3539621124
8.24615384615	6.3546951328
8.25	6.3554275678
8.25384615385	6.3561594184
8.25769230769	6.3568906852
8.26153846154	6.3576213692
8.26538461538	6.3583514712
8.26923076923	6.3590809919
8.27307692308	6.3598099321
8.27692307692	6.3605382928
8.28076923077	6.3612660746
8.28461538462	6.3619932783
8.28846153846	6.3627199049
8.29230769231	6.3634459550
8.29615384615	6.3641714295
8.3	6.3648963292
8.30384615385	6.3656206548
8.30769230769	6.3663444072
8.31153846154	6.3670675872
8.31538461538	6.3677901955
8.31923076923	6.3685122329
8.32307692308	6.3692337002
8.32692307692	6.3699545983
8.33076923077	6.3706749278
8.33461538462	6.3713946896
8.33846153846	6.3721138845
8.34230769231	6.3728325132
8.34615384615	6.3735505764
8.35	6.3742680751
8.35384615385	6.3749850099
8.35769230769	6.3757013817
8.36153846154	6.3764171911
8.36538461538	6.3771324391
8.36923076923	6.3778471262
8.37307692308	6.3785612534
8.37692307692	6.3792748213
8.38076923077	6.3799878308
8.38461538462	6.3807002826
8.38846153846	6.3814121774
8.39230769231	6.3821235160
8.39615384615	6.3828342992
8.4	6.3835445277
8.40384615385	6.3842542023
8.40769230769	6.3849633237
8.41153846154	6.3856718928
8.41538461538	6.3863799101
8.41923076923	6.3870873765
8.42307692308	6.3877942928
8.42692307692	6.3885006596
8.43076923077	6.3892064778
8.43461538462	6.3899117480
8.43846153846	6.3906164710
8.44230769231	6.3913206476
8.44615384615	6.3920242784
8.45	6.3927273642
8.45384615385	6.3934299058
8.45769230769	6.3941319039
8.46153846154	6.3948333591
8.46538461538	6.3955342724
8.46923076923	6.3962346443
8.47307692308	6.3969344756
8.47692307692	6.3976337670
8.48076923077	6.3983325192
8.48461538462	6.3990307331
8.48846153846	6.3997284092
8.49230769231	6.4004255484
8.49615384615	6.4011221513
8.5	6.4018182186
8.50384615385	6.4025137511
8.50769230769	6.4032087495
8.51153846154	6.4039032145
8.51538461538	6.4045971468
8.51923076923	6.4052905471
8.52307692308	6.4059834161
8.52692307692	6.4066757546
8.53076923077	6.4073675632
8.53461538462	6.4080588427
8.53846153846	6.4087495937
8.54230769231	6.4094398169
8.54615384615	6.4101295131
8.55	6.4108186830
8.55384615385	6.4115073272
8.55769230769	6.4121954465
8.56153846154	6.4128830415
8.56538461538	6.4135701129
8.56923076923	6.4142566615
8.57307692308	6.4149426878
8.57692307692	6.4156281927
8.58076923077	6.4163131768
8.58461538462	6.4169976408
8.58846153846	6.4176815853
8.59230769231	6.4183650111
8.59615384615	6.4190479188
8.6	6.4197303092
8.60384615385	6.4204121828
8.60769230769	6.4210935405
8.61153846154	6.4217743828
8.61538461538	6.4224547104
8.61923076923	6.4231345240
8.62307692308	6.4238138243
8.62692307692	6.4244926120
8.63076923077	6.4251708877
8.63461538462	6.4258486521
8.63846153846	6.4265259058
8.64230769231	6.4272026496
8.64615384615	6.4278788841
8.65	6.4285546100
8.65384615385	6.4292298279
8.65769230769	6.4299045384
8.66153846154	6.4305787423
8.66538461538	6.4312524403
8.66923076923	6.4319256329
8.67307692308	6.4325983208
8.67692307692	6.4332705047
8.68076923077	6.4339421852
8.68461538462	6.4346133631
8.68846153846	6.4352840389
8.69230769231	6.4359542132
8.69615384615	6.4366238868
8.7	6.4372930604
8.70384615385	6.4379617344
8.70769230769	6.4386299096
8.71153846154	6.4392975867
8.71538461538	6.4399647662
8.71923076923	6.4406314489
8.72307692308	6.4412976353
8.72692307692	6.4419633261
8.73076923077	6.4426285219
8.73461538462	6.4432932234
8.73846153846	6.4439574313
8.74230769231	6.4446211460
8.74615384615	6.4452843684
8.75	6.4459470989
8.75384615385	6.4466093383
8.75769230769	6.4472710872
8.76153846154	6.4479323462
8.76538461538	6.4485931159
8.76923076923	6.4492533969
8.77307692308	6.4499131899
8.77692307692	6.4505724956
8.78076923077	6.4512313145
8.78461538462	6.4518896472
8.78846153846	6.4525474944
8.79230769231	6.4532048567
8.79615384615	6.4538617347
8.8	6.4545181290
8.80384615385	6.4551740402
8.80769230769	6.4558294691
8.81153846154	6.4564844161
8.81538461538	6.4571388818
8.81923076923	6.4577928670
8.82307692308	6.4584463722
8.82692307692	6.4590993980
8.83076923077	6.4597519450
8.83461538462	6.4604040139
8.83846153846	6.4610556052
8.84230769231	6.4617067195
8.84615384615	6.4623573575
8.85	6.4630075197
8.85384615385	6.4636572068
8.85769230769	6.4643064193
8.86153846154	6.4649551579
8.86538461538	6.4656034231
8.86923076923	6.4662512155
8.87307692308	6.4668985358
8.87692307692	6.4675453846
8.88076923077	6.4681917623
8.88461538462	6.4688376697
8.88846153846	6.4694831073
8.89230769231	6.4701280757
8.89615384615	6.4707725755
8.9	6.4714166072
8.90384615385	6.4720601716
8.90769230769	6.4727032691
8.91153846154	6.4733459003
8.91538461538	6.4739880658
8.91923076923	6.4746297662
8.92307692308	6.4752710022
8.92692307692	6.4759117742
8.93076923077	6.4765520828
8.93461538462	6.4771919286
8.93846153846	6.4778313123
8.94230769231	6.4784702343
8.94615384615	6.4791086953
8.95	6.4797466958
8.95384615385	6.4803842364
8.95769230769	6.4810213177
8.96153846154	6.4816579402
8.96538461538	6.4822941046
8.96923076923	6.4829298113
8.97307692308	6.4835650609
8.97692307692	6.4841998541
8.98076923077	6.4848341914
8.98461538462	6.4854680733
8.98846153846	6.4861015004
8.99230769231	6.4867344733
8.99615384615	6.4873669925
9.0	6.4879990587
9.00384615385	6.4886306722
9.00769230769	6.4892618338
9.01153846154	6.4898925440
9.01538461538	6.4905228033
9.01923076923	6.4911526123
9.02307692308	6.4917819715
9.02692307692	6.4924108815
9.03076923077	6.4930393428
9.03461538462	6.4936673561
9.03846153846	6.4942949218
9.04230769231	6.4949220405
9.04615384615	6.4955487127
9.05	6.4961749390
9.05384615385	6.4968007200
9.05769230769	6.4974260562
9.06153846154	6.4980509480
9.06538461538	6.4986753962
9.06923076923	6.4992994012
9.07307692308	6.4999229635
9.07692307692	6.5005460837
9.08076923077	6.5011687624
9.08461538462	6.5017910001
9.08846153846	6.5024127972
9.09230769231	6.5030341544
9.09615384615	6.5036550722
9.1	6.5042755512
9.10384615385	6.5048955918
9.10769230769	6.5055151945
9.11153846154	6.5061343600
9.11538461538	6.5067530888
9.11923076923	6.5073713813
9.12307692308	6.5079892382
9.12692307692	6.5086066599
9.13076923077	6.5092236469
9.13461538462	6.5098401999
9.13846153846	6.5104563193
9.14230769231	6.5110720056
9.14615384615	6.5116872594
9.15	6.5123020812
9.15384615385	6.5129164715
9.15769230769	6.5135304308
9.16153846154	6.5141439597
9.16538461538	6.5147570587
9.16923076923	6.5153697282
9.17307692308	6.5159819689
9.17692307692	6.5165937812
9.18076923077	6.5172051656
9.18461538462	6.5178161227
9.18846153846	6.5184266530
9.19230769231	6.5190367569
9.19615384615	6.5196464350
9.2	6.5202556879
9.20384615385	6.5208645159
9.20769230769	6.5214729197
9.21153846154	6.5220808997
9.21538461538	6.5226884564
9.21923076923	6.5232955904
9.22307692308	6.5239023021
9.22692307692	6.5245085921
9.23076923077	6.5251144609
9.23461538462	6.5257199089
9.23846153846	6.5263249367
9.24230769231	6.5269295447
9.24615384615	6.5275337335
9.25	6.5281375036
9.25384615385	6.5287408554
9.25769230769	6.5293437895
9.26153846154	6.5299463063
9.26538461538	6.5305484064
9.26923076923	6.5311500903
9.27307692308	6.5317513584
9.27692307692	6.5323522112
9.28076923077	6.5329526493
9.28461538462	6.5335526730
9.28846153846	6.5341522830
9.29230769231	6.5347514797
9.29615384615	6.5353502635
9.3	6.5359486351
9.30384615385	6.5365465948
9.30769230769	6.5371441431
9.31153846154	6.5377412806
9.31538461538	6.5383380077
9.31923076923	6.5389343250
9.32307692308	6.5395302328
9.32692307692	6.5401257316
9.33076923077	6.5407208221
9.33461538462	6.5413155045
9.33846153846	6.5419097795
9.34230769231	6.5425036474
9.34615384615	6.5430971089
9.35	6.5436901642
9.35384615385	6.5442828140
9.35769230769	6.5448750587
9.36153846154	6.5454668988
9.36538461538	6.5460583347
9.36923076923	6.5466493669
9.37307692308	6.5472399959
9.37692307692	6.5478302222
9.38076923077	6.5484200462
9.38461538462	6.5490094685
9.38846153846	6.5495984894
9.39230769231	6.5501871094
9.39615384615	6.5507753290
9.4	6.5513631488
9.40384615385	6.5519505690
9.40769230769	6.5525375903
9.41153846154	6.5531242130
9.41538461538	6.5537104377
9.41923076923	6.5542962648
9.42307692308	6.5548816947
9.42692307692	6.5554667280
9.43076923077	6.5560513650
9.43461538462	6.5566356063
9.43846153846	6.5572194523
9.44230769231	6.5578029034
9.44615384615	6.5583859601
9.45	6.5589686230
9.45384615385	6.5595508923
9.45769230769	6.5601327686
9.46153846154	6.5607142524
9.46538461538	6.5612953441
9.46923076923	6.5618760440
9.47307692308	6.5624563528
9.47692307692	6.5630362709
9.48076923077	6.5636157986
9.48461538462	6.5641949365
9.48846153846	6.5647736850
9.49230769231	6.5653520445
9.49615384615	6.5659300155
9.5	6.5665075984
9.50384615385	6.5670847937
9.50769230769	6.5676616019
9.51153846154	6.5682380233
9.51538461538	6.5688140584
9.51923076923	6.5693897077
9.52307692308	6.5699649716
9.52692307692	6.5705398506
9.53076923077	6.5711143450
9.53461538462	6.5716884553
9.53846153846	6.5722621820
9.54230769231	6.5728355255
9.54615384615	6.5734084862
9.55	6.5739810646
9.55384615385	6.5745532612
9.55769230769	6.5751250762
9.56153846154	6.5756965103
9.56538461538	6.5762675637
9.56923076923	6.5768382370
9.57307692308	6.5774085306
9.57692307692	6.5779784449
9.58076923077	6.5785479803
9.58461538462	6.5791171374
9.58846153846	6.5796859164
9.59230769231	6.5802543178
9.59615384615	6.5808223421
9.6	6.5813899897
9.60384615385	6.5819572610
9.60769230769	6.5825241565
9.61153846154	6.5830906765
9.61538461538	6.5836568215
9.61923076923	6.5842225919
9.62307692308	6.5847879882
9.62692307692	6.5853530107
9.63076923077	6.5859176599
9.63461538462	6.5864819362
9.63846153846	6.5870458401
9.64230769231	6.5876093718
9.64615384615	6.5881725320
9.65	6.5887353209
9.65384615385	6.5892977390
9.65769230769	6.5898597868
9.66153846154	6.5904214646
9.66538461538	6.5909827728
9.66923076923	6.5915437119
9.67307692308	6.5921042822
9.67692307692	6.5926644843
9.68076923077	6.5932243185
9.68461538462	6.5937837851
9.68846153846	6.5943428847
9.69230769231	6.5949016177
9.69615384615	6.5954599844
9.7	6.5960179853
9.70384615385	6.5965756207
9.70769230769	6.5971328911
9.71153846154	6.5976897969
9.71538461538	6.5982463385
9.71923076923	6.5988025162
9.72307692308	6.5993583306
9.72692307692	6.5999137820
9.73076923077	6.6004688708
9.73461538462	6.6010235974
9.73846153846	6.6015779623
9.74230769231	6.6021319657
9.74615384615	6.6026856082
9.75	6.6032388901
9.75384615385	6.6037918119
9.75769230769	6.6043443738
9.76153846154	6.6048965764
9.76538461538	6.6054484200
9.76923076923	6.6059999050
9.77307692308	6.6065510319
9.77692307692	6.6071018009
9.78076923077	6.6076522126
9.78461538462	6.6082022673
9.78846153846	6.6087519653
9.79230769231	6.6093013072
9.79615384615	6.6098502932
9.8	6.6103989239
9.80384615385	6.6109471994
9.80769230769	6.6114951204
9.81153846154	6.6120426871
9.81538461538	6.6125899000
9.81923076923	6.6131367593
9.82307692308	6.6136832656
9.82692307692	6.6142294193
9.83076923077	6.6147752206
9.83461538462	6.6153206700
9.83846153846	6.6158657678
9.84230769231	6.6164105146
9.84615384615	6.6169549105
9.85	6.6174989561
9.85384615385	6.6180426517
9.85769230769	6.6185859977
9.86153846154	6.6191289945
9.86538461538	6.6196716424
9.86923076923	6.6202139419
9.87307692308	6.6207558933
9.87692307692	6.6212974970
9.88076923077	6.6218387533
9.88461538462	6.6223796627
9.88846153846	6.6229202256
9.89230769231	6.6234604423
9.89615384615	6.6240003132
9.9	6.6245398386
9.90384615385	6.6250790190
9.90769230769	6.6256178547
9.91153846154	6.6261563461
9.91538461538	6.6266944936
9.91923076923	6.6272322975
9.92307692308	6.6277697582
9.92692307692	6.6283068761
9.93076923077	6.6288436516
9.93461538462	6.6293800850
9.93846153846	6.6299161768
9.94230769231	6.6304519272
9.94615384615	6.6309873366
9.95	6.6315224054
9.95384615385	6.6320571341
9.95769230769	6.6325915228
9.96153846154	6.6331255721
9.96538461538	6.6336592823
9.96923076923	6.6341926537
9.97307692308	6.6347256867
9.97692307692	6.6352583817
9.98076923077	6.6357907391
9.98461538462	6.6363227591
9.98846153846	6.6368544422
9.99230769231	6.6373857888
9.99615384615	6.6379167991
10.0	6.6384474736
