0.0	4.1547045216
0.00277777777778	4.1549154707
0.00555555555556	4.1551276635
0.00833333333333	4.1553420305
0.0111111111111	4.1555586144
0.0138888888889	4.1557774609
0.0166666666667	4.1559986152
0.0194444444444	4.1562221220
0.0222222222222	4.1564480250
0.025	4.1566763672
0.0277777777778	4.1569071904
0.0305555555556	4.1571405355
0.0333333333333	4.1573764419
0.0361111111111	4.1576149476
0.0388888888889	4.1578560893
0.0416666666667	4.1580999019
0.0444444444444	4.1583464182
0.0472222222222	4.1585956694
0.05	4.1588476845
0.0527777777778	4.1591024900
0.0555555555556	4.1593601102
0.0583333333333	4.1596205667
0.0611111111111	4.1598838784
0.0638888888889	4.1601500614
0.0666666666667	4.1604191285
0.0694444444444	4.1606910897
0.0722222222222	4.1609659513
0.075	4.1612437162
0.0777777777778	4.1615243839
0.0805555555556	4.1618079499
0.0833333333333	4.1620944059
0.0861111111111	4.1623837398
0.0888888888889	4.1626759350
0.0916666666667	4.1629709709
0.0944444444444	4.1632688228
0.0972222222222	4.1635694614
0.1	4.1638728529
0.102777777778	4.1641789591
0.105555555556	4.1644877374
0.108333333333	4.1647991404
0.111111111111	4.1651131163
0.113888888889	4.1654296087
0.116666666667	4.1657485566
0.119444444444	4.1660698946
0.122222222222	4.1663935528
0.125	4.1667194570
0.127777777778	4.1670475287
0.130555555556	4.1673776854
0.133333333333	4.1677098404
0.136111111111	4.1680439033
0.138888888889	4.1683797800
0.141666666667	4.1687173729
0.144444444444	4.1690565810
0.147222222222	4.1693973005
0.15	4.1697394246
0.152777777778	4.1700828441
0.155555555556	4.1704274473
0.158333333333	4.1707731207
0.161111111111	4.1711197488
0.163888888889	4.1714672148
0.166666666667	4.1718154009
0.169444444444	4.1721641930
0.172222222222	4.1725135254
0.175	4.1728633812
0.177777777778	4.1732137550
0.180555555556	4.1735646473
0.183333333333	4.1739160586
0.186111111111	4.1742679895
0.188888888889	4.1746204404
0.191666666667	4.1749734115
0.194444444444	4.1753269029
0.197222222222	4.1756809146
0.2	4.1760354465
0.202777777778	4.1763904986
0.205555555556	4.1767460708
0.208333333333	4.1771021629
0.211111111111	4.1774587747
0.213888888889	4.1778159062
0.216666666667	4.1781735570
0.219444444444	4.1785317271
0.222222222222	4.1788904161
0.225	4.1792496239
0.227777777778	4.1796093503
0.230555555556	4.1799695950
0.233333333333	4.1803303578
0.236111111111	4.1806916384
0.238888888889	4.1810534367
0.241666666667	4.1814157523
0.244444444444	4.1817785851
0.247222222222	4.1821419347
0.25	4.1825058010
0.252777777778	4.1828701836
0.255555555556	4.1832350823
0.258333333333	4.1836004969
0.261111111111	4.1839664271
0.263888888889	4.1843328726
0.266666666667	4.1846998332
0.269444444444	4.1850673085
0.272222222222	4.1854352984
0.275	4.1858038026
0.277777777778	4.1861728207
0.280555555556	4.1865423526
0.283333333333	4.1869123979
0.286111111111	4.1872829564
0.288888888889	4.1876540277
0.291666666667	4.1880256117
0.294444444444	4.1883977081
0.297222222222	4.1887703165
0.3	4.1891434367
0.302777777778	4.1895170684
0.305555555556	4.1898912113
0.308333333333	4.1902658651
0.311111111111	4.1906410297
0.313888888889	4.1910167046
0.316666666667	4.1913928896
0.319444444444	4.1917695844
0.322222222222	4.1921467887
0.325	4.1925245023
0.327777777778	4.1929027248
0.330555555556	4.1932814559
0.333333333333	4.1936606955
0.336111111111	4.1940404431
0.338888888889	4.1944206985
0.341666666667	4.1948014614
0.344444444444	4.1951827315
0.347222222222	4.1955645086
0.35	4.1959467922
0.352777777778	4.1963295822
0.355555555556	4.1967128783
0.358333333333	4.1970966800
0.361111111111	4.1974809872
0.363888888889	4.1978657996
0.366666666667	4.1982511168
0.369444444444	4.1986369386
0.372222222222	4.1990232646
0.375	4.1994100945
0.377777777778	4.1997974282
0.380555555556	4.2001852652
0.383333333333	4.2005736052
0.386111111111	4.2009624480
0.388888888889	4.2013517933
0.391666666667	4.2017416407
0.394444444444	4.2021319899
0.397222222222	4.2025228407
0.4	4.2029141928
0.402777777778	4.2033060458
0.405555555556	4.2036983994
0.408333333333	4.2040912533
0.411111111111	4.2044846073
0.413888888889	4.2048784610
0.416666666667	4.2052728140
0.419444444444	4.2056676662
0.422222222222	4.2060630172
0.425	4.2064588666
0.427777777778	4.2068552143
0.430555555556	4.2072520597
0.433333333333	4.2076494028
0.436111111111	4.2080472430
0.438888888889	4.2084455802
0.441666666667	4.2088444141
0.444444444444	4.2092437442
0.447222222222	4.2096435703
0.45	4.2100438921
0.452777777778	4.2104447092
0.455555555556	4.2108460215
0.458333333333	4.2112478284
0.461111111111	4.2116501298
0.463888888889	4.2120529252
0.466666666667	4.2124562145
0.469444444444	4.2128599972
0.472222222222	4.2132642731
0.475	4.2136690418
0.477777777778	4.2140743030
0.480555555556	4.2144800564
0.483333333333	4.2148863017
0.486111111111	4.2152930386
0.488888888889	4.2157002666
0.491666666667	4.2161079857
0.494444444444	4.2165161953
0.497222222222	4.2169248952
0.5	4.2173340850
0.502777777778	4.2177437645
0.505555555556	4.2181539332
0.508333333333	4.2185645910
0.511111111111	4.2189757374
0.513888888889	4.2193873722
0.516666666667	4.2197994949
0.519444444444	4.2202121054
0.522222222222	4.2206252032
0.525	4.2210387880
0.527777777778	4.2214528596
0.530555555556	4.2218674175
0.533333333333	4.2222824615
0.536111111111	4.2226979913
0.538888888889	4.2231140064
0.541666666667	4.2235305066
0.544444444444	4.2239474915
0.547222222222	4.2243649609
0.55	4.2247829143
0.552777777778	4.2252013515
0.555555555556	4.2256202721
0.558333333333	4.2260396758
0.561111111111	4.2264595622
0.563888888889	4.2268799311
0.566666666667	4.2273007821
0.569444444444	4.2277221148
0.572222222222	4.2281439290
0.575	4.2285662242
0.577777777778	4.2289890003
0.580555555556	4.2294122567
0.583333333333	4.2298359933
0.586111111111	4.2302602096
0.588888888889	4.2306849054
0.591666666667	4.2311100802
0.594444444444	4.2315357338
0.597222222222	4.2319618658
0.6	4.2323884758
0.602777777778	4.2328155637
0.605555555556	4.2332431289
0.608333333333	4.2336711712
0.611111111111	4.2340996902
0.613888888889	4.2345286857
0.616666666667	4.2349581571
0.619444444444	4.2353881043
0.622222222222	4.2358185269
0.625	4.2362494245
0.627777777778	4.2366807968
0.630555555556	4.2371126434
0.633333333333	4.2375449641
0.636111111111	4.2379777584
0.638888888889	4.2384110261
0.641666666667	4.2388447667
0.644444444444	4.2392789800
0.647222222222	4.2397136656
0.65	4.2401488231
0.652777777778	4.2405844523
0.655555555556	4.2410205527
0.658333333333	4.2414571241
0.661111111111	4.2418941661
0.663888888889	4.2423316783
0.666666666667	4.2427696604
0.669444444444	4.2432081120
0.672222222222	4.2436470328
0.675	4.2440864226
0.677777777778	4.2445262808
0.680555555556	4.2449666072
0.683333333333	4.2454074014
0.686111111111	4.2458486630
0.688888888889	4.2462903918
0.691666666667	4.2467325874
0.694444444444	4.2471752494
0.697222222222	4.2476183775
0.7	4.2480619713
0.702777777778	4.2485060305
0.705555555556	4.2489505548
0.708333333333	4.2493955437
0.711111111111	4.2498409970
0.713888888889	4.2502869142
0.716666666667	4.2507332951
0.719444444444	4.2511801393
0.722222222222	4.2516274464
0.725	4.2520752161
0.727777777778	4.2525234480
0.730555555556	4.2529721418
0.733333333333	4.2534212971
0.736111111111	4.2538709136
0.738888888889	4.2543209910
0.741666666667	4.2547715288
0.744444444444	4.2552225267
0.747222222222	4.2556739844
0.75	4.2561259015
0.752777777778	4.2565782776
0.755555555556	4.2570311125
0.758333333333	4.2574844057
0.761111111111	4.2579381569
0.763888888889	4.2583923657
0.766666666667	4.2588470319
0.769444444444	4.2593021549
0.772222222222	4.2597577346
0.775	4.2602137704
0.777777777778	4.2606702622
0.780555555556	4.2611272094
0.783333333333	4.2615846118
0.786111111111	4.2620424689
0.788888888889	4.2625007806
0.791666666667	4.2629595463
0.794444444444	4.2634187657
0.797222222222	4.2638784385
0.8	4.2643385643
0.802777777778	4.2647991427
0.805555555556	4.2652601734
0.808333333333	4.2657216561
0.811111111111	4.2661835904
0.813888888889	4.2666459758
0.816666666667	4.2671088121
0.819444444444	4.2675720990
0.822222222222	4.2680358359
0.825	4.2685000227
0.827777777778	4.2689646588
0.830555555556	4.2694297441
0.833333333333	4.2698952780
0.836111111111	4.2703612602
0.838888888889	4.2708276905
0.841666666667	4.2712945683
0.844444444444	4.2717618935
0.847222222222	4.2722296655
0.85	4.2726978840
0.852777777778	4.2731665487
0.855555555556	4.2736356593
0.858333333333	4.2741052153
0.861111111111	4.2745752163
0.863888888889	4.2750456621
0.866666666667	4.2755165523
0.869444444444	4.2759878865
0.872222222222	4.2764596643
0.875	4.2769318853
0.877777777778	4.2774045493
0.880555555556	4.2778776559
0.883333333333	4.2783512046
0.886111111111	4.2788251951
0.888888888889	4.2792996271
0.891666666667	4.2797745002
0.894444444444	4.2802498141
0.897222222222	4.2807255683
0.9	4.2812017625
0.902777777778	4.2816783963
0.905555555556	4.2821554694
0.908333333333	4.2826329814
0.911111111111	4.2831109320
0.913888888889	4.2835893207
0.916666666667	4.2840681473
0.919444444444	4.2845474113
0.922222222222	4.2850271124
0.925	4.2855072502
0.927777777778	4.2859878244
0.930555555556	4.2864688345
0.933333333333	4.2869502803
0.936111111111	4.2874321613
0.938888888889	4.2879144772
0.941666666667	4.2883972277
0.944444444444	4.2888804122
0.947222222222	4.2893640306
0.95	4.2898480824
0.952777777778	4.2903325673
0.955555555556	4.2908174848
0.958333333333	4.2913028347
0.961111111111	4.2917886165
0.963888888889	4.2922748299
0.966666666667	4.2927614745
0.969444444444	4.2932485500
0.972222222222	4.2937360560
0.975	4.2942239921
0.977777777778	4.2947123579
0.980555555556	4.2952011531
0.983333333333	4.2956903774
0.986111111111	4.2961800303
0.988888888889	4.2966701114
0.991666666667	4.2971606205
0.994444444444	4.2976515571
0.997222222222	4.2981429209
1.0	4.2986347115
1.00277777778	4.2991269285
1.00555555556	4.2996195716
1.00833333333	4.3001126404
1.01111111111	4.3006061346
1.01388888889	4.3011000537
1.01666666667	4.3015943974
1.01944444444	4.3020891653
1.02222222222	4.3025843571
1.025	4.3030799723
1.02777777778	4.3035760107
1.03055555556	4.3040724718
1.03333333333	4.3045693553
1.03611111111	4.3050666609
1.03888888889	4.3055643880
1.04166666667	4.3060625365
1.04444444444	4.3065611058
1.04722222222	4.3070600957
1.05	4.3075595057
1.05277777778	4.3080593356
1.05555555556	4.3085595848
1.05833333333	4.3090602531
1.06111111111	4.3095613401
1.06388888889	4.3100628454
1.06666666667	4.3105647687
1.06944444444	4.3110671095
1.07222222222	4.3115698676
1.075	4.3120730425
1.07777777778	4.3125766338
1.08055555556	4.3130806413
1.08333333333	4.3135850644
1.08611111111	4.3140899030
1.08888888889	4.3145951565
1.09166666667	4.3151008246
1.09444444444	4.3156069070
1.09722222222	4.3161134033
1.1	4.3166203130
1.10277777778	4.3171276359
1.10555555556	4.3176353716
1.10833333333	4.3181435197
1.11111111111	4.3186520798
1.11388888889	4.3191610515
1.11666666667	4.3196704346
1.11944444444	4.3201802286
1.12222222222	4.3206904331
1.125	4.3212010477
1.12777777778	4.3217120722
1.13055555556	4.3222235062
1.13333333333	4.3227353492
1.13611111111	4.3232476009
1.13888888889	4.3237602609
1.14166666667	4.3242733288
1.14444444444	4.3247868044
1.14722222222	4.3253006872
1.15	4.3258149768
1.15277777778	4.3263296729
1.15555555556	4.3268447751
1.15833333333	4.3273602831
1.16111111111	4.3278761964
1.16388888889	4.3283925147
1.16666666667	4.3289092376
1.16944444444	4.3294263648
1.17222222222	4.3299438959
1.175	4.3304618305
1.17777777778	4.3309801683
1.18055555556	4.3314989088
1.18333333333	4.3320180517
1.18611111111	4.3325375967
1.18888888889	4.3330575433
1.19166666667	4.3335778913
1.19444444444	4.3340986401
1.19722222222	4.3346197896
1.2	4.3351413392
1.20277777778	4.3356632887
1.20555555556	4.3361856376
1.20833333333	4.3367083855
1.21111111111	4.3372315322
1.21388888889	4.3377550773
1.21666666667	4.3382790203
1.21944444444	4.3388033609
1.22222222222	4.3393280988
1.225	4.3398532335
1.22777777778	4.3403787648
1.23055555556	4.3409046922
1.23333333333	4.3414310153
1.23611111111	4.3419577338
1.23888888889	4.3424848474
1.24166666667	4.3430123556
1.24444444444	4.3435402581
1.24722222222	4.3440685545
1.25	4.3445972445
1.25277777778	4.3451263276
1.25555555556	4.3456558036
1.25833333333	4.3461856720
1.26111111111	4.3467159325
1.26388888889	4.3472465848
1.26666666667	4.3477776283
1.26944444444	4.3483090629
1.27222222222	4.3488408880
1.275	4.3493731034
1.27777777778	4.3499057087
1.28055555556	4.3504387034
1.28333333333	4.3509720873
1.28611111111	4.3515058600
1.28888888889	4.3520400211
1.29166666667	4.3525745703
1.29444444444	4.3531095071
1.29722222222	4.3536448312
1.3	4.3541805422
1.30277777778	4.3547166398
1.30555555556	4.3552531237
1.30833333333	4.3557899933
1.31111111111	4.3563272485
1.31388888889	4.3568648887
1.31666666667	4.3574029137
1.31944444444	4.3579413231
1.32222222222	4.3584801165
1.325	4.3590192935
1.32777777778	4.3595588538
1.33055555556	4.3600987970
1.33333333333	4.3606391228
1.33611111111	4.3611798307
1.33888888889	4.3617209205
1.34166666667	4.3622623917
1.34444444444	4.3628042441
1.34722222222	4.3633464771
1.35	4.3638890905
1.35277777778	4.3644320839
1.35555555556	4.3649754569
1.35833333333	4.3655192092
1.36111111111	4.3660633405
1.36388888889	4.3666078502
1.36666666667	4.3671527381
1.36944444444	4.3676980039
1.37222222222	4.3682436471
1.375	4.3687896673
1.37777777778	4.3693360644
1.38055555556	4.3698828377
1.38333333333	4.3704299871
1.38611111111	4.3709775121
1.38888888889	4.3715254124
1.39166666667	4.3720736876
1.39444444444	4.3726223373
1.39722222222	4.3731713612
1.4	4.3737207590
1.40277777778	4.3742705302
1.40555555556	4.3748206746
1.40833333333	4.3753711916
1.41111111111	4.3759220811
1.41388888889	4.3764733426
1.41666666667	4.3770249757
1.41944444444	4.3775769801
1.42222222222	4.3781293555
1.425	4.3786821015
1.42777777778	4.3792352176
1.43055555556	4.3797887037
1.43333333333	4.3803425592
1.43611111111	4.3808967839
1.43888888889	4.3814513774
1.44166666667	4.3820063392
1.44444444444	4.3825616692
1.44722222222	4.3831173668
1.45	4.3836734318
1.45277777778	4.3842298638
1.45555555556	4.3847866625
1.45833333333	4.3853438273
1.46111111111	4.3859013582
1.46388888889	4.3864592545
1.46666666667	4.3870175161
1.46944444444	4.3875761425
1.47222222222	4.3881351334
1.475	4.3886944884
1.47777777778	4.3892542072
1.48055555556	4.3898142894
1.48333333333	4.3903747347
1.48611111111	4.3909355427
1.48888888889	4.3914967130
1.49166666667	4.3920582453
1.49444444444	4.3926201393
1.49722222222	4.3931823945
1.5	4.3937450107
1.50277777778	4.3943079874
1.50555555556	4.3948713244
1.50833333333	4.3954350212
1.51111111111	4.3959990775
1.51388888889	4.3965634930
1.51666666667	4.3971282673
1.51944444444	4.3976934001
1.52222222222	4.3982588909
1.525	4.3988247395
1.52777777778	4.3993909455
1.53055555556	4.3999575085
1.53333333333	4.4005244283
1.53611111111	4.4010917043
1.53888888889	4.4016593363
1.54166666667	4.4022273240
1.54444444444	4.4027956670
1.54722222222	4.4033643648
1.55	4.4039334173
1.55277777778	4.4045028240
1.55555555556	4.4050725846
1.55833333333	4.4056426987
1.56111111111	4.4062131660
1.56388888889	4.4067839861
1.56666666667	4.4073551587
1.56944444444	4.4079266834
1.57222222222	4.4084985599
1.575	4.4090707879
1.57777777778	4.4096433669
1.58055555556	4.4102162967
1.58333333333	4.4107895769
1.58611111111	4.4113632071
1.58888888889	4.4119371870
1.59166666667	4.4125115162
1.59444444444	4.4130861945
1.59722222222	4.4136612214
1.6	4.4142365967
1.60277777778	4.4148123199
1.60555555556	4.4153883907
1.60833333333	4.4159648088
1.61111111111	4.4165415738
1.61388888889	4.4171186854
1.61666666667	4.4176961433
1.61944444444	4.4182739470
1.62222222222	4.4188520963
1.625	4.4194305908
1.62777777778	4.4200094302
1.63055555556	4.4205886141
1.63333333333	4.4211681422
1.63611111111	4.4217480141
1.63888888889	4.4223282295
1.64166666667	4.4229087881
1.64444444444	4.4234896895
1.64722222222	4.4240709333
1.65	4.4246525193
1.65277777778	4.4252344471
1.65555555556	4.4258167163
1.65833333333	4.4263993266
1.66111111111	4.4269822777
1.66388888889	4.4275655692
1.66666666667	4.4281492008
1.66944444444	4.4287331722
1.67222222222	4.4293174830
1.675	4.4299021328
1.67777777778	4.4304871214
1.68055555556	4.4310724484
1.68333333333	4.4316581134
1.68611111111	4.4322441162
1.68888888889	4.4328304563
1.69166666667	4.4334171335
1.69444444444	4.4340041475
1.69722222222	4.4345914977
1.7	4.4351791841
1.70277777778	4.4357672061
1.70555555556	4.4363555635
1.70833333333	4.4369442560
1.71111111111	4.4375332832
1.71388888889	4.4381226447
1.71666666667	4.4387123402
1.71944444444	4.4393023695
1.72222222222	4.4398927321
1.725	4.4404834278
1.72777777778	4.4410744562
1.73055555556	4.4416658169
1.73333333333	4.4422575097
1.73611111111	4.4428495342
1.73888888889	4.4434418901
1.74166666667	4.4440345770
1.74444444444	4.4446275946
1.74722222222	4.4452209427
1.75	4.4458146208
1.75277777778	4.4464086286
1.75555555556	4.4470029658
1.75833333333	4.4475976321
1.76111111111	4.4481926271
1.76388888889	4.4487879505
1.76666666667	4.4493836021
1.76944444444	4.4499795813
1.77222222222	4.4505758881
1.775	4.4511725219
1.77777777778	4.4517694825
1.78055555556	4.4523667696
1.78333333333	4.4529643827
1.78611111111	4.4535623217
1.78888888889	4.4541605862
1.79166666667	4.4547591758
1.79444444444	4.4553580903
1.79722222222	4.4559573292
1.8	4.4565568924
1.80277777778	4.4571567794
1.80555555556	4.4577569899
1.80833333333	4.4583575237
1.81111111111	4.4589583804
1.81388888889	4.4595595596
1.81666666667	4.4601610610
1.81944444444	4.4607628845
1.82222222222	4.4613650295
1.825	4.4619674958
1.82777777778	4.4625702830
1.83055555556	4.4631733910
1.83333333333	4.4637768192
1.83611111111	4.4643805675
1.83888888889	4.4649846355
1.84166666667	4.4655890228
1.84444444444	4.4661937292
1.84722222222	4.4667987543
1.85	4.4674040979
1.85277777778	4.4680097596
1.85555555556	4.4686157391
1.85833333333	4.4692220360
1.86111111111	4.4698286501
1.86388888889	4.4704355811
1.86666666667	4.4710428286
1.86944444444	4.4716503923
1.87222222222	4.4722582719
1.875	4.4728664672
1.87777777778	4.4734749777
1.88055555556	4.4740838031
1.88333333333	4.4746929433
1.88611111111	4.4753023977
1.88888888889	4.4759121662
1.89166666667	4.4765222485
1.89444444444	4.4771326441
1.89722222222	4.4777433529
1.9	4.4783543744
1.90277777778	4.4789657084
1.90555555556	4.4795773546
1.90833333333	4.4801893127
1.91111111111	4.4808015824
1.91388888889	4.4814141632
1.91666666667	4.4820270551
1.91944444444	4.4826402575
1.92222222222	4.4832537704
1.925	4.4838675932
1.92777777778	4.4844817257
1.93055555556	4.4850961677
1.93333333333	4.4857109188
1.93611111111	4.4863259787
1.93888888889	4.4869413471
1.94166666667	4.4875570237
1.94444444444	4.4881730082
1.94722222222	4.4887893003
1.95	4.4894058997
1.95277777778	4.4900228060
1.95555555556	4.4906400191
1.95833333333	4.4912575386
1.96111111111	4.4918753641
1.96388888889	4.4924934955
1.96666666667	4.4931119323
1.96944444444	4.4937306744
1.97222222222	4.4943497213
1.975	4.4949690728
1.97777777778	4.4955887286
1.98055555556	4.4962086885
1.98333333333	4.4968289520
1.98611111111	4.4974495189
1.98888888889	4.4980703890
1.99166666667	4.4986915618
1.99444444444	4.4993130372
1.99722222222	4.4999348148
2.0	4.5005568944
2.00277777778	4.5011792756
2.00555555556	4.5018019581
2.00833333333	4.5024249417
2.01111111111	4.5030482261
2.01388888889	4.5036718109
2.01666666667	4.5042956959
2.01944444444	4.5049198808
2.02222222222	4.5055443653
2.025	4.5061691491
2.02777777778	4.5067942320
2.03055555556	4.5074196135
2.03333333333	4.5080452935
2.03611111111	4.5086712717
2.03888888889	4.5092975477
2.04166666667	4.5099241213
2.04444444444	4.5105509922
2.04722222222	4.5111781601
2.05	4.5118056247
2.05277777778	4.5124333858
2.05555555556	4.5130614430
2.05833333333	4.5136897961
2.06111111111	4.5143184447
2.06388888889	4.5149473887
2.06666666667	4.5155766276
2.06944444444	4.5162061614
2.07222222222	4.5168359895
2.075	4.5174661119
2.07777777778	4.5180965281
2.08055555556	4.5187272379
2.08333333333	4.5193582411
2.08611111111	4.5199895373
2.08888888889	4.5206211263
2.09166666667	4.5212530078
2.09444444444	4.5218851815
2.09722222222	4.5225176471
2.1	4.5231504044
2.10277777778	4.5237834531
2.10555555556	4.5244167929
2.10833333333	4.5250504236
2.11111111111	4.5256843448
2.11388888889	4.5263185562
2.11666666667	4.5269530577
2.11944444444	4.5275878489
2.12222222222	4.5282229296
2.125	4.5288582995
2.12777777778	4.5294939583
2.13055555556	4.5301299058
2.13333333333	4.5307661416
2.13611111111	4.5314026656
2.13888888889	4.5320394774
2.14166666667	4.5326765767
2.14444444444	4.5333139634
2.14722222222	4.5339516370
2.15	4.5345895975
2.15277777778	4.5352278444
2.15555555556	4.5358663776
2.15833333333	4.5365051968
2.16111111111	4.5371443016
2.16388888889	4.5377836919
2.16666666667	4.5384233673
2.16944444444	4.5390633277
2.17222222222	4.5397035727
2.175	4.5403441021
2.17777777778	4.5409849156
2.18055555556	4.5416260129
2.18333333333	4.5422673938
2.18611111111	4.5429090581
2.18888888889	4.5435510055
2.19166666667	4.5441932356
2.19444444444	4.5448357483
2.19722222222	4.5454785434
2.2	4.5461216204
2.20277777778	4.5467649792
2.20555555556	4.5474086196
2.20833333333	4.5480525412
2.21111111111	4.5486967438
2.21388888889	4.5493412272
2.21666666667	4.5499859911
2.21944444444	4.5506310352
2.22222222222	4.5512763593
2.225	4.5519219632
2.22777777778	4.5525678465
2.23055555556	4.5532140091
2.23333333333	4.5538604507
2.23611111111	4.5545071709
2.23888888889	4.5551541697
2.24166666667	4.5558014467
2.24444444444	4.5564490017
2.24722222222	4.5570968344
2.25	4.5577449447
2.25277777778	4.5583933321
2.25555555556	4.5590419966
2.25833333333	4.5596909377
2.26111111111	4.5603401554
2.26388888889	4.5609896494
2.26666666667	4.5616394193
2.26944444444	4.5622894651
2.27222222222	4.5629397863
2.275	4.5635903828
2.27777777778	4.5642412544
2.28055555556	4.5648924007
2.28333333333	4.5655438217
2.28611111111	4.5661955169
2.28888888889	4.5668474862
2.29166666667	4.5674997293
2.29444444444	4.5681522461
2.29722222222	4.5688050362
2.3	4.5694580994
2.30277777778	4.5701114355
2.30555555556	4.5707650442
2.30833333333	4.5714189254
2.31111111111	4.5720730787
2.31388888889	4.5727275040
2.31666666667	4.5733822010
2.31944444444	4.5740371695
2.32222222222	4.5746924092
2.325	4.5753479199
2.32777777778	4.5760037014
2.33055555556	4.5766597534
2.33333333333	4.5773160758
2.33611111111	4.5779726683
2.33888888889	4.5786295306
2.34166666667	4.5792866625
2.34444444444	4.5799440639
2.34722222222	4.5806017344
2.35	4.5812596739
2.35277777778	4.5819178821
2.35555555556	4.5825763588
2.35833333333	4.5832351037
2.36111111111	4.5838941168
2.36388888889	4.5845533976
2.36666666667	4.5852129461
2.36944444444	4.5858727619
2.37222222222	4.5865328449
2.375	4.5871931948
2.37777777778	4.5878538115
2.38055555556	4.5885146946
2.38333333333	4.5891758441
2.38611111111	4.5898372596
2.38888888889	4.5904989409
2.39166666667	4.5911608879
2.39444444444	4.5918231003
2.39722222222	4.5924855778
2.4	4.5931483204
2.40277777778	4.5938113277
2.40555555556	4.5944745996
2.40833333333	4.5951381358
2.41111111111	4.5958019362
2.41388888889	4.5964660004
2.41666666667	4.5971303284
2.41944444444	4.5977949199
2.42222222222	4.5984597746
2.425	4.5991248925
2.42777777778	4.5997902731
2.43055555556	4.6004559165
2.43333333333	4.6011218223
2.43611111111	4.6017879904
2.43888888889	4.6024544204
2.44166666667	4.6031211124
2.44444444444	4.6037880659
2.44722222222	4.6044552809
2.45	4.6051227571
2.45277777778	4.6057904944
2.45555555556	4.6064584924
2.45833333333	4.6071267511
2.46111111111	4.6077952702
2.46388888889	4.6084640495
2.46666666667	4.6091330888
2.46944444444	4.6098023880
2.47222222222	4.6104719468
2.475	4.6111417650
2.47777777778	4.6118118424
2.48055555556	4.6124821789
2.48333333333	4.6131527743
2.48611111111	4.6138236282
2.48888888889	4.6144947407
2.49166666667	4.6151661114
2.49444444444	4.6158377401
2.49722222222	4.6165096268
2.5	4.6171817711
2.50277777778	4.6178541730
2.50555555556	4.6185268321
2.50833333333	4.6191997484
2.51111111111	4.6198729216
2.51388888889	4.6205463516
2.51666666667	4.6212200381
2.51944444444	4.6218939810
2.52222222222	4.6225681801
2.525	4.6232426352
2.52777777778	4.6239173461
2.53055555556	4.6245923127
2.53333333333	4.6252675347
2.53611111111	4.6259430120
2.53888888889	4.6266187445
2.54166666667	4.6272947318
2.54444444444	4.6279709739
2.54722222222	4.6286474705
2.55	4.6293242216
2.55277777778	4.6300012268
2.55555555556	4.6306784861
2.55833333333	4.6313559993
2.56111111111	4.6320337661
2.56388888889	4.6327117865
2.56666666667	4.6333900602
2.56944444444	4.6340685870
2.57222222222	4.6347473669
2.575	4.6354263996
2.57777777778	4.6361056849
2.58055555556	4.6367852228
2.58333333333	4.6374650129
2.58611111111	4.6381450553
2.58888888889	4.6388253496
2.59166666667	4.6395058957
2.59444444444	4.6401866935
2.59722222222	4.6408677428
2.6	4.6415490434
2.60277777778	4.6422305952
2.60555555556	4.6429123980
2.60833333333	4.6435944516
2.61111111111	4.6442767559
2.61388888889	4.6449593108
2.61666666667	4.6456421160
2.61944444444	4.6463251714
2.62222222222	4.6470084769
2.625	4.6476920323
2.62777777778	4.6483758374
2.63055555556	4.6490598922
2.63333333333	4.6497441963
2.63611111111	4.6504287497
2.63888888889	4.6511135523
2.64166666667	4.6517986039
2.64444444444	4.6524839042
2.64722222222	4.6531694533
2.65	4.6538552509
2.65277777778	4.6545412968
2.65555555556	4.6552275910
2.65833333333	4.6559141333
2.66111111111	4.6566009236
2.66388888889	4.6572879616
2.66666666667	4.6579752473
2.66944444444	4.6586627805
2.67222222222	4.6593505611
2.675	4.6600385889
2.67777777778	4.6607268638
2.68055555556	4.6614153857
2.68333333333	4.6621041543
2.68611111111	4.6627931697
2.68888888889	4.6634824316
2.69166666667	4.6641719399
2.69444444444	4.6648616944
2.69722222222	4.6655516951
2.7	4.6662419418
2.70277777778	4.6669324344
2.70555555556	4.6676231727
2.70833333333	4.6683141566
2.71111111111	4.6690053859
2.71388888889	4.6696968607
2.71666666667	4.6703885806
2.71944444444	4.6710805457
2.72222222222	4.6717727557
2.725	4.6724652105
2.72777777778	4.6731579101
2.73055555556	4.6738508543
2.73333333333	4.6745440429
2.73611111111	4.6752374759
2.73888888889	4.6759311531
2.74166666667	4.6766250745
2.74444444444	4.6773192398
2.74722222222	4.6780136490
2.75	4.6787083020
2.75277777778	4.6794031986
2.75555555556	4.6800983387
2.75833333333	4.6807937222
2.76111111111	4.6814893490
2.76388888889	4.6821852191
2.76666666667	4.6828813322
2.76944444444	4.6835776882
2.77222222222	4.6842742871
2.775	4.6849711288
2.77777777778	4.6856682131
2.78055555556	4.6863655399
2.78333333333	4.6870631092
2.78611111111	4.6877609208
2.78888888889	4.6884589746
2.79166666667	4.6891572705
2.79444444444	4.6898558085
2.79722222222	4.6905545883
2.8	4.6912536100
2.80277777778	4.6919528734
2.80555555556	4.6926523784
2.80833333333	4.6933521249
2.81111111111	4.6940521128
2.81388888889	4.6947523421
2.81666666667	4.6954528126
2.81944444444	4.6961535243
2.82222222222	4.6968544770
2.825	4.6975556707
2.82777777778	4.6982571053
2.83055555556	4.6989587806
2.83333333333	4.6996606966
2.83611111111	4.7003628533
2.83888888889	4.7010652505
2.84166666667	4.7017678881
2.84444444444	4.7024707660
2.84722222222	4.7031738843
2.85	4.7038772427
2.85277777778	4.7045808413
2.85555555556	4.7052846799
2.85833333333	4.7059887584
2.86111111111	4.7066930768
2.86388888889	4.7073976350
2.86666666667	4.7081024330
2.86944444444	4.7088074706
2.87222222222	4.7095127478
2.875	4.7102182645
2.87777777778	4.7109240206
2.88055555556	4.7116300161
2.88333333333	4.7123362509
2.88611111111	4.7130427249
2.88888888889	4.7137494382
2.89166666667	4.7144563905
2.89444444444	4.7151635818
2.89722222222	4.7158710121
2.9	4.7165786813
2.90277777778	4.7172865894
2.90555555556	4.7179947363
2.90833333333	4.7187031219
2.91111111111	4.7194117462
2.91388888889	4.7201206091
2.91666666667	4.7208297106
2.91944444444	4.7215390506
2.92222222222	4.7222486290
2.925	4.7229584459
2.92777777778	4.7236685011
2.93055555556	4.7243787946
2.93333333333	4.7250893264
2.93611111111	4.7258000963
2.93888888889	4.7265111045
2.94166666667	4.7272223508
2.94444444444	4.7279338351
2.94722222222	4.7286455575
2.95	4.7293575179
2.95277777778	4.7300697163
2.95555555556	4.7307821526
2.95833333333	4.7314948267
2.96111111111	4.7322077387
2.96388888889	4.7329208885
2.96666666667	4.7336342761
2.96944444444	4.7343479014
2.97222222222	4.7350617644
2.975	4.7357758652
2.97777777778	4.7364902035
2.98055555556	4.7372047795
2.98333333333	4.7379195931
2.98611111111	4.7386346443
2.98888888889	4.7393499330
2.99166666667	4.7400654593
2.99444444444	4.7407812231
2.99722222222	4.7414972243
3.0	4.7422134630
3.00277777778	4.7429299392
3.00555555556	4.7436466528
3.00833333333	4.7443636039
3.01111111111	4.7450807923
3.01388888889	4.7457982181
3.01666666667	4.7465158814
3.01944444444	4.7472337820
3.02222222222	4.7479519199
3.025	4.7486702953
3.02777777778	4.7493889079
3.03055555556	4.7501077580
3.03333333333	4.7508268454
3.03611111111	4.7515461701
3.03888888889	4.7522657322
3.04166666667	4.7529855316
3.04444444444	4.7537055684
3.04722222222	4.7544258425
3.05	4.7551463541
3.05277777778	4.7558671029
3.05555555556	4.7565880892
3.05833333333	4.7573093128
3.06111111111	4.7580307738
3.06388888889	4.7587524723
3.06666666667	4.7594744082
3.06944444444	4.7601965815
3.07222222222	4.7609189923
3.075	4.7616416405
3.07777777778	4.7623645262
3.08055555556	4.7630876495
3.08333333333	4.7638110103
3.08611111111	4.7645346087
3.08888888889	4.7652584446
3.09166666667	4.7659825182
3.09444444444	4.7667068294
3.09722222222	4.7674313783
3.1	4.7681561649
3.10277777778	4.7688811892
3.10555555556	4.7696064513
3.10833333333	4.7703319512
3.11111111111	4.7710576890
3.11388888889	4.7717836646
3.11666666667	4.7725098782
3.11944444444	4.7732363298
3.12222222222	4.7739630193
3.125	4.7746899470
3.12777777778	4.7754171127
3.13055555556	4.7761445166
3.13333333333	4.7768721587
3.13611111111	4.7776000391
3.13888888889	4.7783281577
3.14166666667	4.7790565148
3.14444444444	4.7797851102
3.14722222222	4.7805139442
3.15	4.7812430166
3.15277777778	4.7819723277
3.15555555556	4.7827018775
3.15833333333	4.7834316660
3.16111111111	4.7841616933
3.16388888889	4.7848919594
3.16666666667	4.7856224645
3.16944444444	4.7863532086
3.17222222222	4.7870841918
3.175	4.7878154141
3.17777777778	4.7885468756
3.18055555556	4.7892785765
3.18333333333	4.7900105168
3.18611111111	4.7907426965
3.18888888889	4.7914751158
3.19166666667	4.7922077748
3.19444444444	4.7929406734
3.19722222222	4.7936738119
3.2	4.7944071903
3.20277777778	4.7951408087
3.20555555556	4.7958746672
3.20833333333	4.7966087659
3.21111111111	4.7973431049
3.21388888889	4.7980776843
3.21666666667	4.7988125042
3.21944444444	4.7995475647
3.22222222222	4.8002828658
3.225	4.8010184078
3.22777777778	4.8017541907
3.23055555556	4.8024902147
3.23333333333	4.8032264798
3.23611111111	4.8039629861
3.23888888889	4.8046997338
3.24166666667	4.8054367230
3.24444444444	4.8061739539
3.24722222222	4.8069114264
3.25	4.8076491409
3.25277777778	4.8083870973
3.25555555556	4.8091252958
3.25833333333	4.8098637366
3.26111111111	4.8106024198
3.26388888889	4.8113413455
3.26666666667	4.8120805138
3.26944444444	4.8128199250
3.27222222222	4.8135595790
3.275	4.8142994762
3.27777777778	4.8150396166
3.28055555556	4.8157800003
3.28333333333	4.8165206276
3.28611111111	4.8172614985
3.28888888889	4.8180026132
3.29166666667	4.8187439720
3.29444444444	4.8194855748
3.29722222222	4.8202274220
3.3	4.8209695136
3.30277777778	4.8217118499
3.30555555556	4.8224544309
3.30833333333	4.8231972569
3.31111111111	4.8239403281
3.31388888889	4.8246836445
3.31666666667	4.8254272064
3.31944444444	4.8261710140
3.32222222222	4.8269150674
3.325	4.8276593668
3.32777777778	4.8284039124
3.33055555556	4.8291487045
3.33333333333	4.8298937431
3.33611111111	4.8306390284
3.33888888889	4.8313845608
3.34166666667	4.8321303403
3.34444444444	4.8328763671
3.34722222222	4.8336226416
3.35	4.8343691638
3.35277777778	4.8351159339
3.35555555556	4.8358629523
3.35833333333	4.8366102190
3.36111111111	4.8373577343
3.36388888889	4.8381054985
3.36666666667	4.8388535117
3.36944444444	4.8396017742
3.37222222222	4.8403502861
3.375	4.8410990478
3.37777777778	4.8418480594
3.38055555556	4.8425973212
3.38333333333	4.8433468333
3.38611111111	4.8440965961
3.38888888889	4.8448466098
3.39166666667	4.8455968747
3.39444444444	4.8463473908
3.39722222222	4.8470981586
3.4	4.8478491783
3.40277777778	4.8486004501
3.40555555556	4.8493519742
3.40833333333	4.8501037510
3.41111111111	4.8508557807
3.41388888889	4.8516080635
3.41666666667	4.8523605998
3.41944444444	4.8531133897
3.42222222222	4.8538664336
3.425	4.8546197318
3.42777777778	4.8553732844
3.43055555556	4.8561270919
3.43333333333	4.8568811544
3.43611111111	4.8576354724
3.43888888889	4.8583900459
3.44166666667	4.8591448755
3.44444444444	4.8598999612
3.44722222222	4.8606553035
3.45	4.8614109027
3.45277777778	4.8621667590
3.45555555556	4.8629228728
3.45833333333	4.8636792443
3.46111111111	4.8644358740
3.46388888889	4.8651927620
3.46666666667	4.8659499088
3.46944444444	4.8667073146
3.47222222222	4.8674649798
3.475	4.8682229047
3.47777777778	4.8689810897
3.48055555556	4.8697395350
3.48333333333	4.8704982410
3.48611111111	4.8712572081
3.48888888889	4.8720164366
3.49166666667	4.8727759269
3.49444444444	4.8735356793
3.49722222222	4.8742956941
3.5	4.8750559718
3.50277777778	4.8758165127
3.50555555556	4.8765773171
3.50833333333	4.8773383855
3.51111111111	4.8780997182
3.51388888889	4.8788613156
3.51666666667	4.8796231780
3.51944444444	4.8803853059
3.52222222222	4.8811476997
3.525	4.8819103597
3.52777777778	4.8826732863
3.53055555556	4.8834364800
3.53333333333	4.8841999411
3.53611111111	4.8849636700
3.53888888889	4.8857276672
3.54166666667	4.8864919331
3.54444444444	4.8872564681
3.54722222222	4.8880212726
3.55	4.8887863471
3.55277777778	4.8895516919
3.55555555556	4.8903173076
3.55833333333	4.8910831945
3.56111111111	4.8918493532
3.56388888889	4.8926157839
3.56666666667	4.8933824873
3.56944444444	4.8941494637
3.57222222222	4.8949167137
3.575	4.8956842376
3.57777777778	4.8964520360
3.58055555556	4.8972201094
3.58333333333	4.8979884581
3.58611111111	4.8987570827
3.58888888889	4.8995259837
3.59166666667	4.9002951616
3.59444444444	4.9010646168
3.59722222222	4.9018343499
3.6	4.9026043613
3.60277777778	4.9033746516
3.60555555556	4.9041452214
3.60833333333	4.9049160710
3.61111111111	4.9056872011
3.61388888889	4.9064586121
3.61666666667	4.9072303046
3.61944444444	4.9080022792
3.62222222222	4.9087745363
3.625	4.9095470766
3.62777777778	4.9103199006
3.63055555556	4.9110930087
3.63333333333	4.9118664017
3.63611111111	4.9126400801
3.63888888889	4.9134140444
3.64166666667	4.9141882952
3.64444444444	4.9149628331
3.64722222222	4.9157376587
3.65	4.9165127726
3.65277777778	4.9172881754
3.65555555556	4.9180638677
3.65833333333	4.9188398501
3.66111111111	4.9196161232
3.66388888889	4.9203926876
3.66666666667	4.9211695440
3.66944444444	4.9219466930
3.67222222222	4.9227241353
3.675	4.9235018714
3.67777777778	4.9242799021
3.68055555556	4.9250582280
3.68333333333	4.9258368497
3.68611111111	4.9266157680
3.68888888889	4.9273949834
3.69166666667	4.9281744968
3.69444444444	4.9289543087
3.69722222222	4.9297344198
3.7	4.9305148309
3.70277777778	4.9312955427
3.70555555556	4.9320765559
3.70833333333	4.9328578711
3.71111111111	4.9336394892
3.71388888889	4.9344214108
3.71666666667	4.9352036367
3.71944444444	4.9359861676
3.72222222222	4.9367690043
3.725	4.9375521476
3.72777777778	4.9383355982
3.73055555556	4.9391193568
3.73333333333	4.9399034244
3.73611111111	4.9406878015
3.73888888889	4.9414724891
3.74166666667	4.9422574880
3.74444444444	4.9430427989
3.74722222222	4.9438284227
3.75	4.9446143601
3.75277777778	4.9454006121
3.75555555556	4.9461871795
3.75833333333	4.9469740630
3.76111111111	4.9477612636
3.76388888889	4.9485487822
3.76666666667	4.9493366195
3.76944444444	4.9501247765
3.77222222222	4.9509132540
3.775	4.9517020530
3.77777777778	4.9524911744
3.78055555556	4.9532806190
3.78333333333	4.9540703878
3.78611111111	4.9548604817
3.78888888889	4.9556509017
3.79166666667	4.9564416487
3.79444444444	4.9572327236
3.79722222222	4.9580241274
3.8	4.9588158611
3.80277777778	4.9596079256
3.80555555556	4.9604003221
3.80833333333	4.9611930513
3.81111111111	4.9619861145
3.81388888889	4.9627795125
3.81666666667	4.9635732464
3.81944444444	4.9643673173
3.82222222222	4.9651617261
3.825	4.9659564741
3.82777777778	4.9667515621
3.83055555556	4.9675469913
3.83333333333	4.9683427629
3.83611111111	4.9691388778
3.83888888889	4.9699353372
3.84166666667	4.9707321422
3.84444444444	4.9715292940
3.84722222222	4.9723267937
3.85	4.9731246424
3.85277777778	4.9739228414
3.85555555556	4.9747213917
3.85833333333	4.9755202945
3.86111111111	4.9763195512
3.86388888889	4.9771191628
3.86666666667	4.9779191306
3.86944444444	4.9787194559
3.87222222222	4.9795201398
3.875	4.9803211837
3.87777777778	4.9811225888
3.88055555556	4.9819243564
3.88333333333	4.9827264877
3.88611111111	4.9835289842
3.88888888889	4.9843318471
3.89166666667	4.9851350777
3.89444444444	4.9859386774
3.89722222222	4.9867426476
3.9	4.9875469897
3.90277777778	4.9883517050
3.90555555556	4.9891567949
3.90833333333	4.9899622609
3.91111111111	4.9907681043
3.91388888889	4.9915743267
3.91666666667	4.9923809295
3.91944444444	4.9931879142
3.92222222222	4.9939952822
3.925	4.9948030351
3.92777777778	4.9956111744
3.93055555556	4.9964197017
3.93333333333	4.9972286184
3.93611111111	4.9980379262
3.93888888889	4.9988476266
3.94166666667	4.9996577214
3.94444444444	5.0004682119
3.94722222222	5.0012791001
3.95	5.0020903873
3.95277777778	5.0029020755
3.95555555556	5.0037141661
3.95833333333	5.0045266611
3.96111111111	5.0053395620
3.96388888889	5.0061528706
3.96666666667	5.0069665887
3.96944444444	5.0077807182
3.97222222222	5.0085952606
3.975	5.0094102180
3.97777777778	5.0102255922
3.98055555556	5.0110413850
3.98333333333	5.0118575982
3.98611111111	5.0126742339
3.98888888889	5.0134912940
3.99166666667	5.0143087803
3.99444444444	5.0151266948
3.99722222222	5.0159450397
4.0	5.0167638168
4.00277777778	5.0175830282
4.00555555556	5.0184026760
4.00833333333	5.0192227622
4.01111111111	5.0200432890
4.01388888889	5.0208642585
4.01666666667	5.0216856729
4.01944444444	5.0225075343
4.02222222222	5.0233298450
4.025	5.0241526072
4.02777777778	5.0249758231
4.03055555556	5.0257994951
4.03333333333	5.0266236254
4.03611111111	5.0274482164
4.03888888889	5.0282732705
4.04166666667	5.0290987901
4.04444444444	5.0299247776
4.04722222222	5.0307512355
4.05	5.0315781662
4.05277777778	5.0324055723
4.05555555556	5.0332334564
4.05833333333	5.0340618209
4.06111111111	5.0348906686
4.06388888889	5.0357200021
4.06666666667	5.0365498240
4.06944444444	5.0373801371
4.07222222222	5.0382109441
4.075	5.0390422478
4.07777777778	5.0398740510
4.08055555556	5.0407063567
4.08333333333	5.0415391676
4.08611111111	5.0423724867
4.08888888889	5.0432063170
4.09166666667	5.0440406615
4.09444444444	5.0448755233
4.09722222222	5.0457109054
4.1	5.0465468109
4.10277777778	5.0473832431
4.10555555556	5.0482202051
4.10833333333	5.0490577003
4.11111111111	5.0498957319
4.11388888889	5.0507343032
4.11666666667	5.0515734177
4.11944444444	5.0524130789
4.12222222222	5.0532532901
4.125	5.0540940550
4.12777777778	5.0549353772
4.13055555556	5.0557772602
4.13333333333	5.0566197078
4.13611111111	5.0574627238
4.13888888889	5.0583063119
4.14166666667	5.0591504760
4.14444444444	5.0599952200
4.14722222222	5.0608405479
4.15	5.0616864638
4.15277777778	5.0625329717
4.15555555556	5.0633800757
4.15833333333	5.0642277802
4.16111111111	5.0650760894
4.16388888889	5.0659250076
4.16666666667	5.0667745393
4.16944444444	5.0676246889
4.17222222222	5.0684754611
4.175	5.0693268604
4.17777777778	5.0701788916
4.18055555556	5.0710315595
4.18333333333	5.0718848688
4.18611111111	5.0727388246
4.18888888889	5.0735934318
4.19166666667	5.0744486957
4.19444444444	5.0753046213
4.19722222222	5.0761612140
4.2	5.0770184791
4.20277777778	5.0778764220
4.20555555556	5.0787350485
4.20833333333	5.0795943640
4.21111111111	5.0804543744
4.21388888889	5.0813150854
4.21666666667	5.0821765032
4.21944444444	5.0830386337
4.22222222222	5.0839014831
4.225	5.0847650578
4.22777777778	5.0856293640
4.23055555556	5.0864944084
4.23333333333	5.0873601976
4.23611111111	5.0882267385
4.23888888889	5.0890940378
4.24166666667	5.0899621026
4.24444444444	5.0908309402
4.24722222222	5.0917005579
4.25	5.0925709631
4.25277777778	5.0934421634
4.25555555556	5.0943141667
4.25833333333	5.0951869809
4.26111111111	5.0960606140
4.26388888889	5.0969350745
4.26666666667	5.0978103706
4.26944444444	5.0986865111
4.27222222222	5.0995635047
4.275	5.1004413606
4.27777777778	5.1013200878
4.28055555556	5.1021996959
4.28333333333	5.1030801945
4.28611111111	5.1039615934
4.28888888889	5.1048439027
4.29166666667	5.1057271328
4.29444444444	5.1066112943
4.29722222222	5.1074963979
4.3	5.1083824547
4.30277777778	5.1092694762
4.30555555556	5.1101574740
4.30833333333	5.1110464601
4.31111111111	5.1119364467
4.31388888889	5.1128274464
4.31666666667	5.1137194721
4.31944444444	5.1146125371
4.32222222222	5.1155066550
4.325	5.1164018399
4.32777777778	5.1172981061
4.33055555556	5.1181954684
4.33333333333	5.1190939420
4.33611111111	5.1199935428
4.33888888889	5.1208942867
4.34166666667	5.1217961905
4.34444444444	5.1226992713
4.34722222222	5.1236035468
4.35	5.1245090353
4.35277777778	5.1254157556
4.35555555556	5.1263237272
4.35833333333	5.1272329703
4.36111111111	5.1281435056
4.36388888889	5.1290553548
4.36666666667	5.1299685401
4.36944444444	5.1308830847
4.37222222222	5.1317990126
4.375	5.1327163486
4.37777777778	5.1336351186
4.38055555556	5.1345553496
4.38333333333	5.1354770694
4.38611111111	5.1364003072
4.38888888889	5.1373250934
4.39166666667	5.1382514596
4.39444444444	5.1391794388
4.39722222222	5.1401090658
4.4	5.1410403766
4.40277777778	5.1419734092
4.40555555556	5.1429082034
4.40833333333	5.1438448011
4.41111111111	5.1447832461
4.41388888889	5.1457235848
4.41666666667	5.1466658663
4.41944444444	5.1476101422
4.42222222222	5.1485564673
4.425	5.1495048998
4.42777777778	5.1504555016
4.43055555556	5.1514083386
4.43333333333	5.1523634812
4.43611111111	5.1533210049
4.43888888889	5.1542809908
4.44166666667	5.1552435264
4.44444444444	5.1562087061
4.44722222222	5.1571766327
4.45	5.1581474179
4.45277777778	5.1591211842
4.45555555556	5.1600980665
4.45833333333	5.1610782141
4.46111111111	5.1620617933
4.46388888889	5.1630489908
4.46666666667	5.1640400180
4.46944444444	5.1650351165
4.47222222222	5.1660345659
4.475	5.1670386941
4.47777777778	5.1680478924
4.48055555556	5.1690626371
4.48333333333	5.1700835245
4.48611111111	5.1711113270
4.48888888889	5.1721470960
4.49166666667	5.1731923679
4.49444444444	5.1742496708
4.49722222222	5.1753242746
4.5	5.1764663730
4.50277777778	5.1776759290
4.50555555556	5.1789029084
4.50833333333	5.1801421725
4.51111111111	5.1813912207
4.51388888889	5.1826485318
4.51666666667	5.1839130636
4.51944444444	5.1851840480
4.52222222222	5.1864608901
4.525	5.1877431117
4.52777777778	5.1890303178
4.53055555556	5.1903221745
4.53333333333	5.1916183944
4.53611111111	5.1929187264
4.53888888889	5.1942229480
4.54166666667	5.1955308599
4.54444444444	5.1968422818
4.54722222222	5.1981570492
4.55	5.1994750106
4.55277777778	5.2007960257
4.55555555556	5.2021199636
4.55833333333	5.2034467016
4.56111111111	5.2047761239
4.56388888889	5.2061081207
4.56666666667	5.2074425876
4.56944444444	5.2087794249
4.57222222222	5.2101185367
4.575	5.2114598309
4.57777777778	5.2128032187
4.58055555556	5.2141486137
4.58333333333	5.2154959326
4.58611111111	5.2168450941
4.58888888889	5.2181960188
4.59166666667	5.2195486295
4.59444444444	5.2209028506
4.59722222222	5.2222586079
4.6	5.2236158288
4.60277777778	5.2249744419
4.60555555556	5.2263343771
4.60833333333	5.2276955656
4.61111111111	5.2290579394
4.61388888889	5.2304214317
4.61666666667	5.2317859768
4.61944444444	5.2331515098
4.62222222222	5.2345179667
4.625	5.2358852847
4.62777777778	5.2372534015
4.63055555556	5.2386222562
4.63333333333	5.2399917885
4.63611111111	5.2413619391
4.63888888889	5.2427326497
4.64166666667	5.2441038631
4.64444444444	5.2454755230
4.64722222222	5.2468475746
4.65	5.2482199640
4.65277777778	5.2495926389
4.65555555556	5.2509655489
4.65833333333	5.2523386452
4.66111111111	5.2537118820
4.66388888889	5.2550852165
4.66666666667	5.2564586103
4.66944444444	5.2578320306
4.67222222222	5.2592054498
4.675	5.2605788420
4.67777777778	5.2619521831
4.68055555556	5.2633254499
4.68333333333	5.2646986204
4.68611111111	5.2660716734
4.68888888889	5.2674445885
4.69166666667	5.2688173462
4.69444444444	5.2701899276
4.69722222222	5.2715623143
4.7	5.2729344888
4.70277777778	5.2743064340
4.70555555556	5.2756781334
4.70833333333	5.2770495710
4.71111111111	5.2784207313
4.71388888889	5.2797915990
4.71666666667	5.2811621598
4.71944444444	5.2825323992
4.72222222222	5.2839023035
4.725	5.2852718593
4.72777777778	5.2866410534
4.73055555556	5.2880098732
4.73333333333	5.2893783062
4.73611111111	5.2907463405
4.73888888889	5.2921139642
4.74166666667	5.2934811659
4.74444444444	5.2948479344
4.74722222222	5.2962142589
4.75	5.2975801286
4.75277777778	5.2989455334
4.75555555556	5.3003104630
4.75833333333	5.3016749076
4.76111111111	5.3030388576
4.76388888889	5.3044023035
4.76666666667	5.3057652362
4.76944444444	5.3071276468
4.77222222222	5.3084895263
4.775	5.3098508663
4.77777777778	5.3112116585
4.78055555556	5.3125718946
4.78333333333	5.3139315666
4.78611111111	5.3152906667
4.78888888889	5.3166491872
4.79166666667	5.3180071208
4.79444444444	5.3193644600
4.79722222222	5.3207211978
4.8	5.3220773271
4.80277777778	5.3234328410
4.80555555556	5.3247877329
4.80833333333	5.3261419962
4.81111111111	5.3274956244
4.81388888889	5.3288486114
4.81666666667	5.3302009509
4.81944444444	5.3315526370
4.82222222222	5.3329036636
4.825	5.3342540252
4.82777777778	5.3356037159
4.83055555556	5.3369527302
4.83333333333	5.3383010628
4.83611111111	5.3396487083
4.83888888889	5.3409956616
4.84166666667	5.3423419174
4.84444444444	5.3436874709
4.84722222222	5.3450323171
4.85	5.3463764513
4.85277777778	5.3477198687
4.85555555556	5.3490625647
4.85833333333	5.3504045349
4.86111111111	5.3517457749
4.86388888889	5.3530862802
4.86666666667	5.3544260467
4.86944444444	5.3557650702
4.87222222222	5.3571033466
4.875	5.3584408720
4.87777777778	5.3597776424
4.88055555556	5.3611136541
4.88333333333	5.3624489031
4.88611111111	5.3637833860
4.88888888889	5.3651170990
4.89166666667	5.3664500386
4.89444444444	5.3677822014
4.89722222222	5.3691135839
4.9	5.3704441829
4.90277777778	5.3717739951
4.90555555556	5.3731030173
4.90833333333	5.3744312463
4.91111111111	5.3757586792
4.91388888889	5.3770853128
4.91666666667	5.3784111442
4.91944444444	5.3797361706
4.92222222222	5.3810603891
4.925	5.3823837970
4.92777777778	5.3837063915
4.93055555556	5.3850281700
4.93333333333	5.3863491298
4.93611111111	5.3876692685
4.93888888889	5.3889885835
4.94166666667	5.3903070723
4.94444444444	5.3916247326
4.94722222222	5.3929415620
4.95	5.3942575583
4.95277777778	5.3955727190
4.95555555556	5.3968870422
4.95833333333	5.3982005255
4.96111111111	5.3995131668
4.96388888889	5.4008249642
4.96666666667	5.4021359155
4.96944444444	5.4034460188
4.97222222222	5.4047552722
4.975	5.4060636736
4.97777777778	5.4073712214
4.98055555556	5.4086779135
4.98333333333	5.4099837483
4.98611111111	5.4112887241
4.98888888889	5.4125928390
4.99166666667	5.4138960915
4.99444444444	5.4151984799
4.99722222222	5.4165000026
5.0	5.4178006580
5.00277777778	5.4191004446
5.00555555556	5.4203993610
5.00833333333	5.4216974056
5.01111111111	5.4229945771
5.01388888889	5.4242908740
5.01666666667	5.4255862950
5.01944444444	5.4268808388
5.02222222222	5.4281745041
5.025	5.4294672895
5.02777777778	5.4307591939
5.03055555556	5.4320502160
5.03333333333	5.4333403548
5.03611111111	5.4346296089
5.03888888889	5.4359179774
5.04166666667	5.4372054591
5.04444444444	5.4384920529
5.04722222222	5.4397777579
5.05	5.4410625729
5.05277777778	5.4423464971
5.05555555556	5.4436295294
5.05833333333	5.4449116690
5.06111111111	5.4461929148
5.06388888889	5.4474732661
5.06666666667	5.4487527220
5.06944444444	5.4500312816
5.07222222222	5.4513089442
5.075	5.4525857089
5.07777777778	5.4538615749
5.08055555556	5.4551365416
5.08333333333	5.4564106082
5.08611111111	5.4576837740
5.08888888889	5.4589560384
5.09166666667	5.4602274006
5.09444444444	5.4614978600
5.09722222222	5.4627674161
5.1	5.4640360682
5.10277777778	5.4653038158
5.10555555556	5.4665706583
5.10833333333	5.4678365951
5.11111111111	5.4691016258
5.11388888889	5.4703657498
5.11666666667	5.4716289667
5.11944444444	5.4728912761
5.12222222222	5.4741526773
5.125	5.4754131702
5.12777777778	5.4766727542
5.13055555556	5.4779314289
5.13333333333	5.4791891940
5.13611111111	5.4804460492
5.13888888889	5.4817019940
5.14166666667	5.4829570282
5.14444444444	5.4842111514
5.14722222222	5.4854643634
5.15	5.4867166639
5.15277777778	5.4879680526
5.15555555556	5.4892185293
5.15833333333	5.4904680938
5.16111111111	5.4917167458
5.16388888889	5.4929644851
5.16666666667	5.4942113116
5.16944444444	5.4954572251
5.17222222222	5.4967022254
5.175	5.4979463124
5.17777777778	5.4991894859
5.18055555556	5.5004317459
5.18333333333	5.5016730922
5.18611111111	5.5029135247
5.18888888889	5.5041530434
5.19166666667	5.5053916482
5.19444444444	5.5066293391
5.19722222222	5.5078661159
5.2	5.5091019788
5.20277777778	5.5103369276
5.20555555556	5.5115709624
5.20833333333	5.5128040831
5.21111111111	5.5140362898
5.21388888889	5.5152675825
5.21666666667	5.5164979613
5.21944444444	5.5177274262
5.22222222222	5.5189559773
5.225	5.5201836146
5.22777777778	5.5214103383
5.23055555556	5.5226361484
5.23333333333	5.5238610450
5.23611111111	5.5250850283
5.23888888889	5.5263080984
5.24166666667	5.5275302553
5.24444444444	5.5287514994
5.24722222222	5.5299718306
5.25	5.5311912493
5.25277777778	5.5324097555
5.25555555556	5.5336273494
5.25833333333	5.5348440312
5.26111111111	5.5360598012
5.26388888889	5.5372746596
5.26666666667	5.5384886065
5.26944444444	5.5397016422
5.27222222222	5.5409137669
5.275	5.5421249809
5.27777777778	5.5433352844
5.28055555556	5.5445446777
5.28333333333	5.5457531610
5.28611111111	5.5469607347
5.28888888889	5.5481673990
5.29166666667	5.5493731543
5.29444444444	5.5505780007
5.29722222222	5.5517819387
5.3	5.5529849685
5.30277777778	5.5541870904
5.30555555556	5.5553883049
5.30833333333	5.5565886121
5.31111111111	5.5577880126
5.31388888889	5.5589865065
5.31666666667	5.5601840944
5.31944444444	5.5613807765
5.32222222222	5.5625765532
5.325	5.5637714249
5.32777777778	5.5649653920
5.33055555556	5.5661584549
5.33333333333	5.5673506139
5.33611111111	5.5685418695
5.33888888889	5.5697322221
5.34166666667	5.5709216721
5.34444444444	5.5721102199
5.34722222222	5.5732978659
5.35	5.5744846107
5.35277777778	5.5756704546
5.35555555556	5.5768553980
5.35833333333	5.5780394414
5.36111111111	5.5792225854
5.36388888889	5.5804048302
5.36666666667	5.5815861765
5.36944444444	5.5827666246
5.37222222222	5.5839461751
5.375	5.5851248284
5.37777777778	5.5863025851
5.38055555556	5.5874794456
5.38333333333	5.5886554103
5.38611111111	5.5898304799
5.38888888889	5.5910046548
5.39166666667	5.5921779356
5.39444444444	5.5933503227
5.39722222222	5.5945218167
5.4	5.5956924181
5.40277777778	5.5968621274
5.40555555556	5.5980309451
5.40833333333	5.5991988719
5.41111111111	5.6003659082
5.41388888889	5.6015320547
5.41666666667	5.6026973117
5.41944444444	5.6038616800
5.42222222222	5.6050251600
5.425	5.6061877524
5.42777777778	5.6073494576
5.43055555556	5.6085102763
5.43333333333	5.6096702091
5.43611111111	5.6108292564
5.43888888889	5.6119874190
5.44166666667	5.6131446974
5.44444444444	5.6143010922
5.44722222222	5.6154566039
5.45	5.6166112332
5.45277777778	5.6177649807
5.45555555556	5.6189178469
5.45833333333	5.6200698326
5.46111111111	5.6212209382
5.46388888889	5.6223711645
5.46666666667	5.6235205119
5.46944444444	5.6246689813
5.47222222222	5.6258165731
5.475	5.6269632880
5.47777777778	5.6281091266
5.48055555556	5.6292540896
5.48333333333	5.6303981776
5.48611111111	5.6315413913
5.48888888889	5.6326837312
5.49166666667	5.6338251981
5.49444444444	5.6349657925
5.49722222222	5.6361055152
5.5	5.6372443500
5.50277777778	5.6383820166
5.50555555556	5.6395185165
5.50833333333	5.6406538511
5.51111111111	5.6417880217
5.51388888889	5.6429210297
5.51666666667	5.6440528764
5.51944444444	5.6451835631
5.52222222222	5.6463130912
5.525	5.6474414620
5.52777777778	5.6485686769
5.53055555556	5.6496947372
5.53333333333	5.6508196443
5.53611111111	5.6519433996
5.53888888889	5.6530660044
5.54166666667	5.6541874602
5.54444444444	5.6553077683
5.54722222222	5.6564269301
5.55	5.6575449470
5.55277777778	5.6586618205
5.55555555556	5.6597775520
5.55833333333	5.6608921429
5.56111111111	5.6620055947
5.56388888889	5.6631179089
5.56666666667	5.6642290869
5.56944444444	5.6653391302
5.57222222222	5.6664480403
5.575	5.6675558187
5.57777777778	5.6686624670
5.58055555556	5.6697679867
5.58333333333	5.6708723793
5.58611111111	5.6719756464
5.58888888889	5.6730777895
5.59166666667	5.6741788104
5.59444444444	5.6752787105
5.59722222222	5.6763774915
5.6	5.6774751551
5.60277777778	5.6785717028
5.60555555556	5.6796671364
5.60833333333	5.6807614575
5.61111111111	5.6818546679
5.61388888889	5.6829467693
5.61666666667	5.6840377633
5.61944444444	5.6851276518
5.62222222222	5.6862164364
5.625	5.6873041190
5.62777777778	5.6883907015
5.63055555556	5.6894761855
5.63333333333	5.6905605729
5.63611111111	5.6916438655
5.63888888889	5.6927260653
5.64166666667	5.6938071741
5.64444444444	5.6948871938
5.64722222222	5.6959661263
5.65	5.6970439736
5.65277777778	5.6981207375
5.65555555556	5.6991964201
5.65833333333	5.7002710232
5.66111111111	5.7013445490
5.66388888889	5.7024169993
5.66666666667	5.7034883762
5.66944444444	5.7045586818
5.67222222222	5.7056279179
5.675	5.7066960867
5.67777777778	5.7077631900
5.68055555556	5.7088292300
5.68333333333	5.7098942085
5.68611111111	5.7109581275
5.68888888889	5.7120209891
5.69166666667	5.7130827951
5.69444444444	5.7141435476
5.69722222222	5.7152032485
5.7	5.7162618997
5.70277777778	5.7173195033
5.70555555556	5.7183760610
5.70833333333	5.7194315749
5.71111111111	5.7204860469
5.71388888889	5.7215394788
5.71666666667	5.7225918727
5.71944444444	5.7236432305
5.72222222222	5.7246935539
5.725	5.7257428450
5.72777777778	5.7267911056
5.73055555556	5.7278383377
5.73333333333	5.7288845430
5.73611111111	5.7299297236
5.73888888889	5.7309738811
5.74166666667	5.7320170176
5.74444444444	5.7330591349
5.74722222222	5.7341002348
5.75	5.7351403193
5.75277777778	5.7361793900
5.75555555556	5.7372174490
5.75833333333	5.7382544980
5.76111111111	5.7392905388
5.76388888889	5.7403255733
5.76666666667	5.7413596033
5.76944444444	5.7423926307
5.77222222222	5.7434246571
5.775	5.7444556846
5.77777777778	5.7454857147
5.78055555556	5.7465147494
5.78333333333	5.7475427905
5.78611111111	5.7485698396
5.78888888889	5.7495958987
5.79166666667	5.7506209694
5.79444444444	5.7516450536
5.79722222222	5.7526681531
5.8	5.7536902695
5.80277777778	5.7547114047
5.80555555556	5.7557315603
5.80833333333	5.7567507382
5.81111111111	5.7577689401
5.81388888889	5.7587861678
5.81666666667	5.7598024229
5.81944444444	5.7608177072
5.82222222222	5.7618320224
5.825	5.7628453702
5.82777777778	5.7638577525
5.83055555556	5.7648691708
5.83333333333	5.7658796268
5.83611111111	5.7668891224
5.83888888889	5.7678976591
5.84166666667	5.7689052387
5.84444444444	5.7699118629
5.84722222222	5.7709175333
5.85	5.7719222516
5.85277777778	5.7729260196
5.85555555556	5.7739288388
5.85833333333	5.7749307109
5.86111111111	5.7759316377
5.86388888889	5.7769316207
5.86666666667	5.7779306616
5.86944444444	5.7789287620
5.87222222222	5.7799259237
5.875	5.7809221482
5.87777777778	5.7819174372
5.88055555556	5.7829117923
5.88333333333	5.7839052151
5.88611111111	5.7848977073
5.88888888889	5.7858892704
5.89166666667	5.7868799062
5.89444444444	5.7878696161
5.89722222222	5.7888584019
5.9	5.7898462650
5.90277777778	5.7908332072
5.90555555556	5.7918192300
5.90833333333	5.7928043349
5.91111111111	5.7937885236
5.91388888889	5.7947717977
5.91666666667	5.7957541587
5.91944444444	5.7967356082
5.92222222222	5.7977161477
5.925	5.7986957789
5.92777777778	5.7996745033
5.93055555556	5.8006523224
5.93333333333	5.8016292378
5.93611111111	5.8026052511
5.93888888889	5.8035803637
5.94166666667	5.8045545773
5.94444444444	5.8055278934
5.94722222222	5.8065003134
5.95	5.8074718390
5.95277777778	5.8084424716
5.95555555556	5.8094122128
5.95833333333	5.8103810640
5.96111111111	5.8113490269
5.96388888889	5.8123161029
5.96666666667	5.8132822934
5.96944444444	5.8142476001
5.97222222222	5.8152120244
5.975	5.8161755678
5.97777777778	5.8171382318
5.98055555556	5.8181000178
5.98333333333	5.8190609274
5.98611111111	5.8200209620
5.98888888889	5.8209801232
5.99166666667	5.8219384123
5.99444444444	5.8228958308
5.99722222222	5.8238523803
6.0	5.8248080621
6.00277777778	5.8257628777
6.00555555556	5.8267168286
6.00833333333	5.8276699162
6.01111111111	5.8286221419
6.01388888889	5.8295735073
6.01666666667	5.8305240137
6.01944444444	5.8314736626
6.02222222222	5.8324224553
6.025	5.8333703934
6.02777777778	5.8343174783
6.03055555556	5.8352637113
6.03333333333	5.8362090939
6.03611111111	5.8371536274
6.03888888889	5.8380973134
6.04166666667	5.8390401532
6.04444444444	5.8399821481
6.04722222222	5.8409232997
6.05	5.8418636093
6.05277777778	5.8428030783
6.05555555556	5.8437417080
6.05833333333	5.8446794999
6.06111111111	5.8456164553
6.06388888889	5.8465525756
6.06666666667	5.8474878623
6.06944444444	5.8484223165
6.07222222222	5.8493559398
6.075	5.8502887335
6.07777777778	5.8512206989
6.08055555556	5.8521518374
6.08333333333	5.8530821504
6.08611111111	5.8540116392
6.08888888889	5.8549403051
6.09166666667	5.8558681495
6.09444444444	5.8567951738
6.09722222222	5.8577213792
6.1	5.8586467671
6.10277777778	5.8595713388
6.10555555556	5.8604950957
6.10833333333	5.8614180390
6.11111111111	5.8623401702
6.11388888889	5.8632614904
6.11666666667	5.8641820011
6.11944444444	5.8651017036
6.12222222222	5.8660205990
6.125	5.8669386888
6.12777777778	5.8678559743
6.13055555556	5.8687724567
6.13333333333	5.8696881373
6.13611111111	5.8706030175
6.13888888889	5.8715170985
6.14166666667	5.8724303816
6.14444444444	5.8733428680
6.14722222222	5.8742545592
6.15	5.8751654562
6.15277777778	5.8760755605
6.15555555556	5.8769848732
6.15833333333	5.8778933957
6.16111111111	5.8788011292
6.16388888889	5.8797080750
6.16666666667	5.8806142342
6.16944444444	5.8815196083
6.17222222222	5.8824241984
6.175	5.8833280057
6.17777777778	5.8842310316
6.18055555556	5.8851332772
6.18333333333	5.8860347438
6.18611111111	5.8869354327
6.18888888889	5.8878353450
6.19166666667	5.8887344821
6.19444444444	5.8896328450
6.19722222222	5.8905304351
6.2	5.8914272536
6.20277777778	5.8923233016
6.20555555556	5.8932185805
6.20833333333	5.8941130914
6.21111111111	5.8950068355
6.21388888889	5.8958998140
6.21666666667	5.8967920281
6.21944444444	5.8976834791
6.22222222222	5.8985741682
6.225	5.8994640964
6.22777777778	5.9003532651
6.23055555556	5.9012416754
6.23333333333	5.9021293285
6.23611111111	5.9030162255
6.23888888889	5.9039023677
6.24166666667	5.9047877563
6.24444444444	5.9056723924
6.24722222222	5.9065562771
6.25	5.9074394117
6.25277777778	5.9083217974
6.25555555556	5.9092034352
6.25833333333	5.9100843264
6.26111111111	5.9109644721
6.26388888889	5.9118438734
6.26666666667	5.9127225316
6.26944444444	5.9136004477
6.27222222222	5.9144776230
6.275	5.9153540585
6.27777777778	5.9162297554
6.28055555556	5.9171047149
6.28333333333	5.9179789380
6.28611111111	5.9188524260
6.28888888889	5.9197251799
6.29166666667	5.9205972009
6.29444444444	5.9214684901
6.29722222222	5.9223390486
6.3	5.9232088776
6.30277777778	5.9240779782
6.30555555556	5.9249463514
6.30833333333	5.9258139984
6.31111111111	5.9266809204
6.31388888889	5.9275471183
6.31666666667	5.9284125934
6.31944444444	5.9292773468
6.32222222222	5.9301413794
6.325	5.9310046925
6.32777777778	5.9318672871
6.33055555556	5.9327291643
6.33333333333	5.9335903252
6.33611111111	5.9344507710
6.33888888889	5.9353105026
6.34166666667	5.9361695212
6.34444444444	5.9370278278
6.34722222222	5.9378854235
6.35	5.9387423095
6.35277777778	5.9395984867
6.35555555556	5.9404539563
6.35833333333	5.9413087193
6.36111111111	5.9421627767
6.36388888889	5.9430161297
6.36666666667	5.9438687794
6.36944444444	5.9447207266
6.37222222222	5.9455719726
6.375	5.9464225184
6.37777777778	5.9472723650
6.38055555556	5.9481215135
6.38333333333	5.9489699649
6.38611111111	5.9498177203
6.38888888889	5.9506647806
6.39166666667	5.9515111471
6.39444444444	5.9523568206
6.39722222222	5.9532018022
6.4	5.9540460930
6.40277777778	5.9548896940
6.40555555556	5.9557326062
6.40833333333	5.9565748306
6.41111111111	5.9574163683
6.41388888889	5.9582572203
6.41666666667	5.9590973875
6.41944444444	5.9599368711
6.42222222222	5.9607756721
6.425	5.9616137913
6.42777777778	5.9624512300
6.43055555556	5.9632879889
6.43333333333	5.9641240693
6.43611111111	5.9649594720
6.43888888889	5.9657941981
6.44166666667	5.9666282486
6.44444444444	5.9674616244
6.44722222222	5.9682943266
6.45	5.9691263562
6.45277777778	5.9699577141
6.45555555556	5.9707884013
6.45833333333	5.9716184188
6.46111111111	5.9724477676
6.46388888889	5.9732764487
6.46666666667	5.9741044631
6.46944444444	5.9749318117
6.47222222222	5.9757584955
6.475	5.9765845155
6.47777777778	5.9774098727
6.48055555556	5.9782345679
6.48333333333	5.9790586023
6.48611111111	5.9798819767
6.48888888889	5.9807046921
6.49166666667	5.9815267495
6.49444444444	5.9823481498
6.49722222222	5.9831688939
6.5	5.9839889830
6.50277777778	5.9848084178
6.50555555556	5.9856271993
6.50833333333	5.9864453285
6.51111111111	5.9872628064
6.51388888889	5.9880796338
6.51666666667	5.9888958118
6.51944444444	5.9897113412
6.52222222222	5.9905262229
6.525	5.9913404580
6.52777777778	5.9921540474
6.53055555556	5.9929669919
6.53333333333	5.9937792925
6.53611111111	5.9945909502
6.53888888889	5.9954019659
6.54166666667	5.9962123404
6.54444444444	5.9970220748
6.54722222222	5.9978311698
6.55	5.9986396265
6.55277777778	5.9994474458
6.55555555556	6.0002546285
6.55833333333	6.0010611756
6.56111111111	6.0018670880
6.56388888889	6.0026723666
6.56666666667	6.0034770123
6.56944444444	6.0042810260
6.57222222222	6.0050844086
6.575	6.0058871610
6.57777777778	6.0066892841
6.58055555556	6.0074907788
6.58333333333	6.0082916460
6.58611111111	6.0090918866
6.58888888889	6.0098915014
6.59166666667	6.0106904914
6.59444444444	6.0114888574
6.59722222222	6.0122866003
6.6	6.0130837211
6.60277777778	6.0138802205
6.60555555556	6.0146760995
6.60833333333	6.0154713590
6.61111111111	6.0162659997
6.61388888889	6.0170600226
6.61666666667	6.0178534286
6.61944444444	6.0186462186
6.62222222222	6.0194383933
6.625	6.0202299536
6.62777777778	6.0210209005
6.63055555556	6.0218112348
6.63333333333	6.0226009573
6.63611111111	6.0233900689
6.63888888889	6.0241785705
6.64166666667	6.0249664628
6.64444444444	6.0257537469
6.64722222222	6.0265404234
6.65	6.0273264933
6.65277777778	6.0281119574
6.65555555556	6.0288968166
6.65833333333	6.0296810716
6.66111111111	6.0304647234
6.66388888889	6.0312477728
6.66666666667	6.0320302206
6.66944444444	6.0328120676
6.67222222222	6.0335933147
6.675	6.0343739628
6.67777777778	6.0351540125
6.68055555556	6.0359334649
6.68333333333	6.0367123207
6.68611111111	6.0374905807
6.68888888889	6.0382682457
6.69166666667	6.0390453166
6.69444444444	6.0398217943
6.69722222222	6.0405976794
6.7	6.0413729729
6.70277777778	6.0421476755
6.70555555556	6.0429217881
6.70833333333	6.0436953115
6.71111111111	6.0444682465
6.71388888889	6.0452405938
6.71666666667	6.0460123544
6.71944444444	6.0467835289
6.72222222222	6.0475541183
6.725	6.0483241233
6.72777777778	6.0490935447
6.73055555556	6.0498623833
6.73333333333	6.0506306400
6.73611111111	6.0513983154
6.73888888889	6.0521654105
6.74166666667	6.0529319259
6.74444444444	6.0536978625
6.74722222222	6.0544632211
6.75	6.0552280024
6.75277777778	6.0559922073
6.75555555556	6.0567558366
6.75833333333	6.0575188909
6.76111111111	6.0582813711
6.76388888889	6.0590432780
6.76666666667	6.0598046124
6.76944444444	6.0605653750
6.77222222222	6.0613255665
6.775	6.0620851879
6.77777777778	6.0628442398
6.78055555556	6.0636027230
6.78333333333	6.0643606383
6.78611111111	6.0651179865
6.78888888889	6.0658747682
6.79166666667	6.0666309844
6.79444444444	6.0673866357
6.79722222222	6.0681417229
6.8	6.0688962467
6.80277777778	6.0696502080
6.80555555556	6.0704036075
6.80833333333	6.0711564458
6.81111111111	6.0719087239
6.81388888889	6.0726604424
6.81666666667	6.0734116021
6.81944444444	6.0741622037
6.82222222222	6.0749122480
6.825	6.0756617357
6.82777777778	6.0764106676
6.83055555556	6.0771590444
6.83333333333	6.0779068668
6.83611111111	6.0786541357
6.83888888889	6.0794008516
6.84166666667	6.0801470154
6.84444444444	6.0808926279
6.84722222222	6.0816376896
6.85	6.0823822015
6.85277777778	6.0831261641
6.85555555556	6.0838695782
6.85833333333	6.0846124447
6.86111111111	6.0853547640
6.86388888889	6.0860965371
6.86666666667	6.0868377646
6.86944444444	6.0875784473
6.87222222222	6.0883185858
6.875	6.0890581809
6.87777777778	6.0897972334
6.88055555556	6.0905357438
6.88333333333	6.0912737130
6.88611111111	6.0920111416
6.88888888889	6.0927480304
6.89166666667	6.0934843801
6.89444444444	6.0942201914
6.89722222222	6.0949554649
6.9	6.0956902014
6.90277777778	6.0964244017
6.90555555556	6.0971580663
6.90833333333	6.0978911961
6.91111111111	6.0986237916
6.91388888889	6.0993558537
6.91666666667	6.1000873829
6.91944444444	6.1008183801
6.92222222222	6.1015488459
6.925	6.1022787809
6.92777777778	6.1030081859
6.93055555556	6.1037370616
6.93333333333	6.1044654087
6.93611111111	6.1051932278
6.93888888889	6.1059205197
6.94166666667	6.1066472850
6.94444444444	6.1073735244
6.94722222222	6.1080992385
6.95	6.1088244282
6.95277777778	6.1095490940
6.95555555556	6.1102732366
6.95833333333	6.1109968568
6.96111111111	6.1117199551
6.96388888889	6.1124425323
6.96666666667	6.1131645891
6.96944444444	6.1138861260
6.97222222222	6.1146071439
6.975	6.1153276432
6.97777777778	6.1160476248
6.98055555556	6.1167670893
6.98333333333	6.1174860373
6.98611111111	6.1182044696
6.98888888889	6.1189223867
6.99166666667	6.1196397894
6.99444444444	6.1203566783
6.99722222222	6.1210730540
7.0	6.1217889173
7.00277777778	6.1225042687
7.00555555556	6.1232191090
7.00833333333	6.1239334387
7.01111111111	6.1246472586
7.01388888889	6.1253605693
7.01666666667	6.1260733715
7.01944444444	6.1267856657
7.02222222222	6.1274974527
7.025	6.1282087331
7.02777777778	6.1289195075
7.03055555556	6.1296297765
7.03333333333	6.1303395409
7.03611111111	6.1310488013
7.03888888889	6.1317575583
7.04166666667	6.1324658125
7.04444444444	6.1331735646
7.04722222222	6.1338808152
7.05	6.1345875650
7.05277777778	6.1352938146
7.05555555556	6.1359995646
7.05833333333	6.1367048157
7.06111111111	6.1374095684
7.06388888889	6.1381138235
7.06666666667	6.1388175815
7.06944444444	6.1395208431
7.07222222222	6.1402236089
7.075	6.1409258795
7.07777777778	6.1416276556
7.08055555556	6.1423289378
7.08333333333	6.1430297266
7.08611111111	6.1437300228
7.08888888889	6.1444298269
7.09166666667	6.1451291395
7.09444444444	6.1458279614
7.09722222222	6.1465262930
7.1	6.1472241350
7.10277777778	6.1479214880
7.10555555556	6.1486183527
7.10833333333	6.1493147296
7.11111111111	6.1500106194
7.11388888889	6.1507060226
7.11666666667	6.1514009398
7.11944444444	6.1520953718
7.12222222222	6.1527893190
7.125	6.1534827821
7.12777777778	6.1541757617
7.13055555556	6.1548682584
7.13333333333	6.1555602728
7.13611111111	6.1562518054
7.13888888889	6.1569428570
7.14166666667	6.1576334280
7.14444444444	6.1583235191
7.14722222222	6.1590131309
7.15	6.1597022640
7.15277777778	6.1603909189
7.15555555556	6.1610790963
7.15833333333	6.1617667968
7.16111111111	6.1624540208
7.16388888889	6.1631407691
7.16666666667	6.1638270423
7.16944444444	6.1645128408
7.17222222222	6.1651981653
7.175	6.1658830164
7.17777777778	6.1665673946
7.18055555556	6.1672513006
7.18333333333	6.1679347349
7.18611111111	6.1686176980
7.18888888889	6.1693001907
7.19166666667	6.1699822134
7.19444444444	6.1706637668
7.19722222222	6.1713448514
7.2	6.1720254677
7.20277777778	6.1727056164
7.20555555556	6.1733852981
7.20833333333	6.1740645132
7.21111111111	6.1747432624
7.21388888889	6.1754215463
7.21666666667	6.1760993654
7.21944444444	6.1767767202
7.22222222222	6.1774536114
7.225	6.1781300395
7.22777777778	6.1788060051
7.23055555556	6.1794815087
7.23333333333	6.1801565509
7.23611111111	6.1808311323
7.23888888889	6.1815052534
7.24166666667	6.1821789148
7.24444444444	6.1828521170
7.24722222222	6.1835248606
7.25	6.1841971462
7.25277777778	6.1848689743
7.25555555556	6.1855403455
7.25833333333	6.1862112602
7.26111111111	6.1868817192
7.26388888889	6.1875517228
7.26666666667	6.1882212718
7.26944444444	6.1888903665
7.27222222222	6.1895590076
7.275	6.1902271957
7.27777777778	6.1908949312
7.28055555556	6.1915622147
7.28333333333	6.1922290467
7.28611111111	6.1928954279
7.28888888889	6.1935613586
7.29166666667	6.1942268396
7.29444444444	6.1948918713
7.29722222222	6.1955564542
7.3	6.1962205890
7.30277777778	6.1968842760
7.30555555556	6.1975475160
7.30833333333	6.1982103093
7.31111111111	6.1988726566
7.31388888889	6.1995345584
7.31666666667	6.2001960151
7.31944444444	6.2008570274
7.32222222222	6.2015175958
7.325	6.2021777208
7.32777777778	6.2028374029
7.33055555556	6.2034966427
7.33333333333	6.2041554406
7.33611111111	6.2048137973
7.33888888889	6.2054717132
7.34166666667	6.2061291888
7.34444444444	6.2067862247
7.34722222222	6.2074428215
7.35	6.2080989795
7.35277777778	6.2087546994
7.35555555556	6.2094099817
7.35833333333	6.2100648269
7.36111111111	6.2107192354
7.36388888889	6.2113732079
7.36666666667	6.2120267448
7.36944444444	6.2126798467
7.37222222222	6.2133325140
7.375	6.2139847473
7.37777777778	6.2146365471
7.38055555556	6.2152879139
7.38333333333	6.2159388482
7.38611111111	6.2165893506
7.38888888889	6.2172394214
7.39166666667	6.2178890613
7.39444444444	6.2185382708
7.39722222222	6.2191870503
7.4	6.2198354003
7.40277777778	6.2204833214
7.40555555556	6.2211308141
7.40833333333	6.2217778788
7.41111111111	6.2224245161
7.41388888889	6.2230707265
7.41666666667	6.2237165104
7.41944444444	6.2243618684
7.42222222222	6.2250068010
7.425	6.2256513086
7.42777777778	6.2262953918
7.43055555556	6.2269390511
7.43333333333	6.2275822869
7.43611111111	6.2282250997
7.43888888889	6.2288674901
7.44166666667	6.2295094585
7.44444444444	6.2301510054
7.44722222222	6.2307921313
7.45	6.2314328367
7.45277777778	6.2320731221
7.45555555556	6.2327129880
7.45833333333	6.2333524348
7.46111111111	6.2339914631
7.46388888889	6.2346300733
7.46666666667	6.2352682659
7.46944444444	6.2359060415
7.47222222222	6.2365434004
7.475	6.2371803432
7.47777777778	6.2378168703
7.48055555556	6.2384529822
7.48333333333	6.2390886795
7.48611111111	6.2397239625
7.48888888889	6.2403588318
7.49166666667	6.2409932879
7.49444444444	6.2416273311
7.49722222222	6.2422609621
7.5	6.2428941812
7.50277777778	6.2435269889
7.50555555556	6.2441593858
7.50833333333	6.2447913722
7.51111111111	6.2454229487
7.51388888889	6.2460541157
7.51666666667	6.2466848737
7.51944444444	6.2473152232
7.52222222222	6.2479451646
7.525	6.2485746984
7.52777777778	6.2492038251
7.53055555556	6.2498325450
7.53333333333	6.2504608588
7.53611111111	6.2510887669
7.53888888889	6.2517162696
7.54166666667	6.2523433676
7.54444444444	6.2529700612
7.54722222222	6.2535963509
7.55	6.2542222372
7.55277777778	6.2548477205
7.55555555556	6.2554728012
7.55833333333	6.2560974800
7.56111111111	6.2567217571
7.56388888889	6.2573456331
7.56666666667	6.2579691084
7.56944444444	6.2585921834
7.57222222222	6.2592148587
7.575	6.2598371346
7.57777777778	6.2604590117
7.58055555556	6.2610804903
7.58333333333	6.2617015710
7.58611111111	6.2623222542
7.58888888889	6.2629425402
7.59166666667	6.2635624297
7.59444444444	6.2641819230
7.59722222222	6.2648010205
7.6	6.2654197227
7.60277777778	6.2660380302
7.60555555556	6.2666559432
7.60833333333	6.2672734623
7.61111111111	6.2678905878
7.61388888889	6.2685073203
7.61666666667	6.2691236602
7.61944444444	6.2697396079
7.62222222222	6.2703551639
7.625	6.2709703285
7.62777777778	6.2715851023
7.63055555556	6.2721994857
7.63333333333	6.2728134791
7.63611111111	6.2734270829
7.63888888889	6.2740402976
7.64166666667	6.2746531237
7.64444444444	6.2752655614
7.64722222222	6.2758776114
7.65	6.2764892740
7.65277777778	6.2771005497
7.65555555556	6.2777114388
7.65833333333	6.2783219419
7.66111111111	6.2789320593
7.66388888889	6.2795417915
7.66666666667	6.2801511389
7.66944444444	6.2807601019
7.67222222222	6.2813686809
7.675	6.2819768765
7.67777777778	6.2825846890
7.68055555556	6.2831921188
7.68333333333	6.2837991664
7.68611111111	6.2844058321
7.68888888889	6.2850121165
7.69166666667	6.2856180199
7.69444444444	6.2862235428
7.69722222222	6.2868286855
7.7	6.2874334485
7.70277777778	6.2880378322
7.70555555556	6.2886418371
7.70833333333	6.2892454635
7.71111111111	6.2898487119
7.71388888889	6.2904515827
7.71666666667	6.2910540763
7.71944444444	6.2916561931
7.72222222222	6.2922579335
7.725	6.2928592979
7.72777777778	6.2934602869
7.73055555556	6.2940609007
7.73333333333	6.2946611397
7.73611111111	6.2952610045
7.73888888889	6.2958604954
7.74166666667	6.2964596128
7.74444444444	6.2970583571
7.74722222222	6.2976567288
7.75	6.2982547282
7.75277777778	6.2988523557
7.75555555556	6.2994496118
7.75833333333	6.3000464969
7.76111111111	6.3006430113
7.76388888889	6.3012391555
7.76666666667	6.3018349299
7.76944444444	6.3024303349
7.77222222222	6.3030253708
7.775	6.3036200382
7.77777777778	6.3042143373
7.78055555556	6.3048082686
7.78333333333	6.3054018325
7.78611111111	6.3059950294
7.78888888889	6.3065878596
7.79166666667	6.3071803237
7.79444444444	6.3077724219
7.79722222222	6.3083641547
7.8	6.3089555225
7.80277777778	6.3095465256
7.80555555556	6.3101371646
7.80833333333	6.3107274396
7.81111111111	6.3113173513
7.81388888889	6.3119068998
7.81666666667	6.3124960858
7.81944444444	6.3130849094
7.82222222222	6.3136733712
7.825	6.3142614714
7.82777777778	6.3148492106
7.83055555556	6.3154365891
7.83333333333	6.3160236073
7.83611111111	6.3166102655
7.83888888889	6.3171965642
7.84166666667	6.3177825037
7.84444444444	6.3183680844
7.84722222222	6.3189533068
7.85	6.3195381712
7.85277777778	6.3201226779
7.85555555556	6.3207068275
7.85833333333	6.3212906201
7.86111111111	6.3218740563
7.86388888889	6.3224571364
7.86666666667	6.3230398609
7.86944444444	6.3236222300
7.87222222222	6.3242042441
7.875	6.3247859037
7.87777777778	6.3253672091
7.88055555556	6.3259481607
7.88333333333	6.3265287589
7.88611111111	6.3271090040
7.88888888889	6.3276888964
7.89166666667	6.3282684366
7.89444444444	6.3288476248
7.89722222222	6.3294264615
7.9	6.3300049470
7.90277777778	6.3305830817
7.90555555556	6.3311608660
7.90833333333	6.3317383002
7.91111111111	6.3323153847
7.91388888889	6.3328921199
7.91666666667	6.3334685062
7.91944444444	6.3340445439
7.92222222222	6.3346202334
7.925	6.3351955751
7.92777777778	6.3357705693
7.93055555556	6.3363452164
7.93333333333	6.3369195168
7.93611111111	6.3374934708
7.93888888889	6.3380670788
7.94166666667	6.3386403412
7.94444444444	6.3392132583
7.94722222222	6.3397858305
7.95	6.3403580582
7.95277777778	6.3409299417
7.95555555556	6.3415014813
7.95833333333	6.3420726776
7.96111111111	6.3426435307
7.96388888889	6.3432140411
7.96666666667	6.3437842091
7.96944444444	6.3443540351
7.97222222222	6.3449235195
7.975	6.3454926626
7.97777777778	6.3460614647
7.98055555556	6.3466299263
7.98333333333	6.3471980476
7.98611111111	6.3477658291
7.98888888889	6.3483332711
7.99166666667	6.3489003739
7.99444444444	6.3494671379
7.99722222222	6.3500335635
8.0	6.3505996510
8.00277777778	6.3511654007
8.00555555556	6.3517308131
8.00833333333	6.3522958884
8.01111111111	6.3528606270
8.01388888889	6.3534250294
8.01666666667	6.3539890957
8.01944444444	6.3545528264
8.02222222222	6.3551162218
8.025	6.3556792823
8.02777777778	6.3562420082
8.03055555556	6.3568043998
8.03333333333	6.3573664576
8.03611111111	6.3579281818
8.03888888889	6.3584895729
8.04166666667	6.3590506311
8.04444444444	6.3596113567
8.04722222222	6.3601717502
8.05	6.3607318119
8.05277777778	6.3612915421
8.05555555556	6.3618509412
8.05833333333	6.3624100095
8.06111111111	6.3629687473
8.06388888889	6.3635271551
8.06666666667	6.3640852330
8.06944444444	6.3646429815
8.07222222222	6.3652004010
8.075	6.3657574917
8.07777777778	6.3663142540
8.08055555556	6.3668706882
8.08333333333	6.3674267947
8.08611111111	6.3679825738
8.08888888889	6.3685380258
8.09166666667	6.3690931511
8.09444444444	6.3696479500
8.09722222222	6.3702024229
8.1	6.3707565700
8.10277777778	6.3713103918
8.10555555556	6.3718638885
8.10833333333	6.3724170605
8.11111111111	6.3729699081
8.11388888889	6.3735224316
8.11666666667	6.3740746315
8.11944444444	6.3746265079
8.12222222222	6.3751780613
8.125	6.3757292919
8.12777777778	6.3762802001
8.13055555556	6.3768307863
8.13333333333	6.3773810507
8.13611111111	6.3779309937
8.13888888889	6.3784806157
8.14166666667	6.3790299168
8.14444444444	6.3795788975
8.14722222222	6.3801275581
8.15	6.3806758990
8.15277777778	6.3812239203
8.15555555556	6.3817716226
8.15833333333	6.3823190060
8.16111111111	6.3828660709
8.16388888889	6.3834128177
8.16666666667	6.3839592467
8.16944444444	6.3845053581
8.17222222222	6.3850511523
8.175	6.3855966296
8.17777777778	6.3861417904
8.18055555556	6.3866866350
8.18333333333	6.3872311636
8.18611111111	6.3877753766
8.18888888889	6.3883192744
8.19166666667	6.3888628572
8.19444444444	6.3894061254
8.19722222222	6.3899490792
8.2	6.3904917190
8.20277777778	6.3910340452
8.20555555556	6.3915760579
8.20833333333	6.3921177576
8.21111111111	6.3926591446
8.21388888889	6.3932002191
8.21666666667	6.3937409815
8.21944444444	6.3942814321
8.22222222222	6.3948215713
8.225	6.3953613992
8.22777777778	6.3959009163
8.23055555556	6.3964401228
8.23333333333	6.3969790191
8.23611111111	6.3975176054
8.23888888889	6.3980558822
8.24166666667	6.3985938496
8.24444444444	6.3991315080
8.24722222222	6.3996688577
8.25	6.4002058990
8.25277777778	6.4007426323
8.25555555556	6.4012790578
8.25833333333	6.4018151758
8.26111111111	6.4023509867
8.26388888889	6.4028864907
8.26666666667	6.4034216882
8.26944444444	6.4039565794
8.27222222222	6.4044911647
8.275	6.4050254444
8.27777777778	6.4055594188
8.28055555556	6.4060930881
8.28333333333	6.4066264527
8.28611111111	6.4071595129
8.28888888889	6.4076922690
8.29166666667	6.4082247213
8.29444444444	6.4087568700
8.29722222222	6.4092887156
8.3	6.4098202582
8.30277777778	6.4103514982
8.30555555556	6.4108824360
8.30833333333	6.4114130717
8.31111111111	6.4119434057
8.31388888889	6.4124734382
8.31666666667	6.4130031697
8.31944444444	6.4135326003
8.32222222222	6.4140617305
8.325	6.4145905604
8.32777777778	6.4151190903
8.33055555556	6.4156473206
8.33333333333	6.4161752516
8.33611111111	6.4167028836
8.33888888889	6.4172302168
8.34166666667	6.4177572515
8.34444444444	6.4182839881
8.34722222222	6.4188104268
8.35	6.4193365679
8.35277777778	6.4198624117
8.35555555556	6.4203879586
8.35833333333	6.4209132087
8.36111111111	6.4214381625
8.36388888889	6.4219628201
8.36666666667	6.4224871818
8.36944444444	6.4230112481
8.37222222222	6.4235350191
8.375	6.4240584951
8.37777777778	6.4245816764
8.38055555556	6.4251045634
8.38333333333	6.4256271562
8.38611111111	6.4261494553
8.38888888889	6.4266714608
8.39166666667	6.4271931731
8.39444444444	6.4277145924
8.39722222222	6.4282357190
8.4	6.4287565533
8.40277777778	6.4292770955
8.40555555556	6.4297973458
8.40833333333	6.4303173046
8.41111111111	6.4308369722
8.41388888889	6.4313563488
8.41666666667	6.4318754347
8.41944444444	6.4323942303
8.42222222222	6.4329127357
8.425	6.4334309513
8.42777777778	6.4339488773
8.43055555556	6.4344665140
8.43333333333	6.4349838618
8.43611111111	6.4355009208
8.43888888889	6.4360176914
8.44166666667	6.4365341738
8.44444444444	6.4370503684
8.44722222222	6.4375662753
8.45	6.4380818950
8.45277777778	6.4385972276
8.45555555556	6.4391122734
8.45833333333	6.4396270327
8.46111111111	6.4401415058
8.46388888889	6.4406556930
8.46666666667	6.4411695945
8.46944444444	6.4416832106
8.47222222222	6.4421965416
8.475	6.4427095878
8.47777777778	6.4432223494
8.48055555556	6.4437348267
8.48333333333	6.4442470200
8.48611111111	6.4447589295
8.48888888889	6.4452705556
8.49166666667	6.4457818984
8.49444444444	6.4462929584
8.49722222222	6.4468037356
8.5	6.4473142305
8.50277777778	6.4478244432
8.50555555556	6.4483343741
8.50833333333	6.4488440235
8.51111111111	6.4493533915
8.51388888889	6.4498624784
8.51666666667	6.4503712846
8.51944444444	6.4508798103
8.52222222222	6.4513880558
8.525	6.4518960213
8.52777777778	6.4524037070
8.53055555556	6.4529111134
8.53333333333	6.4534182405
8.53611111111	6.4539250888
8.53888888889	6.4544316584
8.54166666667	6.4549379497
8.54444444444	6.4554439628
8.54722222222	6.4559496981
8.55	6.4564551558
8.55277777778	6.4569603362
8.55555555556	6.4574652395
8.55833333333	6.4579698661
8.56111111111	6.4584742161
8.56388888889	6.4589782898
8.56666666667	6.4594820876
8.56944444444	6.4599856096
8.57222222222	6.4604888561
8.575	6.4609918274
8.57777777778	6.4614945237
8.58055555556	6.4619969453
8.58333333333	6.4624990925
8.58611111111	6.4630009655
8.58888888889	6.4635025645
8.59166666667	6.4640038899
8.59444444444	6.4645049419
8.59722222222	6.4650057208
8.6	6.4655062267
8.60277777778	6.4660064600
8.60555555556	6.4665064209
8.60833333333	6.4670061097
8.61111111111	6.4675055267
8.61388888889	6.4680046720
8.61666666667	6.4685035460
8.61944444444	6.4690021488
8.62222222222	6.4695004808
8.625	6.4699985423
8.62777777778	6.4704963334
8.63055555556	6.4709938544
8.63333333333	6.4714911055
8.63611111111	6.4719880871
8.63888888889	6.4724847994
8.64166666667	6.4729812425
8.64444444444	6.4734774169
8.64722222222	6.4739733227
8.65	6.4744689601
8.65277777778	6.4749643295
8.65555555556	6.4754594311
8.65833333333	6.4759542651
8.66111111111	6.4764488318
8.66388888889	6.4769431314
8.66666666667	6.4774371642
8.66944444444	6.4779309304
8.67222222222	6.4784244302
8.675	6.4789176641
8.67777777778	6.4794106320
8.68055555556	6.4799033344
8.68333333333	6.4803957715
8.68611111111	6.4808879434
8.68888888889	6.4813798506
8.69166666667	6.4818714931
8.69444444444	6.4823628712
8.69722222222	6.4828539853
8.7	6.4833448355
8.70277777778	6.4838354221
8.70555555556	6.4843257453
8.70833333333	6.4848158054
8.71111111111	6.4853056026
8.71388888889	6.4857951371
8.71666666667	6.4862844093
8.71944444444	6.4867734193
8.72222222222	6.4872621674
8.725	6.4877506538
8.72777777778	6.4882388788
8.73055555556	6.4887268426
8.73333333333	6.4892145454
8.73611111111	6.4897019875
8.73888888889	6.4901891692
8.74166666667	6.4906760906
8.74444444444	6.4911627521
8.74722222222	6.4916491538
8.75	6.4921352959
8.75277777778	6.4926211789
8.75555555556	6.4931068027
8.75833333333	6.4935921678
8.76111111111	6.4940772743
8.76388888889	6.4945621225
8.76666666667	6.4950467127
8.76944444444	6.4955310449
8.77222222222	6.4960151196
8.775	6.4964989369
8.77777777778	6.4969824970
8.78055555556	6.4974658003
8.78333333333	6.4979488469
8.78611111111	6.4984316370
8.78888888889	6.4989141710
8.79166666667	6.4993964489
8.79444444444	6.4998784712
8.79722222222	6.5003602379
8.8	6.5008417494
8.80277777778	6.5013230059
8.80555555556	6.5018040075
8.80833333333	6.5022847546
8.81111111111	6.5027652474
8.81388888889	6.5032454860
8.81666666667	6.5037254708
8.81944444444	6.5042052019
8.82222222222	6.5046846797
8.825	6.5051639042
8.82777777778	6.5056428758
8.83055555556	6.5061215947
8.83333333333	6.5066000611
8.83611111111	6.5070782752
8.83888888889	6.5075562373
8.84166666667	6.5080339476
8.84444444444	6.5085114063
8.84722222222	6.5089886137
8.85	6.5094655699
8.85277777778	6.5099422753
8.85555555556	6.5104187299
8.85833333333	6.5108949342
8.86111111111	6.5113708882
8.86388888889	6.5118465923
8.86666666667	6.5123220466
8.86944444444	6.5127972513
8.87222222222	6.5132722068
8.875	6.5137469131
8.87777777778	6.5142213706
8.88055555556	6.5146955795
8.88333333333	6.5151695400
8.88611111111	6.5156432522
8.88888888889	6.5161167165
8.89166666667	6.5165899331
8.89444444444	6.5170629021
8.89722222222	6.5175356239
8.9	6.5180080985
8.90277777778	6.5184803263
8.90555555556	6.5189523075
8.90833333333	6.5194240423
8.91111111111	6.5198955309
8.91388888889	6.5203667735
8.91666666667	6.5208377704
8.91944444444	6.5213085217
8.92222222222	6.5217790278
8.925	6.5222492887
8.92777777778	6.5227193048
8.93055555556	6.5231890763
8.93333333333	6.5236586033
8.93611111111	6.5241278861
8.93888888889	6.5245969249
8.94166666667	6.5250657199
8.94444444444	6.5255342714
8.94722222222	6.5260025795
8.95	6.5264706445
8.95277777778	6.5269384666
8.95555555556	6.5274060460
8.95833333333	6.5278733830
8.96111111111	6.5283404777
8.96388888889	6.5288073303
8.96666666667	6.5292739411
8.96944444444	6.5297403103
8.97222222222	6.5302064381
8.975	6.5306723247
8.97777777778	6.5311379704
8.98055555556	6.5316033753
8.98333333333	6.5320685396
8.98611111111	6.5325334636
8.98888888889	6.5329981476
8.99166666667	6.5334625916
8.99444444444	6.5339267959
8.99722222222	6.5343907607
9.0	6.5348544863
9.00277777778	6.5353179728
9.00555555556	6.5357812205
9.00833333333	6.5362442296
9.01111111111	6.5367070002
9.01388888889	6.5371695326
9.01666666667	6.5376318270
9.01944444444	6.5380938837
9.02222222222	6.5385557027
9.025	6.5390172844
9.02777777778	6.5394786289
9.03055555556	6.5399397365
9.03333333333	6.5404006074
9.03611111111	6.5408612416
9.03888888889	6.5413216396
9.04166666667	6.5417818015
9.04444444444	6.5422417274
9.04722222222	6.5427014177
9.05	6.5431608724
9.05277777778	6.5436200919
9.05555555556	6.5440790762
9.05833333333	6.5445378257
9.06111111111	6.5449963405
9.06388888889	6.5454546209
9.06666666667	6.5459126670
9.06944444444	6.5463704790
9.07222222222	6.5468280572
9.075	6.5472854018
9.07777777778	6.5477425129
9.08055555556	6.5481993908
9.08333333333	6.5486560356
9.08611111111	6.5491124476
9.08888888889	6.5495686270
9.09166666667	6.5500245740
9.09444444444	6.5504802887
9.09722222222	6.5509357715
9.1	6.5513910224
9.10277777778	6.5518460417
9.10555555556	6.5523008296
9.10833333333	6.5527553863
9.11111111111	6.5532097120
9.11388888889	6.5536638068
9.11666666667	6.5541176711
9.11944444444	6.5545713050
9.12222222222	6.5550247086
9.125	6.5554778823
9.12777777778	6.5559308261
9.13055555556	6.5563835404
9.13333333333	6.5568360252
9.13611111111	6.5572882808
9.13888888889	6.5577403074
9.14166666667	6.5581921052
9.14444444444	6.5586436744
9.14722222222	6.5590950152
9.15	6.5595461278
9.15277777778	6.5599970123
9.15555555556	6.5604476691
9.15833333333	6.5608980982
9.16111111111	6.5613482998
9.16388888889	6.5617982743
9.16666666667	6.5622480217
9.16944444444	6.5626975423
9.17222222222	6.5631468362
9.175	6.5635959037
9.17777777778	6.5640447449
9.18055555556	6.5644933601
9.18333333333	6.5649417494
9.18611111111	6.5653899130
9.18888888889	6.5658378512
9.19166666667	6.5662855640
9.19444444444	6.5667330518
9.19722222222	6.5671803147
9.2	6.5676273529
9.20277777778	6.5680741666
9.20555555556	6.5685207560
9.20833333333	6.5689671213
9.21111111111	6.5694132626
9.21388888889	6.5698591802
9.21666666667	6.5703048742
9.21944444444	6.5707503449
9.22222222222	6.5711955924
9.225	6.5716406170
9.22777777778	6.5720854188
9.23055555556	6.5725299980
9.23333333333	6.5729743548
9.23611111111	6.5734184893
9.23888888889	6.5738624019
9.24166666667	6.5743060926
9.24444444444	6.5747495617
9.24722222222	6.5751928094
9.25	6.5756358357
9.25277777778	6.5760786410
9.25555555556	6.5765212255
9.25833333333	6.5769635892
9.26111111111	6.5774057324
9.26388888889	6.5778476553
9.26666666667	6.5782893580
9.26944444444	6.5787308408
9.27222222222	6.5791721039
9.275	6.5796131474
9.27777777778	6.5800539714
9.28055555556	6.5804945763
9.28333333333	6.5809349622
9.28611111111	6.5813751293
9.28888888889	6.5818150777
9.29166666667	6.5822548076
9.29444444444	6.5826943193
9.29722222222	6.5831336129
9.3	6.5835726886
9.30277777778	6.5840115465
9.30555555556	6.5844501870
9.30833333333	6.5848886101
9.31111111111	6.5853268160
9.31388888889	6.5857648049
9.31666666667	6.5862025771
9.31944444444	6.5866401326
9.32222222222	6.5870774717
9.325	6.5875145946
9.32777777778	6.5879515013
9.33055555556	6.5883881922
9.33333333333	6.5888246674
9.33611111111	6.5892609271
9.33888888889	6.5896969714
9.34166666667	6.5901328006
9.34444444444	6.5905684148
9.34722222222	6.5910038142
9.35	6.5914389990
9.35277777778	6.5918739693
9.35555555556	6.5923087254
9.35833333333	6.5927432674
9.36111111111	6.5931775956
9.36388888889	6.5936117100
9.36666666667	6.5940456108
9.36944444444	6.5944792984
9.37222222222	6.5949127727
9.375	6.5953460340
9.37777777778	6.5957790825
9.38055555556	6.5962119184
9.38333333333	6.5966445418
9.38611111111	6.5970769529
9.38888888889	6.5975091519
9.39166666667	6.5979411390
9.39444444444	6.5983729143
9.39722222222	6.5988044781
9.4	6.5992358304
9.40277777778	6.5996669715
9.40555555556	6.6000979016
9.40833333333	6.6005286208
9.41111111111	6.6009591293
9.41388888889	6.6013894272
9.41666666667	6.6018195149
9.41944444444	6.6022493923
9.42222222222	6.6026790598
9.425	6.6031085174
9.42777777778	6.6035377654
9.43055555556	6.6039668039
9.43333333333	6.6043956332
9.43611111111	6.6048242533
9.43888888889	6.6052526644
9.44166666667	6.6056808668
9.44444444444	6.6061088605
9.44722222222	6.6065366459
9.45	6.6069642229
9.45277777778	6.6073915919
9.45555555556	6.6078187530
9.45833333333	6.6082457063
9.46111111111	6.6086724521
9.46388888889	6.6090989905
9.46666666667	6.6095253216
9.46944444444	6.6099514457
9.47222222222	6.6103773629
9.475	6.6108030734
9.47777777778	6.6112285774
9.48055555556	6.6116538750
9.48333333333	6.6120789663
9.48611111111	6.6125038517
9.48888888889	6.6129285312
9.49166666667	6.6133530050
9.49444444444	6.6137772733
9.49722222222	6.6142013362
9.5	6.6146251940
9.50277777778	6.6150488467
9.50555555556	6.6154722946
9.50833333333	6.6158955378
9.51111111111	6.6163185765
9.51388888889	6.6167414109
9.51666666667	6.6171640411
9.51944444444	6.6175864672
9.52222222222	6.6180086896
9.525	6.6184307083
9.52777777778	6.6188525235
9.53055555556	6.6192741353
9.53333333333	6.6196955440
9.53611111111	6.6201167497
9.53888888889	6.6205377525
9.54166666667	6.6209585527
9.54444444444	6.6213791503
9.54722222222	6.6217995456
9.55	6.6222197388
9.55277777778	6.6226397299
9.55555555556	6.6230595192
9.55833333333	6.6234791069
9.56111111111	6.6238984930
9.56388888889	6.6243176777
9.56666666667	6.6247366613
9.56944444444	6.6251554439
9.57222222222	6.6255740256
9.575	6.6259924066
9.57777777778	6.6264105871
9.58055555556	6.6268285672
9.58333333333	6.6272463471
9.58611111111	6.6276639270
9.58888888889	6.6280813070
9.59166666667	6.6284984872
9.59444444444	6.6289154680
9.59722222222	6.6293322493
9.6	6.6297488314
9.60277777778	6.6301652145
9.60555555556	6.6305813986
9.60833333333	6.6309973840
9.61111111111	6.6314131708
9.61388888889	6.6318287592
9.61666666667	6.6322441493
9.61944444444	6.6326593414
9.62222222222	6.6330743355
9.625	6.6334891318
9.62777777778	6.6339037305
9.63055555556	6.6343181317
9.63333333333	6.6347323357
9.63611111111	6.6351463425
9.63888888889	6.6355601523
9.64166666667	6.6359737653
9.64444444444	6.6363871816
9.64722222222	6.6368004015
9.65	6.6372134249
9.65277777778	6.6376262522
9.65555555556	6.6380388835
9.65833333333	6.6384513189
9.66111111111	6.6388635586
9.66388888889	6.6392756027
9.66666666667	6.6396874515
9.66944444444	6.6400991050
9.67222222222	6.6405105634
9.675	6.6409218269
9.67777777778	6.6413328956
9.68055555556	6.6417437697
9.68333333333	6.6421544493
9.68611111111	6.6425649347
9.68888888889	6.6429752259
9.69166666667	6.6433853231
9.69444444444	6.6437952265
9.69722222222	6.6442049361
9.7	6.6446144523
9.70277777778	6.6450237751
9.70555555556	6.6454329047
9.70833333333	6.6458418413
9.71111111111	6.6462505849
9.71388888889	6.6466591358
9.71666666667	6.6470674941
9.71944444444	6.6474756599
9.72222222222	6.6478836334
9.725	6.6482914149
9.72777777778	6.6486990043
9.73055555556	6.6491064019
9.73333333333	6.6495136079
9.73611111111	6.6499206223
9.73888888889	6.6503274453
9.74166666667	6.6507340772
9.74444444444	6.6511405179
9.74722222222	6.6515467678
9.75	6.6519528269
9.75277777778	6.6523586954
9.75555555556	6.6527643734
9.75833333333	6.6531698611
9.76111111111	6.6535751587
9.76388888889	6.6539802662
9.76666666667	6.6543851840
9.76944444444	6.6547899120
9.77222222222	6.6551944504
9.775	6.6555987995
9.77777777778	6.6560029593
9.78055555556	6.6564069300
9.78333333333	6.6568107118
9.78611111111	6.6572143048
9.78888888889	6.6576177091
9.79166666667	6.6580209249
9.79444444444	6.6584239523
9.79722222222	6.6588267916
9.8	6.6592294428
9.80277777778	6.6596319061
9.80555555556	6.6600341816
9.80833333333	6.6604362696
9.81111111111	6.6608381700
9.81388888889	6.6612398832
9.81666666667	6.6616414092
9.81944444444	6.6620427481
9.82222222222	6.6624439002
9.825	6.6628448656
9.82777777778	6.6632456444
9.83055555556	6.6636462368
9.83333333333	6.6640466429
9.83611111111	6.6644468629
9.83888888889	6.6648468968
9.84166666667	6.6652467450
9.84444444444	6.6656464074
9.84722222222	6.6660458843
9.85	6.6664451758
9.85277777778	6.6668442820
9.85555555556	6.6672432031
9.85833333333	6.6676419392
9.86111111111	6.6680404905
9.86388888889	6.6684388572
9.86666666667	6.6688370393
9.86944444444	6.6692350370
9.87222222222	6.6696328504
9.875	6.6700304798
9.87777777778	6.6704279252
9.88055555556	6.6708251868
9.88333333333	6.6712222648
9.88611111111	6.6716191592
9.88888888889	6.6720158702
9.89166666667	6.6724123980
9.89444444444	6.6728087427
9.89722222222	6.6732049044
9.9	6.6736008834
9.90277777778	6.6739966796
9.90555555556	6.6743922934
9.90833333333	6.6747877247
9.91111111111	6.6751829739
9.91388888889	6.6755780409
9.91666666667	6.6759729259
9.91944444444	6.6763676292
9.92222222222	6.6767621508
9.925	6.6771564908
9.92777777778	6.6775506495
9.93055555556	6.6779446269
9.93333333333	6.6783384232
9.93611111111	6.6787320386
9.93888888889	6.6791254731
9.94166666667	6.6795187269
9.94444444444	6.6799118002
9.94722222222	6.6803046930
9.95	6.6806974057
9.95277777778	6.6810899381
9.95555555556	6.6814822906
9.95833333333	6.6818744633
9.96111111111	6.6822664562
9.96388888889	6.6826582696
9.96666666667	6.6830499035
9.96944444444	6.6834413582
9.97222222222	6.6838326337
9.975	6.6842237301
9.97777777778	6.6846146477
9.98055555556	6.6850053866
9.98333333333	6.6853959469
9.98611111111	6.6857863287
9.98888888889	6.6861765322
9.99166666667	6.6865665575
9.99444444444	6.6869564047
9.99722222222	6.6873460740
10.0	6.6877355656
