0.0	2.9091196405
0.004	2.9099652188
0.008	2.9108466010
0.012	2.9117020247
0.016	2.9125825717
0.02	2.9134431858
0.024	2.9143240905
0.028	2.9151888380
0.032	2.9160706606
0.036	2.9169390433
0.04	2.9178221164
0.044	2.9186938361
0.048	2.9195783811
0.052	2.9204532371
0.056	2.9213394116
0.06	2.9222172585
0.064	2.9231051797
0.068	2.9239859069
0.072	2.9248756646
0.076	2.9257591850
0.08	2.9266508493
0.084	2.9275370923
0.088	2.9284307189
0.092	2.9293196262
0.096	2.9302152598
0.1	2.9311067824
0.104	2.9320044590
0.108	2.9328985548
0.112	2.9337983038
0.116	2.9346949364
0.12	2.9355967815
0.124	2.9364959191
0.128	2.9373998797
0.132	2.9383014938
0.136	2.9392075855
0.14	2.9401116508
0.144	2.9410198862
0.148	2.9419263799
0.152	2.9428367688
0.156	2.9437456701
0.16	2.9446582204
0.164	2.9455695100
0.168	2.9464842276
0.172	2.9473978879
0.176	2.9483147770
0.18	2.9492307916
0.184	2.9501498552
0.188	2.9510682086
0.192	2.9519894484
0.196	2.9529101261
0.2	2.9538335428
0.204	2.9547565312
0.208	2.9556821245
0.212	2.9566074104
0.216	2.9575351793
0.22	2.9584627503
0.224	2.9593926932
0.228	2.9603225373
0.232	2.9612546517
0.236	2.9621867575
0.24	2.9631210406
0.244	2.9640553968
0.248	2.9649918453
0.252	2.9659284412
0.256	2.9668670512
0.26	2.9678058763
0.264	2.9687466437
0.268	2.9696876878
0.272	2.9706306081
0.276	2.9715738612
0.28	2.9725189295
0.284	2.9734643819
0.288	2.9744115932
0.292	2.9753592353
0.296	2.9763085842
0.3	2.9772584065
0.304	2.9782098875
0.308	2.9791618809
0.312	2.9801154882
0.316	2.9810696435
0.32	2.9820253712
0.324	2.9829816794
0.328	2.9839395215
0.332	2.9848979736
0.336	2.9858579238
0.34	2.9868185111
0.344	2.9877805631
0.348	2.9887432770
0.352	2.9897074242
0.356	2.9906722559
0.36	2.9916384919
0.364	2.9926054330
0.368	2.9935737510
0.372	2.9945427930
0.376	2.9955131863
0.38	2.9964843207
0.384	2.9974567825
0.388	2.9984300010
0.392	2.9994045244
0.396	3.0003798187
0.4	3.0013563967
0.404	3.0023337586
0.408	3.0033123842
0.412	3.0042918054
0.416	3.0052724715
0.42	3.0062539440
0.424	3.0072366435
0.428	3.0082201591
0.432	3.0092048849
0.436	3.0101904355
0.44	3.0111771804
0.444	3.0121647580
0.448	3.0131535148
0.452	3.0141431113
0.456	3.0151338727
0.46	3.0161254802
0.464	3.0171182391
0.468	3.0181118496
0.472	3.0191065986
0.476	3.0201022043
0.48	3.0210989360
0.484	3.0220965290
0.488	3.0230952362
0.492	3.0240948086
0.496	3.0250954840
0.5	3.0260970279
0.504	3.0270996641
0.508	3.0281031718
0.512	3.0291077615
0.516	3.0301132252
0.52	3.0311197610
0.524	3.0321271730
0.528	3.0331356475
0.532	3.0341450001
0.536	3.0351554060
0.54	3.0361666913
0.544	3.0371790213
0.548	3.0381922318
0.552	3.0392064785
0.556	3.0402216065
0.56	3.0412377625
0.564	3.0422548003
0.568	3.0432728583
0.572	3.0442917984
0.576	3.0453117510
0.58	3.0463325857
0.584	3.0473544256
0.588	3.0483771475
0.592	3.0494008673
0.596	3.0504254687
0.6	3.0514510612
0.604	3.0524775346
0.608	3.0535049924
0.612	3.0545333304
0.616	3.0555626462
0.62	3.0565928412
0.624	3.0576240077
0.628	3.0586560523
0.632	3.0596890622
0.636	3.0607229490
0.64	3.0617577950
0.644	3.0627935165
0.648	3.0638301914
0.652	3.0648677403
0.656	3.0659062369
0.66	3.0669456058
0.664	3.0679859167
0.668	3.0690270983
0.672	3.0700692163
0.676	3.0711122033
0.68	3.0721561213
0.684	3.0732009063
0.688	3.0742466170
0.692	3.0752931928
0.696	3.0763406891
0.7	3.0773890484
0.704	3.0784383232
0.708	3.0794884587
0.712	3.0805395048
0.716	3.0815914093
0.72	3.0826442196
0.724	3.0836978860
0.728	3.0847524533
0.732	3.0858078744
0.736	3.0868641917
0.74	3.0879213604
0.744	3.0889794206
0.748	3.0900383297
0.752	3.0910981258
0.756	3.0921587682
0.76	3.0932202931
0.764	3.0942826618
0.768	3.0953459085
0.772	3.0964099964
0.776	3.0974749579
0.78	3.0985407580
0.784	3.0996074274
0.788	3.1006749326
0.792	3.1017433029
0.796	3.1028125063
0.8	3.1038825705
0.804	3.1049534652
0.808	3.1060252165
0.812	3.1070977955
0.816	3.1081712269
0.82	3.1092454833
0.824	3.1103205880
0.828	3.1113965149
0.832	3.1124732860
0.836	3.1135508765
0.84	3.1146293073
0.844	3.1157085546
0.848	3.1167886383
0.852	3.1178695355
0.856	3.1189512652
0.86	3.1200338056
0.864	3.1211171746
0.868	3.1222013514
0.872	3.1232863529
0.876	3.1243721594
0.88	3.1254587868
0.884	3.1265462162
0.888	3.1276344628
0.892	3.1287235084
0.896	3.1298133675
0.9	3.1309040226
0.904	3.1319954876
0.908	3.1330877457
0.912	3.1341808099
0.916	3.1352746642
0.92	3.1363693211
0.924	3.1374647651
0.928	3.1385610081
0.932	3.1396580352
0.936	3.1407558577
0.94	3.1418544614
0.944	3.1429538569
0.948	3.1440540307
0.952	3.1451549927
0.956	3.1462567300
0.96	3.1473592521
0.964	3.1484625464
0.968	3.1495666221
0.972	3.1506714671
0.976	3.1517770899
0.98	3.1528834791
0.984	3.1539906426
0.988	3.1550985696
0.992	3.1562072676
0.996	3.1573167260
1.0	3.1584269520
1.004	3.1595379354
1.008	3.1606496832
1.012	3.1617621854
1.016	3.1628754485
1.02	3.1639894632
1.024	3.1651042355
1.028	3.1662197563
1.032	3.1673360315
1.036	3.1684530523
1.04	3.1695708241
1.044	3.1706893386
1.048	3.1718086009
1.052	3.1729286029
1.056	3.1740493495
1.06	3.1751708328
1.064	3.1762930576
1.068	3.1774160161
1.072	3.1785397129
1.076	3.1796641405
1.08	3.1807893032
1.084	3.1819151938
1.088	3.1830418163
1.092	3.1841691639
1.096	3.1852972402
1.1	3.1864260387
1.104	3.1875555628
1.108	3.1886858062
1.112	3.1898167721
1.116	3.1909484544
1.12	3.1920808560
1.124	3.1932139713
1.128	3.1943478028
1.132	3.1954823450
1.136	3.1966176005
1.14	3.1977535639
1.144	3.1988902374
1.148	3.2000276160
1.152	3.2011657017
1.156	3.2023044896
1.16	3.2034439818
1.164	3.2045841732
1.168	3.2057250659
1.172	3.2068666550
1.176	3.2080089425
1.18	3.2091519236
1.184	3.2102956001
1.188	3.2114399674
1.192	3.2125850271
1.196	3.2137307749
1.2	3.2148772122
1.204	3.2160243348
1.208	3.2171721440
1.212	3.2183206357
1.216	3.2194698112
1.22	3.2206196663
1.224	3.2217702024
1.228	3.2229214154
1.232	3.2240733064
1.236	3.2252258717
1.24	3.2263791122
1.244	3.2275330242
1.248	3.2286876086
1.252	3.2298428618
1.256	3.2309987845
1.26	3.2321553734
1.264	3.2333126290
1.268	3.2344705480
1.272	3.2356291310
1.276	3.2367883748
1.28	3.2379482798
1.284	3.2391088428
1.288	3.2402700643
1.292	3.2414319413
1.296	3.2425944740
1.3	3.2437576594
1.304	3.2449214980
1.308	3.2460859866
1.312	3.2472511256
1.316	3.2484169121
1.32	3.2495833463
1.324	3.2507504253
1.328	3.2519181494
1.332	3.2530865157
1.336	3.2542555244
1.34	3.2554251728
1.344	3.2565954609
1.348	3.2577663862
1.352	3.2589379485
1.356	3.2601101454
1.36	3.2612829768
1.364	3.2624564402
1.368	3.2636305355
1.372	3.2648052603
1.376	3.2659806144
1.38	3.2671565954
1.384	3.2683332032
1.388	3.2695104354
1.392	3.2706882918
1.396	3.2718667702
1.4	3.2730458702
1.404	3.2742255897
1.408	3.2754059283
1.412	3.2765868839
1.416	3.2777684561
1.42	3.2789506429
1.424	3.2801334438
1.428	3.2813168567
1.432	3.2825008814
1.436	3.2836855156
1.44	3.2848707591
1.444	3.2860566098
1.448	3.2872430672
1.452	3.2884301295
1.456	3.2896177960
1.46	3.2908060650
1.464	3.2919949359
1.468	3.2931844067
1.472	3.2943744771
1.476	3.2955651451
1.48	3.2967564103
1.484	3.2979482707
1.488	3.2991407259
1.492	3.3003337739
1.496	3.3015274144
1.5	3.3027216455
1.504	3.3039164666
1.508	3.3051118760
1.512	3.3063078731
1.516	3.3075044561
1.52	3.3087016245
1.524	3.3098993767
1.528	3.3110977118
1.532	3.3122966284
1.536	3.3134961258
1.54	3.3146962023
1.544	3.3158968573
1.548	3.3170980892
1.552	3.3182998974
1.556	3.3195022801
1.56	3.3207052369
1.564	3.3219087661
1.568	3.3231128671
1.572	3.3243175382
1.576	3.3255227789
1.58	3.3267285876
1.584	3.3279349637
1.588	3.3291419056
1.592	3.3303494126
1.596	3.3315574832
1.6	3.3327661168
1.604	3.3339753119
1.608	3.3351850678
1.612	3.3363953831
1.616	3.3376062570
1.62	3.3388176881
1.624	3.3400296757
1.628	3.3412422184
1.632	3.3424553155
1.636	3.3436689656
1.64	3.3448831680
1.644	3.3460979213
1.648	3.3473132247
1.652	3.3485290770
1.656	3.3497454774
1.66	3.3509624246
1.664	3.3521799178
1.668	3.3533979557
1.672	3.3546165376
1.676	3.3558356622
1.68	3.3570553288
1.684	3.3582755360
1.688	3.3594962831
1.692	3.3607175688
1.696	3.3619393925
1.7	3.3631617529
1.704	3.3643846491
1.708	3.3656080800
1.712	3.3668320449
1.716	3.3680565425
1.72	3.3692815720
1.724	3.3705071323
1.728	3.3717332226
1.732	3.3729598418
1.736	3.3741869890
1.74	3.3754146631
1.744	3.3766428633
1.748	3.3778715885
1.752	3.3791008380
1.756	3.3803306105
1.76	3.3815609054
1.764	3.3827917215
1.768	3.3840230580
1.772	3.3852549139
1.776	3.3864872883
1.78	3.3877201803
1.784	3.3889535889
1.788	3.3901875132
1.792	3.3914219524
1.796	3.3926569054
1.8	3.3938923714
1.804	3.3951283494
1.808	3.3963648387
1.812	3.3976018382
1.816	3.3988393471
1.82	3.4000773645
1.824	3.4013158894
1.828	3.4025549211
1.832	3.4037944586
1.836	3.4050345010
1.84	3.4062750475
1.844	3.4075160972
1.848	3.4087576492
1.852	3.4099997027
1.856	3.4112422568
1.86	3.4124853106
1.864	3.4137288634
1.868	3.4149729142
1.872	3.4162174622
1.876	3.4174625065
1.88	3.4187080464
1.884	3.4199540808
1.888	3.4212006092
1.892	3.4224476306
1.896	3.4236951442
1.9	3.4249431491
1.904	3.4261916446
1.908	3.4274406298
1.912	3.4286901040
1.916	3.4299400663
1.92	3.4311905159
1.924	3.4324414519
1.928	3.4336928738
1.932	3.4349447805
1.936	3.4361971714
1.94	3.4374500455
1.944	3.4387034023
1.948	3.4399572409
1.952	3.4412115604
1.956	3.4424663602
1.96	3.4437216395
1.964	3.4449773975
1.968	3.4462336334
1.972	3.4474903465
1.976	3.4487475360
1.98	3.4500052012
1.984	3.4512633414
1.988	3.4525219557
1.992	3.4537810436
1.996	3.4550406041
2.0	3.4563006366
2.004	3.4575611403
2.008	3.4588221146
2.012	3.4600835587
2.016	3.4613454719
2.02	3.4626078535
2.024	3.4638707027
2.028	3.4651340189
2.032	3.4663978014
2.036	3.4676620494
2.04	3.4689267623
2.044	3.4701919393
2.048	3.4714575799
2.052	3.4727236832
2.056	3.4739902487
2.06	3.4752572755
2.064	3.4765247632
2.068	3.4777927110
2.072	3.4790611182
2.076	3.4803299841
2.08	3.4815993082
2.084	3.4828690897
2.088	3.4841393281
2.092	3.4854100225
2.096	3.4866811725
2.1	3.4879527774
2.104	3.4892248365
2.108	3.4904973492
2.112	3.4917703148
2.116	3.4930437328
2.12	3.4943176026
2.124	3.4955919234
2.128	3.4968666948
2.132	3.4981419160
2.136	3.4994175865
2.14	3.5006937056
2.144	3.5019702729
2.148	3.5032472876
2.152	3.5045247492
2.156	3.5058026571
2.16	3.5070810107
2.164	3.5083598094
2.168	3.5096390527
2.172	3.5109187400
2.176	3.5121988707
2.18	3.5134794443
2.184	3.5147604601
2.188	3.5160419177
2.192	3.5173238164
2.196	3.5186061558
2.2	3.5198889353
2.204	3.5211721543
2.208	3.5224558123
2.212	3.5237399087
2.216	3.5250244431
2.22	3.5263094149
2.224	3.5275948236
2.228	3.5288806687
2.232	3.5301669496
2.236	3.5314536659
2.24	3.5327408170
2.244	3.5340284024
2.248	3.5353164216
2.252	3.5366048742
2.256	3.5378937597
2.26	3.5391830774
2.264	3.5404728271
2.268	3.5417630082
2.272	3.5430536201
2.276	3.5443446625
2.28	3.5456361349
2.284	3.5469280368
2.288	3.5482203678
2.292	3.5495131273
2.296	3.5508063150
2.3	3.5520999304
2.304	3.5533939731
2.308	3.5546884425
2.312	3.5559833384
2.316	3.5572786602
2.32	3.5585744075
2.324	3.5598705798
2.328	3.5611671769
2.332	3.5624641982
2.336	3.5637616434
2.34	3.5650595120
2.344	3.5663578036
2.348	3.5676565178
2.352	3.5689556543
2.356	3.5702552127
2.36	3.5715551925
2.364	3.5728555934
2.368	3.5741564150
2.372	3.5754576569
2.376	3.5767593187
2.38	3.5780614002
2.384	3.5793639008
2.388	3.5806668203
2.392	3.5819701584
2.396	3.5832739146
2.4	3.5845780886
2.404	3.5858826801
2.408	3.5871876887
2.412	3.5884931141
2.416	3.5897989560
2.42	3.5911052141
2.424	3.5924118880
2.428	3.5937189774
2.432	3.5950264820
2.436	3.5963344015
2.44	3.5976427356
2.444	3.5989514840
2.448	3.6002606464
2.452	3.6015702225
2.456	3.6028802120
2.46	3.6041906147
2.464	3.6055014302
2.468	3.6068126583
2.472	3.6081242988
2.476	3.6094363513
2.48	3.6107488156
2.484	3.6120616915
2.488	3.6133749786
2.492	3.6146886769
2.496	3.6160027859
2.5	3.6173173055
2.504	3.6186322354
2.508	3.6199475755
2.512	3.6212633254
2.516	3.6225794850
2.52	3.6238960541
2.524	3.6252130324
2.528	3.6265304198
2.532	3.6278482159
2.536	3.6291664208
2.54	3.6304850341
2.544	3.6318040556
2.548	3.6331234852
2.552	3.6344433228
2.556	3.6357635680
2.56	3.6370842209
2.564	3.6384052811
2.568	3.6397267486
2.572	3.6410486231
2.576	3.6423709046
2.58	3.6436935929
2.584	3.6450166878
2.588	3.6463401893
2.592	3.6476640972
2.596	3.6489884113
2.6	3.6503131315
2.604	3.6516382578
2.608	3.6529637900
2.612	3.6542897280
2.616	3.6556160717
2.62	3.6569428210
2.624	3.6582699758
2.628	3.6595975361
2.632	3.6609255017
2.636	3.6622538726
2.64	3.6635826487
2.644	3.6649118299
2.648	3.6662414162
2.652	3.6675714075
2.656	3.6689018038
2.66	3.6702326050
2.664	3.6715638111
2.668	3.6728954220
2.672	3.6742274378
2.676	3.6755598583
2.68	3.6768926836
2.684	3.6782259137
2.688	3.6795595485
2.692	3.6808935880
2.696	3.6822280323
2.7	3.6835628813
2.704	3.6848981351
2.708	3.6862337936
2.712	3.6875698570
2.716	3.6889063251
2.72	3.6902431981
2.724	3.6915804760
2.728	3.6929181588
2.732	3.6942562466
2.736	3.6955947395
2.74	3.6969336374
2.744	3.6982729405
2.748	3.6996126488
2.752	3.7009527625
2.756	3.7022932815
2.76	3.7036342060
2.764	3.7049755361
2.768	3.7063172718
2.772	3.7076594133
2.776	3.7090019607
2.78	3.7103449141
2.784	3.7116882737
2.788	3.7130320394
2.792	3.7143762116
2.796	3.7157207903
2.8	3.7170657756
2.804	3.7184111678
2.808	3.7197569669
2.812	3.7211031732
2.816	3.7224497868
2.82	3.7237968079
2.824	3.7251442366
2.828	3.7264920732
2.832	3.7278403178
2.836	3.7291889707
2.84	3.7305380320
2.844	3.7318875019
2.848	3.7332373808
2.852	3.7345876687
2.856	3.7359383660
2.86	3.7372894729
2.864	3.7386409895
2.868	3.7399929162
2.872	3.7413452533
2.876	3.7426980009
2.88	3.7440511593
2.884	3.7454047289
2.888	3.7467587099
2.892	3.7481131026
2.896	3.7494679072
2.9	3.7508231242
2.904	3.7521787537
2.908	3.7535347961
2.912	3.7548912518
2.916	3.7562481210
2.92	3.7576054042
2.924	3.7589631015
2.928	3.7603212135
2.932	3.7616797404
2.936	3.7630386826
2.94	3.7643980404
2.944	3.7657578143
2.948	3.7671180047
2.952	3.7684786119
2.956	3.7698396363
2.96	3.7712010783
2.964	3.7725629383
2.968	3.7739252169
2.972	3.7752879143
2.976	3.7766510310
2.98	3.7780145675
2.984	3.7793785242
2.988	3.7807429016
2.992	3.7821077001
2.996	3.7834729202
3.0	3.7848385624
3.004	3.7862046271
3.008	3.7875711150
3.012	3.7889380264
3.016	3.7903053619
3.02	3.7916731219
3.024	3.7930413072
3.028	3.7944099180
3.032	3.7957789551
3.036	3.7971484189
3.04	3.7985183100
3.044	3.7998886290
3.048	3.8012593765
3.052	3.8026305530
3.056	3.8040021591
3.06	3.8053741954
3.064	3.8067466626
3.068	3.8081195612
3.072	3.8094928919
3.076	3.8108666553
3.08	3.8122408521
3.084	3.8136154829
3.088	3.8149905483
3.092	3.8163660491
3.096	3.8177419858
3.1	3.8191183593
3.104	3.8204951701
3.108	3.8218724191
3.112	3.8232501068
3.116	3.8246282341
3.12	3.8260068017
3.124	3.8273858102
3.128	3.8287652606
3.132	3.8301451534
3.136	3.8315254895
3.14	3.8329062697
3.144	3.8342874948
3.148	3.8356691655
3.152	3.8370512826
3.156	3.8384338471
3.16	3.8398168596
3.164	3.8412003211
3.168	3.8425842324
3.172	3.8439685944
3.176	3.8453534079
3.18	3.8467386737
3.184	3.8481243929
3.188	3.8495105663
3.192	3.8508971948
3.196	3.8522842793
3.2	3.8536718207
3.204	3.8550598201
3.208	3.8564482783
3.212	3.8578371963
3.216	3.8592265752
3.22	3.8606164158
3.224	3.8620067192
3.228	3.8633974863
3.232	3.8647887183
3.236	3.8661804162
3.24	3.8675725809
3.244	3.8689652135
3.248	3.8703583152
3.252	3.8717518869
3.256	3.8731459298
3.26	3.8745404450
3.264	3.8759354336
3.268	3.8773308967
3.272	3.8787268355
3.276	3.8801232511
3.28	3.8815201447
3.284	3.8829175174
3.288	3.8843153705
3.292	3.8857137051
3.296	3.8871125225
3.3	3.8885118239
3.304	3.8899116105
3.308	3.8913118837
3.312	3.8927126446
3.316	3.8941138945
3.32	3.8955156348
3.324	3.8969178667
3.328	3.8983205916
3.332	3.8997238108
3.336	3.9011275257
3.34	3.9025317377
3.344	3.9039364480
3.348	3.9053416582
3.352	3.9067473695
3.356	3.9081535836
3.36	3.9095603017
3.364	3.9109675253
3.368	3.9123752560
3.372	3.9137834952
3.376	3.9151922444
3.38	3.9166015051
3.384	3.9180112788
3.388	3.9194215672
3.392	3.9208323717
3.396	3.9222436940
3.4	3.9236555356
3.404	3.9250678982
3.408	3.9264807833
3.412	3.9278941928
3.416	3.9293081281
3.42	3.9307225910
3.424	3.9321375832
3.428	3.9335531064
3.432	3.9349691624
3.436	3.9363857528
3.44	3.9378028795
3.444	3.9392205443
3.448	3.9406387490
3.452	3.9420574953
3.456	3.9434767852
3.46	3.9448966205
3.464	3.9463170031
3.468	3.9477379349
3.472	3.9491594178
3.476	3.9505814537
3.48	3.9520040447
3.484	3.9534271927
3.488	3.9548508997
3.492	3.9562751678
3.496	3.9576999989
3.5	3.9591253952
3.504	3.9605513588
3.508	3.9619778917
3.512	3.9634049961
3.516	3.9648326741
3.52	3.9662609280
3.524	3.9676897599
3.528	3.9691191720
3.532	3.9705491666
3.536	3.9719797460
3.54	3.9734109125
3.544	3.9748426683
3.548	3.9762750158
3.552	3.9777079574
3.556	3.9791414955
3.56	3.9805756324
3.564	3.9820103707
3.568	3.9834457128
3.572	3.9848816612
3.576	3.9863182184
3.58	3.9877553869
3.584	3.9891931694
3.588	3.9906315684
3.592	3.9920705866
3.596	3.9935102265
3.6	3.9949504910
3.604	3.9963913827
3.608	3.9978329043
3.612	3.9992750587
3.616	4.0007178485
3.62	4.0021612768
3.624	4.0036053462
3.628	4.0050500598
3.632	4.0064954204
3.636	4.0079414310
3.64	4.0093880946
3.644	4.0108354141
3.648	4.0122833927
3.652	4.0137320335
3.656	4.0151813395
3.66	4.0166313139
3.664	4.0180819599
3.668	4.0195332807
3.672	4.0209852796
3.676	4.0224379599
3.68	4.0238913248
3.684	4.0253453779
3.688	4.0268001224
3.692	4.0282555619
3.696	4.0297116998
3.7	4.0311685396
3.704	4.0326260849
3.708	4.0340843393
3.712	4.0355433064
3.716	4.0370029899
3.72	4.0384633936
3.724	4.0399245212
3.728	4.0413863766
3.732	4.0428489635
3.736	4.0443122859
3.74	4.0457763477
3.744	4.0472411530
3.748	4.0487067057
3.752	4.0501730100
3.756	4.0516400699
3.76	4.0531078897
3.764	4.0545764736
3.768	4.0560458258
3.772	4.0575159507
3.776	4.0589868527
3.78	4.0604585363
3.784	4.0619310058
3.788	4.0634042659
3.792	4.0648783211
3.796	4.0663531761
3.8	4.0678288356
3.804	4.0693053044
3.808	4.0707825872
3.812	4.0722606891
3.816	4.0737396149
3.82	4.0752193696
3.824	4.0766999583
3.828	4.0781813861
3.832	4.0796636583
3.836	4.0811467801
3.84	4.0826307568
3.844	4.0841155938
3.848	4.0856012966
3.852	4.0870878707
3.856	4.0885753218
3.86	4.0900636555
3.864	4.0915528775
3.868	4.0930429937
3.872	4.0945340100
3.876	4.0960259325
3.88	4.0975187670
3.884	4.0990125199
3.888	4.1005071972
3.892	4.1020028055
3.896	4.1034993509
3.9	4.1049968400
3.904	4.1064952794
3.908	4.1079946758
3.912	4.1094950358
3.916	4.1109963664
3.92	4.1124986745
3.924	4.1140019671
3.928	4.1155062514
3.932	4.1170115345
3.936	4.1185178240
3.94	4.1200251271
3.944	4.1215334514
3.948	4.1230428047
3.952	4.1245531947
3.956	4.1260646292
3.96	4.1275771164
3.964	4.1290906642
3.968	4.1306052811
3.972	4.1321209753
3.976	4.1336377553
3.98	4.1351556298
3.984	4.1366746075
3.988	4.1381946973
3.992	4.1397159084
3.996	4.1412382497
4.0	4.1427617307
4.004	4.1442863608
4.008	4.1458121496
4.012	4.1473391070
4.016	4.1488672428
4.02	4.1503965671
4.024	4.1519270901
4.028	4.1534588224
4.032	4.1549917745
4.036	4.1565259572
4.04	4.1580613813
4.044	4.1595980582
4.048	4.1611359990
4.052	4.1626752154
4.056	4.1642157190
4.06	4.1657575219
4.064	4.1673006360
4.068	4.1688450739
4.072	4.1703908480
4.076	4.1719379712
4.08	4.1734864566
4.084	4.1750363173
4.088	4.1765875670
4.092	4.1781402194
4.096	4.1796942885
4.1	4.1812497887
4.104	4.1828067345
4.108	4.1843651408
4.112	4.1859250228
4.116	4.1874863959
4.12	4.1890492758
4.124	4.1906136787
4.128	4.1921796209
4.132	4.1937471192
4.136	4.1953161906
4.14	4.1968868526
4.144	4.1984591231
4.148	4.2000330200
4.152	4.2016085622
4.156	4.2031857685
4.16	4.2047646583
4.164	4.2063452514
4.168	4.2079275682
4.172	4.2095116293
4.176	4.2110974560
4.18	4.2126850699
4.184	4.2142744933
4.188	4.2158657488
4.192	4.2174588599
4.196	4.2190538502
4.2	4.2206507442
4.204	4.2222495671
4.208	4.2238503443
4.212	4.2254531024
4.216	4.2270578681
4.22	4.2286646694
4.224	4.2302735345
4.228	4.2318844928
4.232	4.2334975742
4.236	4.2351128095
4.24	4.2367302305
4.244	4.2383498698
4.248	4.2399717608
4.252	4.2415959381
4.256	4.2432224372
4.26	4.2448512948
4.264	4.2464825486
4.268	4.2481162374
4.272	4.2497524015
4.276	4.2513910823
4.28	4.2530323225
4.284	4.2546761664
4.288	4.2563226596
4.292	4.2579718495
4.296	4.2596237849
4.3	4.2612785166
4.304	4.2629360971
4.308	4.2645965808
4.312	4.2662600242
4.316	4.2679264862
4.32	4.2695960277
4.324	4.2712687122
4.328	4.2729446058
4.332	4.2746237774
4.336	4.2763062989
4.34	4.2779922451
4.344	4.2796816945
4.348	4.2813747290
4.352	4.2830714346
4.356	4.2847719013
4.36	4.2864762235
4.364	4.2881845008
4.368	4.2898968376
4.372	4.2916133443
4.376	4.2933341373
4.38	4.2950593397
4.384	4.2967890821
4.388	4.2985235030
4.392	4.3002627497
4.396	4.3020069791
4.4	4.3037563592
4.404	4.3055110697
4.408	4.3072713035
4.412	4.3090372685
4.416	4.3108091895
4.42	4.3125873102
4.424	4.3143718956
4.428	4.3161632358
4.432	4.3179616493
4.436	4.3197674876
4.44	4.3215811413
4.444	4.3234030468
4.448	4.3252336961
4.452	4.3270736476
4.456	4.3289235426
4.46	4.3307841258
4.464	4.3326562740
4.468	4.3345410379
4.472	4.3364397029
4.476	4.3383538850
4.48	4.3402856890
4.484	4.3422379936
4.488	4.3442150318
4.492	4.3462238097
4.496	4.3482790320
4.5	4.3505221176
4.504	4.3529518957
4.508	4.3554260454
4.512	4.3579295089
4.516	4.3604550257
4.52	4.3629981636
4.524	4.3655558793
4.528	4.3681259281
4.532	4.3707065731
4.536	4.3732964216
4.54	4.3758943285
4.544	4.3784993313
4.548	4.3811106085
4.552	4.3837274486
4.556	4.3863492295
4.56	4.3889754003
4.564	4.3916054711
4.568	4.3942390014
4.572	4.3968755940
4.576	4.3995148876
4.58	4.4021565533
4.584	4.4048002890
4.588	4.4074458174
4.592	4.4100928819
4.596	4.4127412454
4.6	4.4153906874
4.604	4.4180410028
4.608	4.4206919999
4.612	4.4233434997
4.616	4.4259953340
4.62	4.4286473455
4.624	4.4312993854
4.628	4.4339513143
4.632	4.4366030001
4.636	4.4392543183
4.64	4.4419051509
4.644	4.4445553864
4.648	4.4472049187
4.652	4.4498536475
4.656	4.4525014770
4.66	4.4551483167
4.664	4.4577940799
4.668	4.4604386843
4.672	4.4630820513
4.676	4.4657241061
4.68	4.4683647770
4.684	4.4710039958
4.688	4.4736416971
4.692	4.4762778185
4.696	4.4789123002
4.7	4.4815450849
4.704	4.4841761179
4.708	4.4868053466
4.712	4.4894327206
4.716	4.4920581917
4.72	4.4946817136
4.724	4.4973032418
4.728	4.4999227336
4.732	4.5025401481
4.736	4.5051554459
4.74	4.5077685892
4.744	4.5103795416
4.748	4.5129882684
4.752	4.5155947358
4.756	4.5181989117
4.76	4.5208007649
4.764	4.5234002658
4.768	4.5259973854
4.772	4.5285920963
4.776	4.5311843718
4.78	4.5337741864
4.784	4.5363615155
4.788	4.5389463355
4.792	4.5415286235
4.796	4.5441083577
4.8	4.5466855169
4.804	4.5492600810
4.808	4.5518320303
4.812	4.5544013462
4.816	4.5569680104
4.82	4.5595320057
4.824	4.5620933154
4.828	4.5646519234
4.832	4.5672078141
4.836	4.5697609728
4.84	4.5723113852
4.844	4.5748590376
4.848	4.5774039167
4.852	4.5799460100
4.856	4.5824853052
4.86	4.5850217907
4.864	4.5875554552
4.868	4.5900862881
4.872	4.5926142790
4.876	4.5951394181
4.88	4.5976616958
4.884	4.6001811031
4.888	4.6026976314
4.892	4.6052112723
4.896	4.6077220179
4.9	4.6102298607
4.904	4.6127347933
4.908	4.6152368090
4.912	4.6177359010
4.916	4.6202320632
4.92	4.6227252896
4.924	4.6252155744
4.928	4.6277029124
4.932	4.6301872984
4.936	4.6326687276
4.94	4.6351471954
4.944	4.6376226974
4.948	4.6400952297
4.952	4.6425647884
4.956	4.6450313698
4.96	4.6474949707
4.964	4.6499555878
4.968	4.6524132182
4.972	4.6548678593
4.976	4.6573195084
4.98	4.6597681633
4.984	4.6622138217
4.988	4.6646564818
4.992	4.6670961418
4.996	4.6695328001
5.0	4.6719664552
5.004	4.6743971059
5.008	4.6768247512
5.012	4.6792493900
5.016	4.6816710216
5.02	4.6840896454
5.024	4.6865052609
5.028	4.6889178677
5.032	4.6913274656
5.036	4.6937340545
5.04	4.6961376346
5.044	4.6985382059
5.048	4.7009357688
5.052	4.7033303238
5.056	4.7057218713
5.06	4.7081104121
5.064	4.7104959468
5.068	4.7128784765
5.072	4.7152580020
5.076	4.7176345245
5.08	4.7200080450
5.084	4.7223785651
5.088	4.7247460859
5.092	4.7271106091
5.096	4.7294721360
5.1	4.7318306685
5.104	4.7341862082
5.108	4.7365387570
5.112	4.7388883167
5.116	4.7412348893
5.12	4.7435784770
5.124	4.7459190818
5.128	4.7482567058
5.132	4.7505913516
5.136	4.7529230212
5.14	4.7552517172
5.144	4.7575774421
5.148	4.7599001984
5.152	4.7622199886
5.156	4.7645368155
5.16	4.7668506818
5.164	4.7691615902
5.168	4.7714695437
5.172	4.7737745450
5.176	4.7760765972
5.18	4.7783757032
5.184	4.7806718660
5.188	4.7829650889
5.192	4.7852553749
5.196	4.7875427272
5.2	4.7898271490
5.204	4.7921086437
5.208	4.7943872146
5.212	4.7966628649
5.216	4.7989355982
5.22	4.8012054178
5.224	4.8034723273
5.228	4.8057363301
5.232	4.8079974299
5.236	4.8102556302
5.24	4.8125109346
5.244	4.8147633468
5.248	4.8170128705
5.252	4.8192595094
5.256	4.8215032673
5.26	4.8237441480
5.264	4.8259821551
5.268	4.8282172927
5.272	4.8304495646
5.276	4.8326789746
5.28	4.8349055267
5.284	4.8371292248
5.288	4.8393500729
5.292	4.8415680750
5.296	4.8437832350
5.3	4.8459955572
5.304	4.8482050453
5.308	4.8504117037
5.312	4.8526155363
5.316	4.8548165473
5.32	4.8570147409
5.324	4.8592101211
5.328	4.8614026921
5.332	4.8635924582
5.336	4.8657794235
5.34	4.8679635923
5.344	4.8701449688
5.348	4.8723235572
5.352	4.8744993618
5.356	4.8766723870
5.36	4.8788426369
5.364	4.8810101159
5.368	4.8831748283
5.372	4.8853367785
5.376	4.8874959707
5.38	4.8896524094
5.384	4.8918060989
5.388	4.8939570436
5.392	4.8961052478
5.396	4.8982507159
5.4	4.9003934524
5.404	4.9025334617
5.408	4.9046707481
5.412	4.9068053161
5.416	4.9089371702
5.42	4.9110663147
5.424	4.9131927542
5.428	4.9153164930
5.432	4.9174375356
5.436	4.9195558866
5.44	4.9216715503
5.444	4.9237845312
5.448	4.9258948338
5.452	4.9280024627
5.456	4.9301074222
5.46	4.9322097170
5.464	4.9343093513
5.468	4.9364063299
5.472	4.9385006572
5.476	4.9405923376
5.48	4.9426813757
5.484	4.9447677760
5.488	4.9468515431
5.492	4.9489326813
5.496	4.9510111953
5.5	4.9530870521
5.504	4.9551593294
5.508	4.9572280398
5.512	4.9592931956
5.516	4.9613548092
5.52	4.9634128927
5.524	4.9654674583
5.528	4.9675185181
5.532	4.9695660840
5.536	4.9716101680
5.54	4.9736507820
5.544	4.9756879377
5.548	4.9777216469
5.552	4.9797519212
5.556	4.9817787722
5.56	4.9838022115
5.564	4.9858222504
5.568	4.9878389004
5.572	4.9898521728
5.576	4.9918620789
5.58	4.9938686298
5.584	4.9958718368
5.588	4.9978717108
5.592	4.9998682629
5.596	5.0018615040
5.6	5.0038514450
5.604	5.0058380968
5.608	5.0078214701
5.612	5.0098015757
5.616	5.0117784241
5.62	5.0137520260
5.624	5.0157223919
5.628	5.0176895323
5.632	5.0196534576
5.636	5.0216141782
5.64	5.0235717043
5.644	5.0255260463
5.648	5.0274772143
5.652	5.0294252185
5.656	5.0313700689
5.66	5.0333117757
5.664	5.0352503487
5.668	5.0371857979
5.672	5.0391181332
5.676	5.0410473644
5.68	5.0429735013
5.684	5.0448965536
5.688	5.0468165309
5.692	5.0487334430
5.696	5.0506472993
5.7	5.0525581095
5.704	5.0544658829
5.708	5.0563706290
5.712	5.0582723571
5.716	5.0601710767
5.72	5.0620667969
5.724	5.0639595270
5.728	5.0658492762
5.732	5.0677360537
5.736	5.0696198684
5.74	5.0715007296
5.744	5.0733786461
5.748	5.0752536269
5.752	5.0771256810
5.756	5.0789948173
5.76	5.0808610444
5.764	5.0827243713
5.768	5.0845848066
5.772	5.0864423591
5.776	5.0882970373
5.78	5.0901488500
5.784	5.0919978057
5.788	5.0938439128
5.792	5.0956871800
5.796	5.0975276155
5.8	5.0993652279
5.804	5.1012000255
5.808	5.1030320165
5.812	5.1048612094
5.816	5.1066876123
5.82	5.1085112334
5.824	5.1103320809
5.828	5.1121501629
5.832	5.1139654874
5.836	5.1157780627
5.84	5.1175878965
5.844	5.1193949970
5.848	5.1211993720
5.852	5.1230010295
5.856	5.1247999773
5.86	5.1265962231
5.864	5.1283897749
5.868	5.1301806403
5.872	5.1319688271
5.876	5.1337543429
5.88	5.1355371954
5.884	5.1373173922
5.888	5.1390949409
5.892	5.1408698489
5.896	5.1426421238
5.9	5.1444117730
5.904	5.1461788041
5.908	5.1479432243
5.912	5.1497050411
5.916	5.1514642617
5.92	5.1532208935
5.924	5.1549749438
5.928	5.1567264197
5.932	5.1584753286
5.936	5.1602216774
5.94	5.1619654734
5.944	5.1637067237
5.948	5.1654454354
5.952	5.1671816154
5.956	5.1689152709
5.96	5.1706464087
5.964	5.1723750358
5.968	5.1741011592
5.972	5.1758247857
5.976	5.1775459221
5.98	5.1792645754
5.984	5.1809807522
5.988	5.1826944594
5.992	5.1844057038
5.996	5.1861144919
6.0	5.1878208305
6.004	5.1895247262
6.008	5.1912261856
6.012	5.1929252154
6.016	5.1946218221
6.02	5.1963160122
6.024	5.1980077923
6.028	5.1996971688
6.032	5.2013841481
6.036	5.2030687368
6.04	5.2047509411
6.044	5.2064307674
6.048	5.2081082222
6.052	5.2097833116
6.056	5.2114560421
6.06	5.2131264198
6.064	5.2147944510
6.068	5.2164601418
6.072	5.2181234986
6.076	5.2197845274
6.08	5.2214432343
6.084	5.2230996255
6.088	5.2247537071
6.092	5.2264054850
6.096	5.2280549654
6.1	5.2297021542
6.104	5.2313470574
6.108	5.2329896810
6.112	5.2346300309
6.116	5.2362681130
6.12	5.2379039331
6.124	5.2395374972
6.128	5.2411688110
6.132	5.2427978804
6.136	5.2444247112
6.14	5.2460493091
6.144	5.2476716798
6.148	5.2492918292
6.152	5.2509097627
6.156	5.2525254863
6.16	5.2541390054
6.164	5.2557503257
6.168	5.2573594527
6.172	5.2589663922
6.176	5.2605711496
6.18	5.2621737305
6.184	5.2637741403
6.188	5.2653723846
6.192	5.2669684689
6.196	5.2685623985
6.2	5.2701541789
6.204	5.2717438156
6.208	5.2733313138
6.212	5.2749166789
6.216	5.2764999164
6.22	5.2780810314
6.224	5.2796600293
6.228	5.2812369154
6.232	5.2828116949
6.236	5.2843843731
6.24	5.2859549552
6.244	5.2875234463
6.248	5.2890898517
6.252	5.2906541764
6.256	5.2922164257
6.26	5.2937766047
6.264	5.2953347183
6.268	5.2968907718
6.272	5.2984447701
6.276	5.2999967184
6.28	5.3015466215
6.284	5.3030944846
6.288	5.3046403125
6.292	5.3061841103
6.296	5.3077258829
6.3	5.3092656352
6.304	5.3108033721
6.308	5.3123390985
6.312	5.3138728193
6.316	5.3154045392
6.32	5.3169342632
6.324	5.3184619961
6.328	5.3199877425
6.332	5.3215115074
6.336	5.3230332954
6.34	5.3245531114
6.344	5.3260709599
6.348	5.3275868458
6.352	5.3291007737
6.356	5.3306127483
6.36	5.3321227742
6.364	5.3336308560
6.368	5.3351369985
6.372	5.3366412061
6.376	5.3381434834
6.38	5.3396438351
6.384	5.3411422657
6.388	5.3426387796
6.392	5.3441333815
6.396	5.3456260758
6.4	5.3471168669
6.404	5.3486057595
6.408	5.3500927578
6.412	5.3515778664
6.416	5.3530610896
6.42	5.3545424319
6.424	5.3560218977
6.428	5.3574994912
6.432	5.3589752169
6.436	5.3604490792
6.44	5.3619210822
6.444	5.3633912304
6.448	5.3648595279
6.452	5.3663259792
6.456	5.3677905885
6.46	5.3692533599
6.464	5.3707142977
6.468	5.3721734062
6.472	5.3736306896
6.476	5.3750861519
6.48	5.3765397975
6.484	5.3779916304
6.488	5.3794416548
6.492	5.3808898748
6.496	5.3823362945
6.5	5.3837809180
6.504	5.3852237495
6.508	5.3866647929
6.512	5.3881040523
6.516	5.3895415318
6.52	5.3909772354
6.524	5.3924111670
6.528	5.3938433308
6.532	5.3952737306
6.536	5.3967023705
6.54	5.3981292543
6.544	5.3995543861
6.548	5.4009777698
6.552	5.4023994092
6.556	5.4038193083
6.56	5.4052374710
6.564	5.4066539011
6.568	5.4080686025
6.572	5.4094815791
6.576	5.4108928346
6.58	5.4123023729
6.584	5.4137101979
6.588	5.4151163132
6.592	5.4165207227
6.596	5.4179234302
6.6	5.4193244393
6.604	5.4207237539
6.608	5.4221213777
6.612	5.4235173144
6.616	5.4249115677
6.62	5.4263041412
6.624	5.4276950388
6.628	5.4290842640
6.632	5.4304718204
6.636	5.4318577118
6.64	5.4332419418
6.644	5.4346245139
6.648	5.4360054319
6.652	5.4373846992
6.656	5.4387623195
6.66	5.4401382963
6.664	5.4415126332
6.668	5.4428853338
6.672	5.4442564015
6.676	5.4456258399
6.68	5.4469936526
6.684	5.4483598429
6.688	5.4497244144
6.692	5.4510873706
6.696	5.4524487150
6.7	5.4538084509
6.704	5.4551665819
6.708	5.4565231113
6.712	5.4578780426
6.716	5.4592313792
6.72	5.4605831245
6.724	5.4619332818
6.728	5.4632818546
6.732	5.4646288462
6.736	5.4659742600
6.74	5.4673180993
6.744	5.4686603674
6.748	5.4700010677
6.752	5.4713402034
6.756	5.4726777779
6.76	5.4740137945
6.764	5.4753482564
6.768	5.4766811669
6.772	5.4780125292
6.776	5.4793423467
6.78	5.4806706225
6.784	5.4819973598
6.788	5.4833225620
6.792	5.4846462321
6.796	5.4859683734
6.8	5.4872889890
6.804	5.4886080822
6.808	5.4899256561
6.812	5.4912417139
6.816	5.4925562586
6.82	5.4938692935
6.824	5.4951808216
6.828	5.4964908461
6.832	5.4977993701
6.836	5.4991063966
6.84	5.5004119288
6.844	5.5017159697
6.848	5.5030185225
6.852	5.5043195900
6.856	5.5056191755
6.86	5.5069172819
6.864	5.5082139122
6.868	5.5095090696
6.872	5.5108027569
6.876	5.5120949772
6.88	5.5133857334
6.884	5.5146750287
6.888	5.5159628658
6.892	5.5172492479
6.896	5.5185341777
6.9	5.5198176584
6.904	5.5210996928
6.908	5.5223802838
6.912	5.5236594344
6.916	5.5249371474
6.92	5.5262134259
6.924	5.5274882725
6.928	5.5287616903
6.932	5.5300336821
6.936	5.5313042508
6.94	5.5325733992
6.944	5.5338411302
6.948	5.5351074466
6.952	5.5363723512
6.956	5.5376358468
6.96	5.5388979364
6.964	5.5401586226
6.968	5.5414179082
6.972	5.5426757961
6.976	5.5439322891
6.98	5.5451873898
6.984	5.5464411011
6.988	5.5476934256
6.992	5.5489443663
6.996	5.5501939257
7.0	5.5514421066
7.004	5.5526889118
7.008	5.5539343439
7.012	5.5551784056
7.016	5.5564210997
7.02	5.5576624288
7.024	5.5589023956
7.028	5.5601410028
7.032	5.5613782531
7.036	5.5626141490
7.04	5.5638486933
7.044	5.5650818885
7.048	5.5663137374
7.052	5.5675442425
7.056	5.5687734064
7.06	5.5700012318
7.064	5.5712277212
7.068	5.5724528774
7.072	5.5736767027
7.076	5.5748991999
7.08	5.5761203714
7.084	5.5773402199
7.088	5.5785587479
7.092	5.5797759579
7.096	5.5809918525
7.1	5.5822064343
7.104	5.5834197057
7.108	5.5846316692
7.112	5.5858423274
7.116	5.5870516828
7.12	5.5882597379
7.124	5.5894664952
7.128	5.5906719570
7.132	5.5918761260
7.136	5.5930790046
7.14	5.5942805952
7.144	5.5954809004
7.148	5.5966799224
7.152	5.5978776639
7.156	5.5990741271
7.16	5.6002693146
7.164	5.6014632288
7.168	5.6026558720
7.172	5.6038472467
7.176	5.6050373553
7.18	5.6062262001
7.184	5.6074137835
7.188	5.6086001080
7.192	5.6097851759
7.196	5.6109689895
7.2	5.6121515512
7.204	5.6133328634
7.208	5.6145129284
7.212	5.6156917485
7.216	5.6168693261
7.22	5.6180456635
7.224	5.6192207630
7.228	5.6203946269
7.232	5.6215672575
7.236	5.6227386571
7.24	5.6239088281
7.244	5.6250777726
7.248	5.6262454930
7.252	5.6274119916
7.256	5.6285772706
7.26	5.6297413322
7.264	5.6309041787
7.268	5.6320658124
7.272	5.6332262356
7.276	5.6343854503
7.28	5.6355434589
7.284	5.6367002637
7.288	5.6378558667
7.292	5.6390102702
7.296	5.6401634764
7.3	5.6413154876
7.304	5.6424663058
7.308	5.6436159334
7.312	5.6447643724
7.316	5.6459116250
7.32	5.6470576935
7.324	5.6482025799
7.328	5.6493462865
7.332	5.6504888153
7.336	5.6516301685
7.34	5.6527703483
7.344	5.6539093567
7.348	5.6550471960
7.352	5.6561838681
7.356	5.6573193754
7.36	5.6584537197
7.364	5.6595869034
7.368	5.6607189283
7.372	5.6618497967
7.376	5.6629795107
7.38	5.6641080722
7.384	5.6652354834
7.388	5.6663617464
7.392	5.6674868631
7.396	5.6686108358
7.4	5.6697336663
7.404	5.6708553568
7.408	5.6719759094
7.412	5.6730953259
7.416	5.6742136085
7.42	5.6753307593
7.424	5.6764467801
7.428	5.6775616731
7.432	5.6786754402
7.436	5.6797880834
7.44	5.6808996047
7.444	5.6820100062
7.448	5.6831192898
7.452	5.6842274575
7.456	5.6853345113
7.46	5.6864404531
7.464	5.6875452849
7.468	5.6886490087
7.472	5.6897516264
7.476	5.6908531400
7.48	5.6919535514
7.484	5.6930528625
7.488	5.6941510754
7.492	5.6952481919
7.496	5.6963442139
7.5	5.6974391434
7.504	5.6985329822
7.508	5.6996257324
7.512	5.7007173957
7.516	5.7018079741
7.52	5.7028974696
7.524	5.7039858839
7.528	5.7050732189
7.532	5.7061594766
7.536	5.7072446589
7.54	5.7083287675
7.544	5.7094118043
7.548	5.7104937713
7.552	5.7115746702
7.556	5.7126545030
7.56	5.7137332714
7.564	5.7148109773
7.568	5.7158876226
7.572	5.7169632090
7.576	5.7180377384
7.58	5.7191112127
7.584	5.7201836336
7.588	5.7212550029
7.592	5.7223253225
7.596	5.7233945941
7.6	5.7244628197
7.604	5.7255300008
7.608	5.7265961394
7.612	5.7276612373
7.616	5.7287252961
7.62	5.7297883177
7.624	5.7308503039
7.628	5.7319112564
7.632	5.7329711770
7.636	5.7340300674
7.64	5.7350879294
7.644	5.7361447647
7.648	5.7372005752
7.652	5.7382553625
7.656	5.7393091283
7.66	5.7403618744
7.664	5.7414136026
7.668	5.7424643144
7.672	5.7435140118
7.676	5.7445626963
7.68	5.7456103697
7.684	5.7466570337
7.688	5.7477026900
7.692	5.7487473402
7.696	5.7497909862
7.7	5.7508336295
7.704	5.7518752719
7.708	5.7529159149
7.712	5.7539555604
7.716	5.7549942100
7.72	5.7560318653
7.724	5.7570685280
7.728	5.7581041998
7.732	5.7591388823
7.736	5.7601725771
7.74	5.7612052860
7.744	5.7622370105
7.748	5.7632677524
7.752	5.7642975131
7.756	5.7653262944
7.76	5.7663540979
7.764	5.7673809252
7.768	5.7684067779
7.772	5.7694316577
7.776	5.7704555661
7.78	5.7714785048
7.784	5.7725004753
7.788	5.7735214793
7.792	5.7745415183
7.796	5.7755605940
7.8	5.7765787079
7.804	5.7775958616
7.808	5.7786120566
7.812	5.7796272947
7.816	5.7806415773
7.82	5.7816549059
7.824	5.7826672823
7.828	5.7836787078
7.832	5.7846891842
7.836	5.7856987128
7.84	5.7867072954
7.844	5.7877149333
7.848	5.7887216283
7.852	5.7897273817
7.856	5.7907321951
7.86	5.7917360701
7.864	5.7927390082
7.868	5.7937410110
7.872	5.7947420798
7.876	5.7957422163
7.88	5.7967414219
7.884	5.7977396982
7.888	5.7987370467
7.892	5.7997334688
7.896	5.8007289660
7.9	5.8017235400
7.904	5.8027171921
7.908	5.8037099238
7.912	5.8047017366
7.916	5.8056926320
7.92	5.8066826114
7.924	5.8076716764
7.928	5.8086598284
7.932	5.8096470689
7.936	5.8106333993
7.94	5.8116188211
7.944	5.8126033358
7.948	5.8135869447
7.952	5.8145696493
7.956	5.8155514512
7.96	5.8165323517
7.964	5.8175123522
7.968	5.8184914542
7.972	5.8194696592
7.976	5.8204469685
7.98	5.8214233836
7.984	5.8223989059
7.988	5.8233735367
7.992	5.8243472777
7.996	5.8253201300
8.0	5.8262920952
8.004	5.8272631746
8.008	5.8282333697
8.012	5.8292026819
8.016	5.8301711124
8.02	5.8311386628
8.024	5.8321053344
8.028	5.8330711286
8.032	5.8340360468
8.036	5.8350000903
8.04	5.8359632606
8.044	5.8369255590
8.048	5.8378869868
8.052	5.8388475455
8.056	5.8398072364
8.06	5.8407660608
8.064	5.8417240202
8.068	5.8426811158
8.072	5.8436373490
8.076	5.8445927211
8.08	5.8455472336
8.084	5.8465008877
8.088	5.8474536848
8.092	5.8484056262
8.096	5.8493567132
8.1	5.8503069472
8.104	5.8512563295
8.108	5.8522048614
8.112	5.8531525442
8.116	5.8540993793
8.12	5.8550453680
8.124	5.8559905115
8.128	5.8569348111
8.132	5.8578782683
8.136	5.8588208842
8.14	5.8597626602
8.144	5.8607035976
8.148	5.8616436976
8.152	5.8625829616
8.156	5.8635213908
8.16	5.8644589865
8.164	5.8653957501
8.168	5.8663316827
8.172	5.8672667856
8.176	5.8682010602
8.18	5.8691345076
8.184	5.8700671292
8.188	5.8709989262
8.192	5.8719298999
8.196	5.8728600515
8.2	5.8737893823
8.204	5.8747178935
8.208	5.8756455864
8.212	5.8765724623
8.216	5.8774985223
8.22	5.8784237677
8.224	5.8793481998
8.228	5.8802718197
8.232	5.8811946288
8.236	5.8821166282
8.24	5.8830378191
8.244	5.8839582029
8.248	5.8848777806
8.252	5.8857965536
8.256	5.8867145231
8.26	5.8876316902
8.264	5.8885480561
8.268	5.8894636222
8.272	5.8903783895
8.276	5.8912923593
8.28	5.8922055327
8.284	5.8931179111
8.288	5.8940294955
8.292	5.8949402871
8.296	5.8958502873
8.3	5.8967594970
8.304	5.8976679176
8.308	5.8985755501
8.312	5.8994823958
8.316	5.9003884559
8.32	5.9012937315
8.324	5.9021982238
8.328	5.9031019340
8.332	5.9040048631
8.336	5.9049070125
8.34	5.9058083832
8.344	5.9067089764
8.348	5.9076087933
8.352	5.9085078350
8.356	5.9094061026
8.36	5.9103035974
8.364	5.9112003204
8.368	5.9120962728
8.372	5.9129914557
8.376	5.9138858704
8.38	5.9147795178
8.384	5.9156723991
8.388	5.9165645156
8.392	5.9174558682
8.396	5.9183464581
8.4	5.9192362865
8.404	5.9201253545
8.408	5.9210136631
8.412	5.9219012135
8.416	5.9227880069
8.42	5.9236740442
8.424	5.9245593267
8.428	5.9254438555
8.432	5.9263276315
8.436	5.9272106560
8.44	5.9280929301
8.444	5.9289744547
8.448	5.9298552311
8.452	5.9307352603
8.456	5.9316145435
8.46	5.9324930816
8.464	5.9333708758
8.468	5.9342479271
8.472	5.9351242367
8.476	5.9359998057
8.48	5.9368746350
8.484	5.9377487257
8.488	5.9386220791
8.492	5.9394946960
8.496	5.9403665776
8.5	5.9412377249
8.504	5.9421081390
8.508	5.9429778210
8.512	5.9438467719
8.516	5.9447149927
8.52	5.9455824846
8.524	5.9464492485
8.528	5.9473152856
8.532	5.9481805968
8.536	5.9490451833
8.54	5.9499090460
8.544	5.9507721859
8.548	5.9516346042
8.552	5.9524963019
8.556	5.9533572800
8.56	5.9542175394
8.564	5.9550770814
8.568	5.9559359068
8.572	5.9567940167
8.576	5.9576514122
8.58	5.9585080941
8.584	5.9593640637
8.588	5.9602193218
8.592	5.9610738695
8.596	5.9619277078
8.6	5.9627808378
8.604	5.9636332603
8.608	5.9644849765
8.612	5.9653359873
8.616	5.9661862937
8.62	5.9670358968
8.624	5.9678847974
8.628	5.9687329967
8.632	5.9695804956
8.636	5.9704272951
8.64	5.9712733962
8.644	5.9721187999
8.648	5.9729635071
8.652	5.9738075188
8.656	5.9746508361
8.66	5.9754934599
8.664	5.9763353911
8.668	5.9771766308
8.672	5.9780171800
8.676	5.9788570395
8.68	5.9796962103
8.684	5.9805346935
8.688	5.9813724900
8.692	5.9822096008
8.696	5.9830460267
8.7	5.9838817689
8.704	5.9847168281
8.708	5.9855512054
8.712	5.9863849018
8.716	5.9872179181
8.72	5.9880502554
8.724	5.9888819146
8.728	5.9897128966
8.732	5.9905432023
8.736	5.9913728328
8.74	5.9922017889
8.744	5.9930300715
8.748	5.9938576817
8.752	5.9946846204
8.756	5.9955108884
8.76	5.9963364867
8.764	5.9971614163
8.768	5.9979856781
8.772	5.9988092729
8.776	5.9996322017
8.78	6.0004544655
8.784	6.0012760651
8.788	6.0020970015
8.792	6.0029172755
8.796	6.0037368882
8.8	6.0045558403
8.804	6.0053741329
8.808	6.0061917667
8.812	6.0070087428
8.816	6.0078250620
8.82	6.0086407253
8.824	6.0094557334
8.828	6.0102700874
8.832	6.0110837881
8.836	6.0118968365
8.84	6.0127092333
8.844	6.0135209795
8.848	6.0143320760
8.852	6.0151425237
8.856	6.0159523235
8.86	6.0167614762
8.864	6.0175699827
8.868	6.0183778439
8.872	6.0191850607
8.876	6.0199916340
8.88	6.0207975646
8.884	6.0216028534
8.888	6.0224075013
8.892	6.0232115091
8.896	6.0240148778
8.9	6.0248176081
8.904	6.0256197010
8.908	6.0264211573
8.912	6.0272219779
8.916	6.0280221636
8.92	6.0288217153
8.924	6.0296206338
8.928	6.0304189200
8.932	6.0312165748
8.936	6.0320135990
8.94	6.0328099935
8.944	6.0336057590
8.948	6.0344008965
8.952	6.0351954068
8.956	6.0359892907
8.96	6.0367825491
8.964	6.0375751828
8.968	6.0383671926
8.972	6.0391585795
8.976	6.0399493441
8.98	6.0407394874
8.984	6.0415290102
8.988	6.0423179133
8.992	6.0431061976
8.996	6.0438938638
9.0	6.0446809128
9.004	6.0454673455
9.008	6.0462531625
9.012	6.0470383649
9.016	6.0478229533
9.02	6.0486069286
9.024	6.0493902916
9.028	6.0501730431
9.032	6.0509551840
9.036	6.0517367150
9.04	6.0525176369
9.044	6.0532979506
9.048	6.0540776569
9.052	6.0548567566
9.056	6.0556352504
9.06	6.0564131392
9.064	6.0571904238
9.068	6.0579671049
9.072	6.0587431834
9.076	6.0595186601
9.08	6.0602935357
9.084	6.0610678111
9.088	6.0618414870
9.092	6.0626145643
9.096	6.0633870436
9.1	6.0641589259
9.104	6.0649302118
9.108	6.0657009022
9.112	6.0664709978
9.116	6.0672404995
9.12	6.0680094080
9.124	6.0687777241
9.128	6.0695454485
9.132	6.0703125820
9.136	6.0710791255
9.14	6.0718450796
9.144	6.0726104452
9.148	6.0733752230
9.152	6.0741394138
9.156	6.0749030183
9.16	6.0756660373
9.164	6.0764284716
9.168	6.0771903219
9.172	6.0779515890
9.176	6.0787122737
9.18	6.0794723766
9.184	6.0802318987
9.188	6.0809908405
9.192	6.0817492029
9.196	6.0825069866
9.2	6.0832641924
9.204	6.0840208209
9.208	6.0847768731
9.212	6.0855323495
9.216	6.0862872510
9.22	6.0870415783
9.224	6.0877953321
9.228	6.0885485132
9.232	6.0893011223
9.236	6.0900531601
9.24	6.0908046274
9.244	6.0915555249
9.248	6.0923058534
9.252	6.0930556136
9.256	6.0938048061
9.26	6.0945534318
9.264	6.0953014914
9.268	6.0960489855
9.272	6.0967959150
9.276	6.0975422804
9.28	6.0982880827
9.284	6.0990333224
9.288	6.0997780003
9.292	6.1005221172
9.296	6.1012656736
9.3	6.1020086704
9.304	6.1027511083
9.308	6.1034929879
9.312	6.1042343101
9.316	6.1049750754
9.32	6.1057152846
9.324	6.1064549384
9.328	6.1071940375
9.332	6.1079325827
9.336	6.1086705746
9.34	6.1094080139
9.344	6.1101449013
9.348	6.1108812375
9.352	6.1116170233
9.356	6.1123522593
9.36	6.1130869461
9.364	6.1138210846
9.368	6.1145546754
9.372	6.1152877192
9.376	6.1160202167
9.38	6.1167521685
9.384	6.1174835754
9.388	6.1182144381
9.392	6.1189447572
9.396	6.1196745334
9.4	6.1204037673
9.404	6.1211324598
9.408	6.1218606114
9.412	6.1225882229
9.416	6.1233152949
9.42	6.1240418281
9.424	6.1247678231
9.428	6.1254932807
9.432	6.1262182015
9.436	6.1269425862
9.44	6.1276664354
9.444	6.1283897499
9.448	6.1291125302
9.452	6.1298347771
9.456	6.1305564913
9.46	6.1312776733
9.464	6.1319983239
9.468	6.1327184437
9.472	6.1334380334
9.476	6.1341570936
9.48	6.1348756251
9.484	6.1355936283
9.488	6.1363111041
9.492	6.1370280530
9.496	6.1377444758
9.5	6.1384603730
9.504	6.1391757454
9.508	6.1398905935
9.512	6.1406049180
9.516	6.1413187196
9.52	6.1420319989
9.524	6.1427447566
9.528	6.1434569933
9.532	6.1441687096
9.536	6.1448799062
9.54	6.1455905838
9.544	6.1463007429
9.548	6.1470103842
9.552	6.1477195084
9.556	6.1484281160
9.56	6.1491362078
9.564	6.1498437843
9.568	6.1505508462
9.572	6.1512573941
9.576	6.1519634287
9.58	6.1526689506
9.584	6.1533739603
9.588	6.1540784586
9.592	6.1547824460
9.596	6.1554859232
9.6	6.1561888909
9.604	6.1568913495
9.608	6.1575932998
9.612	6.1582947424
9.616	6.1589956779
9.62	6.1596961068
9.624	6.1603960299
9.628	6.1610954478
9.632	6.1617943610
9.636	6.1624927702
9.64	6.1631906760
9.644	6.1638880789
9.648	6.1645849797
9.652	6.1652813789
9.656	6.1659772771
9.66	6.1666726750
9.664	6.1673675731
9.668	6.1680619720
9.672	6.1687558724
9.676	6.1694492749
9.68	6.1701421800
9.684	6.1708345883
9.688	6.1715265006
9.692	6.1722179172
9.696	6.1729088390
9.7	6.1735992664
9.704	6.1742892000
9.708	6.1749786405
9.712	6.1756675884
9.716	6.1763560444
9.72	6.1770440090
9.724	6.1777314827
9.728	6.1784184663
9.732	6.1791049603
9.736	6.1797909653
9.74	6.1804764818
9.744	6.1811615105
9.748	6.1818460519
9.752	6.1825301067
9.756	6.1832136753
9.76	6.1838967585
9.764	6.1845793567
9.768	6.1852614705
9.772	6.1859431006
9.776	6.1866242474
9.78	6.1873049117
9.784	6.1879850939
9.788	6.1886647946
9.792	6.1893440145
9.796	6.1900227540
9.8	6.1907010137
9.804	6.1913787943
9.808	6.1920560963
9.812	6.1927329202
9.816	6.1934092666
9.82	6.1940851362
9.824	6.1947605294
9.828	6.1954354468
9.832	6.1961098890
9.836	6.1967838565
9.84	6.1974573500
9.844	6.1981303699
9.848	6.1988029169
9.852	6.1994749914
9.856	6.2001465941
9.86	6.2008177255
9.864	6.2014883862
9.868	6.2021585767
9.872	6.2028282975
9.876	6.2034975493
9.88	6.2041663326
9.884	6.2048346479
9.888	6.2055024957
9.892	6.2061698767
9.896	6.2068367914
9.9	6.2075032403
9.904	6.2081692240
9.908	6.2088347429
9.912	6.2094997978
9.916	6.2101643891
9.92	6.2108285173
9.924	6.2114921830
9.928	6.2121553867
9.932	6.2128181290
9.936	6.2134804105
9.94	6.2141422315
9.944	6.2148035928
9.948	6.2154644948
9.952	6.2161249380
9.956	6.2167849231
9.96	6.2174444505
9.964	6.2181035207
9.968	6.2187621344
9.972	6.2194202920
9.976	6.2200779940
9.98	6.2207352410
9.984	6.2213920336
9.988	6.2220483721
9.992	6.2227042573
9.996	6.2233596896
10.0	6.2240146694
