0.0	2.9091196405
0.0025	2.9096415844
0.005	2.9101949710
0.0075	2.9107258342
0.01	2.9112768074
0.0125	2.9118115947
0.015	2.9123614956
0.0175	2.9128990300
0.02	2.9134484895
0.0225	2.9139882130
0.025	2.9145376013
0.0275	2.9150791846
0.03	2.9156287441
0.0325	2.9161719707
0.035	2.9167218705
0.0375	2.9172665887
0.04	2.9178169520
0.0425	2.9183630508
0.045	2.9189139699
0.0475	2.9194613656
0.05	2.9200129114
0.0525	2.9205615391
0.055	2.9211137668
0.0575	2.9216635757
0.06	2.9222165291
0.0625	2.9227674785
0.065	2.9233211924
0.0675	2.9238732492
0.07	2.9244277517
0.0725	2.9249808891
0.075	2.9255362031
0.0775	2.9260903986
0.08	2.9266465425
0.0825	2.9272017776
0.085	2.9277587667
0.0875	2.9283150256
0.09	2.9288728723
0.0925	2.9294301417
0.095	2.9299888562
0.0975	2.9305471246
0.1	2.9311067154
0.1025	2.9316659729
0.105	2.9322264468
0.1075	2.9327866849
0.11	2.9333480475
0.1125	2.9339092586
0.115	2.9344715145
0.1175	2.9350336919
0.12	2.9355968448
0.1225	2.9361599827
0.125	2.9367240354
0.1275	2.9372881284
0.13	2.9378530833
0.1325	2.9384181267
0.135	2.9389839854
0.1375	2.9395499748
0.14	2.9401167388
0.1425	2.9406836702
0.145	2.9412513402
0.1475	2.9418192099
0.15	2.9423877865
0.1525	2.9429565911
0.155	2.9435260745
0.1575	2.9440958108
0.16	2.9446662011
0.1625	2.9452368660
0.165	2.9458081630
0.1675	2.9463797537
0.17	2.9469519569
0.1725	2.9475244706
0.175	2.9480975795
0.1775	2.9486710136
0.18	2.9492450275
0.1825	2.9498193795
0.185	2.9503942975
0.1875	2.9509695650
0.19	2.9515453860
0.1925	2.9521215668
0.195	2.9526982898
0.1975	2.9532753814
0.2	2.9538530053
0.2025	2.9544310056
0.205	2.9550095291
0.2075	2.9555884358
0.21	2.9561678577
0.2125	2.9567476687
0.215	2.9573279875
0.2175	2.9579087007
0.22	2.9584899150
0.2225	2.9590715284
0.225	2.9596536367
0.2275	2.9602361481
0.23	2.9608191490
0.2325	2.9614025564
0.235	2.9619864482
0.2375	2.9625707497
0.24	2.9631555309
0.2425	2.9637407243
0.245	2.9643263932
0.2475	2.9649124767
0.25	2.9654990317
0.2525	2.9660860032
0.255	2.9666734426
0.2575	2.9672613002
0.26	2.9678496223
0.2625	2.9684383639
0.265	2.9690275671
0.2675	2.9696171908
0.27	2.9702072732
0.2725	2.9707977771
0.275	2.9713887370
0.2775	2.9719801192
0.28	2.9725719547
0.2825	2.9731642132
0.285	2.9737569227
0.2875	2.9743500555
0.29	2.9749436371
0.2925	2.9755376424
0.295	2.9761320943
0.2975	2.9767269700
0.3	2.9773222904
0.3025	2.9779180347
0.305	2.9785142217
0.3075	2.9791108326
0.31	2.9797078845
0.3125	2.9803053600
0.315	2.9809032749
0.3175	2.9815016132
0.32	2.9821003891
0.3225	2.9826995882
0.325	2.9832992234
0.3275	2.9838992814
0.33	2.9844997739
0.3325	2.9851006890
0.335	2.9857020370
0.3375	2.9863038070
0.34	2.9869060086
0.3425	2.9875086318
0.345	2.9881116851
0.3475	2.9887151595
0.35	2.9893190626
0.3525	2.9899233862
0.355	2.9905281373
0.3575	2.9911333083
0.36	2.9917389054
0.3625	2.9923449217
0.365	2.9929513630
0.3675	2.9935582228
0.37	2.9941655064
0.3725	2.9947732077
0.375	2.9953813316
0.3775	2.9959898725
0.38	2.9965988349
0.3825	2.9972082135
0.385	2.9978180124
0.3875	2.9984282267
0.39	2.9990388602
0.3925	2.9996499084
0.395	3.0002613746
0.3975	3.0008732547
0.4	3.0014855517
0.4025	3.0020982618
0.405	3.0027113876
0.4075	3.0033249258
0.41	3.0039388786
0.4125	3.0045532429
0.415	3.0051680208
0.4175	3.0057832092
0.42	3.0063988102
0.4225	3.0070148210
0.425	3.0076312432
0.4275	3.0082480743
0.43	3.0088653158
0.4325	3.0094829654
0.435	3.0101010243
0.4375	3.0107194903
0.44	3.0113383647
0.4425	3.0119576453
0.445	3.0125773333
0.4475	3.0131974266
0.45	3.0138179261
0.4525	3.0144388302
0.455	3.0150601395
0.4575	3.0156818523
0.46	3.0163039694
0.4625	3.0169264892
0.465	3.0175494122
0.4675	3.0181727370
0.47	3.0187964640
0.4725	3.0194205918
0.475	3.0200451209
0.4775	3.0206700498
0.48	3.0212953791
0.4825	3.0219211073
0.485	3.0225472348
0.4875	3.0231737603
0.49	3.0238006842
0.4925	3.0244280051
0.495	3.0250557234
0.4975	3.0256838379
0.5	3.0263123487
0.5025	3.0269412548
0.505	3.0275705562
0.5075	3.0282002520
0.51	3.0288303421
0.5125	3.0294608257
0.515	3.0300917027
0.5175	3.0307229721
0.52	3.0313546340
0.5225	3.0319866875
0.525	3.0326191324
0.5275	3.0332519679
0.53	3.0338851939
0.5325	3.0345188097
0.535	3.0351528149
0.5375	3.0357872090
0.54	3.0364219916
0.5425	3.0370571620
0.545	3.0376927200
0.5475	3.0383286649
0.55	3.0389649965
0.5525	3.0396017141
0.555	3.0402388173
0.5575	3.0408763056
0.56	3.0415141787
0.5625	3.0421524358
0.565	3.0427910767
0.5675	3.0434301008
0.57	3.0440695078
0.5725	3.0447092969
0.575	3.0453494680
0.5775	3.0459900204
0.58	3.0466309537
0.5825	3.0472722674
0.585	3.0479139611
0.5875	3.0485560342
0.59	3.0491984865
0.5925	3.0498413172
0.595	3.0504845260
0.5975	3.0511281124
0.6	3.0517720761
0.6025	3.0524164163
0.605	3.0530611329
0.6075	3.0537062251
0.61	3.0543516927
0.6125	3.0549975350
0.615	3.0556437518
0.6175	3.0562903423
0.62	3.0569373064
0.6225	3.0575846434
0.625	3.0582323529
0.6275	3.0588804345
0.63	3.0595288876
0.6325	3.0601777118
0.635	3.0608269067
0.6375	3.0614764718
0.64	3.0621264066
0.6425	3.0627767106
0.645	3.0634273835
0.6475	3.0640784247
0.65	3.0647298338
0.6525	3.0653816103
0.655	3.0660337537
0.6575	3.0666862637
0.66	3.0673391397
0.6625	3.0679923813
0.665	3.0686459881
0.6675	3.0692999594
0.67	3.0699542951
0.6725	3.0706089944
0.675	3.0712640571
0.6775	3.0719194826
0.68	3.0725752705
0.6825	3.0732314203
0.685	3.0738879316
0.6875	3.0745448038
0.69	3.0752020367
0.6925	3.0758596297
0.695	3.0765175823
0.6975	3.0771758942
0.7	3.0778345648
0.7025	3.0784935936
0.705	3.0791529804
0.7075	3.0798127245
0.71	3.0804728256
0.7125	3.0811332831
0.715	3.0817940967
0.7175	3.0824552659
0.72	3.0831167902
0.7225	3.0837786692
0.725	3.0844409024
0.7275	3.0851034894
0.73	3.0857664298
0.7325	3.0864297231
0.735	3.0870933688
0.7375	3.0877573665
0.74	3.0884217158
0.7425	3.0890864161
0.745	3.0897514672
0.7475	3.0904168684
0.75	3.0910826194
0.7525	3.0917487197
0.755	3.0924151690
0.7575	3.0930819666
0.76	3.0937491122
0.7625	3.0944166054
0.765	3.0950844457
0.7675	3.0957526326
0.77	3.0964211658
0.7725	3.0970900448
0.775	3.0977592691
0.7775	3.0984288382
0.78	3.0990987519
0.7825	3.0997690095
0.785	3.1004396108
0.7875	3.1011105551
0.79	3.1017818422
0.7925	3.1024534715
0.795	3.1031254427
0.7975	3.1037977552
0.8	3.1044704087
0.8025	3.1051434027
0.805	3.1058167368
0.8075	3.1064904105
0.81	3.1071644234
0.8125	3.1078387751
0.815	3.1085134651
0.8175	3.1091884930
0.82	3.1098638584
0.8225	3.1105395609
0.825	3.1112155999
0.8275	3.1118919751
0.83	3.1125686860
0.8325	3.1132457323
0.835	3.1139231134
0.8375	3.1146008290
0.84	3.1152788786
0.8425	3.1159572617
0.845	3.1166359781
0.8475	3.1173150271
0.85	3.1179944085
0.8525	3.1186741217
0.855	3.1193541664
0.8575	3.1200345421
0.86	3.1207152484
0.8625	3.1213962848
0.865	3.1220776510
0.8675	3.1227593465
0.87	3.1234413709
0.8725	3.1241237237
0.875	3.1248064046
0.8775	3.1254894132
0.88	3.1261727489
0.8825	3.1268564114
0.885	3.1275404002
0.8875	3.1282247150
0.89	3.1289093553
0.8925	3.1295943206
0.895	3.1302796107
0.8975	3.1309652249
0.9	3.1316511631
0.9025	3.1323374246
0.905	3.1330240091
0.9075	3.1337109162
0.91	3.1343981454
0.9125	3.1350856964
0.915	3.1357735688
0.9175	3.1364617620
0.92	3.1371502757
0.9225	3.1378391095
0.925	3.1385282629
0.9275	3.1392177356
0.93	3.1399075272
0.9325	3.1405976372
0.935	3.1412880651
0.9375	3.1419788107
0.94	3.1426698735
0.9425	3.1433612530
0.945	3.1440529489
0.9475	3.1447449607
0.95	3.1454372881
0.9525	3.1461299306
0.955	3.1468228879
0.9575	3.1475161595
0.96	3.1482097449
0.9625	3.1489036439
0.965	3.1495978560
0.9675	3.1502923807
0.97	3.1509872178
0.9725	3.1516823667
0.975	3.1523778271
0.9775	3.1530735986
0.98	3.1537696807
0.9825	3.1544660730
0.985	3.1551627753
0.9875	3.1558597870
0.99	3.1565571077
0.9925	3.1572547371
0.995	3.1579526747
0.9975	3.1586509202
1.0	3.1593494731
1.0025	3.1600483331
1.005	3.1607474997
1.0075	3.1614469726
1.01	3.1621467513
1.0125	3.1628468355
1.015	3.1635472247
1.0175	3.1642479186
1.02	3.1649489167
1.0225	3.1656502188
1.025	3.1663518243
1.0275	3.1670537328
1.03	3.1677559441
1.0325	3.1684584576
1.035	3.1691612730
1.0375	3.1698643899
1.04	3.1705678080
1.0425	3.1712715267
1.045	3.1719755458
1.0475	3.1726798648
1.05	3.1733844834
1.0525	3.1740894011
1.055	3.1747946175
1.0575	3.1755001324
1.06	3.1762059452
1.0625	3.1769120557
1.065	3.1776184633
1.0675	3.1783251678
1.07	3.1790321687
1.0725	3.1797394656
1.075	3.1804470583
1.0775	3.1811549462
1.08	3.1818631290
1.0825	3.1825716063
1.085	3.1832803777
1.0875	3.1839894429
1.09	3.1846988015
1.0925	3.1854084530
1.095	3.1861183971
1.0975	3.1868286335
1.1	3.1875391617
1.1025	3.1882499813
1.105	3.1889610920
1.1075	3.1896724934
1.11	3.1903841852
1.1125	3.1910961669
1.115	3.1918084381
1.1175	3.1925209986
1.12	3.1932338478
1.1225	3.1939469855
1.125	3.1946604113
1.1275	3.1953741247
1.13	3.1960881254
1.1325	3.1968024131
1.135	3.1975169873
1.1375	3.1982318478
1.14	3.1989469940
1.1425	3.1996624257
1.145	3.2003781425
1.1475	3.2010941439
1.15	3.2018104297
1.1525	3.2025269995
1.155	3.2032438529
1.1575	3.2039609894
1.16	3.2046784089
1.1625	3.2053961108
1.165	3.2061140948
1.1675	3.2068323606
1.17	3.2075509078
1.1725	3.2082697360
1.175	3.2089888449
1.1775	3.2097082340
1.18	3.2104279031
1.1825	3.2111478518
1.185	3.2118680796
1.1875	3.2125885863
1.19	3.2133093714
1.1925	3.2140304347
1.195	3.2147517757
1.1975	3.2154733941
1.2	3.2161952895
1.2025	3.2169174616
1.205	3.2176399100
1.2075	3.2183626344
1.21	3.2190856343
1.2125	3.2198089095
1.215	3.2205324596
1.2175	3.2212562842
1.22	3.2219803829
1.2225	3.2227047555
1.225	3.2234294015
1.2275	3.2241543206
1.23	3.2248795125
1.2325	3.2256049768
1.235	3.2263307131
1.2375	3.2270567210
1.24	3.2277830004
1.2425	3.2285095507
1.245	3.2292363716
1.2475	3.2299634628
1.25	3.2306908240
1.2525	3.2314184547
1.255	3.2321463546
1.2575	3.2328745235
1.26	3.2336029609
1.2625	3.2343316664
1.265	3.2350606399
1.2675	3.2357898808
1.27	3.2365193888
1.2725	3.2372491637
1.275	3.2379792050
1.2775	3.2387095125
1.28	3.2394400857
1.2825	3.2401709243
1.285	3.2409020280
1.2875	3.2416333965
1.29	3.2423650294
1.2925	3.2430969263
1.295	3.2438290870
1.2975	3.2445615110
1.3	3.2452941981
1.3025	3.2460271479
1.305	3.2467603600
1.3075	3.2474938341
1.31	3.2482275700
1.3125	3.2489615672
1.315	3.2496958254
1.3175	3.2504303443
1.32	3.2511651235
1.3225	3.2519001628
1.325	3.2526354617
1.3275	3.2533710199
1.33	3.2541068372
1.3325	3.2548429131
1.335	3.2555792474
1.3375	3.2563158396
1.34	3.2570526896
1.3425	3.2577897969
1.345	3.2585271612
1.3475	3.2592647822
1.35	3.2600026595
1.3525	3.2607407929
1.355	3.2614791820
1.3575	3.2622178265
1.36	3.2629567260
1.3625	3.2636958802
1.365	3.2644352888
1.3675	3.2651749515
1.37	3.2659148679
1.3725	3.2666550377
1.375	3.2673954607
1.3775	3.2681361364
1.38	3.2688770645
1.3825	3.2696182448
1.385	3.2703596769
1.3875	3.2711013605
1.39	3.2718432952
1.3925	3.2725854807
1.395	3.2733279168
1.3975	3.2740706031
1.4	3.2748135393
1.4025	3.2755567250
1.405	3.2763001600
1.4075	3.2770438439
1.41	3.2777877765
1.4125	3.2785319573
1.415	3.2792763861
1.4175	3.2800210626
1.42	3.2807659864
1.4225	3.2815111573
1.425	3.2822565749
1.4275	3.2830022389
1.43	3.2837481490
1.4325	3.2844943049
1.435	3.2852407062
1.4375	3.2859873528
1.44	3.2867342442
1.4425	3.2874813801
1.445	3.2882287603
1.4475	3.2889763844
1.45	3.2897242521
1.4525	3.2904723632
1.455	3.2912207172
1.4575	3.2919693139
1.46	3.2927181531
1.4625	3.2934672343
1.465	3.2942165573
1.4675	3.2949661218
1.47	3.2957159275
1.4725	3.2964659740
1.475	3.2972162611
1.4775	3.2979667884
1.48	3.2987175558
1.4825	3.2994685628
1.485	3.3002198091
1.4875	3.3009712945
1.49	3.3017230187
1.4925	3.3024749813
1.495	3.3032271821
1.4975	3.3039796208
1.5	3.3047322971
1.5025	3.3054852106
1.505	3.3062383611
1.5075	3.3069917482
1.51	3.3077453718
1.5125	3.3084992314
1.515	3.3092533268
1.5175	3.3100076578
1.52	3.3107622239
1.5225	3.3115170250
1.525	3.3122720607
1.5275	3.3130273307
1.53	3.3137828347
1.5325	3.3145385725
1.535	3.3152945438
1.5375	3.3160507482
1.54	3.3168071855
1.5425	3.3175638554
1.545	3.3183207576
1.5475	3.3190778919
1.55	3.3198352578
1.5525	3.3205928552
1.555	3.3213506838
1.5575	3.3221087432
1.56	3.3228670332
1.5625	3.3236255535
1.565	3.3243843039
1.5675	3.3251432840
1.57	3.3259024935
1.5725	3.3266619322
1.575	3.3274215998
1.5775	3.3281814960
1.58	3.3289416205
1.5825	3.3297019731
1.585	3.3304625535
1.5875	3.3312233613
1.59	3.3319843964
1.5925	3.3327456584
1.595	3.3335071470
1.5975	3.3342688620
1.6	3.3350308032
1.6025	3.3357929701
1.605	3.3365553627
1.6075	3.3373179805
1.61	3.3380808233
1.6125	3.3388438908
1.615	3.3396071828
1.6175	3.3403706990
1.62	3.3411344391
1.6225	3.3418984028
1.625	3.3426625899
1.6275	3.3434270001
1.63	3.3441916332
1.6325	3.3449564888
1.635	3.3457215667
1.6375	3.3464868666
1.64	3.3472523883
1.6425	3.3480181315
1.645	3.3487840959
1.6475	3.3495502813
1.65	3.3503166873
1.6525	3.3510833138
1.655	3.3518501605
1.6575	3.3526172270
1.66	3.3533845132
1.6625	3.3541520188
1.665	3.3549197435
1.6675	3.3556876870
1.67	3.3564558491
1.6725	3.3572242296
1.675	3.3579928281
1.6775	3.3587616444
1.68	3.3595306783
1.6825	3.3602999295
1.685	3.3610693977
1.6875	3.3618390826
1.69	3.3626089842
1.6925	3.3633791019
1.695	3.3641494357
1.6975	3.3649199852
1.7	3.3656907503
1.7025	3.3664617305
1.705	3.3672329258
1.7075	3.3680043358
1.71	3.3687759603
1.7125	3.3695477990
1.715	3.3703198517
1.7175	3.3710921181
1.72	3.3718645980
1.7225	3.3726372912
1.725	3.3734101973
1.7275	3.3741833162
1.73	3.3749566475
1.7325	3.3757301911
1.735	3.3765039467
1.7375	3.3772779140
1.74	3.3780520928
1.7425	3.3788264829
1.745	3.3796010839
1.7475	3.3803758958
1.75	3.3811509181
1.7525	3.3819261508
1.755	3.3827015934
1.7575	3.3834772459
1.76	3.3842531079
1.7625	3.3850291792
1.765	3.3858054596
1.7675	3.3865819488
1.77	3.3873586466
1.7725	3.3881355528
1.775	3.3889126670
1.7775	3.3896899892
1.78	3.3904675189
1.7825	3.3912452561
1.785	3.3920232004
1.7875	3.3928013517
1.79	3.3935797096
1.7925	3.3943582741
1.795	3.3951370447
1.7975	3.3959160213
1.8	3.3966952037
1.8025	3.3974745916
1.805	3.3982541848
1.8075	3.3990339831
1.81	3.3998139862
1.8125	3.4005941939
1.815	3.4013746060
1.8175	3.4021552222
1.82	3.4029360423
1.8225	3.4037170662
1.825	3.4044982934
1.8275	3.4052797239
1.83	3.4060613575
1.8325	3.4068431938
1.835	3.4076252326
1.8375	3.4084074738
1.84	3.4091899171
1.8425	3.4099725623
1.845	3.4107554091
1.8475	3.4115384574
1.85	3.4123217068
1.8525	3.4131051573
1.855	3.4138888086
1.8575	3.4146726604
1.86	3.4154567125
1.8625	3.4162409648
1.865	3.4170254169
1.8675	3.4178100687
1.87	3.4185949200
1.8725	3.4193799706
1.875	3.4201652201
1.8775	3.4209506685
1.88	3.4217363154
1.8825	3.4225221608
1.885	3.4233082043
1.8875	3.4240944458
1.89	3.4248808850
1.8925	3.4256675217
1.895	3.4264543557
1.8975	3.4272413869
1.9	3.4280286149
1.9025	3.4288160397
1.905	3.4296036609
1.9075	3.4303914783
1.91	3.4311794918
1.9125	3.4319677012
1.915	3.4327561062
1.9175	3.4335447066
1.92	3.4343335023
1.9225	3.4351224930
1.925	3.4359116785
1.9275	3.4367010586
1.93	3.4374906331
1.9325	3.4382804018
1.935	3.4390703646
1.9375	3.4398605211
1.94	3.4406508712
1.9425	3.4414414147
1.945	3.4422321514
1.9475	3.4430230811
1.95	3.4438142036
1.9525	3.4446055187
1.955	3.4453970261
1.9575	3.4461887258
1.96	3.4469806175
1.9625	3.4477727010
1.965	3.4485649760
1.9675	3.4493574425
1.97	3.4501501002
1.9725	3.4509429490
1.975	3.4517359885
1.9775	3.4525292187
1.98	3.4533226393
1.9825	3.4541162502
1.985	3.4549100512
1.9875	3.4557040420
1.99	3.4564982224
1.9925	3.4572925924
1.995	3.4580871517
1.9975	3.4588819000
2.0	3.4596768373
2.0025	3.4604719633
2.005	3.4612672778
2.0075	3.4620627807
2.01	3.4628584718
2.0125	3.4636543509
2.015	3.4644504177
2.0175	3.4652466722
2.02	3.4660431141
2.0225	3.4668397432
2.025	3.4676365594
2.0275	3.4684335625
2.03	3.4692307523
2.0325	3.4700281286
2.035	3.4708256913
2.0375	3.4716234401
2.04	3.4724213749
2.0425	3.4732194955
2.045	3.4740178017
2.0475	3.4748162933
2.05	3.4756149703
2.0525	3.4764138323
2.055	3.4772128792
2.0575	3.4780121109
2.06	3.4788115271
2.0625	3.4796111277
2.065	3.4804109126
2.0675	3.4812108815
2.07	3.4820110342
2.0725	3.4828113707
2.075	3.4836118907
2.0775	3.4844125940
2.08	3.4852134805
2.0825	3.4860145501
2.085	3.4868158025
2.0875	3.4876172376
2.09	3.4884188552
2.0925	3.4892206551
2.095	3.4900226372
2.0975	3.4908248014
2.1	3.4916271473
2.1025	3.4924296750
2.105	3.4932323842
2.1075	3.4940352747
2.11	3.4948383464
2.1125	3.4956415992
2.115	3.4964450328
2.1175	3.4972486471
2.12	3.4980524420
2.1225	3.4988564172
2.125	3.4996605727
2.1275	3.5004649083
2.13	3.5012694237
2.1325	3.5020741189
2.135	3.5028789937
2.1375	3.5036840479
2.14	3.5044892814
2.1425	3.5052946940
2.145	3.5061002856
2.1475	3.5069060560
2.15	3.5077120051
2.1525	3.5085181326
2.155	3.5093244385
2.1575	3.5101309227
2.16	3.5109375848
2.1625	3.5117444249
2.165	3.5125514427
2.1675	3.5133586381
2.17	3.5141660110
2.1725	3.5149735612
2.175	3.5157812885
2.1775	3.5165891928
2.18	3.5173972740
2.1825	3.5182055319
2.185	3.5190139663
2.1875	3.5198225772
2.19	3.5206313644
2.1925	3.5214403277
2.195	3.5222494670
2.1975	3.5230587821
2.2	3.5238682730
2.2025	3.5246779394
2.205	3.5254877812
2.2075	3.5262977983
2.21	3.5271079906
2.2125	3.5279183579
2.215	3.5287289000
2.2175	3.5295396169
2.22	3.5303505083
2.2225	3.5311615743
2.225	3.5319728145
2.2275	3.5327842289
2.23	3.5335958174
2.2325	3.5344075798
2.235	3.5352195159
2.2375	3.5360316258
2.24	3.5368439091
2.2425	3.5376563658
2.245	3.5384689958
2.2475	3.5392817989
2.25	3.5400947750
2.2525	3.5409079240
2.255	3.5417212457
2.2575	3.5425347400
2.26	3.5433484067
2.2625	3.5441622459
2.265	3.5449762573
2.2675	3.5457904407
2.27	3.5466047962
2.2725	3.5474193235
2.275	3.5482340225
2.2775	3.5490488931
2.28	3.5498639353
2.2825	3.5506791487
2.285	3.5514945335
2.2875	3.5523100893
2.29	3.5531258162
2.2925	3.5539417139
2.295	3.5547577824
2.2975	3.5555740215
2.3	3.5563904312
2.3025	3.5572070112
2.305	3.5580237616
2.3075	3.5588406821
2.31	3.5596577727
2.3125	3.5604750333
2.315	3.5612924637
2.3175	3.5621100638
2.32	3.5629278335
2.3225	3.5637457727
2.325	3.5645638813
2.3275	3.5653821591
2.33	3.5662006062
2.3325	3.5670192223
2.335	3.5678380073
2.3375	3.5686569612
2.34	3.5694760838
2.3425	3.5702953750
2.345	3.5711148348
2.3475	3.5719344630
2.35	3.5727542594
2.3525	3.5735742241
2.355	3.5743943569
2.3575	3.5752146577
2.36	3.5760351263
2.3625	3.5768557628
2.365	3.5776765670
2.3675	3.5784975387
2.37	3.5793186780
2.3725	3.5801399846
2.375	3.5809614585
2.3775	3.5817830997
2.38	3.5826049079
2.3825	3.5834268831
2.385	3.5842490253
2.3875	3.5850713342
2.39	3.5858938099
2.3925	3.5867164522
2.395	3.5875392611
2.3975	3.5883622363
2.4	3.5891853779
2.4025	3.5900086858
2.405	3.5908321598
2.4075	3.5916558000
2.41	3.5924796061
2.4125	3.5933035781
2.415	3.5941277159
2.4175	3.5949520194
2.42	3.5957764885
2.4225	3.5966011233
2.425	3.5974259234
2.4275	3.5982508890
2.43	3.5990760198
2.4325	3.5999013159
2.435	3.6007267771
2.4375	3.6015524033
2.44	3.6023781945
2.4425	3.6032041506
2.445	3.6040302715
2.4475	3.6048565571
2.45	3.6056830074
2.4525	3.6065096223
2.455	3.6073364016
2.4575	3.6081633453
2.46	3.6089904534
2.4625	3.6098177258
2.465	3.6106451623
2.4675	3.6114727630
2.47	3.6123005277
2.4725	3.6131284564
2.475	3.6139565490
2.4775	3.6147848054
2.48	3.6156132256
2.4825	3.6164418094
2.485	3.6172705569
2.4875	3.6180994679
2.49	3.6189285425
2.4925	3.6197577804
2.495	3.6205871817
2.4975	3.6214167463
2.5	3.6222464740
2.5025	3.6230763650
2.505	3.6239064190
2.5075	3.6247366361
2.51	3.6255670161
2.5125	3.6263975591
2.515	3.6272282649
2.5175	3.6280591335
2.52	3.6288901648
2.5225	3.6297213587
2.525	3.6305527153
2.5275	3.6313842345
2.53	3.6322159161
2.5325	3.6330477602
2.535	3.6338797667
2.5375	3.6347119355
2.54	3.6355442666
2.5425	3.6363767599
2.545	3.6372094154
2.5475	3.6380422330
2.55	3.6388752127
2.5525	3.6397083544
2.555	3.6405416581
2.5575	3.6413751237
2.56	3.6422087512
2.5625	3.6430425405
2.565	3.6438764916
2.5675	3.6447106044
2.57	3.6455448790
2.5725	3.6463793152
2.575	3.6472139130
2.5775	3.6480486723
2.58	3.6488835932
2.5825	3.6497186756
2.585	3.6505539194
2.5875	3.6513893246
2.59	3.6522248912
2.5925	3.6530606191
2.595	3.6538965083
2.5975	3.6547325588
2.6	3.6555687704
2.6025	3.6564051433
2.605	3.6572416773
2.6075	3.6580783724
2.61	3.6589152286
2.6125	3.6597522458
2.615	3.6605894241
2.6175	3.6614267633
2.62	3.6622642635
2.6225	3.6631019247
2.625	3.6639397467
2.6275	3.6647777296
2.63	3.6656158734
2.6325	3.6664541779
2.635	3.6672926433
2.6375	3.6681312695
2.64	3.6689700563
2.6425	3.6698090040
2.645	3.6706481123
2.6475	3.6714873813
2.65	3.6723268110
2.6525	3.6731664013
2.655	3.6740061522
2.6575	3.6748460637
2.66	3.6756861359
2.6625	3.6765263686
2.665	3.6773667618
2.6675	3.6782073156
2.67	3.6790480299
2.6725	3.6798889048
2.675	3.6807299401
2.6775	3.6815711359
2.68	3.6824124923
2.6825	3.6832540090
2.685	3.6840956863
2.6875	3.6849375240
2.69	3.6857795221
2.6925	3.6866216807
2.695	3.6874639997
2.6975	3.6883064791
2.7	3.6891491190
2.7025	3.6899919193
2.705	3.6908348800
2.7075	3.6916780011
2.71	3.6925212826
2.7125	3.6933647246
2.715	3.6942083269
2.7175	3.6950520897
2.72	3.6958960129
2.7225	3.6967400965
2.725	3.6975843405
2.7275	3.6984287450
2.73	3.6992733099
2.7325	3.7001180353
2.735	3.7009629211
2.7375	3.7018079673
2.74	3.7026531740
2.7425	3.7034985413
2.745	3.7043440690
2.7475	3.7051897572
2.75	3.7060356059
2.7525	3.7068816151
2.755	3.7077277849
2.7575	3.7085741152
2.76	3.7094206062
2.7625	3.7102672577
2.765	3.7111140698
2.7675	3.7119610425
2.77	3.7128081759
2.7725	3.7136554700
2.775	3.7145029247
2.7775	3.7153505402
2.78	3.7161983164
2.7825	3.7170462533
2.785	3.7178943511
2.7875	3.7187426096
2.79	3.7195910290
2.7925	3.7204396093
2.795	3.7212883504
2.7975	3.7221372525
2.8	3.7229863155
2.8025	3.7238355395
2.805	3.7246849245
2.8075	3.7255344706
2.81	3.7263841777
2.8125	3.7272340460
2.815	3.7280840754
2.8175	3.7289342660
2.82	3.7297846179
2.8225	3.7306351310
2.825	3.7314858054
2.8275	3.7323366412
2.83	3.7331876384
2.8325	3.7340387970
2.835	3.7348901171
2.8375	3.7357415987
2.84	3.7365932419
2.8425	3.7374450467
2.845	3.7382970131
2.8475	3.7391491413
2.85	3.7400014312
2.8525	3.7408538829
2.855	3.7417064965
2.8575	3.7425592720
2.86	3.7434122095
2.8625	3.7442653090
2.865	3.7451185705
2.8675	3.7459719942
2.87	3.7468255801
2.8725	3.7476793283
2.875	3.7485332387
2.8775	3.7493873115
2.88	3.7502415468
2.8825	3.7510959445
2.885	3.7519505048
2.8875	3.7528052277
2.89	3.7536601133
2.8925	3.7545151616
2.895	3.7553703728
2.8975	3.7562257468
2.9	3.7570812838
2.9025	3.7579369838
2.905	3.7587928469
2.9075	3.7596488732
2.91	3.7605050627
2.9125	3.7613614156
2.915	3.7622179318
2.9175	3.7630746115
2.92	3.7639314548
2.9225	3.7647884617
2.925	3.7656456322
2.9275	3.7665029666
2.93	3.7673604649
2.9325	3.7682181271
2.935	3.7690759533
2.9375	3.7699339437
2.94	3.7707920982
2.9425	3.7716504171
2.945	3.7725089003
2.9475	3.7733675481
2.95	3.7742263603
2.9525	3.7750853373
2.955	3.7759444790
2.9575	3.7768037855
2.96	3.7776632570
2.9625	3.7785228935
2.965	3.7793826951
2.9675	3.7802426620
2.97	3.7811027942
2.9725	3.7819630919
2.975	3.7828235551
2.9775	3.7836841839
2.98	3.7845449784
2.9825	3.7854059388
2.985	3.7862670652
2.9875	3.7871283576
2.99	3.7879898162
2.9925	3.7888514411
2.995	3.7897132323
2.9975	3.7905751901
3.0	3.7914373145
3.0025	3.7922996056
3.005	3.7931620636
3.0075	3.7940246885
3.01	3.7948874806
3.0125	3.7957504398
3.015	3.7966135664
3.0175	3.7974768604
3.02	3.7983403219
3.0225	3.7992039512
3.025	3.8000677483
3.0275	3.8009317134
3.03	3.8017958465
3.0325	3.8026601478
3.035	3.8035246175
3.0375	3.8043892556
3.04	3.8052540624
3.0425	3.8061190379
3.045	3.8069841822
3.0475	3.8078494956
3.05	3.8087149781
3.0525	3.8095806299
3.055	3.8104464512
3.0575	3.8113124420
3.06	3.8121786025
3.0625	3.8130449329
3.065	3.8139114333
3.0675	3.8147781039
3.07	3.8156449447
3.0725	3.8165119560
3.075	3.8173791380
3.0775	3.8182464906
3.08	3.8191140142
3.0825	3.8199817089
3.085	3.8208495748
3.0875	3.8217176120
3.09	3.8225858209
3.0925	3.8234542014
3.095	3.8243227538
3.0975	3.8251914782
3.1	3.8260603748
3.1025	3.8269294438
3.105	3.8277986853
3.1075	3.8286680995
3.11	3.8295376865
3.1125	3.8304074467
3.115	3.8312773800
3.1175	3.8321474867
3.12	3.8330177670
3.1225	3.8338882210
3.125	3.8347588490
3.1275	3.8356296511
3.13	3.8365006274
3.1325	3.8373717783
3.135	3.8382431038
3.1375	3.8391146041
3.14	3.8399862795
3.1425	3.8408581301
3.145	3.8417301561
3.1475	3.8426023577
3.15	3.8434747351
3.1525	3.8443472885
3.155	3.8452200181
3.1575	3.8460929241
3.16	3.8469660067
3.1625	3.8478392661
3.165	3.8487127025
3.1675	3.8495863161
3.17	3.8504601071
3.1725	3.8513340757
3.175	3.8522082222
3.1775	3.8530825467
3.18	3.8539570494
3.1825	3.8548317306
3.185	3.8557065905
3.1875	3.8565816293
3.19	3.8574568473
3.1925	3.8583322445
3.195	3.8592078214
3.1975	3.8600835780
3.2	3.8609595146
3.2025	3.8618356315
3.205	3.8627119289
3.2075	3.8635884069
3.21	3.8644650660
3.2125	3.8653419061
3.215	3.8662189277
3.2175	3.8670961310
3.22	3.8679735161
3.2225	3.8688510833
3.225	3.8697288330
3.2275	3.8706067652
3.23	3.8714848803
3.2325	3.8723631785
3.235	3.8732416601
3.2375	3.8741203253
3.24	3.8749991744
3.2425	3.8758782075
3.245	3.8767574251
3.2475	3.8776368273
3.25	3.8785164144
3.2525	3.8793961867
3.255	3.8802761444
3.2575	3.8811562878
3.26	3.8820366172
3.2625	3.8829171328
3.265	3.8837978349
3.2675	3.8846787238
3.27	3.8855597998
3.2725	3.8864410631
3.275	3.8873225140
3.2775	3.8882041528
3.28	3.8890859798
3.2825	3.8899679952
3.285	3.8908501995
3.2875	3.8917325927
3.29	3.8926151753
3.2925	3.8934979476
3.295	3.8943809097
3.2975	3.8952640621
3.3	3.8961474051
3.3025	3.8970309388
3.305	3.8979146637
3.3075	3.8987985800
3.31	3.8996826881
3.3125	3.9005669882
3.315	3.9014514807
3.3175	3.9023361659
3.32	3.9032210441
3.3225	3.9041061156
3.325	3.9049913808
3.3275	3.9058768399
3.33	3.9067624933
3.3325	3.9076483413
3.335	3.9085343842
3.3375	3.9094206225
3.34	3.9103070563
3.3425	3.9111936861
3.345	3.9120805122
3.3475	3.9129675350
3.35	3.9138547546
3.3525	3.9147421717
3.355	3.9156297863
3.3575	3.9165175990
3.36	3.9174056101
3.3625	3.9182938198
3.365	3.9191822287
3.3675	3.9200708370
3.37	3.9209596451
3.3725	3.9218486533
3.375	3.9227378621
3.3775	3.9236272718
3.38	3.9245168828
3.3825	3.9254066954
3.385	3.9262967100
3.3875	3.9271869271
3.39	3.9280773469
3.3925	3.9289679698
3.395	3.9298587964
3.3975	3.9307498268
3.4	3.9316410617
3.4025	3.9325325012
3.405	3.9334241458
3.4075	3.9343159960
3.41	3.9352080521
3.4125	3.9361003145
3.415	3.9369927837
3.4175	3.9378854600
3.42	3.9387783439
3.4225	3.9396714358
3.425	3.9405647360
3.4275	3.9414582450
3.43	3.9423519633
3.4325	3.9432458913
3.435	3.9441400293
3.4375	3.9450343779
3.44	3.9459289374
3.4425	3.9468237083
3.445	3.9477186911
3.4475	3.9486138861
3.45	3.9495092939
3.4525	3.9504049148
3.455	3.9513007494
3.4575	3.9521967980
3.46	3.9530930612
3.4625	3.9539895393
3.465	3.9548862330
3.4675	3.9557831425
3.47	3.9566802685
3.4725	3.9575776113
3.475	3.9584751715
3.4775	3.9593729495
3.48	3.9602709459
3.4825	3.9611691610
3.485	3.9620675954
3.4875	3.9629662496
3.49	3.9638651240
3.4925	3.9647642192
3.495	3.9656635357
3.4975	3.9665630740
3.5	3.9674628345
3.5025	3.9683628179
3.505	3.9692630245
3.5075	3.9701634550
3.51	3.9710641098
3.5125	3.9719649895
3.515	3.9728660946
3.5175	3.9737674256
3.52	3.9746689831
3.5225	3.9755707677
3.525	3.9764727797
3.5275	3.9773750199
3.53	3.9782774887
3.5325	3.9791801867
3.535	3.9800831144
3.5375	3.9809862725
3.54	3.9818896615
3.5425	3.9827932819
3.545	3.9836971343
3.5475	3.9846012193
3.55	3.9855055375
3.5525	3.9864100894
3.555	3.9873148757
3.5575	3.9882198969
3.56	3.9891251537
3.5625	3.9900306465
3.565	3.9909363761
3.5675	3.9918423431
3.57	3.9927485480
3.5725	3.9936549914
3.575	3.9945616740
3.5775	3.9954685964
3.58	3.9963757593
3.5825	3.9972831632
3.585	3.9981908088
3.5875	3.9990986967
3.59	4.0000068276
3.5925	4.0009152021
3.595	4.0018238210
3.5975	4.0027326847
3.6	4.0036417940
3.6025	4.0045511496
3.605	4.0054607521
3.6075	4.0063706023
3.61	4.0072807007
3.6125	4.0081910481
3.615	4.0091016451
3.6175	4.0100124925
3.62	4.0109235909
3.6225	4.0118349411
3.625	4.0127465437
3.6275	4.0136583995
3.63	4.0145705091
3.6325	4.0154828734
3.635	4.0163954930
3.6375	4.0173083687
3.64	4.0182215011
3.6425	4.0191348911
3.645	4.0200485394
3.6475	4.0209624467
3.65	4.0218766138
3.6525	4.0227910415
3.655	4.0237057304
3.6575	4.0246206815
3.66	4.0255358955
3.6625	4.0264513730
3.665	4.0273671151
3.6675	4.0282831223
3.67	4.0291993956
3.6725	4.0301159358
3.675	4.0310327436
3.6775	4.0319498198
3.68	4.0328671654
3.6825	4.0337847810
3.685	4.0347026676
3.6875	4.0356208260
3.69	4.0365392570
3.6925	4.0374579615
3.695	4.0383769403
3.6975	4.0392961944
3.7	4.0402157245
3.7025	4.0411355315
3.705	4.0420556164
3.7075	4.0429759800
3.71	4.0438966232
3.7125	4.0448175469
3.715	4.0457387520
3.7175	4.0466602394
3.72	4.0475820101
3.7225	4.0485040650
3.725	4.0494264050
3.7275	4.0503490310
3.73	4.0512719440
3.7325	4.0521951449
3.735	4.0531186347
3.7375	4.0540424144
3.74	4.0549664850
3.7425	4.0558908474
3.745	4.0568155026
3.7475	4.0577404516
3.75	4.0586656954
3.7525	4.0595912350
3.755	4.0605170715
3.7575	4.0614432058
3.76	4.0623696390
3.7625	4.0632963722
3.765	4.0642234063
3.7675	4.0651507425
3.77	4.0660783818
3.7725	4.0670063252
3.775	4.0679345739
3.7775	4.0688631290
3.78	4.0697919914
3.7825	4.0707211624
3.785	4.0716506431
3.7875	4.0725804345
3.79	4.0735105378
3.7925	4.0744409542
3.795	4.0753716847
3.7975	4.0763027306
3.8	4.0772340930
3.8025	4.0781657730
3.805	4.0790977719
3.8075	4.0800300908
3.81	4.0809627310
3.8125	4.0818956937
3.815	4.0828289800
3.8175	4.0837625912
3.82	4.0846965285
3.8225	4.0856307932
3.825	4.0865653866
3.8275	4.0875003099
3.83	4.0884355643
3.8325	4.0893711512
3.835	4.0903070719
3.8375	4.0912433276
3.84	4.0921799198
3.8425	4.0931168496
3.845	4.0940541186
3.8475	4.0949917279
3.85	4.0959296790
3.8525	4.0968679732
3.855	4.0978066119
3.8575	4.0987455966
3.86	4.0996849285
3.8625	4.1006246092
3.865	4.1015646401
3.8675	4.1025050226
3.87	4.1034457581
3.8725	4.1043868481
3.875	4.1053282941
3.8775	4.1062700976
3.88	4.1072122600
3.8825	4.1081547830
3.885	4.1090976679
3.8875	4.1100409164
3.89	4.1109845300
3.8925	4.1119285103
3.895	4.1128728588
3.8975	4.1138175771
3.9	4.1147626669
3.9025	4.1157081297
3.905	4.1166539672
3.9075	4.1176001811
3.91	4.1185467729
3.9125	4.1194937444
3.915	4.1204410972
3.9175	4.1213888331
3.92	4.1223369538
3.9225	4.1232854609
3.925	4.1242343563
3.9275	4.1251836418
3.93	4.1261333190
3.9325	4.1270833898
3.935	4.1280338561
3.9375	4.1289847195
3.94	4.1299359820
3.9425	4.1308876455
3.945	4.1318397118
3.9475	4.1327921827
3.95	4.1337450603
3.9525	4.1346983465
3.955	4.1356520431
3.9575	4.1366061522
3.96	4.1375606757
3.9625	4.1385156157
3.965	4.1394709741
3.9675	4.1404267531
3.97	4.1413829546
3.9725	4.1423395807
3.975	4.1432966336
3.9775	4.1442541153
3.98	4.1452120280
3.9825	4.1461703738
3.985	4.1471291550
3.9875	4.1480883736
3.99	4.1490480321
3.9925	4.1500081325
3.995	4.1509686771
3.9975	4.1519296683
4.0	4.1528911083
4.0025	4.1538529995
4.005	4.1548153442
4.0075	4.1557781449
4.01	4.1567414038
4.0125	4.1577051235
4.015	4.1586693063
4.0175	4.1596339548
4.02	4.1605990715
4.0225	4.1615646588
4.025	4.1625307194
4.0275	4.1634972558
4.03	4.1644642707
4.0325	4.1654317665
4.035	4.1663997461
4.0375	4.1673682121
4.04	4.1683371672
4.0425	4.1693066142
4.045	4.1702765557
4.0475	4.1712469948
4.05	4.1722179341
4.0525	4.1731893765
4.055	4.1741613250
4.0575	4.1751337824
4.06	4.1761067517
4.0625	4.1770802360
4.065	4.1780542381
4.0675	4.1790287613
4.07	4.1800038085
4.0725	4.1809793830
4.075	4.1819554878
4.0775	4.1829321262
4.08	4.1839093014
4.0825	4.1848870167
4.085	4.1858652754
4.0875	4.1868440808
4.09	4.1878234363
4.0925	4.1888033454
4.095	4.1897838115
4.0975	4.1907648381
4.1	4.1917464288
4.1025	4.1927285872
4.105	4.1937113168
4.1075	4.1946946215
4.11	4.1956785048
4.1125	4.1966629707
4.115	4.1976480228
4.1175	4.1986336651
4.12	4.1996199014
4.1225	4.2006067358
4.125	4.2015941722
4.1275	4.2025822147
4.13	4.2035708675
4.1325	4.2045601346
4.135	4.2055500203
4.1375	4.2065405289
4.14	4.2075316647
4.1425	4.2085234321
4.145	4.2095158355
4.1475	4.2105088795
4.15	4.2115025686
4.1525	4.2124969074
4.155	4.2134919006
4.1575	4.2144875530
4.16	4.2154838694
4.1625	4.2164808547
4.165	4.2174785138
4.1675	4.2184768518
4.17	4.2194758737
4.1725	4.2204755848
4.175	4.2214759902
4.1775	4.2224770953
4.18	4.2234789054
4.1825	4.2244814261
4.185	4.2254846628
4.1875	4.2264886213
4.19	4.2274933073
4.1925	4.2284987264
4.195	4.2295048848
4.1975	4.2305117882
4.2	4.2315194429
4.2025	4.2325278549
4.205	4.2335370305
4.2075	4.2345469762
4.21	4.2355576983
4.2125	4.2365692035
4.215	4.2375814984
4.2175	4.2385945897
4.22	4.2396084845
4.2225	4.2406231897
4.225	4.2416387123
4.2275	4.2426550598
4.23	4.2436722394
4.2325	4.2446902586
4.235	4.2457091251
4.2375	4.2467288467
4.24	4.2477494311
4.2425	4.2487708865
4.245	4.2497932210
4.2475	4.2508164429
4.25	4.2518405607
4.2525	4.2528655832
4.255	4.2538915189
4.2575	4.2549183769
4.26	4.2559461664
4.2625	4.2569748966
4.265	4.2580045770
4.2675	4.2590352173
4.27	4.2600668272
4.2725	4.2610994170
4.275	4.2621329967
4.2775	4.2631675770
4.28	4.2642031683
4.2825	4.2652397818
4.285	4.2662774283
4.2875	4.2673161194
4.29	4.2683558667
4.2925	4.2693966819
4.295	4.2704385771
4.2975	4.2714815649
4.3	4.2725256578
4.3025	4.2735708687
4.305	4.2746172109
4.3075	4.2756646980
4.31	4.2767133438
4.3125	4.2777631625
4.315	4.2788141687
4.3175	4.2798663772
4.32	4.2809198033
4.3225	4.2819744627
4.325	4.2830303714
4.3275	4.2840875458
4.33	4.2851460028
4.3325	4.2862057598
4.335	4.2872668345
4.3375	4.2883292453
4.34	4.2893930109
4.3425	4.2904581506
4.345	4.2915246843
4.3475	4.2925926324
4.35	4.2936620160
4.3525	4.2947328566
4.355	4.2958051767
4.3575	4.2968789993
4.36	4.2979543480
4.3625	4.2990312474
4.365	4.3001097227
4.3675	4.3011898000
4.37	4.3022715064
4.3725	4.3033548697
4.375	4.3044399188
4.3775	4.3055266836
4.38	4.3066151952
4.3825	4.3077054857
4.385	4.3087975884
4.3875	4.3098915380
4.39	4.3109873705
4.3925	4.3120851234
4.395	4.3131848356
4.3975	4.3142865477
4.4	4.3153903023
4.4025	4.3164961435
4.405	4.3176041177
4.4075	4.3187142731
4.41	4.3198266607
4.4125	4.3209413335
4.415	4.3220583474
4.4175	4.3231777613
4.42	4.3242996370
4.4225	4.3254240398
4.425	4.3265510388
4.4275	4.3276807070
4.43	4.3288131219
4.4325	4.3299483657
4.435	4.3310865262
4.4375	4.3322276969
4.44	4.3333719780
4.4425	4.3345194769
4.445	4.3356703092
4.4475	4.3368245997
4.45	4.3379824836
4.4525	4.3391441080
4.455	4.3403096333
4.4575	4.3414792358
4.46	4.3426531096
4.4625	4.3438314704
4.465	4.3450145588
4.4675	4.3462026455
4.47	4.3473960378
4.4725	4.3485950878
4.475	4.3498002042
4.4775	4.3510118673
4.48	4.3522306520
4.4825	4.3534572607
4.485	4.3546925752
4.4875	4.3559377422
4.49	4.3571943277
4.4925	4.3584646309
4.495	4.3597524504
4.4975	4.3610657439
4.5	4.3624808245
4.5025	4.3639972860
4.505	4.3655385106
4.5075	4.3670964223
4.51	4.3686671331
4.5125	4.3702482739
4.515	4.3718382197
4.5175	4.3734357727
4.52	4.3750400070
4.5225	4.3766501801
4.525	4.3782656815
4.5275	4.3798859979
4.53	4.3815106913
4.5325	4.3831393817
4.535	4.3847717366
4.5375	4.3864074613
4.54	4.3880462934
4.5425	4.3896879964
4.545	4.3913323570
4.5475	4.3929791804
4.55	4.3946282892
4.5525	4.3962795200
4.555	4.3979327224
4.5575	4.3995877568
4.56	4.4012444941
4.5625	4.4029028135
4.565	4.4045626028
4.5675	4.4062237562
4.57	4.4078861751
4.5725	4.4095497661
4.575	4.4112144419
4.5775	4.4128801194
4.58	4.4145467205
4.5825	4.4162141707
4.585	4.4178823998
4.5875	4.4195513408
4.59	4.4212209301
4.5925	4.4228911070
4.595	4.4245618137
4.5975	4.4262329948
4.6	4.4279045979
4.6025	4.4295765720
4.605	4.4312488692
4.6075	4.4329214428
4.61	4.4345942485
4.6125	4.4362672435
4.615	4.4379403868
4.6175	4.4396136390
4.62	4.4412869621
4.6225	4.4429603196
4.625	4.4446336762
4.6275	4.4463069980
4.63	4.4479802523
4.6325	4.4496534075
4.635	4.4513264331
4.6375	4.4529992995
4.64	4.4546719784
4.6425	4.4563444421
4.645	4.4580166641
4.6475	4.4596886185
4.65	4.4613602804
4.6525	4.4630316256
4.655	4.4647026307
4.6575	4.4663732729
4.66	4.4680435303
4.6625	4.4697133814
4.665	4.4713828056
4.6675	4.4730517827
4.67	4.4747202932
4.6725	4.4763883182
4.675	4.4780558392
4.6775	4.4797228383
4.68	4.4813892983
4.6825	4.4830552020
4.685	4.4847205331
4.6875	4.4863852756
4.69	4.4880494140
4.6925	4.4897129331
4.695	4.4913758183
4.6975	4.4930380550
4.7	4.4946996295
4.7025	4.4963605281
4.705	4.4980207376
4.7075	4.4996802450
4.71	4.5013390379
4.7125	4.5029971040
4.715	4.5046544314
4.7175	4.5063110084
4.72	4.5079668238
4.7225	4.5096218664
4.725	4.5112761256
4.7275	4.5129295907
4.73	4.5145822517
4.7325	4.5162340984
4.735	4.5178851212
4.7375	4.5195353105
4.74	4.5211846571
4.7425	4.5228331519
4.745	4.5244807861
4.7475	4.5261275511
4.75	4.5277734384
4.7525	4.5294184399
4.755	4.5310625475
4.7575	4.5327057535
4.76	4.5343480501
4.7625	4.5359894300
4.765	4.5376298859
4.7675	4.5392694105
4.77	4.5409079971
4.7725	4.5425456389
4.775	4.5441823291
4.7775	4.5458180614
4.78	4.5474528295
4.7825	4.5490866271
4.785	4.5507194483
4.7875	4.5523512872
4.79	4.5539821380
4.7925	4.5556119952
4.795	4.5572408532
4.7975	4.5588687068
4.8	4.5604955506
4.8025	4.5621213797
4.805	4.5637461889
4.8075	4.5653699735
4.81	4.5669927287
4.8125	4.5686144498
4.815	4.5702351324
4.8175	4.5718547719
4.82	4.5734733642
4.8225	4.5750909048
4.825	4.5767073898
4.8275	4.5783228151
4.83	4.5799371768
4.8325	4.5815504710
4.835	4.5831626940
4.8375	4.5847738421
4.84	4.5863839118
4.8425	4.5879928996
4.845	4.5896008021
4.8475	4.5912076159
4.85	4.5928133379
4.8525	4.5944179648
4.855	4.5960214936
4.8575	4.5976239213
4.86	4.5992252450
4.8625	4.6008254617
4.865	4.6024245688
4.8675	4.6040225634
4.87	4.6056194430
4.8725	4.6072152048
4.875	4.6088098466
4.8775	4.6104033656
4.88	4.6119957597
4.8825	4.6135870264
4.885	4.6151771634
4.8875	4.6167661687
4.89	4.6183540399
4.8925	4.6199407750
4.895	4.6215263721
4.8975	4.6231108289
4.9	4.6246941438
4.9025	4.6262763147
4.905	4.6278573399
4.9075	4.6294372176
4.91	4.6310159460
4.9125	4.6325935234
4.915	4.6341699483
4.9175	4.6357452191
4.92	4.6373193342
4.9225	4.6388922922
4.925	4.6404640915
4.9275	4.6420347308
4.93	4.6436042088
4.9325	4.6451725241
4.935	4.6467396754
4.9375	4.6483056615
4.94	4.6498704813
4.9425	4.6514341335
4.945	4.6529966171
4.9475	4.6545579309
4.95	4.6561180740
4.9525	4.6576770453
4.955	4.6592348439
4.9575	4.6607914688
4.96	4.6623469191
4.9625	4.6639011940
4.965	4.6654542927
4.9675	4.6670062143
4.97	4.6685569581
4.9725	4.6701065233
4.975	4.6716549094
4.9775	4.6732021154
4.98	4.6747481410
4.9825	4.6762929853
4.985	4.6778366480
4.9875	4.6793791283
4.99	4.6809204258
4.9925	4.6824605400
4.995	4.6839994704
4.9975	4.6855372166
5.0	4.6870737782
