0.0	6.6276391511
0.002	6.6276356994
0.004	6.6276322432
0.006	6.6276287807
0.008	6.6276253118
0.01	6.6276218369
0.012	6.6276183561
0.014	6.6276148696
0.016	6.6276113776
0.018	6.6276078803
0.02	6.6276043778
0.022	6.6276008704
0.024	6.6275973582
0.026	6.6275938415
0.028	6.6275903205
0.03	6.6275867953
0.032	6.6275832662
0.034	6.6275797334
0.036	6.6275761971
0.038	6.6275726575
0.04	6.6275691148
0.042	6.6275655693
0.044	6.6275620212
0.046	6.6275584707
0.048	6.6275549180
0.05	6.6275513634
0.052	6.6275478070
0.054	6.6275442493
0.056	6.6275406902
0.058	6.6275371303
0.06	6.6275335695
0.062	6.6275300083
0.064	6.6275264469
0.066	6.6275228855
0.068	6.6275193244
0.07	6.6275157638
0.072	6.6275122040
0.074	6.6275086453
0.076	6.6275050879
0.078	6.6275015321
0.08	6.6274979783
0.082	6.6274944265
0.084	6.6274908773
0.086	6.6274873308
0.088	6.6274837872
0.09	6.6274802471
0.092	6.6274767105
0.094	6.6274731778
0.096	6.6274696493
0.098	6.6274661253
0.1	6.6274626061
0.102	6.6274590921
0.104	6.6274555835
0.106	6.6274520806
0.108	6.6274485838
0.11	6.6274450934
0.112	6.6274416098
0.114	6.6274381332
0.116	6.6274346639
0.118	6.6274312024
0.12	6.6274277490
0.122	6.6274243039
0.124	6.6274208676
0.126	6.6274174404
0.128	6.6274140227
0.13	6.6274106148
0.132	6.6274072170
0.134	6.6274038298
0.136	6.6274004535
0.138	6.6273970885
0.14	6.6273937351
0.142	6.6273903938
0.144	6.6273870649
0.146	6.6273837488
0.148	6.6273804458
0.15	6.6273771565
0.152	6.6273738811
0.154	6.6273706202
0.156	6.6273673740
0.158	6.6273641430
0.16	6.6273609276
0.162	6.6273577282
0.164	6.6273545453
0.166	6.6273513793
0.168	6.6273482305
0.17	6.6273450995
0.172	6.6273419866
0.174	6.6273388924
0.176	6.6273358172
0.178	6.6273327615
0.18	6.6273297257
0.182	6.6273267103
0.184	6.6273237158
0.186	6.6273207426
0.188	6.6273177912
0.19	6.6273148621
0.192	6.6273119557
0.194	6.6273090725
0.196	6.6273062130
0.198	6.6273033777
0.2	6.6273005671
0.202	6.6272977817
0.204	6.6272950219
0.206	6.6272922884
0.208	6.6272895815
0.21	6.6272869018
0.212	6.6272842498
0.214	6.6272816261
0.216	6.6272790312
0.218	6.6272764655
0.22	6.6272739297
0.222	6.6272714242
0.224	6.6272689497
0.226	6.6272665066
0.228	6.6272640956
0.23	6.6272617171
0.232	6.6272593717
0.234	6.6272570600
0.236	6.6272547826
0.238	6.6272525401
0.24	6.6272503329
0.242	6.6272481617
0.244	6.6272460272
0.246	6.6272439298
0.248	6.6272418702
0.25	6.6272398489
0.252	6.6272378666
0.254	6.6272359240
0.256	6.6272340215
0.258	6.6272321598
0.26	6.6272303396
0.262	6.6272285614
0.264	6.6272268260
0.266	6.6272251339
0.268	6.6272234858
0.27	6.6272218823
0.272	6.6272203241
0.274	6.6272188118
0.276	6.6272173461
0.278	6.6272159276
0.28	6.6272145571
0.282	6.6272132352
0.284	6.6272119626
0.286	6.6272107399
0.288	6.6272095678
0.29	6.6272084472
0.292	6.6272073785
0.294	6.6272063626
0.296	6.6272054001
0.298	6.6272044918
0.3	6.6272036383
0.302	6.6272028405
0.304	6.6272020989
0.306	6.6272014144
0.308	6.6272007877
0.31	6.6272002194
0.312	6.6271997105
0.314	6.6271992615
0.316	6.6271988733
0.318	6.6271985467
0.32	6.6271982823
0.322	6.6271980809
0.324	6.6271979433
0.326	6.6271978704
0.328	6.6271978628
0.33	6.6271979213
0.332	6.6271980469
0.334	6.6271982401
0.336	6.6271985019
0.338	6.6271988330
0.34	6.6271992342
0.342	6.6271997065
0.344	6.6272002504
0.346	6.6272008670
0.348	6.6272015570
0.35	6.6272023213
0.352	6.6272031606
0.354	6.6272040759
0.356	6.6272050679
0.358	6.6272061375
0.36	6.6272072856
0.362	6.6272085130
0.364	6.6272098206
0.366	6.6272112093
0.368	6.6272126798
0.37	6.6272142332
0.372	6.6272158702
0.374	6.6272175918
0.376	6.6272193988
0.378	6.6272212921
0.38	6.6272232727
0.382	6.6272253414
0.384	6.6272274991
0.386	6.6272297467
0.388	6.6272320851
0.39	6.6272345154
0.392	6.6272370382
0.394	6.6272396547
0.396	6.6272423657
0.398	6.6272451722
0.4	6.6272480750
0.402	6.6272510752
0.404	6.6272541736
0.406	6.6272573713
0.408	6.6272606691
0.41	6.6272640680
0.412	6.6272675690
0.414	6.6272711730
0.416	6.6272748810
0.418	6.6272786939
0.42	6.6272826128
0.422	6.6272866386
0.424	6.6272907723
0.426	6.6272950148
0.428	6.6272993671
0.43	6.6273038303
0.432	6.6273084053
0.434	6.6273130931
0.436	6.6273178947
0.438	6.6273228111
0.44	6.6273278432
0.442	6.6273329922
0.444	6.6273382590
0.446	6.6273436446
0.448	6.6273491500
0.45	6.6273547763
0.452	6.6273605244
0.454	6.6273663954
0.456	6.6273723903
0.458	6.6273785100
0.46	6.6273847558
0.462	6.6273911285
0.464	6.6273976291
0.466	6.6274042588
0.468	6.6274110186
0.47	6.6274179094
0.472	6.6274249324
0.474	6.6274320885
0.476	6.6274393788
0.478	6.6274468043
0.48	6.6274543661
0.482	6.6274620652
0.484	6.6274699027
0.486	6.6274778796
0.488	6.6274859970
0.49	6.6274942558
0.492	6.6275026571
0.494	6.6275112021
0.496	6.6275198917
0.498	6.6275287269
0.5	6.6275377089
0.502	6.6275468386
0.504	6.6275561172
0.506	6.6275655456
0.508	6.6275751249
0.51	6.6275848562
0.512	6.6275947405
0.514	6.6276047788
0.516	6.6276149722
0.518	6.6276253218
0.52	6.6276358285
0.522	6.6276464935
0.524	6.6276573177
0.526	6.6276683022
0.528	6.6276794481
0.53	6.6276907563
0.532	6.6277022279
0.534	6.6277138640
0.536	6.6277256655
0.538	6.6277376336
0.54	6.6277497691
0.542	6.6277620732
0.544	6.6277745469
0.546	6.6277871911
0.548	6.6278000069
0.55	6.6278129954
0.552	6.6278261574
0.554	6.6278394941
0.556	6.6278530064
0.558	6.6278666953
0.56	6.6278805619
0.562	6.6278946070
0.564	6.6279088317
0.566	6.6279232370
0.568	6.6279378239
0.57	6.6279525932
0.572	6.6279675461
0.574	6.6279826834
0.576	6.6279980061
0.578	6.6280135151
0.58	6.6280292115
0.582	6.6280450961
0.584	6.6280611699
0.586	6.6280774338
0.588	6.6280938887
0.59	6.6281105356
0.592	6.6281273753
0.594	6.6281444088
0.596	6.6281616369
0.598	6.6281790605
0.6	6.6281966806
0.602	6.6282144980
0.604	6.6282325136
0.606	6.6282507281
0.608	6.6282691425
0.61	6.6282877577
0.612	6.6283065743
0.614	6.6283255934
0.616	6.6283448156
0.618	6.6283642418
0.62	6.6283838728
0.622	6.6284037093
0.624	6.6284237522
0.626	6.6284440022
0.628	6.6284644601
0.63	6.6284851266
0.632	6.6285060025
0.634	6.6285270884
0.636	6.6285483852
0.638	6.6285698934
0.64	6.6285916138
0.642	6.6286135471
0.644	6.6286356940
0.646	6.6286580550
0.648	6.6286806309
0.65	6.6287034223
0.652	6.6287264297
0.654	6.6287496539
0.656	6.6287730953
0.658	6.6287967547
0.66	6.6288206325
0.662	6.6288447293
0.664	6.6288690456
0.666	6.6288935820
0.668	6.6289183390
0.67	6.6289433170
0.672	6.6289685167
0.674	6.6289939383
0.676	6.6290195825
0.678	6.6290454495
0.68	6.6290715399
0.682	6.6290978540
0.684	6.6291243923
0.686	6.6291511551
0.688	6.6291781428
0.69	6.6292053557
0.692	6.6292327941
0.694	6.6292604584
0.696	6.6292883488
0.698	6.6293164657
0.7	6.6293448092
0.702	6.6293733796
0.704	6.6294021771
0.706	6.6294312020
0.708	6.6294604544
0.71	6.6294899345
0.712	6.6295196424
0.714	6.6295495783
0.716	6.6295797423
0.718	6.6296101344
0.72	6.6296407548
0.722	6.6296716035
0.724	6.6297026804
0.726	6.6297339858
0.728	6.6297655194
0.73	6.6297972814
0.732	6.6298292716
0.734	6.6298614901
0.736	6.6298939366
0.738	6.6299266111
0.74	6.6299595135
0.742	6.6299926436
0.744	6.6300260013
0.746	6.6300595863
0.748	6.6300933984
0.75	6.6301274375
0.752	6.6301617032
0.754	6.6301961952
0.756	6.6302309133
0.758	6.6302658572
0.76	6.6303010265
0.762	6.6303364208
0.764	6.6303720397
0.766	6.6304078829
0.768	6.6304439499
0.77	6.6304802402
0.772	6.6305167534
0.774	6.6305534889
0.776	6.6305904463
0.778	6.6306276249
0.78	6.6306650243
0.782	6.6307026437
0.784	6.6307404827
0.786	6.6307785405
0.788	6.6308168166
0.79	6.6308553101
0.792	6.6308940204
0.794	6.6309329469
0.796	6.6309720886
0.798	6.6310114448
0.8	6.6310510148
0.802	6.6310907976
0.804	6.6311307926
0.806	6.6311709986
0.808	6.6312114150
0.81	6.6312520407
0.812	6.6312928749
0.814	6.6313339164
0.816	6.6313751645
0.818	6.6314166179
0.82	6.6314582758
0.822	6.6315001370
0.824	6.6315422005
0.826	6.6315844651
0.828	6.6316269297
0.83	6.6316695932
0.832	6.6317124544
0.834	6.6317555121
0.836	6.6317987651
0.838	6.6318422121
0.84	6.6318858519
0.842	6.6319296831
0.844	6.6319737045
0.846	6.6320179147
0.848	6.6320623124
0.85	6.6321068962
0.852	6.6321516646
0.854	6.6321966164
0.856	6.6322417500
0.858	6.6322870639
0.86	6.6323325567
0.862	6.6323782269
0.864	6.6324240730
0.866	6.6324700933
0.868	6.6325162864
0.87	6.6325626506
0.872	6.6326091844
0.874	6.6326558860
0.876	6.6327027539
0.878	6.6327497864
0.88	6.6327969817
0.882	6.6328443383
0.884	6.6328918543
0.886	6.6329395280
0.888	6.6329873576
0.89	6.6330353415
0.892	6.6330834777
0.894	6.6331317644
0.896	6.6331801999
0.898	6.6332287822
0.9	6.6332775095
0.902	6.6333263799
0.904	6.6333753915
0.906	6.6334245424
0.908	6.6334738307
0.91	6.6335232543
0.912	6.6335728114
0.914	6.6336224999
0.916	6.6336723179
0.918	6.6337222633
0.92	6.6337723342
0.922	6.6338225284
0.924	6.6338728440
0.926	6.6339232789
0.928	6.6339738309
0.93	6.6340244981
0.932	6.6340752782
0.934	6.6341261693
0.936	6.6341771691
0.938	6.6342282755
0.94	6.6342794865
0.942	6.6343307997
0.944	6.6343822132
0.946	6.6344337246
0.948	6.6344853319
0.95	6.6345370327
0.952	6.6345888250
0.954	6.6346407065
0.956	6.6346926750
0.958	6.6347447282
0.96	6.6347968640
0.962	6.6348490801
0.964	6.6349013743
0.966	6.6349537443
0.968	6.6350061879
0.97	6.6350587029
0.972	6.6351112869
0.974	6.6351639379
0.976	6.6352166535
0.978	6.6352694316
0.98	6.6353222698
0.982	6.6353751662
0.984	6.6354281184
0.986	6.6354811243
0.988	6.6355341820
0.99	6.6355872893
0.992	6.6356404443
0.994	6.6356936453
0.996	6.6357468906
0.998	6.6358001786
1.0	6.6358535083
1.002	6.6359068788
1.004	6.6359602900
1.006	6.6360137417
1.008	6.6360672339
1.01	6.6361207668
1.012	6.6361743401
1.014	6.6362279539
1.016	6.6362816081
1.018	6.6363353028
1.02	6.6363890379
1.022	6.6364428134
1.024	6.6364966293
1.026	6.6365504855
1.028	6.6366043821
1.03	6.6366583190
1.032	6.6367122961
1.034	6.6367663136
1.036	6.6368203712
1.038	6.6368744691
1.04	6.6369286072
1.042	6.6369827855
1.044	6.6370370039
1.046	6.6370912624
1.048	6.6371455611
1.05	6.6371998999
1.052	6.6372542787
1.054	6.6373086976
1.056	6.6373631565
1.058	6.6374176554
1.06	6.6374721943
1.062	6.6375267731
1.064	6.6375813919
1.066	6.6376360506
1.068	6.6376907492
1.07	6.6377454876
1.072	6.6378002660
1.074	6.6378550841
1.076	6.6379099421
1.078	6.6379648398
1.08	6.6380197774
1.082	6.6380747546
1.084	6.6381297716
1.086	6.6381848283
1.088	6.6382399246
1.09	6.6382950607
1.092	6.6383502363
1.094	6.6384054516
1.096	6.6384607065
1.098	6.6385160009
1.1	6.6385713349
1.102	6.6386267084
1.104	6.6386821215
1.106	6.6387375740
1.108	6.6387930660
1.11	6.6388485974
1.112	6.6389041683
1.114	6.6389597785
1.116	6.6390154282
1.118	6.6390711172
1.12	6.6391268455
1.122	6.6391826131
1.124	6.6392384201
1.126	6.6392942663
1.128	6.6393501518
1.13	6.6394060765
1.132	6.6394620404
1.134	6.6395180435
1.136	6.6395740858
1.138	6.6396301672
1.14	6.6396862877
1.142	6.6397424474
1.144	6.6397986461
1.146	6.6398548839
1.148	6.6399111607
1.15	6.6399674766
1.152	6.6400238315
1.154	6.6400802253
1.156	6.6401366581
1.158	6.6401931298
1.16	6.6402496404
1.162	6.6403061900
1.164	6.6403627784
1.166	6.6404194056
1.168	6.6404760717
1.17	6.6405327766
1.172	6.6405895203
1.174	6.6406463028
1.176	6.6407031240
1.178	6.6407599839
1.18	6.6408168825
1.182	6.6408738198
1.184	6.6409307958
1.186	6.6409878105
1.188	6.6410448637
1.19	6.6411019555
1.192	6.6411590860
1.194	6.6412162550
1.196	6.6412734625
1.198	6.6413307085
1.2	6.6413879931
1.202	6.6414453161
1.204	6.6415026776
1.206	6.6415600775
1.208	6.6416175158
1.21	6.6416749925
1.212	6.6417325076
1.214	6.6417900610
1.216	6.6418476528
1.218	6.6419052829
1.22	6.6419629513
1.222	6.6420206579
1.224	6.6420784028
1.226	6.6421361859
1.228	6.6421940073
1.23	6.6422518668
1.232	6.6423097645
1.234	6.6423677003
1.236	6.6424256743
1.238	6.6424836863
1.24	6.6425417365
1.242	6.6425998247
1.244	6.6426579510
1.246	6.6427161153
1.248	6.6427743176
1.25	6.6428325578
1.252	6.6428908361
1.254	6.6429491523
1.256	6.6430075064
1.258	6.6430658984
1.26	6.6431243283
1.262	6.6431827960
1.264	6.6432413016
1.266	6.6432998450
1.268	6.6433584263
1.27	6.6434170453
1.272	6.6434757020
1.274	6.6435343965
1.276	6.6435931287
1.278	6.6436518987
1.28	6.6437107063
1.282	6.6437695515
1.284	6.6438284344
1.286	6.6438873550
1.288	6.6439463131
1.29	6.6440053088
1.292	6.6440643421
1.294	6.6441234129
1.296	6.6441825212
1.298	6.6442416671
1.3	6.6443008504
1.302	6.6443600711
1.304	6.6444193294
1.306	6.6444786250
1.308	6.6445379580
1.31	6.6445973284
1.312	6.6446567362
1.314	6.6447161814
1.316	6.6447756638
1.318	6.6448351835
1.32	6.6448947406
1.322	6.6449543349
1.324	6.6450139664
1.326	6.6450736352
1.328	6.6451333411
1.33	6.6451930843
1.332	6.6452528646
1.334	6.6453126821
1.336	6.6453725367
1.338	6.6454324283
1.34	6.6454923571
1.342	6.6455523230
1.344	6.6456123259
1.346	6.6456723658
1.348	6.6457324427
1.35	6.6457925566
1.352	6.6458527075
1.354	6.6459128954
1.356	6.6459731202
1.358	6.6460333818
1.36	6.6460936804
1.362	6.6461540159
1.364	6.6462143882
1.366	6.6462747973
1.368	6.6463352433
1.37	6.6463957260
1.372	6.6464562455
1.374	6.6465168018
1.376	6.6465773948
1.378	6.6466380246
1.38	6.6466986910
1.382	6.6467593941
1.384	6.6468201339
1.386	6.6468809104
1.388	6.6469417234
1.39	6.6470025731
1.392	6.6470634593
1.394	6.6471243821
1.396	6.6471853415
1.398	6.6472463373
1.4	6.6473073697
1.402	6.6473684386
1.404	6.6474295440
1.406	6.6474906858
1.408	6.6475518640
1.41	6.6476130787
1.412	6.6476743297
1.414	6.6477356172
1.416	6.6477969410
1.418	6.6478583011
1.42	6.6479196976
1.422	6.6479811303
1.424	6.6480425994
1.426	6.6481041047
1.428	6.6481656462
1.43	6.6482272240
1.432	6.6482888380
1.434	6.6483504882
1.436	6.6484121745
1.438	6.6484738970
1.44	6.6485356557
1.442	6.6485974505
1.444	6.6486592813
1.446	6.6487211483
1.448	6.6487830513
1.45	6.6488449903
1.452	6.6489069654
1.454	6.6489689764
1.456	6.6490310235
1.458	6.6490931065
1.46	6.6491552255
1.462	6.6492173805
1.464	6.6492795713
1.466	6.6493417980
1.468	6.6494040606
1.47	6.6494663591
1.472	6.6495286934
1.474	6.6495910635
1.476	6.6496534695
1.478	6.6497159112
1.48	6.6497783887
1.482	6.6498409020
1.484	6.6499034510
1.486	6.6499660357
1.488	6.6500286561
1.49	6.6500913121
1.492	6.6501540039
1.494	6.6502167313
1.496	6.6502794943
1.498	6.6503422929
1.5	6.6504051271
1.502	6.6504679969
1.504	6.6505309022
1.506	6.6505938431
1.508	6.6506568195
1.51	6.6507198314
1.512	6.6507828788
1.514	6.6508459616
1.516	6.6509090799
1.518	6.6509722336
1.52	6.6510354227
1.522	6.6510986473
1.524	6.6511619072
1.526	6.6512252025
1.528	6.6512885331
1.53	6.6513518990
1.532	6.6514153003
1.534	6.6514787368
1.536	6.6515422086
1.538	6.6516057157
1.54	6.6516692580
1.542	6.6517328355
1.544	6.6517964482
1.546	6.6518600961
1.548	6.6519237792
1.55	6.6519874975
1.552	6.6520512508
1.554	6.6521150393
1.556	6.6521788629
1.558	6.6522427216
1.56	6.6523066153
1.562	6.6523705441
1.564	6.6524345079
1.566	6.6524985068
1.568	6.6525625406
1.57	6.6526266094
1.572	6.6526907132
1.574	6.6527548519
1.576	6.6528190256
1.578	6.6528832341
1.58	6.6529474776
1.582	6.6530117559
1.584	6.6530760691
1.586	6.6531404172
1.588	6.6532048001
1.59	6.6532692177
1.592	6.6533336702
1.594	6.6533981575
1.596	6.6534626795
1.598	6.6535272363
1.6	6.6535918278
1.602	6.6536564540
1.604	6.6537211149
1.606	6.6537858105
1.608	6.6538505407
1.61	6.6539153056
1.612	6.6539801052
1.614	6.6540449393
1.616	6.6541098080
1.618	6.6541747113
1.62	6.6542396492
1.622	6.6543046216
1.624	6.6543696286
1.626	6.6544346701
1.628	6.6544997460
1.63	6.6545648565
1.632	6.6546300014
1.634	6.6546951808
1.636	6.6547603946
1.638	6.6548256428
1.64	6.6548909254
1.642	6.6549562424
1.644	6.6550215938
1.646	6.6550869795
1.648	6.6551523996
1.65	6.6552178540
1.652	6.6552833427
1.654	6.6553488656
1.656	6.6554144229
1.658	6.6554800144
1.66	6.6555456402
1.662	6.6556113001
1.664	6.6556769943
1.666	6.6557427227
1.668	6.6558084853
1.67	6.6558742820
1.672	6.6559401129
1.674	6.6560059779
1.676	6.6560718770
1.678	6.6561378102
1.68	6.6562037775
1.682	6.6562697789
1.684	6.6563358143
1.686	6.6564018838
1.688	6.6564679873
1.69	6.6565341247
1.692	6.6566002962
1.694	6.6566665017
1.696	6.6567327411
1.698	6.6567990145
1.7	6.6568653218
1.702	6.6569316630
1.704	6.6569980381
1.706	6.6570644471
1.708	6.6571308900
1.71	6.6571973667
1.712	6.6572638773
1.714	6.6573304216
1.716	6.6573969998
1.718	6.6574636118
1.72	6.6575302576
1.722	6.6575969371
1.724	6.6576636504
1.726	6.6577303974
1.728	6.6577971781
1.73	6.6578639926
1.732	6.6579308407
1.734	6.6579977225
1.736	6.6580646379
1.738	6.6581315870
1.74	6.6581985698
1.742	6.6582655861
1.744	6.6583326361
1.746	6.6583997196
1.748	6.6584668367
1.75	6.6585339874
1.752	6.6586011716
1.754	6.6586683893
1.756	6.6587356405
1.758	6.6588029253
1.76	6.6588702435
1.762	6.6589375952
1.764	6.6590049804
1.766	6.6590723989
1.768	6.6591398510
1.77	6.6592073364
1.772	6.6592748552
1.774	6.6593424074
1.776	6.6594099930
1.778	6.6594776119
1.78	6.6595452642
1.782	6.6596129498
1.784	6.6596806687
1.786	6.6597484209
1.788	6.6598162064
1.79	6.6598840252
1.792	6.6599518772
1.794	6.6600197625
1.796	6.6600876810
1.798	6.6601556327
1.8	6.6602236176
1.802	6.6602916357
1.804	6.6603596870
1.806	6.6604277714
1.808	6.6604958890
1.81	6.6605640397
1.812	6.6606322235
1.814	6.6607004404
1.816	6.6607686904
1.818	6.6608369735
1.82	6.6609052897
1.822	6.6609736389
1.824	6.6610420211
1.826	6.6611104364
1.828	6.6611788846
1.83	6.6612473659
1.832	6.6613158802
1.834	6.6613844274
1.836	6.6614530076
1.838	6.6615216207
1.84	6.6615902667
1.842	6.6616589457
1.844	6.6617276576
1.846	6.6617964023
1.848	6.6618651799
1.85	6.6619339904
1.852	6.6620028338
1.854	6.6620717099
1.856	6.6621406190
1.858	6.6622095608
1.86	6.6622785354
1.862	6.6623475428
1.864	6.6624165829
1.866	6.6624856559
1.868	6.6625547615
1.87	6.6626238999
1.872	6.6626930711
1.874	6.6627622749
1.876	6.6628315114
1.878	6.6629007806
1.88	6.6629700825
1.882	6.6630394170
1.884	6.6631087842
1.886	6.6631781840
1.888	6.6632476165
1.89	6.6633170815
1.892	6.6633865791
1.894	6.6634561093
1.896	6.6635256721
1.898	6.6635952675
1.9	6.6636648953
1.902	6.6637345558
1.904	6.6638042487
1.906	6.6638739741
1.908	6.6639437321
1.91	6.6640135225
1.912	6.6640833454
1.914	6.6641532007
1.916	6.6642230885
1.918	6.6642930087
1.92	6.6643629614
1.922	6.6644329464
1.924	6.6645029639
1.926	6.6645730137
1.928	6.6646430960
1.93	6.6647132105
1.932	6.6647833575
1.934	6.6648535367
1.936	6.6649237483
1.938	6.6649939923
1.94	6.6650642685
1.942	6.6651345770
1.944	6.6652049178
1.946	6.6652752908
1.948	6.6653456961
1.95	6.6654161337
1.952	6.6654866035
1.954	6.6655571055
1.956	6.6656276397
1.958	6.6656982061
1.96	6.6657688047
1.962	6.6658394355
1.964	6.6659100985
1.966	6.6659807936
1.968	6.6660515208
1.97	6.6661222802
1.972	6.6661930717
1.974	6.6662638953
1.976	6.6663347510
1.978	6.6664056388
1.98	6.6664765586
1.982	6.6665475106
1.984	6.6666184945
1.986	6.6666895106
1.988	6.6667605586
1.99	6.6668316387
1.992	6.6669027508
1.994	6.6669738949
1.996	6.6670450709
1.998	6.6671162790
2.0	6.6671875190
2.002	6.6672587909
2.004	6.6673300949
2.006	6.6674014307
2.008	6.6674727985
2.01	6.6675441982
2.012	6.6676156297
2.014	6.6676870932
2.016	6.6677585886
2.018	6.6678301158
2.02	6.6679016749
2.022	6.6679732658
2.024	6.6680448886
2.026	6.6681165432
2.028	6.6681882296
2.03	6.6682599478
2.032	6.6683316979
2.034	6.6684034797
2.036	6.6684752933
2.038	6.6685471387
2.04	6.6686190158
2.042	6.6686909246
2.044	6.6687628652
2.046	6.6688348376
2.048	6.6689068416
2.05	6.6689788774
2.052	6.6690509448
2.054	6.6691230440
2.056	6.6691951748
2.058	6.6692673373
2.06	6.6693395314
2.062	6.6694117572
2.064	6.6694840147
2.066	6.6695563037
2.068	6.6696286244
2.07	6.6697009767
2.072	6.6697733606
2.074	6.6698457761
2.076	6.6699182232
2.078	6.6699907018
2.08	6.6700632120
2.082	6.6701357538
2.084	6.6702083271
2.086	6.6702809319
2.088	6.6703535683
2.09	6.6704262361
2.092	6.6704989355
2.094	6.6705716664
2.096	6.6706444288
2.098	6.6707172226
2.1	6.6707900480
2.102	6.6708629047
2.104	6.6709357930
2.106	6.6710087127
2.108	6.6710816638
2.11	6.6711546463
2.112	6.6712276603
2.114	6.6713007056
2.116	6.6713737824
2.118	6.6714468905
2.12	6.6715200301
2.122	6.6715932010
2.124	6.6716664032
2.126	6.6717396369
2.128	6.6718129018
2.13	6.6718861982
2.132	6.6719595258
2.134	6.6720328848
2.136	6.6721062750
2.138	6.6721796966
2.14	6.6722531495
2.142	6.6723266337
2.144	6.6724001491
2.146	6.6724736958
2.148	6.6725472738
2.15	6.6726208831
2.152	6.6726945235
2.154	6.6727681953
2.156	6.6728418982
2.158	6.6729156324
2.16	6.6729893978
2.162	6.6730631944
2.164	6.6731370222
2.166	6.6732108812
2.168	6.6732847713
2.17	6.6733586927
2.172	6.6734326452
2.174	6.6735066289
2.176	6.6735806437
2.178	6.6736546897
2.18	6.6737287668
2.182	6.6738028750
2.184	6.6738770144
2.186	6.6739511848
2.188	6.6740253864
2.19	6.6740996191
2.192	6.6741738829
2.194	6.6742481777
2.196	6.6743225036
2.198	6.6743968606
2.2	6.6744712487
2.202	6.6745456678
2.204	6.6746201180
2.206	6.6746945992
2.208	6.6747691114
2.21	6.6748436547
2.212	6.6749182290
2.214	6.6749928343
2.216	6.6750674706
2.218	6.6751421379
2.22	6.6752168362
2.222	6.6752915654
2.224	6.6753663257
2.226	6.6754411169
2.228	6.6755159391
2.23	6.6755907923
2.232	6.6756656764
2.234	6.6757405914
2.236	6.6758155374
2.238	6.6758905143
2.24	6.6759655221
2.242	6.6760405609
2.244	6.6761156305
2.246	6.6761907311
2.248	6.6762658626
2.25	6.6763410249
2.252	6.6764162182
2.254	6.6764914423
2.256	6.6765666973
2.258	6.6766419832
2.26	6.6767172999
2.262	6.6767926475
2.264	6.6768680259
2.266	6.6769434352
2.268	6.6770188753
2.27	6.6770943463
2.272	6.6771698480
2.274	6.6772453806
2.276	6.6773209440
2.278	6.6773965382
2.28	6.6774721632
2.282	6.6775478190
2.284	6.6776235056
2.286	6.6776992230
2.288	6.6777749712
2.29	6.6778507501
2.292	6.6779265598
2.294	6.6780024003
2.296	6.6780782715
2.298	6.6781541735
2.3	6.6782301062
2.302	6.6783060697
2.304	6.6783820638
2.306	6.6784580888
2.308	6.6785341444
2.31	6.6786102308
2.312	6.6786863479
2.314	6.6787624957
2.316	6.6788386742
2.318	6.6789148834
2.32	6.6789911233
2.322	6.6790673938
2.324	6.6791436951
2.326	6.6792200271
2.328	6.6792963897
2.33	6.6793727830
2.332	6.6794492069
2.334	6.6795256615
2.336	6.6796021468
2.338	6.6796786627
2.34	6.6797552093
2.342	6.6798317865
2.344	6.6799083944
2.346	6.6799850328
2.348	6.6800617020
2.35	6.6801384017
2.352	6.6802151320
2.354	6.6802918930
2.356	6.6803686846
2.358	6.6804455068
2.36	6.6805223596
2.362	6.6805992430
2.364	6.6806761570
2.366	6.6807531015
2.368	6.6808300767
2.37	6.6809070824
2.372	6.6809841188
2.374	6.6810611856
2.376	6.6811382831
2.378	6.6812154111
2.38	6.6812925697
2.382	6.6813697589
2.384	6.6814469786
2.386	6.6815242289
2.388	6.6816015097
2.39	6.6816788210
2.392	6.6817561629
2.394	6.6818335354
2.396	6.6819109383
2.398	6.6819883718
2.4	6.6820658359
2.402	6.6821433304
2.404	6.6822208555
2.406	6.6822984111
2.408	6.6823759972
2.41	6.6824536138
2.412	6.6825312609
2.414	6.6826089385
2.416	6.6826866466
2.418	6.6827643853
2.42	6.6828421544
2.422	6.6829199540
2.424	6.6829977841
2.426	6.6830756447
2.428	6.6831535358
2.43	6.6832314573
2.432	6.6833094094
2.434	6.6833873919
2.436	6.6834654048
2.438	6.6835434483
2.44	6.6836215222
2.442	6.6836996266
2.444	6.6837777615
2.446	6.6838559268
2.448	6.6839341225
2.45	6.6840123488
2.452	6.6840906054
2.454	6.6841688926
2.456	6.6842472101
2.458	6.6843255582
2.46	6.6844039366
2.462	6.6844823455
2.464	6.6845607849
2.466	6.6846392547
2.468	6.6847177549
2.47	6.6847962856
2.472	6.6848748467
2.474	6.6849534382
2.476	6.6850320601
2.478	6.6851107125
2.48	6.6851893953
2.482	6.6852681086
2.484	6.6853468522
2.486	6.6854256263
2.488	6.6855044308
2.49	6.6855832657
2.492	6.6856621310
2.494	6.6857410268
2.496	6.6858199529
2.498	6.6858989095
2.5	6.6859778965
2.502	6.6860569139
2.504	6.6861359617
2.506	6.6862150399
2.508	6.6862941485
2.51	6.6863732875
2.512	6.6864524569
2.514	6.6865316568
2.516	6.6866108870
2.518	6.6866901476
2.52	6.6867694387
2.522	6.6868487601
2.524	6.6869281119
2.526	6.6870074942
2.528	6.6870869068
2.53	6.6871663498
2.532	6.6872458232
2.534	6.6873253270
2.536	6.6874048612
2.538	6.6874844259
2.54	6.6875640209
2.542	6.6876436463
2.544	6.6877233020
2.546	6.6878029882
2.548	6.6878827048
2.55	6.6879624518
2.552	6.6880422291
2.554	6.6881220369
2.556	6.6882018751
2.558	6.6882817436
2.56	6.6883616425
2.562	6.6884415719
2.564	6.6885215316
2.566	6.6886015217
2.568	6.6886815422
2.57	6.6887615931
2.572	6.6888416744
2.574	6.6889217861
2.576	6.6890019282
2.578	6.6890821007
2.58	6.6891623036
2.582	6.6892425369
2.584	6.6893228006
2.586	6.6894030946
2.588	6.6894834191
2.59	6.6895637740
2.592	6.6896441593
2.594	6.6897245749
2.596	6.6898050210
2.598	6.6898854975
2.6	6.6899660044
2.602	6.6900465417
2.604	6.6901271094
2.606	6.6902077075
2.608	6.6902883360
2.61	6.6903689949
2.612	6.6904496843
2.614	6.6905304040
2.616	6.6906111542
2.618	6.6906919348
2.62	6.6907727457
2.622	6.6908535872
2.624	6.6909344590
2.626	6.6910153612
2.628	6.6910962939
2.63	6.6911772570
2.632	6.6912582505
2.634	6.6913392745
2.636	6.6914203289
2.638	6.6915014137
2.64	6.6915825289
2.642	6.6916636746
2.644	6.6917448507
2.646	6.6918260573
2.648	6.6919072943
2.65	6.6919885618
2.652	6.6920698597
2.654	6.6921511880
2.656	6.6922325468
2.658	6.6923139360
2.66	6.6923953557
2.662	6.6924768059
2.664	6.6925582865
2.666	6.6926397976
2.668	6.6927213391
2.67	6.6928029112
2.672	6.6928845137
2.674	6.6929661466
2.676	6.6930478101
2.678	6.6931295040
2.68	6.6932112284
2.682	6.6932929833
2.684	6.6933747686
2.686	6.6934565845
2.688	6.6935384309
2.69	6.6936203077
2.692	6.6937022151
2.694	6.6937841529
2.696	6.6938661213
2.698	6.6939481202
2.7	6.6940301496
2.702	6.6941122095
2.704	6.6941942999
2.706	6.6942764209
2.708	6.6943585724
2.71	6.6944407544
2.712	6.6945229669
2.714	6.6946052100
2.716	6.6946874837
2.718	6.6947697878
2.72	6.6948521226
2.722	6.6949344879
2.724	6.6950168837
2.726	6.6950993101
2.728	6.6951817671
2.73	6.6952642546
2.732	6.6953467728
2.734	6.6954293215
2.736	6.6955119007
2.738	6.6955945106
2.74	6.6956771511
2.742	6.6957598222
2.744	6.6958425238
2.746	6.6959252561
2.748	6.6960080190
2.75	6.6960908125
2.752	6.6961736366
2.754	6.6962564913
2.756	6.6963393767
2.758	6.6964222927
2.76	6.6965052394
2.762	6.6965882166
2.764	6.6966712246
2.766	6.6967542632
2.768	6.6968373324
2.77	6.6969204324
2.772	6.6970035630
2.774	6.6970867242
2.776	6.6971699162
2.778	6.6972531388
2.78	6.6973363921
2.782	6.6974196762
2.784	6.6975029909
2.786	6.6975863363
2.788	6.6976697125
2.79	6.6977531194
2.792	6.6978365569
2.794	6.6979200253
2.796	6.6980035243
2.798	6.6980870542
2.8	6.6981706147
2.802	6.6982542060
2.804	6.6983378281
2.806	6.6984214810
2.808	6.6985051646
2.81	6.6985888790
2.812	6.6986726242
2.814	6.6987564001
2.816	6.6988402069
2.818	6.6989240445
2.82	6.6990079129
2.822	6.6990918121
2.824	6.6991757422
2.826	6.6992597031
2.828	6.6993436948
2.83	6.6994277173
2.832	6.6995117708
2.834	6.6995958550
2.836	6.6996799702
2.838	6.6997641162
2.84	6.6998482931
2.842	6.6999325009
2.844	6.7000167396
2.846	6.7001010092
2.848	6.7001853097
2.85	6.7002696411
2.852	6.7003540034
2.854	6.7004383967
2.856	6.7005228209
2.858	6.7006072761
2.86	6.7006917622
2.862	6.7007762793
2.864	6.7008608273
2.866	6.7009454064
2.868	6.7010300164
2.87	6.7011146574
2.872	6.7011993294
2.874	6.7012840325
2.876	6.7013687665
2.878	6.7014535316
2.88	6.7015383277
2.882	6.7016231549
2.884	6.7017080131
2.886	6.7017929024
2.888	6.7018778227
2.89	6.7019627741
2.892	6.7020477566
2.894	6.7021327702
2.896	6.7022178150
2.898	6.7023028908
2.9	6.7023879977
2.902	6.7024731358
2.904	6.7025583050
2.906	6.7026435054
2.908	6.7027287369
2.91	6.7028139996
2.912	6.7028992934
2.914	6.7029846185
2.916	6.7030699747
2.918	6.7031553622
2.92	6.7032407809
2.922	6.7033262307
2.924	6.7034117119
2.926	6.7034972242
2.928	6.7035827678
2.93	6.7036683427
2.932	6.7037539489
2.934	6.7038395863
2.936	6.7039252550
2.938	6.7040109551
2.94	6.7040966864
2.942	6.7041824491
2.944	6.7042682431
2.946	6.7043540684
2.948	6.7044399251
2.95	6.7045258131
2.952	6.7046117326
2.954	6.7046976834
2.956	6.7047836656
2.958	6.7048696792
2.96	6.7049557242
2.962	6.7050418007
2.964	6.7051279086
2.966	6.7052140479
2.968	6.7053002187
2.97	6.7053864210
2.972	6.7054726547
2.974	6.7055589200
2.976	6.7056452167
2.978	6.7057315450
2.98	6.7058179048
2.982	6.7059042962
2.984	6.7059907190
2.986	6.7060771735
2.988	6.7061636595
2.99	6.7062501771
2.992	6.7063367263
2.994	6.7064233071
2.996	6.7065099196
2.998	6.7065965636
3.0	6.7066832393
3.002	6.7067699467
3.004	6.7068566857
3.006	6.7069434564
3.008	6.7070302589
3.01	6.7071170930
3.012	6.7072039588
3.014	6.7072908564
3.016	6.7073777857
3.018	6.7074647467
3.02	6.7075517396
3.022	6.7076387642
3.024	6.7077258206
3.026	6.7078129088
3.028	6.7079000288
3.03	6.7079871807
3.032	6.7080743644
3.034	6.7081615800
3.036	6.7082488274
3.038	6.7083361067
3.04	6.7084234180
3.042	6.7085107611
3.044	6.7085981362
3.046	6.7086855432
3.048	6.7087729821
3.05	6.7088604531
3.052	6.7089479560
3.054	6.7090354909
3.056	6.7091230578
3.058	6.7092106567
3.06	6.7092982877
3.062	6.7093859507
3.064	6.7094736458
3.066	6.7095613730
3.068	6.7096491322
3.07	6.7097369236
3.072	6.7098247471
3.074	6.7099126027
3.076	6.7100004905
3.078	6.7100884105
3.08	6.7101763626
3.082	6.7102643469
3.084	6.7103523635
3.086	6.7104404123
3.088	6.7105284933
3.09	6.7106166065
3.092	6.7107047521
3.094	6.7107929299
3.096	6.7108811400
3.098	6.7109693825
3.1	6.7110576573
3.102	6.7111459644
3.104	6.7112343039
3.106	6.7113226758
3.108	6.7114110801
3.11	6.7114995167
3.112	6.7115879859
3.114	6.7116764874
3.116	6.7117650215
3.118	6.7118535880
3.12	6.7119421870
3.122	6.7120308185
3.124	6.7121194825
3.126	6.7122081791
3.128	6.7122969082
3.13	6.7123856699
3.132	6.7124744642
3.134	6.7125632912
3.136	6.7126521507
3.138	6.7127410429
3.14	6.7128299678
3.142	6.7129189253
3.144	6.7130079155
3.146	6.7130969385
3.148	6.7131859941
3.15	6.7132750826
3.152	6.7133642037
3.154	6.7134533577
3.156	6.7135425445
3.158	6.7136317641
3.16	6.7137210165
3.162	6.7138103018
3.164	6.7138996199
3.166	6.7139889710
3.168	6.7140783549
3.17	6.7141677718
3.172	6.7142572217
3.174	6.7143467045
3.176	6.7144362202
3.178	6.7145257690
3.18	6.7146153508
3.182	6.7147049657
3.184	6.7147946136
3.186	6.7148842945
3.188	6.7149740086
3.19	6.7150637558
3.192	6.7151535361
3.194	6.7152433496
3.196	6.7153331963
3.198	6.7154230761
3.2	6.7155129892
3.202	6.7156029354
3.204	6.7156929150
3.206	6.7157829278
3.208	6.7158729739
3.21	6.7159630533
3.212	6.7160531661
3.214	6.7161433122
3.216	6.7162334917
3.218	6.7163237045
3.22	6.7164139508
3.222	6.7165042305
3.224	6.7165945437
3.226	6.7166848903
3.228	6.7167752705
3.23	6.7168656842
3.232	6.7169561313
3.234	6.7170466121
3.236	6.7171371264
3.238	6.7172276744
3.24	6.7173182559
3.242	6.7174088712
3.244	6.7174995200
3.246	6.7175902026
3.248	6.7176809189
3.25	6.7177716689
3.252	6.7178624526
3.254	6.7179532702
3.256	6.7180441215
3.258	6.7181350066
3.26	6.7182259256
3.262	6.7183168785
3.264	6.7184078652
3.266	6.7184988859
3.268	6.7185899405
3.27	6.7186810290
3.272	6.7187721515
3.274	6.7188633080
3.276	6.7189544986
3.278	6.7190457231
3.28	6.7191369818
3.282	6.7192282746
3.284	6.7193196014
3.286	6.7194109624
3.288	6.7195023576
3.29	6.7195937870
3.292	6.7196852505
3.294	6.7197767484
3.296	6.7198682804
3.298	6.7199598468
3.3	6.7200514474
3.302	6.7201430824
3.304	6.7202347518
3.306	6.7203264555
3.308	6.7204181937
3.31	6.7205099662
3.312	6.7206017733
3.314	6.7206936148
3.316	6.7207854908
3.318	6.7208774013
3.32	6.7209693464
3.322	6.7210613261
3.324	6.7211533404
3.326	6.7212453893
3.328	6.7213374729
3.33	6.7214295912
3.332	6.7215217442
3.334	6.7216139319
3.336	6.7217061544
3.338	6.7217984116
3.34	6.7218907037
3.342	6.7219830306
3.344	6.7220753924
3.346	6.7221677891
3.348	6.7222602207
3.35	6.7223526873
3.352	6.7224451888
3.354	6.7225377253
3.356	6.7226302969
3.358	6.7227229035
3.36	6.7228155452
3.362	6.7229082221
3.364	6.7230009340
3.366	6.7230936811
3.368	6.7231864635
3.37	6.7232792810
3.372	6.7233721338
3.374	6.7234650219
3.376	6.7235579453
3.378	6.7236509040
3.38	6.7237438981
3.382	6.7238369276
3.384	6.7239299925
3.386	6.7240230929
3.388	6.7241162287
3.39	6.7242094001
3.392	6.7243026069
3.394	6.7243958494
3.396	6.7244891275
3.398	6.7245824412
3.4	6.7246757905
3.402	6.7247691755
3.404	6.7248625963
3.406	6.7249560528
3.408	6.7250495451
3.41	6.7251430731
3.412	6.7252366371
3.414	6.7253302369
3.416	6.7254238726
3.418	6.7255175442
3.42	6.7256112518
3.422	6.7257049954
3.424	6.7257987750
3.426	6.7258925906
3.428	6.7259864424
3.43	6.7260803303
3.432	6.7261742543
3.434	6.7262682145
3.436	6.7263622109
3.438	6.7264562436
3.44	6.7265503125
3.442	6.7266444178
3.444	6.7267385594
3.446	6.7268327374
3.448	6.7269269518
3.45	6.7270212026
3.452	6.7271154899
3.454	6.7272098137
3.456	6.7273041741
3.458	6.7273985710
3.46	6.7274930046
3.462	6.7275874748
3.464	6.7276819817
3.466	6.7277765252
3.468	6.7278711056
3.47	6.7279657227
3.472	6.7280603766
3.474	6.7281550674
3.476	6.7282497950
3.478	6.7283445596
3.48	6.7284393611
3.482	6.7285341996
3.484	6.7286290752
3.486	6.7287239878
3.488	6.7288189375
3.49	6.7289139243
3.492	6.7290089483
3.494	6.7291040095
3.496	6.7291991079
3.498	6.7292942436
3.5	6.7293894166
3.502	6.7294846270
3.504	6.7295798747
3.506	6.7296751599
3.508	6.7297704826
3.51	6.7298658427
3.512	6.7299612403
3.514	6.7300566756
3.516	6.7301521484
3.518	6.7302476589
3.52	6.7303432071
3.522	6.7304387930
3.524	6.7305344166
3.526	6.7306300781
3.528	6.7307257774
3.53	6.7308215145
3.532	6.7309172896
3.534	6.7310131026
3.536	6.7311089537
3.538	6.7312048427
3.54	6.7313007699
3.542	6.7313967351
3.544	6.7314927385
3.546	6.7315887801
3.548	6.7316848599
3.55	6.7317809780
3.552	6.7318771344
3.554	6.7319733292
3.556	6.7320695624
3.558	6.7321658340
3.56	6.7322621440
3.562	6.7323584926
3.564	6.7324548798
3.566	6.7325513055
3.568	6.7326477699
3.57	6.7327442730
3.572	6.7328408148
3.574	6.7329373954
3.576	6.7330340148
3.578	6.7331306730
3.58	6.7332273701
3.582	6.7333241062
3.584	6.7334208813
3.586	6.7335176954
3.588	6.7336145486
3.59	6.7337114408
3.592	6.7338083723
3.594	6.7339053429
3.596	6.7340023528
3.598	6.7340994020
3.6	6.7341964905
3.602	6.7342936184
3.604	6.7343907858
3.606	6.7344879926
3.608	6.7345852389
3.61	6.7346825248
3.612	6.7347798503
3.614	6.7348772154
3.616	6.7349746203
3.618	6.7350720649
3.62	6.7351695493
3.622	6.7352670736
3.624	6.7353646377
3.626	6.7354622417
3.628	6.7355598858
3.63	6.7356575699
3.632	6.7357552940
3.634	6.7358530583
3.636	6.7359508628
3.638	6.7360487075
3.64	6.7361465924
3.642	6.7362445177
3.644	6.7363424834
3.646	6.7364404894
3.648	6.7365385360
3.65	6.7366366230
3.652	6.7367347507
3.654	6.7368329189
3.656	6.7369311278
3.658	6.7370293775
3.66	6.7371276679
3.662	6.7372259991
3.664	6.7373243712
3.666	6.7374227842
3.668	6.7375212382
3.67	6.7376197332
3.672	6.7377182693
3.674	6.7378168466
3.676	6.7379154650
3.678	6.7380141246
3.68	6.7381128256
3.682	6.7382115679
3.684	6.7383103516
3.686	6.7384091767
3.688	6.7385080434
3.69	6.7386069516
3.692	6.7387059014
3.694	6.7388048928
3.696	6.7389039261
3.698	6.7390030010
3.7	6.7391021178
3.702	6.7392012765
3.704	6.7393004772
3.706	6.7393997198
3.708	6.7394990045
3.71	6.7395983314
3.712	6.7396977003
3.714	6.7397971115
3.716	6.7398965650
3.718	6.7399960609
3.72	6.7400955991
3.722	6.7401951798
3.724	6.7402948030
3.726	6.7403944688
3.728	6.7404941772
3.73	6.7405939283
3.732	6.7406937222
3.734	6.7407935589
3.736	6.7408934384
3.738	6.7409933609
3.74	6.7410933264
3.742	6.7411933349
3.744	6.7412933865
3.746	6.7413934813
3.748	6.7414936194
3.75	6.7415938007
3.752	6.7416940254
3.754	6.7417942936
3.756	6.7418946052
3.758	6.7419949603
3.76	6.7420953591
3.762	6.7421958016
3.764	6.7422962877
3.766	6.7423968177
3.768	6.7424973916
3.77	6.7425980094
3.772	6.7426986712
3.774	6.7427993770
3.776	6.7429001270
3.778	6.7430009212
3.78	6.7431017596
3.782	6.7432026424
3.784	6.7433035695
3.786	6.7434045412
3.788	6.7435055573
3.79	6.7436066180
3.792	6.7437077235
3.794	6.7438088736
3.796	6.7439100685
3.798	6.7440113083
3.8	6.7441125931
3.802	6.7442139229
3.804	6.7443152977
3.806	6.7444167177
3.808	6.7445181829
3.81	6.7446196934
3.812	6.7447212493
3.814	6.7448228506
3.816	6.7449244974
3.818	6.7450261898
3.82	6.7451279278
3.822	6.7452297116
3.824	6.7453315412
3.826	6.7454334166
3.828	6.7455353380
3.83	6.7456373054
3.832	6.7457393189
3.834	6.7458413786
3.836	6.7459434845
3.838	6.7460456367
3.84	6.7461478354
3.842	6.7462500805
3.844	6.7463523722
3.846	6.7464547105
3.848	6.7465570955
3.85	6.7466595273
3.852	6.7467620060
3.854	6.7468645316
3.856	6.7469671042
3.858	6.7470697240
3.86	6.7471723909
3.862	6.7472751051
3.864	6.7473778666
3.866	6.7474806756
3.868	6.7475835321
3.87	6.7476864361
3.872	6.7477893879
3.874	6.7478923874
3.876	6.7479954347
3.878	6.7480985300
3.88	6.7482016733
3.882	6.7483048646
3.884	6.7484081042
3.886	6.7485113920
3.888	6.7486147282
3.89	6.7487181128
3.892	6.7488215459
3.894	6.7489250277
3.896	6.7490285581
3.898	6.7491321374
3.9	6.7492357655
3.902	6.7493394426
3.904	6.7494431687
3.906	6.7495469440
3.908	6.7496507686
3.91	6.7497546424
3.912	6.7498585657
3.914	6.7499625385
3.916	6.7500665609
3.918	6.7501706330
3.92	6.7502747549
3.922	6.7503789267
3.924	6.7504831485
3.926	6.7505874203
3.928	6.7506917424
3.93	6.7507961147
3.932	6.7509005373
3.934	6.7510050105
3.936	6.7511095342
3.938	6.7512141085
3.94	6.7513187336
3.942	6.7514234096
3.944	6.7515281365
3.946	6.7516329145
3.948	6.7517377437
3.95	6.7518426241
3.952	6.7519475559
3.954	6.7520525392
3.956	6.7521575740
3.958	6.7522626605
3.96	6.7523677988
3.962	6.7524729890
3.964	6.7525782311
3.966	6.7526835254
3.968	6.7527888719
3.97	6.7528942706
3.972	6.7529997218
3.974	6.7531052256
3.976	6.7532107820
3.978	6.7533163911
3.98	6.7534220531
3.982	6.7535277681
3.984	6.7536335361
3.986	6.7537393574
3.988	6.7538452319
3.99	6.7539511599
3.992	6.7540571415
3.994	6.7541631766
3.996	6.7542692656
3.998	6.7543754085
4.0	6.7544816053
4.002	6.7545878563
4.004	6.7546941615
4.006	6.7548005211
4.008	6.7549069352
4.01	6.7550134039
4.012	6.7551199273
4.014	6.7552265056
4.016	6.7553331389
4.018	6.7554398272
4.02	6.7555465708
4.022	6.7556533697
4.024	6.7557602241
4.026	6.7558671341
4.028	6.7559740999
4.03	6.7560811215
4.032	6.7561881991
4.034	6.7562953328
4.036	6.7564025228
4.038	6.7565097692
4.04	6.7566170721
4.042	6.7567244316
4.044	6.7568318480
4.046	6.7569393212
4.048	6.7570468515
4.05	6.7571544391
4.052	6.7572620840
4.054	6.7573697863
4.056	6.7574775463
4.058	6.7575853640
4.06	6.7576932396
4.062	6.7578011733
4.064	6.7579091652
4.066	6.7580172154
4.068	6.7581253241
4.07	6.7582334915
4.072	6.7583417176
4.074	6.7584500026
4.076	6.7585583467
4.078	6.7586667501
4.08	6.7587752128
4.082	6.7588837351
4.084	6.7589923170
4.086	6.7591009588
4.088	6.7592096607
4.09	6.7593184226
4.092	6.7594272449
4.094	6.7595361277
4.096	6.7596450711
4.098	6.7597540754
4.1	6.7598631406
4.102	6.7599722669
4.104	6.7600814545
4.106	6.7601907037
4.108	6.7603000144
4.11	6.7604093869
4.112	6.7605188215
4.114	6.7606283182
4.116	6.7607378772
4.118	6.7608474987
4.12	6.7609571829
4.122	6.7610669299
4.124	6.7611767400
4.126	6.7612866133
4.128	6.7613965499
4.13	6.7615065502
4.132	6.7616166142
4.134	6.7617267422
4.136	6.7618369344
4.138	6.7619471908
4.14	6.7620575118
4.142	6.7621678975
4.144	6.7622783481
4.146	6.7623888637
4.148	6.7624994447
4.15	6.7626100912
4.152	6.7627208034
4.154	6.7628315815
4.156	6.7629424257
4.158	6.7630533362
4.16	6.7631643132
4.162	6.7632753570
4.164	6.7633864677
4.166	6.7634976455
4.168	6.7636088907
4.17	6.7637202035
4.172	6.7638315841
4.174	6.7639430327
4.176	6.7640545495
4.178	6.7641661348
4.18	6.7642777888
4.182	6.7643895117
4.184	6.7645013038
4.186	6.7646131653
4.188	6.7647250963
4.19	6.7648370972
4.192	6.7649491683
4.194	6.7650613096
4.196	6.7651735215
4.198	6.7652858043
4.2	6.7653981581
4.202	6.7655105832
4.204	6.7656230799
4.206	6.7657356485
4.208	6.7658482891
4.21	6.7659610021
4.212	6.7660737876
4.214	6.7661866461
4.216	6.7662995777
4.218	6.7664125827
4.22	6.7665256614
4.222	6.7666388140
4.224	6.7667520409
4.226	6.7668653423
4.228	6.7669787186
4.23	6.7670921699
4.232	6.7672056966
4.234	6.7673192990
4.236	6.7674329774
4.238	6.7675467320
4.24	6.7676605633
4.242	6.7677744714
4.244	6.7678884567
4.246	6.7680025196
4.248	6.7681166603
4.25	6.7682308791
4.252	6.7683451764
4.254	6.7684595525
4.256	6.7685740078
4.258	6.7686885425
4.26	6.7688031571
4.262	6.7689178518
4.264	6.7690326270
4.266	6.7691474831
4.268	6.7692624204
4.27	6.7693774393
4.272	6.7694925401
4.274	6.7696077233
4.276	6.7697229891
4.278	6.7698383380
4.28	6.7699537704
4.282	6.7700692866
4.284	6.7701848870
4.286	6.7703005721
4.288	6.7704163422
4.29	6.7705321978
4.292	6.7706481393
4.294	6.7707641670
4.296	6.7708802815
4.298	6.7709964832
4.3	6.7711127724
4.302	6.7712291497
4.304	6.7713456155
4.306	6.7714621702
4.308	6.7715788143
4.31	6.7716955484
4.312	6.7718123728
4.314	6.7719292881
4.316	6.7720462948
4.318	6.7721633933
4.32	6.7722805842
4.322	6.7723978679
4.324	6.7725152451
4.326	6.7726327163
4.328	6.7727502819
4.33	6.7728679426
4.332	6.7729856990
4.334	6.7731035515
4.336	6.7732215008
4.338	6.7733395474
4.34	6.7734576920
4.342	6.7735759352
4.344	6.7736942776
4.346	6.7738127199
4.348	6.7739312626
4.35	6.7740499065
4.352	6.7741686523
4.354	6.7742875005
4.356	6.7744064520
4.358	6.7745255074
4.36	6.7746446675
4.362	6.7747639329
4.364	6.7748833046
4.366	6.7750027832
4.368	6.7751223695
4.37	6.7752420644
4.372	6.7753618686
4.374	6.7754817831
4.376	6.7756018086
4.378	6.7757219462
4.38	6.7758421966
4.382	6.7759625609
4.384	6.7760830399
4.386	6.7762036347
4.388	6.7763243462
4.39	6.7764451756
4.392	6.7765661237
4.394	6.7766871919
4.396	6.7768083810
4.398	6.7769296924
4.4	6.7770511271
4.402	6.7771726864
4.404	6.7772943716
4.406	6.7774161839
4.408	6.7775381246
4.41	6.7776601953
4.412	6.7777823971
4.414	6.7779047318
4.416	6.7780272007
4.418	6.7781498054
4.42	6.7782725476
4.422	6.7783954289
4.424	6.7785184512
4.426	6.7786416162
4.428	6.7787649259
4.43	6.7788883822
4.432	6.7790119873
4.434	6.7791357432
4.436	6.7792596522
4.438	6.7793837168
4.44	6.7795079393
4.442	6.7796323225
4.444	6.7797568690
4.446	6.7798815819
4.448	6.7800064640
4.45	6.7801315188
4.452	6.7802567497
4.454	6.7803821603
4.456	6.7805077547
4.458	6.7806335369
4.46	6.7807595116
4.462	6.7808856837
4.464	6.7810120584
4.466	6.7811386416
4.468	6.7812654395
4.47	6.7813924591
4.472	6.7815197082
4.474	6.7816471952
4.476	6.7817749300
4.478	6.7819029235
4.48	6.7820311883
4.482	6.7821597392
4.484	6.7822885938
4.486	6.7824177731
4.488	6.7825473037
4.49	6.7826772196
4.492	6.7828075667
4.494	6.7829384120
4.496	6.7830698652
4.498	6.7832021537
4.5	6.7833374295
4.502	6.7834757058
4.504	6.7836148426
4.506	6.7837546192
4.508	6.7838949301
4.51	6.7840357120
4.512	6.7841769221
4.514	6.7843185291
4.516	6.7844605095
4.518	6.7846028445
4.52	6.7847455188
4.522	6.7848885199
4.524	6.7850318373
4.526	6.7851754620
4.528	6.7853193863
4.53	6.7854636035
4.532	6.7856081076
4.534	6.7857528935
4.536	6.7858979566
4.538	6.7860432929
4.54	6.7861888985
4.542	6.7863347704
4.544	6.7864809054
4.546	6.7866273010
4.548	6.7867739546
4.55	6.7869208642
4.552	6.7870680277
4.554	6.7872154433
4.556	6.7873631094
4.558	6.7875110244
4.56	6.7876591870
4.562	6.7878075959
4.564	6.7879562501
4.566	6.7881051483
4.568	6.7882542898
4.57	6.7884036737
4.572	6.7885532991
4.574	6.7887031653
4.576	6.7888532718
4.578	6.7890036179
4.58	6.7891542031
4.582	6.7893050270
4.584	6.7894560890
4.586	6.7896073890
4.588	6.7897589264
4.59	6.7899107012
4.592	6.7900627129
4.594	6.7902149613
4.596	6.7903674464
4.598	6.7905201680
4.6	6.7906731258
4.602	6.7908263200
4.604	6.7909797503
4.606	6.7911334168
4.608	6.7912873194
4.61	6.7914414582
4.612	6.7915958331
4.614	6.7917504443
4.616	6.7919052918
4.618	6.7920603757
4.62	6.7922156960
4.622	6.7923712530
4.624	6.7925270467
4.626	6.7926830773
4.628	6.7928393449
4.63	6.7929958498
4.632	6.7931525921
4.634	6.7933095720
4.636	6.7934667898
4.638	6.7936242456
4.64	6.7937819396
4.642	6.7939398722
4.644	6.7940980435
4.646	6.7942564539
4.648	6.7944151035
4.65	6.7945739927
4.652	6.7947331217
4.654	6.7948924908
4.656	6.7950521003
4.658	6.7952119505
4.66	6.7953720417
4.662	6.7955323742
4.664	6.7956929484
4.666	6.7958537644
4.668	6.7960148227
4.67	6.7961761236
4.672	6.7963376674
4.674	6.7964994544
4.676	6.7966614850
4.678	6.7968237595
4.68	6.7969862782
4.682	6.7971490415
4.684	6.7973120498
4.686	6.7974753032
4.688	6.7976388023
4.69	6.7978025474
4.692	6.7979665388
4.694	6.7981307768
4.696	6.7982952618
4.698	6.7984599942
4.7	6.7986249742
4.702	6.7987902024
4.704	6.7989556789
4.706	6.7991214042
4.708	6.7992873786
4.71	6.7994536024
4.712	6.7996200761
4.714	6.7997867999
4.716	6.7999537742
4.718	6.8001209994
4.72	6.8002884757
4.722	6.8004562036
4.724	6.8006241834
4.726	6.8007924154
4.728	6.8009608999
4.73	6.8011296373
4.732	6.8012986279
4.734	6.8014678721
4.736	6.8016373702
4.738	6.8018071225
4.74	6.8019771293
4.742	6.8021473910
4.744	6.8023179078
4.746	6.8024886802
4.748	6.8026597083
4.75	6.8028309925
4.752	6.8030025332
4.754	6.8031743306
4.756	6.8033463850
4.758	6.8035186967
4.76	6.8036912660
4.762	6.8038640932
4.764	6.8040371786
4.766	6.8042105225
4.768	6.8043841250
4.77	6.8045579866
4.772	6.8047321074
4.774	6.8049064878
4.776	6.8050811280
4.778	6.8052560282
4.78	6.8054311887
4.782	6.8056066097
4.784	6.8057822915
4.786	6.8059582343
4.788	6.8061344383
4.79	6.8063109038
4.792	6.8064876310
4.794	6.8066646201
4.796	6.8068418712
4.798	6.8070193847
4.8	6.8071971607
4.802	6.8073751993
4.804	6.8075535008
4.806	6.8077320654
4.808	6.8079108932
4.81	6.8080899844
4.812	6.8082693391
4.814	6.8084489576
4.816	6.8086288399
4.818	6.8088089862
4.82	6.8089893967
4.822	6.8091700714
4.824	6.8093510105
4.826	6.8095322141
4.828	6.8097136823
4.83	6.8098954153
4.832	6.8100774131
4.834	6.8102596758
4.836	6.8104422035
4.838	6.8106249963
4.84	6.8108080542
4.842	6.8109913773
4.844	6.8111749657
4.846	6.8113588194
4.848	6.8115429384
4.85	6.8117273228
4.852	6.8119119726
4.854	6.8120968879
4.856	6.8122820686
4.858	6.8124675148
4.86	6.8126532264
4.862	6.8128392034
4.864	6.8130254458
4.866	6.8132119537
4.868	6.8133987268
4.87	6.8135857653
4.872	6.8137730691
4.874	6.8139606381
4.876	6.8141484722
4.878	6.8143365713
4.88	6.8145249355
4.882	6.8147135645
4.884	6.8149024584
4.886	6.8150916169
4.888	6.8152810400
4.89	6.8154707276
4.892	6.8156606795
4.894	6.8158508955
4.896	6.8160413756
4.898	6.8162321196
4.9	6.8164231273
4.902	6.8166143986
4.904	6.8168059332
4.906	6.8169977310
4.908	6.8171897917
4.91	6.8173821152
4.912	6.8175747013
4.914	6.8177675497
4.916	6.8179606602
4.918	6.8181540325
4.92	6.8183476664
4.922	6.8185415617
4.924	6.8187357180
4.926	6.8189301352
4.928	6.8191248128
4.93	6.8193197507
4.932	6.8195149484
4.934	6.8197104058
4.936	6.8199061224
4.938	6.8201020979
4.94	6.8202983321
4.942	6.8204948245
4.944	6.8206915748
4.946	6.8208885826
4.948	6.8210858476
4.95	6.8212833693
4.952	6.8214811474
4.954	6.8216791815
4.956	6.8218774711
4.958	6.8220760158
4.96	6.8222748152
4.962	6.8224738689
4.964	6.8226731763
4.966	6.8228727372
4.968	6.8230725508
4.97	6.8232726169
4.972	6.8234729349
4.974	6.8236735043
4.976	6.8238743246
4.978	6.8240753953
4.98	6.8242767159
4.982	6.8244782858
4.984	6.8246801045
4.986	6.8248821714
4.988	6.8250844860
4.99	6.8252870477
4.992	6.8254898560
4.994	6.8256929102
4.996	6.8258962097
4.998	6.8260997539
5.0	6.8263035423
