0.0	6.6276391511
0.00142857142857	6.6276366862
0.00285714285714	6.6276342187
0.00428571428571	6.6276317470
0.00571428571429	6.6276292713
0.00714285714286	6.6276267917
0.00857142857143	6.6276243083
0.01	6.6276218214
0.0114285714286	6.6276193309
0.0128571428571	6.6276168371
0.0142857142857	6.6276143401
0.0157142857143	6.6276118400
0.0171428571429	6.6276093369
0.0185714285714	6.6276068310
0.02	6.6276043225
0.0214285714286	6.6276018114
0.0228571428571	6.6275992979
0.0242857142857	6.6275967823
0.0257142857143	6.6275942645
0.0271428571429	6.6275917448
0.0285714285714	6.6275892234
0.03	6.6275867003
0.0314285714286	6.6275841758
0.0328571428571	6.6275816499
0.0342857142857	6.6275791229
0.0357142857143	6.6275765949
0.0371428571429	6.6275740661
0.0385714285714	6.6275715367
0.04	6.6275690067
0.0414285714286	6.6275664765
0.0428571428571	6.6275639461
0.0442857142857	6.6275614157
0.0457142857143	6.6275588855
0.0471428571429	6.6275563557
0.0485714285714	6.6275538265
0.05	6.6275512980
0.0514285714286	6.6275487704
0.0528571428571	6.6275462439
0.0542857142857	6.6275437188
0.0557142857143	6.6275411951
0.0571428571429	6.6275386731
0.0585714285714	6.6275361530
0.06	6.6275336349
0.0614285714286	6.6275311192
0.0628571428571	6.6275286058
0.0642857142857	6.6275260952
0.0657142857143	6.6275235874
0.0671428571429	6.6275210827
0.0685714285714	6.6275185813
0.07	6.6275160834
0.0714285714286	6.6275135892
0.0728571428571	6.6275110990
0.0742857142857	6.6275086128
0.0757142857143	6.6275061311
0.0771428571429	6.6275036539
0.0785714285714	6.6275011816
0.08	6.6274987143
0.0814285714286	6.6274962522
0.0828571428571	6.6274937957
0.0842857142857	6.6274913449
0.0857142857143	6.6274889000
0.0871428571429	6.6274864614
0.0885714285714	6.6274840292
0.09	6.6274816037
0.0914285714286	6.6274791852
0.0928571428571	6.6274767738
0.0942857142857	6.6274743699
0.0957142857143	6.6274719736
0.0971428571429	6.6274695853
0.0985714285714	6.6274672052
0.1	6.6274648335
0.101428571429	6.6274624706
0.102857142857	6.6274601166
0.104285714286	6.6274577719
0.105714285714	6.6274554367
0.107142857143	6.6274531113
0.108571428571	6.6274507960
0.11	6.6274484911
0.111428571429	6.6274461967
0.112857142857	6.6274439133
0.114285714286	6.6274416411
0.115714285714	6.6274393803
0.117142857143	6.6274371313
0.118571428571	6.6274348944
0.12	6.6274326699
0.121428571429	6.6274304580
0.122857142857	6.6274282590
0.124285714286	6.6274260734
0.125714285714	6.6274239013
0.127142857143	6.6274217431
0.128571428571	6.6274195990
0.13	6.6274174695
0.131428571429	6.6274153548
0.132857142857	6.6274132553
0.134285714286	6.6274111712
0.135714285714	6.6274091029
0.137142857143	6.6274070507
0.138571428571	6.6274050150
0.14	6.6274029960
0.141428571429	6.6274009942
0.142857142857	6.6273990098
0.144285714286	6.6273970433
0.145714285714	6.6273950949
0.147142857143	6.6273931649
0.148571428571	6.6273912539
0.15	6.6273893620
0.151428571429	6.6273874897
0.152857142857	6.6273856372
0.154285714286	6.6273838051
0.155714285714	6.6273819936
0.157142857143	6.6273802031
0.158571428571	6.6273784340
0.16	6.6273766867
0.161428571429	6.6273749615
0.162857142857	6.6273732588
0.164285714286	6.6273715790
0.165714285714	6.6273699225
0.167142857143	6.6273682896
0.168571428571	6.6273666808
0.17	6.6273650965
0.171428571429	6.6273635370
0.172857142857	6.6273620028
0.174285714286	6.6273604942
0.175714285714	6.6273590117
0.177142857143	6.6273575557
0.178571428571	6.6273561266
0.18	6.6273547248
0.181428571429	6.6273533507
0.182857142857	6.6273520047
0.184285714286	6.6273506873
0.185714285714	6.6273493989
0.187142857143	6.6273481400
0.188571428571	6.6273469109
0.19	6.6273457121
0.191428571429	6.6273445441
0.192857142857	6.6273434073
0.194285714286	6.6273423020
0.195714285714	6.6273412289
0.197142857143	6.6273401883
0.198571428571	6.6273391807
0.2	6.6273382066
0.201428571429	6.6273372664
0.202857142857	6.6273363606
0.204285714286	6.6273354896
0.205714285714	6.6273346539
0.207142857143	6.6273338541
0.208571428571	6.6273330905
0.21	6.6273323637
0.211428571429	6.6273316741
0.212857142857	6.6273310222
0.214285714286	6.6273304086
0.215714285714	6.6273298337
0.217142857143	6.6273292980
0.218571428571	6.6273288020
0.22	6.6273283462
0.221428571429	6.6273279312
0.222857142857	6.6273275574
0.224285714286	6.6273272253
0.225714285714	6.6273269355
0.227142857143	6.6273266885
0.228571428571	6.6273264848
0.23	6.6273263249
0.231428571429	6.6273262094
0.232857142857	6.6273261387
0.234285714286	6.6273261135
0.235714285714	6.6273261343
0.237142857143	6.6273262015
0.238571428571	6.6273263158
0.24	6.6273264777
0.241428571429	6.6273266877
0.242857142857	6.6273269465
0.244285714286	6.6273272544
0.245714285714	6.6273276122
0.247142857143	6.6273280204
0.248571428571	6.6273284795
0.25	6.6273289902
0.251428571429	6.6273295529
0.252857142857	6.6273301682
0.254285714286	6.6273308368
0.255714285714	6.6273315592
0.257142857143	6.6273323360
0.258571428571	6.6273331678
0.26	6.6273340552
0.261428571429	6.6273349987
0.262857142857	6.6273359990
0.264285714286	6.6273370567
0.265714285714	6.6273381723
0.267142857143	6.6273393465
0.268571428571	6.6273405798
0.27	6.6273418730
0.271428571429	6.6273432265
0.272857142857	6.6273446410
0.274285714286	6.6273461172
0.275714285714	6.6273476556
0.277142857143	6.6273492568
0.278571428571	6.6273509216
0.28	6.6273526505
0.281428571429	6.6273544441
0.282857142857	6.6273563032
0.284285714286	6.6273582282
0.285714285714	6.6273602200
0.287142857143	6.6273622790
0.288571428571	6.6273644060
0.29	6.6273666016
0.291428571429	6.6273688664
0.292857142857	6.6273712011
0.294285714286	6.6273736064
0.295714285714	6.6273760829
0.297142857143	6.6273786313
0.298571428571	6.6273812522
0.3	6.6273839463
0.301428571429	6.6273867142
0.302857142857	6.6273895567
0.304285714286	6.6273924744
0.305714285714	6.6273954679
0.307142857143	6.6273985380
0.308571428571	6.6274016853
0.31	6.6274049105
0.311428571429	6.6274082143
0.312857142857	6.6274115973
0.314285714286	6.6274150603
0.315714285714	6.6274186039
0.317142857143	6.6274222288
0.318571428571	6.6274259358
0.32	6.6274297254
0.321428571429	6.6274335984
0.322857142857	6.6274375555
0.324285714286	6.6274415974
0.325714285714	6.6274457248
0.327142857143	6.6274499384
0.328571428571	6.6274542388
0.33	6.6274586268
0.331428571429	6.6274631031
0.332857142857	6.6274676684
0.334285714286	6.6274723234
0.335714285714	6.6274770687
0.337142857143	6.6274819052
0.338571428571	6.6274868335
0.34	6.6274918544
0.341428571429	6.6274969684
0.342857142857	6.6275021764
0.344285714286	6.6275074791
0.345714285714	6.6275128772
0.347142857143	6.6275183713
0.348571428571	6.6275239623
0.35	6.6275296507
0.351428571429	6.6275354374
0.352857142857	6.6275413230
0.354285714286	6.6275473083
0.355714285714	6.6275533940
0.357142857143	6.6275595808
0.358571428571	6.6275658694
0.36	6.6275722605
0.361428571429	6.6275787549
0.362857142857	6.6275853532
0.364285714286	6.6275920562
0.365714285714	6.6275988646
0.367142857143	6.6276057791
0.368571428571	6.6276128004
0.37	6.6276199292
0.371428571429	6.6276271663
0.372857142857	6.6276345124
0.374285714286	6.6276419681
0.375714285714	6.6276495342
0.377142857143	6.6276572114
0.378571428571	6.6276650005
0.38	6.6276729020
0.381428571429	6.6276809167
0.382857142857	6.6276890454
0.384285714286	6.6276972887
0.385714285714	6.6277056473
0.387142857143	6.6277141219
0.388571428571	6.6277227133
0.39	6.6277314221
0.391428571429	6.6277402490
0.392857142857	6.6277491948
0.394285714286	6.6277582600
0.395714285714	6.6277674454
0.397142857143	6.6277767517
0.398571428571	6.6277861795
0.4	6.6277957296
0.401428571429	6.6278054027
0.402857142857	6.6278151993
0.404285714286	6.6278251201
0.405714285714	6.6278351659
0.407142857143	6.6278453373
0.408571428571	6.6278556350
0.41	6.6278660596
0.411428571429	6.6278766118
0.412857142857	6.6278872922
0.414285714286	6.6278981015
0.415714285714	6.6279090403
0.417142857143	6.6279201093
0.418571428571	6.6279313091
0.42	6.6279426403
0.421428571429	6.6279541036
0.422857142857	6.6279656996
0.424285714286	6.6279774289
0.425714285714	6.6279892921
0.427142857143	6.6280012899
0.428571428571	6.6280134228
0.43	6.6280256914
0.431428571429	6.6280380963
0.432857142857	6.6280506382
0.434285714286	6.6280633176
0.435714285714	6.6280761351
0.437142857143	6.6280890912
0.438571428571	6.6281021865
0.44	6.6281154216
0.441428571429	6.6281287971
0.442857142857	6.6281423134
0.444285714286	6.6281559712
0.445714285714	6.6281697709
0.447142857143	6.6281837131
0.448571428571	6.6281977983
0.45	6.6282120270
0.451428571429	6.6282263998
0.452857142857	6.6282409170
0.454285714286	6.6282555793
0.455714285714	6.6282703871
0.457142857143	6.6282853409
0.458571428571	6.6283004412
0.46	6.6283156883
0.461428571429	6.6283310828
0.462857142857	6.6283466251
0.464285714286	6.6283623157
0.465714285714	6.6283781549
0.467142857143	6.6283941432
0.468571428571	6.6284102811
0.47	6.6284265688
0.471428571429	6.6284430068
0.472857142857	6.6284595955
0.474285714286	6.6284763353
0.475714285714	6.6284932264
0.477142857143	6.6285102694
0.478571428571	6.6285274644
0.48	6.6285448119
0.481428571429	6.6285623121
0.482857142857	6.6285799655
0.484285714286	6.6285977722
0.485714285714	6.6286157326
0.487142857143	6.6286338470
0.488571428571	6.6286521155
0.49	6.6286705386
0.491428571429	6.6286891165
0.492857142857	6.6287078493
0.494285714286	6.6287267373
0.495714285714	6.6287457807
0.497142857143	6.6287649797
0.498571428571	6.6287843346
0.5	6.6288038454
0.501428571429	6.6288235124
0.502857142857	6.6288433357
0.504285714286	6.6288633154
0.505714285714	6.6288834518
0.507142857143	6.6289037448
0.508571428571	6.6289241947
0.51	6.6289448014
0.511428571429	6.6289655651
0.512857142857	6.6289864858
0.514285714286	6.6290075637
0.515714285714	6.6290287986
0.517142857143	6.6290501907
0.518571428571	6.6290717400
0.52	6.6290934465
0.521428571429	6.6291153100
0.522857142857	6.6291373307
0.524285714286	6.6291595085
0.525714285714	6.6291818432
0.527142857143	6.6292043349
0.528571428571	6.6292269835
0.53	6.6292497888
0.531428571429	6.6292727507
0.532857142857	6.6292958691
0.534285714286	6.6293191439
0.535714285714	6.6293425748
0.537142857143	6.6293661618
0.538571428571	6.6293899046
0.54	6.6294138030
0.541428571429	6.6294378568
0.542857142857	6.6294620657
0.544285714286	6.6294864295
0.545714285714	6.6295109480
0.547142857143	6.6295356208
0.548571428571	6.6295604476
0.55	6.6295854282
0.551428571429	6.6296105621
0.552857142857	6.6296358491
0.554285714286	6.6296612888
0.555714285714	6.6296868808
0.557142857143	6.6297126247
0.558571428571	6.6297385201
0.56	6.6297645666
0.561428571429	6.6297907636
0.562857142857	6.6298171109
0.564285714286	6.6298436078
0.565714285714	6.6298702539
0.567142857143	6.6298970486
0.568571428571	6.6299239915
0.57	6.6299510821
0.571428571429	6.6299783196
0.572857142857	6.6300057036
0.574285714286	6.6300332335
0.575714285714	6.6300609087
0.577142857143	6.6300887285
0.578571428571	6.6301166923
0.58	6.6301447995
0.581428571429	6.6301730493
0.582857142857	6.6302014410
0.584285714286	6.6302299740
0.585714285714	6.6302586476
0.587142857143	6.6302874609
0.588571428571	6.6303164133
0.59	6.6303455040
0.591428571429	6.6303747321
0.592857142857	6.6304040968
0.594285714286	6.6304335974
0.595714285714	6.6304632330
0.597142857143	6.6304930027
0.598571428571	6.6305229056
0.6	6.6305529410
0.601428571429	6.6305831078
0.602857142857	6.6306134051
0.604285714286	6.6306438321
0.605714285714	6.6306743877
0.607142857143	6.6307050710
0.608571428571	6.6307358810
0.61	6.6307668167
0.611428571429	6.6307978770
0.612857142857	6.6308290611
0.614285714286	6.6308603677
0.615714285714	6.6308917958
0.617142857143	6.6309233444
0.618571428571	6.6309550124
0.62	6.6309867987
0.621428571429	6.6310187021
0.622857142857	6.6310507214
0.624285714286	6.6310828557
0.625714285714	6.6311151036
0.627142857143	6.6311474640
0.628571428571	6.6311799357
0.63	6.6312125175
0.631428571429	6.6312452082
0.632857142857	6.6312780065
0.634285714286	6.6313109113
0.635714285714	6.6313439211
0.637142857143	6.6313770348
0.638571428571	6.6314102510
0.64	6.6314435685
0.641428571429	6.6314769860
0.642857142857	6.6315105020
0.644285714286	6.6315441153
0.645714285714	6.6315778246
0.647142857143	6.6316116284
0.648571428571	6.6316455253
0.65	6.6316795141
0.651428571429	6.6317135932
0.652857142857	6.6317477613
0.654285714286	6.6317820170
0.655714285714	6.6318163588
0.657142857143	6.6318507852
0.658571428571	6.6318852949
0.66	6.6319198864
0.661428571429	6.6319545581
0.662857142857	6.6319893087
0.664285714286	6.6320241366
0.665714285714	6.6320590402
0.667142857143	6.6320940182
0.668571428571	6.6321290690
0.67	6.6321641910
0.671428571429	6.6321993827
0.672857142857	6.6322346426
0.674285714286	6.6322699691
0.675714285714	6.6323053606
0.677142857143	6.6323408157
0.678571428571	6.6323763327
0.68	6.6324119100
0.681428571429	6.6324475460
0.682857142857	6.6324832392
0.684285714286	6.6325189880
0.685714285714	6.6325547907
0.687142857143	6.6325906458
0.688571428571	6.6326265515
0.69	6.6326625064
0.691428571429	6.6326985088
0.692857142857	6.6327345570
0.694285714286	6.6327706494
0.695714285714	6.6328067844
0.697142857143	6.6328429604
0.698571428571	6.6328791756
0.7	6.6329154285
0.701428571429	6.6329517175
0.702857142857	6.6329880409
0.704285714286	6.6330243970
0.705714285714	6.6330607843
0.707142857143	6.6330972011
0.708571428571	6.6331336459
0.71	6.6331701173
0.711428571429	6.6332066136
0.712857142857	6.6332431336
0.714285714286	6.6332796761
0.715714285714	6.6333162404
0.717142857143	6.6333528259
0.718571428571	6.6333894328
0.72	6.6334260610
0.721428571429	6.6334627105
0.722857142857	6.6334993812
0.724285714286	6.6335360732
0.725714285714	6.6335727864
0.727142857143	6.6336095209
0.728571428571	6.6336462767
0.73	6.6336830536
0.731428571429	6.6337198518
0.732857142857	6.6337566712
0.734285714286	6.6337935118
0.735714285714	6.6338303736
0.737142857143	6.6338672565
0.738571428571	6.6339041607
0.74	6.6339410860
0.741428571429	6.6339780325
0.742857142857	6.6340150002
0.744285714286	6.6340519890
0.745714285714	6.6340889989
0.747142857143	6.6341260299
0.748571428571	6.6341630821
0.75	6.6342001554
0.751428571429	6.6342372498
0.752857142857	6.6342743653
0.754285714286	6.6343115019
0.755714285714	6.6343486595
0.757142857143	6.6343858383
0.758571428571	6.6344230381
0.76	6.6344602589
0.761428571429	6.6344975008
0.762857142857	6.6345347637
0.764285714286	6.6345720477
0.765714285714	6.6346093527
0.767142857143	6.6346466787
0.768571428571	6.6346840257
0.77	6.6347213937
0.771428571429	6.6347587827
0.772857142857	6.6347961926
0.774285714286	6.6348336236
0.775714285714	6.6348710755
0.777142857143	6.6349085483
0.778571428571	6.6349460421
0.78	6.6349835569
0.781428571429	6.6350210925
0.782857142857	6.6350586491
0.784285714286	6.6350962266
0.785714285714	6.6351338250
0.787142857143	6.6351714443
0.788571428571	6.6352090845
0.79	6.6352467456
0.791428571429	6.6352844276
0.792857142857	6.6353221304
0.794285714286	6.6353598540
0.795714285714	6.6353975986
0.797142857143	6.6354353639
0.798571428571	6.6354731501
0.8	6.6355109571
0.801428571429	6.6355487850
0.802857142857	6.6355866336
0.804285714286	6.6356245030
0.805714285714	6.6356623932
0.807142857143	6.6357003042
0.808571428571	6.6357382360
0.81	6.6357761886
0.811428571429	6.6358141619
0.812857142857	6.6358521559
0.814285714286	6.6358901707
0.815714285714	6.6359282062
0.817142857143	6.6359662625
0.818571428571	6.6360043394
0.82	6.6360424371
0.821428571429	6.6360805554
0.822857142857	6.6361186945
0.824285714286	6.6361568542
0.825714285714	6.6361950347
0.827142857143	6.6362332357
0.828571428571	6.6362714575
0.83	6.6363096999
0.831428571429	6.6363479629
0.832857142857	6.6363862466
0.834285714286	6.6364245509
0.835714285714	6.6364628758
0.837142857143	6.6365012213
0.838571428571	6.6365395874
0.84	6.6365779741
0.841428571429	6.6366163814
0.842857142857	6.6366548093
0.844285714286	6.6366932577
0.845714285714	6.6367317267
0.847142857143	6.6367702163
0.848571428571	6.6368087264
0.85	6.6368472570
0.851428571429	6.6368858082
0.852857142857	6.6369243798
0.854285714286	6.6369629720
0.855714285714	6.6370015847
0.857142857143	6.6370402179
0.858571428571	6.6370788716
0.86	6.6371175457
0.861428571429	6.6371562404
0.862857142857	6.6371949554
0.864285714286	6.6372336910
0.865714285714	6.6372724470
0.867142857143	6.6373112234
0.868571428571	6.6373500202
0.87	6.6373888375
0.871428571429	6.6374276752
0.872857142857	6.6374665333
0.874285714286	6.6375054117
0.875714285714	6.6375443106
0.877142857143	6.6375832299
0.878571428571	6.6376221695
0.88	6.6376611295
0.881428571429	6.6377001098
0.882857142857	6.6377391105
0.884285714286	6.6377781315
0.885714285714	6.6378171729
0.887142857143	6.6378562346
0.888571428571	6.6378953166
0.89	6.6379344189
0.891428571429	6.6379735415
0.892857142857	6.6380126844
0.894285714286	6.6380518476
0.895714285714	6.6380910310
0.897142857143	6.6381302348
0.898571428571	6.6381694587
0.9	6.6382087030
0.901428571429	6.6382479674
0.902857142857	6.6382872522
0.904285714286	6.6383265571
0.905714285714	6.6383658822
0.907142857143	6.6384052276
0.908571428571	6.6384445932
0.91	6.6384839789
0.911428571429	6.6385233849
0.912857142857	6.6385628110
0.914285714286	6.6386022573
0.915714285714	6.6386417237
0.917142857143	6.6386812103
0.918571428571	6.6387207171
0.92	6.6387602440
0.921428571429	6.6387997910
0.922857142857	6.6388393581
0.924285714286	6.6388789454
0.925714285714	6.6389185528
0.927142857143	6.6389581802
0.928571428571	6.6389978278
0.93	6.6390374954
0.931428571429	6.6390771831
0.932857142857	6.6391168908
0.934285714286	6.6391566187
0.935714285714	6.6391963665
0.937142857143	6.6392361344
0.938571428571	6.6392759224
0.94	6.6393157303
0.941428571429	6.6393555583
0.942857142857	6.6393954063
0.944285714286	6.6394352743
0.945714285714	6.6394751623
0.947142857143	6.6395150703
0.948571428571	6.6395549982
0.95	6.6395949461
0.951428571429	6.6396349140
0.952857142857	6.6396749018
0.954285714286	6.6397149096
0.955714285714	6.6397549373
0.957142857143	6.6397949849
0.958571428571	6.6398350525
0.96	6.6398751400
0.961428571429	6.6399152474
0.962857142857	6.6399553746
0.964285714286	6.6399955218
0.965714285714	6.6400356888
0.967142857143	6.6400758758
0.968571428571	6.6401160825
0.97	6.6401563092
0.971428571429	6.6401965557
0.972857142857	6.6402368220
0.974285714286	6.6402771081
0.975714285714	6.6403174141
0.977142857143	6.6403577399
0.978571428571	6.6403980855
0.98	6.6404384510
0.981428571429	6.6404788362
0.982857142857	6.6405192412
0.984285714286	6.6405596659
0.985714285714	6.6406001105
0.987142857143	6.6406405748
0.988571428571	6.6406810588
0.99	6.6407215626
0.991428571429	6.6407620862
0.992857142857	6.6408026294
0.994285714286	6.6408431924
0.995714285714	6.6408837751
0.997142857143	6.6409243775
0.998571428571	6.6409649996
1.0	6.6410056414
1.00142857143	6.6410463029
1.00285714286	6.6410869841
1.00428571429	6.6411276849
1.00571428571	6.6411684054
1.00714285714	6.6412091455
1.00857142857	6.6412499053
1.01	6.6412906847
1.01142857143	6.6413314838
1.01285714286	6.6413723024
1.01428571429	6.6414131407
1.01571428571	6.6414539986
1.01714285714	6.6414948760
1.01857142857	6.6415357731
1.02	6.6415766897
1.02142857143	6.6416176259
1.02285714286	6.6416585817
1.02428571429	6.6416995571
1.02571428571	6.6417405519
1.02714285714	6.6417815664
1.02857142857	6.6418226003
1.03	6.6418636538
1.03142857143	6.6419047268
1.03285714286	6.6419458193
1.03428571429	6.6419869313
1.03571428571	6.6420280628
1.03714285714	6.6420692138
1.03857142857	6.6421103843
1.04	6.6421515743
1.04142857143	6.6421927837
1.04285714286	6.6422340125
1.04428571429	6.6422752608
1.04571428571	6.6423165286
1.04714285714	6.6423578158
1.04857142857	6.6423991224
1.05	6.6424404484
1.05142857143	6.6424817938
1.05285714286	6.6425231587
1.05428571429	6.6425645429
1.05571428571	6.6426059465
1.05714285714	6.6426473695
1.05857142857	6.6426888118
1.06	6.6427302736
1.06142857143	6.6427717546
1.06285714286	6.6428132551
1.06428571429	6.6428547748
1.06571428571	6.6428963139
1.06714285714	6.6429378723
1.06857142857	6.6429794501
1.07	6.6430210471
1.07142857143	6.6430626635
1.07285714286	6.6431042991
1.07428571429	6.6431459540
1.07571428571	6.6431876282
1.07714285714	6.6432293217
1.07857142857	6.6432710344
1.08	6.6433127664
1.08142857143	6.6433545176
1.08285714286	6.6433962881
1.08428571429	6.6434380778
1.08571428571	6.6434798867
1.08714285714	6.6435217148
1.08857142857	6.6435635622
1.09	6.6436054287
1.09142857143	6.6436473145
1.09285714286	6.6436892194
1.09428571429	6.6437311435
1.09571428571	6.6437730868
1.09714285714	6.6438150492
1.09857142857	6.6438570308
1.1	6.6438990315
1.10142857143	6.6439410514
1.10285714286	6.6439830904
1.10428571429	6.6440251486
1.10571428571	6.6440672258
1.10714285714	6.6441093222
1.10857142857	6.6441514376
1.11	6.6441935722
1.11142857143	6.6442357258
1.11285714286	6.6442778985
1.11428571429	6.6443200903
1.11571428571	6.6443623012
1.11714285714	6.6444045311
1.11857142857	6.6444467801
1.12	6.6444890481
1.12142857143	6.6445313351
1.12285714286	6.6445736412
1.12428571429	6.6446159662
1.12571428571	6.6446583103
1.12714285714	6.6447006734
1.12857142857	6.6447430555
1.13	6.6447854566
1.13142857143	6.6448278766
1.13285714286	6.6448703156
1.13428571429	6.6449127736
1.13571428571	6.6449552506
1.13714285714	6.6449977465
1.13857142857	6.6450402613
1.14	6.6450827951
1.14142857143	6.6451253478
1.14285714286	6.6451679194
1.14428571429	6.6452105100
1.14571428571	6.6452531194
1.14714285714	6.6452957478
1.14857142857	6.6453383950
1.15	6.6453810611
1.15142857143	6.6454237461
1.15285714286	6.6454664500
1.15428571429	6.6455091727
1.15571428571	6.6455519143
1.15714285714	6.6455946747
1.15857142857	6.6456374539
1.16	6.6456802520
1.16142857143	6.6457230689
1.16285714286	6.6457659047
1.16428571429	6.6458087592
1.16571428571	6.6458516325
1.16714285714	6.6458945246
1.16857142857	6.6459374356
1.17	6.6459803653
1.17142857143	6.6460233137
1.17285714286	6.6460662809
1.17428571429	6.6461092669
1.17571428571	6.6461522717
1.17714285714	6.6461952951
1.17857142857	6.6462383373
1.18	6.6462813983
1.18142857143	6.6463244779
1.18285714286	6.6463675763
1.18428571429	6.6464106934
1.18571428571	6.6464538291
1.18714285714	6.6464969836
1.18857142857	6.6465401567
1.19	6.6465833486
1.19142857143	6.6466265591
1.19285714286	6.6466697882
1.19428571429	6.6467130360
1.19571428571	6.6467563024
1.19714285714	6.6467995875
1.19857142857	6.6468428912
1.2	6.6468862136
1.20142857143	6.6469295545
1.20285714286	6.6469729141
1.20428571429	6.6470162923
1.20571428571	6.6470596890
1.20714285714	6.6471031044
1.20857142857	6.6471465383
1.21	6.6471899908
1.21142857143	6.6472334619
1.21285714286	6.6472769515
1.21428571429	6.6473204597
1.21571428571	6.6473639864
1.21714285714	6.6474075317
1.21857142857	6.6474510955
1.22	6.6474946778
1.22142857143	6.6475382786
1.22285714286	6.6475818979
1.22428571429	6.6476255358
1.22571428571	6.6476691921
1.22714285714	6.6477128669
1.22857142857	6.6477565602
1.23	6.6478002720
1.23142857143	6.6478440022
1.23285714286	6.6478877509
1.23428571429	6.6479315180
1.23571428571	6.6479753036
1.23714285714	6.6480191076
1.23857142857	6.6480629301
1.24	6.6481067709
1.24142857143	6.6481506302
1.24285714286	6.6481945079
1.24428571429	6.6482384040
1.24571428571	6.6482823185
1.24714285714	6.6483262513
1.24857142857	6.6483702026
1.25	6.6484141722
1.25142857143	6.6484581601
1.25285714286	6.6485021665
1.25428571429	6.6485461912
1.25571428571	6.6485902342
1.25714285714	6.6486342956
1.25857142857	6.6486783752
1.26	6.6487224733
1.26142857143	6.6487665896
1.26285714286	6.6488107242
1.26428571429	6.6488548771
1.26571428571	6.6488990484
1.26714285714	6.6489432379
1.26857142857	6.6489874457
1.27	6.6490316717
1.27142857143	6.6490759161
1.27285714286	6.6491201786
1.27428571429	6.6491644595
1.27571428571	6.6492087586
1.27714285714	6.6492530759
1.27857142857	6.6492974114
1.28	6.6493417652
1.28142857143	6.6493861372
1.28285714286	6.6494305274
1.28428571429	6.6494749358
1.28571428571	6.6495193624
1.28714285714	6.6495638071
1.28857142857	6.6496082701
1.29	6.6496527512
1.29142857143	6.6496972505
1.29285714286	6.6497417680
1.29428571429	6.6497863036
1.29571428571	6.6498308573
1.29714285714	6.6498754292
1.29857142857	6.6499200192
1.3	6.6499646274
1.30142857143	6.6500092536
1.30285714286	6.6500538980
1.30428571429	6.6500985605
1.30571428571	6.6501432411
1.30714285714	6.6501879398
1.30857142857	6.6502326565
1.31	6.6502773913
1.31142857143	6.6503221442
1.31285714286	6.6503669152
1.31428571429	6.6504117042
1.31571428571	6.6504565113
1.31714285714	6.6505013364
1.31857142857	6.6505461795
1.32	6.6505910407
1.32142857143	6.6506359199
1.32285714286	6.6506808171
1.32428571429	6.6507257323
1.32571428571	6.6507706655
1.32714285714	6.6508156167
1.32857142857	6.6508605859
1.33	6.6509055730
1.33142857143	6.6509505782
1.33285714286	6.6509956013
1.33428571429	6.6510406424
1.33571428571	6.6510857014
1.33714285714	6.6511307783
1.33857142857	6.6511758733
1.34	6.6512209861
1.34142857143	6.6512661169
1.34285714286	6.6513112655
1.34428571429	6.6513564321
1.34571428571	6.6514016166
1.34714285714	6.6514468190
1.34857142857	6.6514920393
1.35	6.6515372775
1.35142857143	6.6515825335
1.35285714286	6.6516278075
1.35428571429	6.6516730993
1.35571428571	6.6517184089
1.35714285714	6.6517637364
1.35857142857	6.6518090817
1.36	6.6518544449
1.36142857143	6.6518998259
1.36285714286	6.6519452248
1.36428571429	6.6519906414
1.36571428571	6.6520360759
1.36714285714	6.6520815282
1.36857142857	6.6521269982
1.37	6.6521724861
1.37142857143	6.6522179917
1.37285714286	6.6522635151
1.37428571429	6.6523090563
1.37571428571	6.6523546153
1.37714285714	6.6524001920
1.37857142857	6.6524457865
1.38	6.6524913987
1.38142857143	6.6525370286
1.38285714286	6.6525826763
1.38428571429	6.6526283417
1.38571428571	6.6526740248
1.38714285714	6.6527197256
1.38857142857	6.6527654442
1.39	6.6528111804
1.39142857143	6.6528569343
1.39285714286	6.6529027059
1.39428571429	6.6529484952
1.39571428571	6.6529943022
1.39714285714	6.6530401268
1.39857142857	6.6530859691
1.4	6.6531318290
1.40142857143	6.6531777066
1.40285714286	6.6532236018
1.40428571429	6.6532695147
1.40571428571	6.6533154451
1.40714285714	6.6533613932
1.40857142857	6.6534073589
1.41	6.6534533423
1.41142857143	6.6534993432
1.41285714286	6.6535453617
1.41428571429	6.6535913978
1.41571428571	6.6536374515
1.41714285714	6.6536835227
1.41857142857	6.6537296115
1.42	6.6537757179
1.42142857143	6.6538218418
1.42285714286	6.6538679833
1.42428571429	6.6539141423
1.42571428571	6.6539603189
1.42714285714	6.6540065130
1.42857142857	6.6540527246
1.43	6.6540989537
1.43142857143	6.6541452004
1.43285714286	6.6541914645
1.43428571429	6.6542377461
1.43571428571	6.6542840453
1.43714285714	6.6543303619
1.43857142857	6.6543766960
1.44	6.6544230475
1.44142857143	6.6544694166
1.44285714286	6.6545158030
1.44428571429	6.6545622070
1.44571428571	6.6546086284
1.44714285714	6.6546550672
1.44857142857	6.6547015234
1.45	6.6547479971
1.45142857143	6.6547944882
1.45285714286	6.6548409967
1.45428571429	6.6548875226
1.45571428571	6.6549340660
1.45714285714	6.6549806267
1.45857142857	6.6550272048
1.46	6.6550738003
1.46142857143	6.6551204132
1.46285714286	6.6551670434
1.46428571429	6.6552136910
1.46571428571	6.6552603560
1.46714285714	6.6553070383
1.46857142857	6.6553537379
1.47	6.6554004549
1.47142857143	6.6554471893
1.47285714286	6.6554939409
1.47428571429	6.6555407099
1.47571428571	6.6555874962
1.47714285714	6.6556342998
1.47857142857	6.6556811207
1.48	6.6557279589
1.48142857143	6.6557748143
1.48285714286	6.6558216871
1.48428571429	6.6558685771
1.48571428571	6.6559154845
1.48714285714	6.6559624090
1.48857142857	6.6560093509
1.49	6.6560563100
1.49142857143	6.6561032863
1.49285714286	6.6561502799
1.49428571429	6.6561972907
1.49571428571	6.6562443187
1.49714285714	6.6562913640
1.49857142857	6.6563384264
1.5	6.6563855061
1.50142857143	6.6564326030
1.50285714286	6.6564797171
1.50428571429	6.6565268483
1.50571428571	6.6565739968
1.50714285714	6.6566211624
1.50857142857	6.6566683452
1.51	6.6567155452
1.51142857143	6.6567627624
1.51285714286	6.6568099966
1.51428571429	6.6568572481
1.51571428571	6.6569045167
1.51714285714	6.6569518024
1.51857142857	6.6569991052
1.52	6.6570464252
1.52142857143	6.6570937623
1.52285714286	6.6571411165
1.52428571429	6.6571884878
1.52571428571	6.6572358762
1.52714285714	6.6572832817
1.52857142857	6.6573307043
1.53	6.6573781440
1.53142857143	6.6574256008
1.53285714286	6.6574730746
1.53428571429	6.6575205655
1.53571428571	6.6575680734
1.53714285714	6.6576155984
1.53857142857	6.6576631405
1.54	6.6577106996
1.54142857143	6.6577582757
1.54285714286	6.6578058688
1.54428571429	6.6578534790
1.54571428571	6.6579011062
1.54714285714	6.6579487504
1.54857142857	6.6579964116
1.55	6.6580440898
1.55142857143	6.6580917850
1.55285714286	6.6581394972
1.55428571429	6.6581872264
1.55571428571	6.6582349726
1.55714285714	6.6582827357
1.55857142857	6.6583305158
1.56	6.6583783128
1.56142857143	6.6584261268
1.56285714286	6.6584739578
1.56428571429	6.6585218057
1.56571428571	6.6585696705
1.56714285714	6.6586175522
1.56857142857	6.6586654509
1.57	6.6587133665
1.57142857143	6.6587612990
1.57285714286	6.6588092484
1.57428571429	6.6588572148
1.57571428571	6.6589051980
1.57714285714	6.6589531981
1.57857142857	6.6590012151
1.58	6.6590492489
1.58142857143	6.6590972997
1.58285714286	6.6591453673
1.58428571429	6.6591934517
1.58571428571	6.6592415530
1.58714285714	6.6592896712
1.58857142857	6.6593378062
1.59	6.6593859581
1.59142857143	6.6594341268
1.59285714286	6.6594823123
1.59428571429	6.6595305146
1.59571428571	6.6595787338
1.59714285714	6.6596269697
1.59857142857	6.6596752225
1.6	6.6597234920
1.60142857143	6.6597717784
1.60285714286	6.6598200815
1.60428571429	6.6598684015
1.60571428571	6.6599167382
1.60714285714	6.6599650916
1.60857142857	6.6600134619
1.61	6.6600618489
1.61142857143	6.6601102526
1.61285714286	6.6601586731
1.61428571429	6.6602071104
1.61571428571	6.6602555644
1.61714285714	6.6603040351
1.61857142857	6.6603525225
1.62	6.6604010267
1.62142857143	6.6604495475
1.62285714286	6.6604980851
1.62428571429	6.6605466394
1.62571428571	6.6605952104
1.62714285714	6.6606437981
1.62857142857	6.6606924024
1.63	6.6607410235
1.63142857143	6.6607896612
1.63285714286	6.6608383156
1.63428571429	6.6608869867
1.63571428571	6.6609356744
1.63714285714	6.6609843788
1.63857142857	6.6610330998
1.64	6.6610818375
1.64142857143	6.6611305918
1.64285714286	6.6611793627
1.64428571429	6.6612281503
1.64571428571	6.6612769545
1.64714285714	6.6613257753
1.64857142857	6.6613746128
1.65	6.6614234668
1.65142857143	6.6614723374
1.65285714286	6.6615212247
1.65428571429	6.6615701285
1.65571428571	6.6616190489
1.65714285714	6.6616679859
1.65857142857	6.6617169394
1.66	6.6617659095
1.66142857143	6.6618148962
1.66285714286	6.6618638995
1.66428571429	6.6619129193
1.66571428571	6.6619619556
1.66714285714	6.6620110085
1.66857142857	6.6620600780
1.67	6.6621091639
1.67142857143	6.6621582664
1.67285714286	6.6622073854
1.67428571429	6.6622565210
1.67571428571	6.6623056730
1.67714285714	6.6623548415
1.67857142857	6.6624040266
1.68	6.6624532281
1.68142857143	6.6625024462
1.68285714286	6.6625516807
1.68428571429	6.6626009317
1.68571428571	6.6626501991
1.68714285714	6.6626994831
1.68857142857	6.6627487835
1.69	6.6627981003
1.69142857143	6.6628474337
1.69285714286	6.6628967834
1.69428571429	6.6629461496
1.69571428571	6.6629955323
1.69714285714	6.6630449314
1.69857142857	6.6630943469
1.7	6.6631437788
1.70142857143	6.6631932271
1.70285714286	6.6632426919
1.70428571429	6.6632921731
1.70571428571	6.6633416706
1.70714285714	6.6633911846
1.70857142857	6.6634407150
1.71	6.6634902617
1.71142857143	6.6635398249
1.71285714286	6.6635894044
1.71428571429	6.6636390003
1.71571428571	6.6636886125
1.71714285714	6.6637382411
1.71857142857	6.6637878861
1.72	6.6638375474
1.72142857143	6.6638872251
1.72285714286	6.6639369191
1.72428571429	6.6639866294
1.72571428571	6.6640363561
1.72714285714	6.6640860991
1.72857142857	6.6641358585
1.73	6.6641856341
1.73142857143	6.6642354261
1.73285714286	6.6642852344
1.73428571429	6.6643350589
1.73571428571	6.6643848998
1.73714285714	6.6644347570
1.73857142857	6.6644846304
1.74	6.6645345201
1.74142857143	6.6645844262
1.74285714286	6.6646343484
1.74428571429	6.6646842870
1.74571428571	6.6647342418
1.74714285714	6.6647842129
1.74857142857	6.6648342002
1.75	6.6648842038
1.75142857143	6.6649342236
1.75285714286	6.6649842597
1.75428571429	6.6650343120
1.75571428571	6.6650843805
1.75714285714	6.6651344653
1.75857142857	6.6651845662
1.76	6.6652346834
1.76142857143	6.6652848168
1.76285714286	6.6653349664
1.76428571429	6.6653851322
1.76571428571	6.6654353142
1.76714285714	6.6654855124
1.76857142857	6.6655357268
1.77	6.6655859574
1.77142857143	6.6656362041
1.77285714286	6.6656864670
1.77428571429	6.6657367461
1.77571428571	6.6657870414
1.77714285714	6.6658373528
1.77857142857	6.6658876803
1.78	6.6659380240
1.78142857143	6.6659883839
1.78285714286	6.6660387599
1.78428571429	6.6660891520
1.78571428571	6.6661395602
1.78714285714	6.6661899846
1.78857142857	6.6662404251
1.79	6.6662908817
1.79142857143	6.6663413545
1.79285714286	6.6663918433
1.79428571429	6.6664423482
1.79571428571	6.6664928693
1.79714285714	6.6665434064
1.79857142857	6.6665939596
1.8	6.6666445289
1.80142857143	6.6666951143
1.80285714286	6.6667457158
1.80428571429	6.6667963333
1.80571428571	6.6668469669
1.80714285714	6.6668976166
1.80857142857	6.6669482823
1.81	6.6669989641
1.81142857143	6.6670496619
1.81285714286	6.6671003758
1.81428571429	6.6671511057
1.81571428571	6.6672018516
1.81714285714	6.6672526136
1.81857142857	6.6673033916
1.82	6.6673541856
1.82142857143	6.6674049956
1.82285714286	6.6674558217
1.82428571429	6.6675066637
1.82571428571	6.6675575218
1.82714285714	6.6676083958
1.82857142857	6.6676592859
1.83	6.6677101919
1.83142857143	6.6677611139
1.83285714286	6.6678120520
1.83428571429	6.6678630059
1.83571428571	6.6679139759
1.83714285714	6.6679649618
1.83857142857	6.6680159637
1.84	6.6680669816
1.84142857143	6.6681180154
1.84285714286	6.6681690651
1.84428571429	6.6682201308
1.84571428571	6.6682712125
1.84714285714	6.6683223101
1.84857142857	6.6683734236
1.85	6.6684245531
1.85142857143	6.6684756984
1.85285714286	6.6685268597
1.85428571429	6.6685780369
1.85571428571	6.6686292301
1.85714285714	6.6686804391
1.85857142857	6.6687316641
1.86	6.6687829049
1.86142857143	6.6688341616
1.86285714286	6.6688854343
1.86428571429	6.6689367228
1.86571428571	6.6689880272
1.86714285714	6.6690393475
1.86857142857	6.6690906836
1.87	6.6691420356
1.87142857143	6.6691934035
1.87285714286	6.6692447873
1.87428571429	6.6692961869
1.87571428571	6.6693476024
1.87714285714	6.6693990337
1.87857142857	6.6694504808
1.88	6.6695019438
1.88142857143	6.6695534227
1.88285714286	6.6696049174
1.88428571429	6.6696564279
1.88571428571	6.6697079542
1.88714285714	6.6697594963
1.88857142857	6.6698110543
1.89	6.6698626281
1.89142857143	6.6699142177
1.89285714286	6.6699658231
1.89428571429	6.6700174443
1.89571428571	6.6700690813
1.89714285714	6.6701207341
1.89857142857	6.6701724026
1.9	6.6702240870
1.90142857143	6.6702757871
1.90285714286	6.6703275031
1.90428571429	6.6703792348
1.90571428571	6.6704309822
1.90714285714	6.6704827455
1.90857142857	6.6705345244
1.91	6.6705863192
1.91142857143	6.6706381297
1.91285714286	6.6706899559
1.91428571429	6.6707417979
1.91571428571	6.6707936557
1.91714285714	6.6708455292
1.91857142857	6.6708974184
1.92	6.6709493233
1.92142857143	6.6710012440
1.92285714286	6.6710531804
1.92428571429	6.6711051325
1.92571428571	6.6711571003
1.92714285714	6.6712090838
1.92857142857	6.6712610831
1.93	6.6713130980
1.93142857143	6.6713651287
1.93285714286	6.6714171750
1.93428571429	6.6714692370
1.93571428571	6.6715213148
1.93714285714	6.6715734082
1.93857142857	6.6716255173
1.94	6.6716776420
1.94142857143	6.6717297825
1.94285714286	6.6717819386
1.94428571429	6.6718341103
1.94571428571	6.6718862978
1.94714285714	6.6719385009
1.94857142857	6.6719907196
1.95	6.6720429540
1.95142857143	6.6720952041
1.95285714286	6.6721474698
1.95428571429	6.6721997511
1.95571428571	6.6722520480
1.95714285714	6.6723043606
1.95857142857	6.6723566889
1.96	6.6724090327
1.96142857143	6.6724613922
1.96285714286	6.6725137673
1.96428571429	6.6725661580
1.96571428571	6.6726185643
1.96714285714	6.6726709862
1.96857142857	6.6727234238
1.97	6.6727758769
1.97142857143	6.6728283456
1.97285714286	6.6728808299
1.97428571429	6.6729333299
1.97571428571	6.6729858453
1.97714285714	6.6730383764
1.97857142857	6.6730909231
1.98	6.6731434853
1.98142857143	6.6731960631
1.98285714286	6.6732486565
1.98428571429	6.6733012654
1.98571428571	6.6733538899
1.98714285714	6.6734065300
1.98857142857	6.6734591856
1.99	6.6735118568
1.99142857143	6.6735645435
1.99285714286	6.6736172457
1.99428571429	6.6736699635
1.99571428571	6.6737226969
1.99714285714	6.6737754457
1.99857142857	6.6738282101
2.0	6.6738809900
2.00142857143	6.6739337855
2.00285714286	6.6739865965
2.00428571429	6.6740394229
2.00571428571	6.6740922649
2.00714285714	6.6741451225
2.00857142857	6.6741979955
2.01	6.6742508840
2.01142857143	6.6743037880
2.01285714286	6.6743567075
2.01428571429	6.6744096426
2.01571428571	6.6744625931
2.01714285714	6.6745155591
2.01857142857	6.6745685405
2.02	6.6746215375
2.02142857143	6.6746745499
2.02285714286	6.6747275778
2.02428571429	6.6747806212
2.02571428571	6.6748336801
2.02714285714	6.6748867544
2.02857142857	6.6749398442
2.03	6.6749929494
2.03142857143	6.6750460701
2.03285714286	6.6750992062
2.03428571429	6.6751523578
2.03571428571	6.6752055248
2.03714285714	6.6752587073
2.03857142857	6.6753119052
2.04	6.6753651186
2.04142857143	6.6754183474
2.04285714286	6.6754715916
2.04428571429	6.6755248512
2.04571428571	6.6755781263
2.04714285714	6.6756314168
2.04857142857	6.6756847227
2.05	6.6757380440
2.05142857143	6.6757913808
2.05285714286	6.6758447329
2.05428571429	6.6758981004
2.05571428571	6.6759514834
2.05714285714	6.6760048817
2.05857142857	6.6760582955
2.06	6.6761117246
2.06142857143	6.6761651692
2.06285714286	6.6762186291
2.06428571429	6.6762721044
2.06571428571	6.6763255950
2.06714285714	6.6763791011
2.06857142857	6.6764326225
2.07	6.6764861593
2.07142857143	6.6765397115
2.07285714286	6.6765932791
2.07428571429	6.6766468620
2.07571428571	6.6767004602
2.07714285714	6.6767540739
2.07857142857	6.6768077029
2.08	6.6768613472
2.08142857143	6.6769150069
2.08285714286	6.6769686819
2.08428571429	6.6770223723
2.08571428571	6.6770760780
2.08714285714	6.6771297990
2.08857142857	6.6771835354
2.09	6.6772372872
2.09142857143	6.6772910542
2.09285714286	6.6773448366
2.09428571429	6.6773986343
2.09571428571	6.6774524473
2.09714285714	6.6775062756
2.09857142857	6.6775601193
2.1	6.6776139783
2.10142857143	6.6776678525
2.10285714286	6.6777217421
2.10428571429	6.6777756470
2.10571428571	6.6778295672
2.10714285714	6.6778835027
2.10857142857	6.6779374535
2.11	6.6779914196
2.11142857143	6.6780454010
2.11285714286	6.6780993976
2.11428571429	6.6781534096
2.11571428571	6.6782074368
2.11714285714	6.6782614793
2.11857142857	6.6783155371
2.12	6.6783696102
2.12142857143	6.6784236985
2.12285714286	6.6784778021
2.12428571429	6.6785319210
2.12571428571	6.6785860552
2.12714285714	6.6786402046
2.12857142857	6.6786943692
2.13	6.6787485492
2.13142857143	6.6788027443
2.13285714286	6.6788569548
2.13428571429	6.6789111805
2.13571428571	6.6789654214
2.13714285714	6.6790196776
2.13857142857	6.6790739490
2.14	6.6791282356
2.14142857143	6.6791825375
2.14285714286	6.6792368547
2.14428571429	6.6792911870
2.14571428571	6.6793455346
2.14714285714	6.6793998974
2.14857142857	6.6794542755
2.15	6.6795086687
2.15142857143	6.6795630772
2.15285714286	6.6796175009
2.15428571429	6.6796719399
2.15571428571	6.6797263940
2.15714285714	6.6797808633
2.15857142857	6.6798353479
2.16	6.6798898477
2.16142857143	6.6799443626
2.16285714286	6.6799988928
2.16428571429	6.6800534381
2.16571428571	6.6801079987
2.16714285714	6.6801625745
2.16857142857	6.6802171654
2.17	6.6802717716
2.17142857143	6.6803263929
2.17285714286	6.6803810294
2.17428571429	6.6804356811
2.17571428571	6.6804903480
2.17714285714	6.6805450300
2.17857142857	6.6805997273
2.18	6.6806544397
2.18142857143	6.6807091672
2.18285714286	6.6807639100
2.18428571429	6.6808186679
2.18571428571	6.6808734410
2.18714285714	6.6809282292
2.18857142857	6.6809830326
2.19	6.6810378512
2.19142857143	6.6810926849
2.19285714286	6.6811475338
2.19428571429	6.6812023978
2.19571428571	6.6812572770
2.19714285714	6.6813121713
2.19857142857	6.6813670808
2.2	6.6814220054
2.20142857143	6.6814769452
2.20285714286	6.6815319001
2.20428571429	6.6815868701
2.20571428571	6.6816418553
2.20714285714	6.6816968556
2.20857142857	6.6817518711
2.21	6.6818069017
2.21142857143	6.6818619474
2.21285714286	6.6819170082
2.21428571429	6.6819720841
2.21571428571	6.6820271752
2.21714285714	6.6820822814
2.21857142857	6.6821374027
2.22	6.6821925391
2.22142857143	6.6822476907
2.22285714286	6.6823028573
2.22428571429	6.6823580391
2.22571428571	6.6824132360
2.22714285714	6.6824684480
2.22857142857	6.6825236751
2.23	6.6825789173
2.23142857143	6.6826341745
2.23285714286	6.6826894469
2.23428571429	6.6827447344
2.23571428571	6.6828000370
2.23714285714	6.6828553547
2.23857142857	6.6829106875
2.24	6.6829660353
2.24142857143	6.6830213983
2.24285714286	6.6830767763
2.24428571429	6.6831321694
2.24571428571	6.6831875776
2.24714285714	6.6832430009
2.24857142857	6.6832984393
2.25	6.6833538927
2.25142857143	6.6834093612
2.25285714286	6.6834648448
2.25428571429	6.6835203435
2.25571428571	6.6835758572
2.25714285714	6.6836313861
2.25857142857	6.6836869299
2.26	6.6837424889
2.26142857143	6.6837980629
2.26285714286	6.6838536520
2.26428571429	6.6839092561
2.26571428571	6.6839648753
2.26714285714	6.6840205095
2.26857142857	6.6840761588
2.27	6.6841318232
2.27142857143	6.6841875026
2.27285714286	6.6842431971
2.27428571429	6.6842989066
2.27571428571	6.6843546311
2.27714285714	6.6844103708
2.27857142857	6.6844661254
2.28	6.6845218951
2.28142857143	6.6845776799
2.28285714286	6.6846334796
2.28428571429	6.6846892945
2.28571428571	6.6847451243
2.28714285714	6.6848009692
2.28857142857	6.6848568292
2.29	6.6849127041
2.29142857143	6.6849685941
2.29285714286	6.6850244992
2.29428571429	6.6850804192
2.29571428571	6.6851363543
2.29714285714	6.6851923044
2.29857142857	6.6852482696
2.3	6.6853042497
2.30142857143	6.6853602449
2.30285714286	6.6854162551
2.30428571429	6.6854722803
2.30571428571	6.6855283206
2.30714285714	6.6855843758
2.30857142857	6.6856404461
2.31	6.6856965314
2.31142857143	6.6857526317
2.31285714286	6.6858087470
2.31428571429	6.6858648774
2.31571428571	6.6859210227
2.31714285714	6.6859771831
2.31857142857	6.6860333584
2.32	6.6860895488
2.32142857143	6.6861457541
2.32285714286	6.6862019745
2.32428571429	6.6862582099
2.32571428571	6.6863144603
2.32714285714	6.6863707256
2.32857142857	6.6864270060
2.33	6.6864833014
2.33142857143	6.6865396117
2.33285714286	6.6865959371
2.33428571429	6.6866522774
2.33571428571	6.6867086328
2.33714285714	6.6867650031
2.33857142857	6.6868213885
2.34	6.6868777888
2.34142857143	6.6869342041
2.34285714286	6.6869906344
2.34428571429	6.6870470797
2.34571428571	6.6871035399
2.34714285714	6.6871600152
2.34857142857	6.6872165054
2.35	6.6872730106
2.35142857143	6.6873295308
2.35285714286	6.6873860660
2.35428571429	6.6874426162
2.35571428571	6.6874991813
2.35714285714	6.6875557614
2.35857142857	6.6876123565
2.36	6.6876689666
2.36142857143	6.6877255916
2.36285714286	6.6877822316
2.36428571429	6.6878388866
2.36571428571	6.6878955566
2.36714285714	6.6879522415
2.36857142857	6.6880089414
2.37	6.6880656563
2.37142857143	6.6881223861
2.37285714286	6.6881791310
2.37428571429	6.6882358907
2.37571428571	6.6882926655
2.37714285714	6.6883494552
2.37857142857	6.6884062599
2.38	6.6884630795
2.38142857143	6.6885199141
2.38285714286	6.6885767637
2.38428571429	6.6886336282
2.38571428571	6.6886905077
2.38714285714	6.6887474021
2.38857142857	6.6888043115
2.39	6.6888612359
2.39142857143	6.6889181752
2.39285714286	6.6889751295
2.39428571429	6.6890320987
2.39571428571	6.6890890829
2.39714285714	6.6891460821
2.39857142857	6.6892030962
2.4	6.6892601252
2.40142857143	6.6893171692
2.40285714286	6.6893742282
2.40428571429	6.6894313021
2.40571428571	6.6894883910
2.40714285714	6.6895454948
2.40857142857	6.6896026136
2.41	6.6896597473
2.41142857143	6.6897168959
2.41285714286	6.6897740596
2.41428571429	6.6898312381
2.41571428571	6.6898884316
2.41714285714	6.6899456401
2.41857142857	6.6900028635
2.42	6.6900601019
2.42142857143	6.6901173552
2.42285714286	6.6901746234
2.42428571429	6.6902319066
2.42571428571	6.6902892047
2.42714285714	6.6903465178
2.42857142857	6.6904038458
2.43	6.6904611888
2.43142857143	6.6905185467
2.43285714286	6.6905759196
2.43428571429	6.6906333074
2.43571428571	6.6906907101
2.43714285714	6.6907481278
2.43857142857	6.6908055604
2.44	6.6908630080
2.44142857143	6.6909204705
2.44285714286	6.6909779479
2.44428571429	6.6910354403
2.44571428571	6.6910929476
2.44714285714	6.6911504699
2.44857142857	6.6912080071
2.45	6.6912655592
2.45142857143	6.6913231263
2.45285714286	6.6913807083
2.45428571429	6.6914383053
2.45571428571	6.6914959172
2.45714285714	6.6915535440
2.45857142857	6.6916111858
2.46	6.6916688425
2.46142857143	6.6917265141
2.46285714286	6.6917842007
2.46428571429	6.6918419022
2.46571428571	6.6918996187
2.46714285714	6.6919573501
2.46857142857	6.6920150964
2.47	6.6920728577
2.47142857143	6.6921306339
2.47285714286	6.6921884250
2.47428571429	6.6922462311
2.47571428571	6.6923040521
2.47714285714	6.6923618881
2.47857142857	6.6924197390
2.48	6.6924776048
2.48142857143	6.6925354856
2.48285714286	6.6925933813
2.48428571429	6.6926512919
2.48571428571	6.6927092175
2.48714285714	6.6927671580
2.48857142857	6.6928251134
2.49	6.6928830838
2.49142857143	6.6929410691
2.49285714286	6.6929990694
2.49428571429	6.6930570846
2.49571428571	6.6931151147
2.49714285714	6.6931731598
2.49857142857	6.6932312198
2.5	6.6932892947
2.50142857143	6.6933473846
2.50285714286	6.6934054895
2.50428571429	6.6934636092
2.50571428571	6.6935217439
2.50714285714	6.6935798936
2.50857142857	6.6936380581
2.51	6.6936962377
2.51142857143	6.6937544321
2.51285714286	6.6938126415
2.51428571429	6.6938708658
2.51571428571	6.6939291051
2.51714285714	6.6939873593
2.51857142857	6.6940456285
2.52	6.6941039126
2.52142857143	6.6941622116
2.52285714286	6.6942205256
2.52428571429	6.6942788546
2.52571428571	6.6943371984
2.52714285714	6.6943955572
2.52857142857	6.6944539310
2.53	6.6945123197
2.53142857143	6.6945707233
2.53285714286	6.6946291419
2.53428571429	6.6946875755
2.53571428571	6.6947460240
2.53714285714	6.6948044874
2.53857142857	6.6948629658
2.54	6.6949214591
2.54142857143	6.6949799673
2.54285714286	6.6950384906
2.54428571429	6.6950970287
2.54571428571	6.6951555818
2.54714285714	6.6952141499
2.54857142857	6.6952727329
2.55	6.6953313309
2.55142857143	6.6953899438
2.55285714286	6.6954485717
2.55428571429	6.6955072145
2.55571428571	6.6955658723
2.55714285714	6.6956245450
2.55857142857	6.6956832327
2.56	6.6957419353
2.56142857143	6.6958006529
2.56285714286	6.6958593855
2.56428571429	6.6959181330
2.56571428571	6.6959768955
2.56714285714	6.6960356729
2.56857142857	6.6960944653
2.57	6.6961532726
2.57142857143	6.6962120949
2.57285714286	6.6962709322
2.57428571429	6.6963297844
2.57571428571	6.6963886516
2.57714285714	6.6964475338
2.57857142857	6.6965064309
2.58	6.6965653430
2.58142857143	6.6966242701
2.58285714286	6.6966832121
2.58428571429	6.6967421691
2.58571428571	6.6968011410
2.58714285714	6.6968601280
2.58857142857	6.6969191299
2.59	6.6969781467
2.59142857143	6.6970371786
2.59285714286	6.6970962254
2.59428571429	6.6971552872
2.59571428571	6.6972143640
2.59714285714	6.6972734557
2.59857142857	6.6973325625
2.6	6.6973916842
2.60142857143	6.6974508208
2.60285714286	6.6975099725
2.60428571429	6.6975691392
2.60571428571	6.6976283208
2.60714285714	6.6976875174
2.60857142857	6.6977467290
2.61	6.6978059556
2.61142857143	6.6978651972
2.61285714286	6.6979244537
2.61428571429	6.6979837253
2.61571428571	6.6980430118
2.61714285714	6.6981023133
2.61857142857	6.6981616299
2.62	6.6982209614
2.62142857143	6.6982803079
2.62285714286	6.6983396694
2.62428571429	6.6983990459
2.62571428571	6.6984584374
2.62714285714	6.6985178439
2.62857142857	6.6985772655
2.63	6.6986367020
2.63142857143	6.6986961535
2.63285714286	6.6987556200
2.63428571429	6.6988151015
2.63571428571	6.6988745981
2.63714285714	6.6989341096
2.63857142857	6.6989936362
2.64	6.6990531777
2.64142857143	6.6991127343
2.64285714286	6.6991723059
2.64428571429	6.6992318925
2.64571428571	6.6992914941
2.64714285714	6.6993511108
2.64857142857	6.6994107425
2.65	6.6994703891
2.65142857143	6.6995300509
2.65285714286	6.6995897276
2.65428571429	6.6996494194
2.65571428571	6.6997091262
2.65714285714	6.6997688480
2.65857142857	6.6998285848
2.66	6.6998883367
2.66142857143	6.6999481036
2.66285714286	6.7000078856
2.66428571429	6.7000676826
2.66571428571	6.7001274946
2.66714285714	6.7001873217
2.66857142857	6.7002471638
2.67	6.7003070209
2.67142857143	6.7003668931
2.67285714286	6.7004267804
2.67428571429	6.7004866826
2.67571428571	6.7005466000
2.67714285714	6.7006065324
2.67857142857	6.7006664798
2.68	6.7007264423
2.68142857143	6.7007864199
2.68285714286	6.7008464125
2.68428571429	6.7009064202
2.68571428571	6.7009664429
2.68714285714	6.7010264807
2.68857142857	6.7010865336
2.69	6.7011466015
2.69142857143	6.7012066845
2.69285714286	6.7012667826
2.69428571429	6.7013268958
2.69571428571	6.7013870240
2.69714285714	6.7014471673
2.69857142857	6.7015073257
2.7	6.7015674991
2.70142857143	6.7016276877
2.70285714286	6.7016878913
2.70428571429	6.7017481100
2.70571428571	6.7018083438
2.70714285714	6.7018685927
2.70857142857	6.7019288567
2.71	6.7019891358
2.71142857143	6.7020494299
2.71285714286	6.7021097392
2.71428571429	6.7021700636
2.71571428571	6.7022304031
2.71714285714	6.7022907576
2.71857142857	6.7023511273
2.72	6.7024115121
2.72142857143	6.7024719120
2.72285714286	6.7025323271
2.72428571429	6.7025927572
2.72571428571	6.7026532024
2.72714285714	6.7027136628
2.72857142857	6.7027741383
2.73	6.7028346289
2.73142857143	6.7028951347
2.73285714286	6.7029556555
2.73428571429	6.7030161915
2.73571428571	6.7030767427
2.73714285714	6.7031373089
2.73857142857	6.7031978903
2.74	6.7032584869
2.74142857143	6.7033190986
2.74285714286	6.7033797254
2.74428571429	6.7034403674
2.74571428571	6.7035010245
2.74714285714	6.7035616968
2.74857142857	6.7036223842
2.75	6.7036830868
2.75142857143	6.7037438045
2.75285714286	6.7038045374
2.75428571429	6.7038652855
2.75571428571	6.7039260487
2.75714285714	6.7039868271
2.75857142857	6.7040476207
2.76	6.7041084294
2.76142857143	6.7041692534
2.76285714286	6.7042300925
2.76428571429	6.7042909467
2.76571428571	6.7043518162
2.76714285714	6.7044127008
2.76857142857	6.7044736007
2.77	6.7045345157
2.77142857143	6.7045954459
2.77285714286	6.7046563913
2.77428571429	6.7047173519
2.77571428571	6.7047783278
2.77714285714	6.7048393188
2.77857142857	6.7049003250
2.78	6.7049613464
2.78142857143	6.7050223831
2.78285714286	6.7050834349
2.78428571429	6.7051445020
2.78571428571	6.7052055843
2.78714285714	6.7052666818
2.78857142857	6.7053277946
2.79	6.7053889226
2.79142857143	6.7054500658
2.79285714286	6.7055112242
2.79428571429	6.7055723979
2.79571428571	6.7056335868
2.79714285714	6.7056947909
2.79857142857	6.7057560103
2.8	6.7058172450
2.80142857143	6.7058784949
2.80285714286	6.7059397601
2.80428571429	6.7060010405
2.80571428571	6.7060623361
2.80714285714	6.7061236471
2.80857142857	6.7061849733
2.81	6.7062463148
2.81142857143	6.7063076715
2.81285714286	6.7063690435
2.81428571429	6.7064304308
2.81571428571	6.7064918334
2.81714285714	6.7065532512
2.81857142857	6.7066146844
2.82	6.7066761328
2.82142857143	6.7067375966
2.82285714286	6.7067990756
2.82428571429	6.7068605699
2.82571428571	6.7069220795
2.82714285714	6.7069836045
2.82857142857	6.7070451447
2.83	6.7071067003
2.83142857143	6.7071682712
2.83285714286	6.7072298573
2.83428571429	6.7072914589
2.83571428571	6.7073530757
2.83714285714	6.7074147079
2.83857142857	6.7074763554
2.84	6.7075380182
2.84142857143	6.7075996964
2.84285714286	6.7076613899
2.84428571429	6.7077230987
2.84571428571	6.7077848230
2.84714285714	6.7078465625
2.84857142857	6.7079083174
2.85	6.7079700877
2.85142857143	6.7080318733
2.85285714286	6.7080936743
2.85428571429	6.7081554907
2.85571428571	6.7082173224
2.85714285714	6.7082791696
2.85857142857	6.7083410321
2.86	6.7084029099
2.86142857143	6.7084648032
2.86285714286	6.7085267119
2.86428571429	6.7085886359
2.86571428571	6.7086505754
2.86714285714	6.7087125302
2.86857142857	6.7087745005
2.87	6.7088364861
2.87142857143	6.7088984872
2.87285714286	6.7089605037
2.87428571429	6.7090225356
2.87571428571	6.7090845829
2.87714285714	6.7091466457
2.87857142857	6.7092087239
2.88	6.7092708175
2.88142857143	6.7093329265
2.88285714286	6.7093950510
2.88428571429	6.7094571910
2.88571428571	6.7095193464
2.88714285714	6.7095815172
2.88857142857	6.7096437035
2.89	6.7097059053
2.89142857143	6.7097681225
2.89285714286	6.7098303552
2.89428571429	6.7098926034
2.89571428571	6.7099548670
2.89714285714	6.7100171461
2.89857142857	6.7100794408
2.9	6.7101417508
2.90142857143	6.7102040764
2.90285714286	6.7102664175
2.90428571429	6.7103287741
2.90571428571	6.7103911462
2.90714285714	6.7104535338
2.90857142857	6.7105159369
2.91	6.7105783555
2.91142857143	6.7106407897
2.91285714286	6.7107032393
2.91428571429	6.7107657045
2.91571428571	6.7108281852
2.91714285714	6.7108906815
2.91857142857	6.7109531933
2.92	6.7110157207
2.92142857143	6.7110782636
2.92285714286	6.7111408220
2.92428571429	6.7112033960
2.92571428571	6.7112659856
2.92714285714	6.7113285907
2.92857142857	6.7113912114
2.93	6.7114538477
2.93142857143	6.7115164996
2.93285714286	6.7115791670
2.93428571429	6.7116418501
2.93571428571	6.7117045487
2.93714285714	6.7117672629
2.93857142857	6.7118299927
2.94	6.7118927382
2.94142857143	6.7119554992
2.94285714286	6.7120182759
2.94428571429	6.7120810681
2.94571428571	6.7121438760
2.94714285714	6.7122066996
2.94857142857	6.7122695387
2.95	6.7123323935
2.95142857143	6.7123952639
2.95285714286	6.7124581500
2.95428571429	6.7125210518
2.95571428571	6.7125839691
2.95714285714	6.7126469022
2.95857142857	6.7127098509
2.96	6.7127728153
2.96142857143	6.7128357953
2.96285714286	6.7128987911
2.96428571429	6.7129618025
2.96571428571	6.7130248296
2.96714285714	6.7130878724
2.96857142857	6.7131509309
2.97	6.7132140051
2.97142857143	6.7132770950
2.97285714286	6.7133402006
2.97428571429	6.7134033219
2.97571428571	6.7134664590
2.97714285714	6.7135296117
2.97857142857	6.7135927802
2.98	6.7136559645
2.98142857143	6.7137191645
2.98285714286	6.7137823802
2.98428571429	6.7138456117
2.98571428571	6.7139088589
2.98714285714	6.7139721219
2.98857142857	6.7140354007
2.99	6.7140986952
2.99142857143	6.7141620056
2.99285714286	6.7142253317
2.99428571429	6.7142886735
2.99571428571	6.7143520312
2.99714285714	6.7144154047
2.99857142857	6.7144787940
3.0	6.7145421990
3.00142857143	6.7146056199
3.00285714286	6.7146690566
3.00428571429	6.7147325092
3.00571428571	6.7147959775
3.00714285714	6.7148594617
3.00857142857	6.7149229617
3.01	6.7149864776
3.01142857143	6.7150500093
3.01285714286	6.7151135569
3.01428571429	6.7151771203
3.01571428571	6.7152406996
3.01714285714	6.7153042948
3.01857142857	6.7153679059
3.02	6.7154315328
3.02142857143	6.7154951756
3.02285714286	6.7155588343
3.02428571429	6.7156225089
3.02571428571	6.7156861994
3.02714285714	6.7157499058
3.02857142857	6.7158136281
3.03	6.7158773664
3.03142857143	6.7159411205
3.03285714286	6.7160048906
3.03428571429	6.7160686767
3.03571428571	6.7161324787
3.03714285714	6.7161962966
3.03857142857	6.7162601305
3.04	6.7163239803
3.04142857143	6.7163878461
3.04285714286	6.7164517279
3.04428571429	6.7165156256
3.04571428571	6.7165795393
3.04714285714	6.7166434691
3.04857142857	6.7167074148
3.05	6.7167713765
3.05142857143	6.7168353542
3.05285714286	6.7168993479
3.05428571429	6.7169633576
3.05571428571	6.7170273834
3.05714285714	6.7170914252
3.05857142857	6.7171554830
3.06	6.7172195569
3.06142857143	6.7172836468
3.06285714286	6.7173477527
3.06428571429	6.7174118748
3.06571428571	6.7174760128
3.06714285714	6.7175401670
3.06857142857	6.7176043372
3.07	6.7176685235
3.07142857143	6.7177327259
3.07285714286	6.7177969444
3.07428571429	6.7178611790
3.07571428571	6.7179254297
3.07714285714	6.7179896965
3.07857142857	6.7180539795
3.08	6.7181182785
3.08142857143	6.7181825937
3.08285714286	6.7182469251
3.08428571429	6.7183112725
3.08571428571	6.7183756361
3.08714285714	6.7184400159
3.08857142857	6.7185044119
3.09	6.7185688240
3.09142857143	6.7186332523
3.09285714286	6.7186976967
3.09428571429	6.7187621574
3.09571428571	6.7188266342
3.09714285714	6.7188911273
3.09857142857	6.7189556366
3.1	6.7190201620
3.10142857143	6.7190847037
3.10285714286	6.7191492617
3.10428571429	6.7192138358
3.10571428571	6.7192784262
3.10714285714	6.7193430329
3.10857142857	6.7194076558
3.11	6.7194722949
3.11142857143	6.7195369504
3.11285714286	6.7196016221
3.11428571429	6.7196663100
3.11571428571	6.7197310143
3.11714285714	6.7197957349
3.11857142857	6.7198604717
3.12	6.7199252249
3.12142857143	6.7199899944
3.12285714286	6.7200547802
3.12428571429	6.7201195823
3.12571428571	6.7201844008
3.12714285714	6.7202492356
3.12857142857	6.7203140868
3.13	6.7203789543
3.13142857143	6.7204438382
3.13285714286	6.7205087384
3.13428571429	6.7205736551
3.13571428571	6.7206385881
3.13714285714	6.7207035375
3.13857142857	6.7207685033
3.14	6.7208334855
3.14142857143	6.7208984841
3.14285714286	6.7209634992
3.14428571429	6.7210285306
3.14571428571	6.7210935785
3.14714285714	6.7211586428
3.14857142857	6.7212237236
3.15	6.7212888209
3.15142857143	6.7213539346
3.15285714286	6.7214190647
3.15428571429	6.7214842114
3.15571428571	6.7215493745
3.15714285714	6.7216145542
3.15857142857	6.7216797503
3.16	6.7217449629
3.16142857143	6.7218101921
3.16285714286	6.7218754377
3.16428571429	6.7219406999
3.16571428571	6.7220059787
3.16714285714	6.7220712739
3.16857142857	6.7221365858
3.17	6.7222019141
3.17142857143	6.7222672591
3.17285714286	6.7223326206
3.17428571429	6.7223979987
3.17571428571	6.7224633934
3.17714285714	6.7225288047
3.17857142857	6.7225942326
3.18	6.7226596771
3.18142857143	6.7227251383
3.18285714286	6.7227906160
3.18428571429	6.7228561104
3.18571428571	6.7229216215
3.18714285714	6.7229871492
3.18857142857	6.7230526935
3.19	6.7231182545
3.19142857143	6.7231838322
3.19285714286	6.7232494266
3.19428571429	6.7233150377
3.19571428571	6.7233806654
3.19714285714	6.7234463099
3.19857142857	6.7235119711
3.2	6.7235776490
3.20142857143	6.7236433436
3.20285714286	6.7237090550
3.20428571429	6.7237747832
3.20571428571	6.7238405280
3.20714285714	6.7239062897
3.20857142857	6.7239720681
3.21	6.7240378633
3.21142857143	6.7241036753
3.21285714286	6.7241695041
3.21428571429	6.7242353497
3.21571428571	6.7243012121
3.21714285714	6.7243670913
3.21857142857	6.7244329873
3.22	6.7244989002
3.22142857143	6.7245648300
3.22285714286	6.7246307765
3.22428571429	6.7246967400
3.22571428571	6.7247627203
3.22714285714	6.7248287175
3.22857142857	6.7248947316
3.23	6.7249607626
3.23142857143	6.7250268105
3.23285714286	6.7250928753
3.23428571429	6.7251589571
3.23571428571	6.7252250557
3.23714285714	6.7252911713
3.23857142857	6.7253573039
3.24	6.7254234534
3.24142857143	6.7254896199
3.24285714286	6.7255558034
3.24428571429	6.7256220038
3.24571428571	6.7256882212
3.24714285714	6.7257544557
3.24857142857	6.7258207071
3.25	6.7258869756
3.25142857143	6.7259532611
3.25285714286	6.7260195636
3.25428571429	6.7260858832
3.25571428571	6.7261522198
3.25714285714	6.7262185735
3.25857142857	6.7262849443
3.26	6.7263513322
3.26142857143	6.7264177371
3.26285714286	6.7264841591
3.26428571429	6.7265505983
3.26571428571	6.7266170546
3.26714285714	6.7266835280
3.26857142857	6.7267500185
3.27	6.7268165262
3.27142857143	6.7268830511
3.27285714286	6.7269495931
3.27428571429	6.7270161523
3.27571428571	6.7270827287
3.27714285714	6.7271493222
3.27857142857	6.7272159330
3.28	6.7272825610
3.28142857143	6.7273492062
3.28285714286	6.7274158686
3.28428571429	6.7274825483
3.28571428571	6.7275492452
3.28714285714	6.7276159594
3.28857142857	6.7276826909
3.29	6.7277494396
3.29142857143	6.7278162056
3.29285714286	6.7278829890
3.29428571429	6.7279497896
3.29571428571	6.7280166075
3.29714285714	6.7280834428
3.29857142857	6.7281502954
3.3	6.7282171654
3.30142857143	6.7282840527
3.30285714286	6.7283509574
3.30428571429	6.7284178795
3.30571428571	6.7284848190
3.30714285714	6.7285517758
3.30857142857	6.7286187501
3.31	6.7286857418
3.31142857143	6.7287527509
3.31285714286	6.7288197774
3.31428571429	6.7288868214
3.31571428571	6.7289538829
3.31714285714	6.7290209618
3.31857142857	6.7290880582
3.32	6.7291551721
3.32142857143	6.7292223034
3.32285714286	6.7292894523
3.32428571429	6.7293566187
3.32571428571	6.7294238027
3.32714285714	6.7294910042
3.32857142857	6.7295582232
3.33	6.7296254598
3.33142857143	6.7296927140
3.33285714286	6.7297599857
3.33428571429	6.7298272751
3.33571428571	6.7298945820
3.33714285714	6.7299619066
3.33857142857	6.7300292487
3.34	6.7300966086
3.34142857143	6.7301639860
3.34285714286	6.7302313811
3.34428571429	6.7302987939
3.34571428571	6.7303662244
3.34714285714	6.7304336725
3.34857142857	6.7305011384
3.35	6.7305686219
3.35142857143	6.7306361232
3.35285714286	6.7307036422
3.35428571429	6.7307711790
3.35571428571	6.7308387335
3.35714285714	6.7309063058
3.35857142857	6.7309738958
3.36	6.7310415037
3.36142857143	6.7311091293
3.36285714286	6.7311767727
3.36428571429	6.7312444340
3.36571428571	6.7313121131
3.36714285714	6.7313798100
3.36857142857	6.7314475248
3.37	6.7315152575
3.37142857143	6.7315830080
3.37285714286	6.7316507765
3.37428571429	6.7317185628
3.37571428571	6.7317863670
3.37714285714	6.7318541892
3.37857142857	6.7319220293
3.38	6.7319898873
3.38142857143	6.7320577633
3.38285714286	6.7321256573
3.38428571429	6.7321935692
3.38571428571	6.7322614991
3.38714285714	6.7323294471
3.38857142857	6.7323974130
3.39	6.7324653970
3.39142857143	6.7325333990
3.39285714286	6.7326014191
3.39428571429	6.7326694572
3.39571428571	6.7327375134
3.39714285714	6.7328055877
3.39857142857	6.7328736801
3.4	6.7329417906
3.40142857143	6.7330099192
3.40285714286	6.7330780660
3.40428571429	6.7331462309
3.40571428571	6.7332144139
3.40714285714	6.7332826151
3.40857142857	6.7333508345
3.41	6.7334190721
3.41142857143	6.7334873280
3.41285714286	6.7335556020
3.41428571429	6.7336238942
3.41571428571	6.7336922048
3.41714285714	6.7337605335
3.41857142857	6.7338288805
3.42	6.7338972459
3.42142857143	6.7339656295
3.42285714286	6.7340340314
3.42428571429	6.7341024516
3.42571428571	6.7341708902
3.42714285714	6.7342393471
3.42857142857	6.7343078223
3.43	6.7343763159
3.43142857143	6.7344448280
3.43285714286	6.7345133584
3.43428571429	6.7345819072
3.43571428571	6.7346504744
3.43714285714	6.7347190601
3.43857142857	6.7347876642
3.44	6.7348562868
3.44142857143	6.7349249278
3.44285714286	6.7349935873
3.44428571429	6.7350622654
3.44571428571	6.7351309619
3.44714285714	6.7351996770
3.44857142857	6.7352684106
3.45	6.7353371627
3.45142857143	6.7354059334
3.45285714286	6.7354747227
3.45428571429	6.7355435306
3.45571428571	6.7356123571
3.45714285714	6.7356812022
3.45857142857	6.7357500659
3.46	6.7358189483
3.46142857143	6.7358878493
3.46285714286	6.7359567690
3.46428571429	6.7360257074
3.46571428571	6.7360946645
3.46714285714	6.7361636403
3.46857142857	6.7362326348
3.47	6.7363016481
3.47142857143	6.7363706801
3.47285714286	6.7364397309
3.47428571429	6.7365088005
3.47571428571	6.7365778888
3.47714285714	6.7366469960
3.47857142857	6.7367161220
3.48	6.7367852668
3.48142857143	6.7368544305
3.48285714286	6.7369236130
3.48428571429	6.7369928144
3.48571428571	6.7370620348
3.48714285714	6.7371312740
3.48857142857	6.7372005321
3.49	6.7372698092
3.49142857143	6.7373391052
3.49285714286	6.7374084202
3.49428571429	6.7374777542
3.49571428571	6.7375471072
3.49714285714	6.7376164791
3.49857142857	6.7376858701
3.5	6.7377552802
3.50142857143	6.7378247093
3.50285714286	6.7378941574
3.50428571429	6.7379636246
3.50571428571	6.7380331110
3.50714285714	6.7381026164
3.50857142857	6.7381721410
3.51	6.7382416847
3.51142857143	6.7383112475
3.51285714286	6.7383808295
3.51428571429	6.7384504307
3.51571428571	6.7385200512
3.51714285714	6.7385896908
3.51857142857	6.7386593496
3.52	6.7387290277
3.52142857143	6.7387987251
3.52285714286	6.7388684417
3.52428571429	6.7389381776
3.52571428571	6.7390079329
3.52714285714	6.7390777074
3.52857142857	6.7391475013
3.53	6.7392173146
3.53142857143	6.7392871472
3.53285714286	6.7393569992
3.53428571429	6.7394268706
3.53571428571	6.7394967614
3.53714285714	6.7395666716
3.53857142857	6.7396366013
3.54	6.7397065504
3.54142857143	6.7397765191
3.54285714286	6.7398465072
3.54428571429	6.7399165148
3.54571428571	6.7399865420
3.54714285714	6.7400565886
3.54857142857	6.7401266549
3.55	6.7401967407
3.55142857143	6.7402668461
3.55285714286	6.7403369711
3.55428571429	6.7404071158
3.55571428571	6.7404772801
3.55714285714	6.7405474640
3.55857142857	6.7406176676
3.56	6.7406878909
3.56142857143	6.7407581339
3.56285714286	6.7408283966
3.56428571429	6.7408986791
3.56571428571	6.7409689813
3.56714285714	6.7410393032
3.56857142857	6.7411096450
3.57	6.7411800066
3.57142857143	6.7412503880
3.57285714286	6.7413207892
3.57428571429	6.7413912103
3.57571428571	6.7414616512
3.57714285714	6.7415321121
3.57857142857	6.7416025928
3.58	6.7416730935
3.58142857143	6.7417436141
3.58285714286	6.7418141546
3.58428571429	6.7418847152
3.58571428571	6.7419552957
3.58714285714	6.7420258962
3.58857142857	6.7420965168
3.59	6.7421671574
3.59142857143	6.7422378181
3.59285714286	6.7423084988
3.59428571429	6.7423791996
3.59571428571	6.7424499206
3.59714285714	6.7425206617
3.59857142857	6.7425914229
3.6	6.7426622043
3.60142857143	6.7427330059
3.60285714286	6.7428038277
3.60428571429	6.7428746697
3.60571428571	6.7429455319
3.60714285714	6.7430164144
3.60857142857	6.7430873172
3.61	6.7431582403
3.61142857143	6.7432291837
3.61285714286	6.7433001474
3.61428571429	6.7433711314
3.61571428571	6.7434421359
3.61714285714	6.7435131607
3.61857142857	6.7435842059
3.62	6.7436552715
3.62142857143	6.7437263576
3.62285714286	6.7437974641
3.62428571429	6.7438685911
3.62571428571	6.7439397386
3.62714285714	6.7440109067
3.62857142857	6.7440820952
3.63	6.7441533043
3.63142857143	6.7442245340
3.63285714286	6.7442957843
3.63428571429	6.7443670552
3.63571428571	6.7444383467
3.63714285714	6.7445096588
3.63857142857	6.7445809917
3.64	6.7446523452
3.64142857143	6.7447237194
3.64285714286	6.7447951144
3.64428571429	6.7448665300
3.64571428571	6.7449379665
3.64714285714	6.7450094237
3.64857142857	6.7450809018
3.65	6.7451524007
3.65142857143	6.7452239204
3.65285714286	6.7452954610
3.65428571429	6.7453670224
3.65571428571	6.7454386048
3.65714285714	6.7455102081
3.65857142857	6.7455818323
3.66	6.7456534775
3.66142857143	6.7457251437
3.66285714286	6.7457968309
3.66428571429	6.7458685391
3.66571428571	6.7459402684
3.66714285714	6.7460120187
3.66857142857	6.7460837901
3.67	6.7461555826
3.67142857143	6.7462273962
3.67285714286	6.7462992310
3.67428571429	6.7463710870
3.67571428571	6.7464429641
3.67714285714	6.7465148625
3.67857142857	6.7465867821
3.68	6.7466587230
3.68142857143	6.7467306851
3.68285714286	6.7468026685
3.68428571429	6.7468746732
3.68571428571	6.7469466993
3.68714285714	6.7470187467
3.68857142857	6.7470908155
3.69	6.7471629057
3.69142857143	6.7472350174
3.69285714286	6.7473071504
3.69428571429	6.7473793050
3.69571428571	6.7474514810
3.69714285714	6.7475236786
3.69857142857	6.7475958976
3.7	6.7476681383
3.70142857143	6.7477404005
3.70285714286	6.7478126843
3.70428571429	6.7478849897
3.70571428571	6.7479573168
3.70714285714	6.7480296655
3.70857142857	6.7481020359
3.71	6.7481744281
3.71142857143	6.7482468419
3.71285714286	6.7483192776
3.71428571429	6.7483917350
3.71571428571	6.7484642142
3.71714285714	6.7485367152
3.71857142857	6.7486092380
3.72	6.7486817828
3.72142857143	6.7487543494
3.72285714286	6.7488269379
3.72428571429	6.7488995484
3.72571428571	6.7489721809
3.72714285714	6.7490448353
3.72857142857	6.7491175117
3.73	6.7491902102
3.73142857143	6.7492629307
3.73285714286	6.7493356733
3.73428571429	6.7494084380
3.73571428571	6.7494812248
3.73714285714	6.7495540338
3.73857142857	6.7496268650
3.74	6.7496997183
3.74142857143	6.7497725939
3.74285714286	6.7498454917
3.74428571429	6.7499184118
3.74571428571	6.7499913542
3.74714285714	6.7500643189
3.74857142857	6.7501373059
3.75	6.7502103154
3.75142857143	6.7502833472
3.75285714286	6.7503564014
3.75428571429	6.7504294781
3.75571428571	6.7505025772
3.75714285714	6.7505756988
3.75857142857	6.7506488430
3.76	6.7507220096
3.76142857143	6.7507951989
3.76285714286	6.7508684107
3.76428571429	6.7509416452
3.76571428571	6.7510149023
3.76714285714	6.7510881821
3.76857142857	6.7511614845
3.77	6.7512348097
3.77142857143	6.7513081576
3.77285714286	6.7513815283
3.77428571429	6.7514549218
3.77571428571	6.7515283382
3.77714285714	6.7516017773
3.77857142857	6.7516752394
3.78	6.7517487243
3.78142857143	6.7518222322
3.78285714286	6.7518957630
3.78428571429	6.7519693168
3.78571428571	6.7520428937
3.78714285714	6.7521164935
3.78857142857	6.7521901164
3.79	6.7522637624
3.79142857143	6.7523374316
3.79285714286	6.7524111238
3.79428571429	6.7524848392
3.79571428571	6.7525585779
3.79714285714	6.7526323397
3.79857142857	6.7527061248
3.8	6.7527799332
3.80142857143	6.7528537649
3.80285714286	6.7529276199
3.80428571429	6.7530014983
3.80571428571	6.7530754000
3.80714285714	6.7531493252
3.80857142857	6.7532232739
3.81	6.7532972460
3.81142857143	6.7533712416
3.81285714286	6.7534452607
3.81428571429	6.7535193034
3.81571428571	6.7535933697
3.81714285714	6.7536674596
3.81857142857	6.7537415731
3.82	6.7538157103
3.82142857143	6.7538898713
3.82285714286	6.7539640559
3.82428571429	6.7540382643
3.82571428571	6.7541124965
3.82714285714	6.7541867525
3.82857142857	6.7542610324
3.83	6.7543353362
3.83142857143	6.7544096638
3.83285714286	6.7544840154
3.83428571429	6.7545583910
3.83571428571	6.7546327905
3.83714285714	6.7547072141
3.83857142857	6.7547816618
3.84	6.7548561335
3.84142857143	6.7549306293
3.84285714286	6.7550051493
3.84428571429	6.7550796935
3.84571428571	6.7551542619
3.84714285714	6.7552288545
3.84857142857	6.7553034714
3.85	6.7553781126
3.85142857143	6.7554527782
3.85285714286	6.7555274681
3.85428571429	6.7556021824
3.85571428571	6.7556769211
3.85714285714	6.7557516843
3.85857142857	6.7558264720
3.86	6.7559012842
3.86142857143	6.7559761209
3.86285714286	6.7560509823
3.86428571429	6.7561258682
3.86571428571	6.7562007788
3.86714285714	6.7562757141
3.86857142857	6.7563506741
3.87	6.7564256589
3.87142857143	6.7565006684
3.87285714286	6.7565757028
3.87428571429	6.7566507620
3.87571428571	6.7567258461
3.87714285714	6.7568009551
3.87857142857	6.7568760890
3.88	6.7569512479
3.88142857143	6.7570264319
3.88285714286	6.7571016409
3.88428571429	6.7571768749
3.88571428571	6.7572521341
3.88714285714	6.7573274185
3.88857142857	6.7574027280
3.89	6.7574780627
3.89142857143	6.7575534227
3.89285714286	6.7576288080
3.89428571429	6.7577042186
3.89571428571	6.7577796545
3.89714285714	6.7578551159
3.89857142857	6.7579306026
3.9	6.7580061149
3.90142857143	6.7580816526
3.90285714286	6.7581572158
3.90428571429	6.7582328047
3.90571428571	6.7583084191
3.90714285714	6.7583840592
3.90857142857	6.7584597249
3.91	6.7585354164
3.91142857143	6.7586111336
3.91285714286	6.7586868766
3.91428571429	6.7587626454
3.91571428571	6.7588384401
3.91714285714	6.7589142607
3.91857142857	6.7589901072
3.92	6.7590659796
3.92142857143	6.7591418781
3.92285714286	6.7592178026
3.92428571429	6.7592937532
3.92571428571	6.7593697300
3.92714285714	6.7594457328
3.92857142857	6.7595217619
3.93	6.7595978172
3.93142857143	6.7596738988
3.93285714286	6.7597500067
3.93428571429	6.7598261409
3.93571428571	6.7599023015
3.93714285714	6.7599784886
3.93857142857	6.7600547021
3.94	6.7601309421
3.94142857143	6.7602072087
3.94285714286	6.7602835018
3.94428571429	6.7603598216
3.94571428571	6.7604361680
3.94714285714	6.7605125411
3.94857142857	6.7605889410
3.95	6.7606653677
3.95142857143	6.7607418212
3.95285714286	6.7608183015
3.95428571429	6.7608948088
3.95571428571	6.7609713429
3.95714285714	6.7610479041
3.95857142857	6.7611244923
3.96	6.7612011076
3.96142857143	6.7612777500
3.96285714286	6.7613544196
3.96428571429	6.7614311163
3.96571428571	6.7615078403
3.96714285714	6.7615845916
3.96857142857	6.7616613701
3.97	6.7617381761
3.97142857143	6.7618150094
3.97285714286	6.7618918702
3.97428571429	6.7619687585
3.97571428571	6.7620456744
3.97714285714	6.7621226178
3.97857142857	6.7621995888
3.98	6.7622765875
3.98142857143	6.7623536140
3.98285714286	6.7624306682
3.98428571429	6.7625077501
3.98571428571	6.7625848600
3.98714285714	6.7626619977
3.98857142857	6.7627391633
3.99	6.7628163570
3.99142857143	6.7628935786
3.99285714286	6.7629708284
3.99428571429	6.7630481062
3.99571428571	6.7631254122
3.99714285714	6.7632027465
3.99857142857	6.7632801089
4.0	6.7633574997
4.00142857143	6.7634349189
4.00285714286	6.7635123664
4.00428571429	6.7635898424
4.00571428571	6.7636673468
4.00714285714	6.7637448798
4.00857142857	6.7638224414
4.01	6.7639000317
4.01142857143	6.7639776506
4.01285714286	6.7640552982
4.01428571429	6.7641329747
4.01571428571	6.7642106799
4.01714285714	6.7642884140
4.01857142857	6.7643661771
4.02	6.7644439691
4.02142857143	6.7645217902
4.02285714286	6.7645996403
4.02428571429	6.7646775196
4.02571428571	6.7647554281
4.02714285714	6.7648333657
4.02857142857	6.7649113327
4.03	6.7649893290
4.03142857143	6.7650673546
4.03285714286	6.7651454097
4.03428571429	6.7652234943
4.03571428571	6.7653016084
4.03714285714	6.7653797521
4.03857142857	6.7654579255
4.04	6.7655361285
4.04142857143	6.7656143613
4.04285714286	6.7656926239
4.04428571429	6.7657709164
4.04571428571	6.7658492387
4.04714285714	6.7659275911
4.04857142857	6.7660059734
4.05	6.7660843858
4.05142857143	6.7661628283
4.05285714286	6.7662413011
4.05428571429	6.7663198040
4.05571428571	6.7663983373
4.05714285714	6.7664769008
4.05857142857	6.7665554948
4.06	6.7666341193
4.06142857143	6.7667127743
4.06285714286	6.7667914598
4.06428571429	6.7668701760
4.06571428571	6.7669489229
4.06714285714	6.7670277005
4.06857142857	6.7671065089
4.07	6.7671853482
4.07142857143	6.7672642183
4.07285714286	6.7673431195
4.07428571429	6.7674220517
4.07571428571	6.7675010151
4.07714285714	6.7675800095
4.07857142857	6.7676590352
4.08	6.7677380922
4.08142857143	6.7678171805
4.08285714286	6.7678963002
4.08428571429	6.7679754514
4.08571428571	6.7680546341
4.08714285714	6.7681338483
4.08857142857	6.7682130943
4.09	6.7682923719
4.09142857143	6.7683716813
4.09285714286	6.7684510225
4.09428571429	6.7685303957
4.09571428571	6.7686098008
4.09714285714	6.7686892379
4.09857142857	6.7687687071
4.1	6.7688482085
4.10142857143	6.7689277421
4.10285714286	6.7690073080
4.10428571429	6.7690869062
4.10571428571	6.7691665369
4.10714285714	6.7692462000
4.10857142857	6.7693258957
4.11	6.7694056240
4.11142857143	6.7694853850
4.11285714286	6.7695651787
4.11428571429	6.7696450053
4.11571428571	6.7697248648
4.11714285714	6.7698047572
4.11857142857	6.7698846827
4.12	6.7699646412
4.12142857143	6.7700446329
4.12285714286	6.7701246579
4.12428571429	6.7702047162
4.12571428571	6.7702848078
4.12714285714	6.7703649330
4.12857142857	6.7704450916
4.13	6.7705252838
4.13142857143	6.7706055097
4.13285714286	6.7706857694
4.13428571429	6.7707660629
4.13571428571	6.7708463902
4.13714285714	6.7709267516
4.13857142857	6.7710071470
4.14	6.7710875765
4.14142857143	6.7711680401
4.14285714286	6.7712485381
4.14428571429	6.7713290704
4.14571428571	6.7714096371
4.14714285714	6.7714902384
4.14857142857	6.7715708742
4.15	6.7716515446
4.15142857143	6.7717322499
4.15285714286	6.7718129899
4.15428571429	6.7718937648
4.15571428571	6.7719745747
4.15714285714	6.7720554196
4.15857142857	6.7721362997
4.16	6.7722172151
4.16142857143	6.7722981657
4.16285714286	6.7723791517
4.16428571429	6.7724601731
4.16571428571	6.7725412302
4.16714285714	6.7726223228
4.16857142857	6.7727034512
4.17	6.7727846154
4.17142857143	6.7728658155
4.17285714286	6.7729470516
4.17428571429	6.7730283237
4.17571428571	6.7731096320
4.17714285714	6.7731909765
4.17857142857	6.7732723574
4.18	6.7733537747
4.18142857143	6.7734352284
4.18285714286	6.7735167188
4.18428571429	6.7735982459
4.18571428571	6.7736798098
4.18714285714	6.7737614105
4.18857142857	6.7738430482
4.19	6.7739247230
4.19142857143	6.7740064349
4.19285714286	6.7740881841
4.19428571429	6.7741699706
4.19571428571	6.7742517946
4.19714285714	6.7743336561
4.19857142857	6.7744155552
4.2	6.7744974921
4.20142857143	6.7745794667
4.20285714286	6.7746614794
4.20428571429	6.7747435300
4.20571428571	6.7748256188
4.20714285714	6.7749077458
4.20857142857	6.7749899111
4.21	6.7750721149
4.21142857143	6.7751543572
4.21285714286	6.7752366381
4.21428571429	6.7753189578
4.21571428571	6.7754013163
4.21714285714	6.7754837138
4.21857142857	6.7755661504
4.22	6.7756486261
4.22142857143	6.7757311411
4.22285714286	6.7758136955
4.22428571429	6.7758962894
4.22571428571	6.7759789230
4.22714285714	6.7760615962
4.22857142857	6.7761443092
4.23	6.7762270623
4.23142857143	6.7763098553
4.23285714286	6.7763926886
4.23428571429	6.7764755621
4.23571428571	6.7765584761
4.23714285714	6.7766414305
4.23857142857	6.7767244256
4.24	6.7768074615
4.24142857143	6.7768905383
4.24285714286	6.7769736561
4.24428571429	6.7770568149
4.24571428571	6.7771400151
4.24714285714	6.7772232566
4.24857142857	6.7773065396
4.25	6.7773898643
4.25142857143	6.7774732307
4.25285714286	6.7775566389
4.25428571429	6.7776400892
4.25571428571	6.7777235817
4.25714285714	6.7778071164
4.25857142857	6.7778906935
4.26	6.7779743131
4.26142857143	6.7780579754
4.26285714286	6.7781416805
4.26428571429	6.7782254286
4.26571428571	6.7783092197
4.26714285714	6.7783930541
4.26857142857	6.7784769318
4.27	6.7785608530
4.27142857143	6.7786448179
4.27285714286	6.7787288266
4.27428571429	6.7788128792
4.27571428571	6.7788969758
4.27714285714	6.7789811168
4.27857142857	6.7790653020
4.28	6.7791495319
4.28142857143	6.7792338063
4.28285714286	6.7793181257
4.28428571429	6.7794024900
4.28571428571	6.7794868995
4.28714285714	6.7795713542
4.28857142857	6.7796558544
4.29	6.7797404003
4.29142857143	6.7798249919
4.29285714286	6.7799096295
4.29428571429	6.7799943132
4.29571428571	6.7800790432
4.29714285714	6.7801638196
4.29857142857	6.7802486426
4.3	6.7803335124
4.30142857143	6.7804184292
4.30285714286	6.7805033932
4.30428571429	6.7805884044
4.30571428571	6.7806734631
4.30714285714	6.7807585695
4.30857142857	6.7808437238
4.31	6.7809289261
4.31142857143	6.7810141767
4.31285714286	6.7810994756
4.31428571429	6.7811848232
4.31571428571	6.7812702195
4.31714285714	6.7813556649
4.31857142857	6.7814411594
4.32	6.7815267033
4.32142857143	6.7816122968
4.32285714286	6.7816979402
4.32428571429	6.7817836335
4.32571428571	6.7818693770
4.32714285714	6.7819551709
4.32857142857	6.7820410154
4.33	6.7821269108
4.33142857143	6.7822128573
4.33285714286	6.7822988550
4.33428571429	6.7823849042
4.33571428571	6.7824710052
4.33714285714	6.7825571581
4.33857142857	6.7826433632
4.34	6.7827296207
4.34142857143	6.7828159309
4.34285714286	6.7829022940
4.34428571429	6.7829887102
4.34571428571	6.7830751798
4.34714285714	6.7831617030
4.34857142857	6.7832482801
4.35	6.7833349114
4.35142857143	6.7834215970
4.35285714286	6.7835083374
4.35428571429	6.7835951326
4.35571428571	6.7836819831
4.35714285714	6.7837688890
4.35857142857	6.7838558507
4.36	6.7839428684
4.36142857143	6.7840299424
4.36285714286	6.7841170730
4.36428571429	6.7842042605
4.36571428571	6.7842915052
4.36714285714	6.7843788074
4.36857142857	6.7844661675
4.37	6.7845535856
4.37142857143	6.7846410622
4.37285714286	6.7847285975
4.37428571429	6.7848161919
4.37571428571	6.7849038457
4.37714285714	6.7849915593
4.37857142857	6.7850793329
4.38	6.7851671670
4.38142857143	6.7852550619
4.38285714286	6.7853430180
4.38428571429	6.7854310356
4.38571428571	6.7855191150
4.38714285714	6.7856072568
4.38857142857	6.7856954612
4.39	6.7857837286
4.39142857143	6.7858720595
4.39285714286	6.7859604543
4.39428571429	6.7860489134
4.39571428571	6.7861374371
4.39714285714	6.7862260260
4.39857142857	6.7863146805
4.4	6.7864034010
4.40142857143	6.7864921880
4.40285714286	6.7865810419
4.40428571429	6.7866699632
4.40571428571	6.7867589525
4.40714285714	6.7868480102
4.40857142857	6.7869371368
4.41	6.7870263329
4.41142857143	6.7871155990
4.41285714286	6.7872049355
4.41428571429	6.7872943432
4.41571428571	6.7873838225
4.41714285714	6.7874733741
4.41857142857	6.7875629985
4.42	6.7876526964
4.42142857143	6.7877424684
4.42285714286	6.7878323152
4.42428571429	6.7879222373
4.42571428571	6.7880122355
4.42714285714	6.7881023106
4.42857142857	6.7881924632
4.43	6.7882826940
4.43142857143	6.7883730039
4.43285714286	6.7884633936
4.43428571429	6.7885538640
4.43571428571	6.7886444159
4.43714285714	6.7887350501
4.43857142857	6.7888257676
4.44	6.7889165693
4.44142857143	6.7890074561
4.44285714286	6.7890984291
4.44428571429	6.7891894894
4.44571428571	6.7892806379
4.44714285714	6.7893718757
4.44857142857	6.7894632042
4.45	6.7895546244
4.45142857143	6.7896461377
4.45285714286	6.7897377453
4.45428571429	6.7898294487
4.45571428571	6.7899212493
4.45714285714	6.7900131486
4.45857142857	6.7901051482
4.46	6.7901972499
4.46142857143	6.7902894553
4.46285714286	6.7903817664
4.46428571429	6.7904741851
4.46571428571	6.7905667137
4.46714285714	6.7906593542
4.46857142857	6.7907521092
4.47	6.7908449812
4.47142857143	6.7909379730
4.47285714286	6.7910310876
4.47428571429	6.7911243282
4.47571428571	6.7912176983
4.47714285714	6.7913112019
4.47857142857	6.7914048431
4.48	6.7914986268
4.48142857143	6.7915925580
4.48285714286	6.7916866429
4.48428571429	6.7917808880
4.48571428571	6.7918753012
4.48714285714	6.7919698915
4.48857142857	6.7920646696
4.49	6.7921596485
4.49142857143	6.7922548443
4.49285714286	6.7923502780
4.49428571429	6.7924459777
4.49571428571	6.7925419846
4.49714285714	6.7926383661
4.49857142857	6.7927352618
4.5	6.7928339960
4.50142857143	6.7929345750
4.50285714286	6.7930356808
4.50428571429	6.7931371771
4.50571428571	6.7932389988
4.50714285714	6.7933411067
4.50857142857	6.7934434744
4.51	6.7935460825
4.51142857143	6.7936489164
4.51285714286	6.7937519643
4.51428571429	6.7938552169
4.51571428571	6.7939586664
4.51714285714	6.7940623062
4.51857142857	6.7941661307
4.52	6.7942701352
4.52142857143	6.7943743153
4.52285714286	6.7944786676
4.52428571429	6.7945831887
4.52571428571	6.7946878758
4.52714285714	6.7947927263
4.52857142857	6.7948977380
4.53	6.7950029088
4.53142857143	6.7951082368
4.53285714286	6.7952137205
4.53428571429	6.7953193583
4.53571428571	6.7954251489
4.53714285714	6.7955310909
4.53857142857	6.7956371834
4.54	6.7957434252
4.54142857143	6.7958498155
4.54285714286	6.7959563534
4.54428571429	6.7960630381
4.54571428571	6.7961698689
4.54714285714	6.7962768453
4.54857142857	6.7963839666
4.55	6.7964912323
4.55142857143	6.7965986420
4.55285714286	6.7967061952
4.55428571429	6.7968138915
4.55571428571	6.7969217307
4.55714285714	6.7970297123
4.55857142857	6.7971378362
4.56	6.7972461021
4.56142857143	6.7973545098
4.56285714286	6.7974630591
4.56428571429	6.7975717499
4.56571428571	6.7976805820
4.56714285714	6.7977895554
4.56857142857	6.7978986699
4.57	6.7980079256
4.57142857143	6.7981173223
4.57285714286	6.7982268601
4.57428571429	6.7983365390
4.57571428571	6.7984463589
4.57714285714	6.7985563199
4.57857142857	6.7986664220
4.58	6.7987766654
4.58142857143	6.7988870500
4.58285714286	6.7989975760
4.58428571429	6.7991082434
4.58571428571	6.7992190524
4.58714285714	6.7993300031
4.58857142857	6.7994410957
4.59	6.7995523302
4.59142857143	6.7996637068
4.59285714286	6.7997752257
4.59428571429	6.7998868870
4.59571428571	6.7999986910
4.59714285714	6.8001106378
4.59857142857	6.8002227275
4.6	6.8003349605
4.60142857143	6.8004473369
4.60285714286	6.8005598569
4.60428571429	6.8006725207
4.60571428571	6.8007853286
4.60714285714	6.8008982808
4.60857142857	6.8010113775
4.61	6.8011246189
4.61142857143	6.8012380054
4.61285714286	6.8013515372
4.61428571429	6.8014652144
4.61571428571	6.8015790375
4.61714285714	6.8016930065
4.61857142857	6.8018071219
4.62	6.8019213839
4.62142857143	6.8020357926
4.62285714286	6.8021503486
4.62428571429	6.8022650519
4.62571428571	6.8023799029
4.62714285714	6.8024949019
4.62857142857	6.8026100491
4.63	6.8027253449
4.63142857143	6.8028407895
4.63285714286	6.8029563832
4.63428571429	6.8030721264
4.63571428571	6.8031880193
4.63714285714	6.8033040622
4.63857142857	6.8034202555
4.64	6.8035365994
4.64142857143	6.8036530942
4.64285714286	6.8037697402
4.64428571429	6.8038865378
4.64571428571	6.8040034873
4.64714285714	6.8041205889
4.64857142857	6.8042378430
4.65	6.8043552499
4.65142857143	6.8044728098
4.65285714286	6.8045905232
4.65428571429	6.8047083903
4.65571428571	6.8048264113
4.65714285714	6.8049445868
4.65857142857	6.8050629168
4.66	6.8051814018
4.66142857143	6.8053000421
4.66285714286	6.8054188380
4.66428571429	6.8055377897
4.66571428571	6.8056568977
4.66714285714	6.8057761621
4.66857142857	6.8058955834
4.67	6.8060151618
4.67142857143	6.8061348976
4.67285714286	6.8062547911
4.67428571429	6.8063748427
4.67571428571	6.8064950527
4.67714285714	6.8066154213
4.67857142857	6.8067359489
4.68	6.8068566357
4.68142857143	6.8069774821
4.68285714286	6.8070984883
4.68428571429	6.8072196547
4.68571428571	6.8073409815
4.68714285714	6.8074624691
4.68857142857	6.8075841178
4.69	6.8077059277
4.69142857143	6.8078278993
4.69285714286	6.8079500328
4.69428571429	6.8080723285
4.69571428571	6.8081947867
4.69714285714	6.8083174077
4.69857142857	6.8084401916
4.7	6.8085631390
4.70142857143	6.8086862499
4.70285714286	6.8088095247
4.70428571429	6.8089329636
4.70571428571	6.8090565669
4.70714285714	6.8091803349
4.70857142857	6.8093042679
4.71	6.8094283661
4.71142857143	6.8095526297
4.71285714286	6.8096770591
4.71428571429	6.8098016544
4.71571428571	6.8099264160
4.71714285714	6.8100513440
4.71857142857	6.8101764388
4.72	6.8103017005
4.72142857143	6.8104271295
4.72285714286	6.8105527258
4.72428571429	6.8106784899
4.72571428571	6.8108044218
4.72714285714	6.8109305219
4.72857142857	6.8110567904
4.73	6.8111832274
4.73142857143	6.8113098332
4.73285714286	6.8114366080
4.73428571429	6.8115635521
4.73571428571	6.8116906656
4.73714285714	6.8118179487
4.73857142857	6.8119454016
4.74	6.8120730246
4.74142857143	6.8122008177
4.74285714286	6.8123287813
4.74428571429	6.8124569155
4.74571428571	6.8125852205
4.74714285714	6.8127136964
4.74857142857	6.8128423434
4.75	6.8129711618
4.75142857143	6.8131001516
4.75285714286	6.8132293130
4.75428571429	6.8133586462
4.75571428571	6.8134881514
4.75714285714	6.8136178286
4.75857142857	6.8137476781
4.76	6.8138776999
4.76142857143	6.8140078943
4.76285714286	6.8141382613
4.76428571429	6.8142688011
4.76571428571	6.8143995137
4.76714285714	6.8145303994
4.76857142857	6.8146614582
4.77	6.8147926902
4.77142857143	6.8149240956
4.77285714286	6.8150556744
4.77428571429	6.8151874268
4.77571428571	6.8153193528
4.77714285714	6.8154514525
4.77857142857	6.8155837260
4.78	6.8157161734
4.78142857143	6.8158487948
4.78285714286	6.8159815901
4.78428571429	6.8161145596
4.78571428571	6.8162477032
4.78714285714	6.8163810210
4.78857142857	6.8165145130
4.79	6.8166481793
4.79142857143	6.8167820199
4.79285714286	6.8169160349
4.79428571429	6.8170502242
4.79571428571	6.8171845880
4.79714285714	6.8173191262
4.79857142857	6.8174538388
4.8	6.8175887258
4.80142857143	6.8177237873
4.80285714286	6.8178590232
4.80428571429	6.8179944336
4.80571428571	6.8181300184
4.80714285714	6.8182657775
4.80857142857	6.8184017110
4.81	6.8185378189
4.81142857143	6.8186741010
4.81285714286	6.8188105574
4.81428571429	6.8189471880
4.81571428571	6.8190839928
4.81714285714	6.8192209716
4.81857142857	6.8193581245
4.82	6.8194954513
4.82142857143	6.8196329520
4.82285714286	6.8197706266
4.82428571429	6.8199084748
4.82571428571	6.8200464967
4.82714285714	6.8201846921
4.82857142857	6.8203230609
4.83	6.8204616030
4.83142857143	6.8206003183
4.83285714286	6.8207392066
4.83428571429	6.8208782679
4.83571428571	6.8210175021
4.83714285714	6.8211569088
4.83857142857	6.8212964881
4.84	6.8214362398
4.84142857143	6.8215761637
4.84285714286	6.8217162596
4.84428571429	6.8218565274
4.84571428571	6.8219969669
4.84714285714	6.8221375780
4.84857142857	6.8222783603
4.85	6.8224193138
4.85142857143	6.8225604383
4.85285714286	6.8227017335
4.85428571429	6.8228431992
4.85571428571	6.8229848352
4.85714285714	6.8231266412
4.85857142857	6.8232686172
4.86	6.8234107627
4.86142857143	6.8235530776
4.86285714286	6.8236955616
4.86428571429	6.8238382145
4.86571428571	6.8239810360
4.86714285714	6.8241240258
4.86857142857	6.8242671837
4.87	6.8244105094
4.87142857143	6.8245540026
4.87285714286	6.8246976629
4.87428571429	6.8248414902
4.87571428571	6.8249854841
4.87714285714	6.8251296443
4.87857142857	6.8252739704
4.88	6.8254184622
4.88142857143	6.8255631193
4.88285714286	6.8257079414
4.88428571429	6.8258529281
4.88571428571	6.8259980792
4.88714285714	6.8261433941
4.88857142857	6.8262888727
4.89	6.8264345145
4.89142857143	6.8265803190
4.89285714286	6.8267262861
4.89428571429	6.8268724152
4.89571428571	6.8270187060
4.89714285714	6.8271651581
4.89857142857	6.8273117711
4.9	6.8274585446
4.90142857143	6.8276054781
4.90285714286	6.8277525712
4.90428571429	6.8278998235
4.90571428571	6.8280472346
4.90714285714	6.8281948040
4.90857142857	6.8283425313
4.91	6.8284904160
4.91142857143	6.8286384576
4.91285714286	6.8287866558
4.91428571429	6.8289350100
4.91571428571	6.8290835197
4.91714285714	6.8292321845
4.91857142857	6.8293810039
4.92	6.8295299773
4.92142857143	6.8296791043
4.92285714286	6.8298283844
4.92428571429	6.8299778170
4.92571428571	6.8301274017
4.92714285714	6.8302771378
4.92857142857	6.8304270250
4.93	6.8305770625
4.93142857143	6.8307272499
4.93285714286	6.8308775867
4.93428571429	6.8310280723
4.93571428571	6.8311787060
4.93714285714	6.8313294875
4.93857142857	6.8314804159
4.94	6.8316314909
4.94142857143	6.8317827118
4.94285714286	6.8319340781
4.94428571429	6.8320855890
4.94571428571	6.8322372441
4.94714285714	6.8323890427
4.94857142857	6.8325409841
4.95	6.8326930679
4.95142857143	6.8328452933
4.95285714286	6.8329976597
4.95428571429	6.8331501665
4.95571428571	6.8333028131
4.95714285714	6.8334555988
4.95857142857	6.8336085229
4.96	6.8337615848
4.96142857143	6.8339147838
4.96285714286	6.8340681192
4.96428571429	6.8342215905
4.96571428571	6.8343751968
4.96714285714	6.8345289376
4.96857142857	6.8346828121
4.97	6.8348368196
4.97142857143	6.8349909594
4.97285714286	6.8351452309
4.97428571429	6.8352996333
4.97571428571	6.8354541658
4.97714285714	6.8356088279
4.97857142857	6.8357636187
4.98	6.8359185375
4.98142857143	6.8360735836
4.98285714286	6.8362287563
4.98428571429	6.8363840547
4.98571428571	6.8365394782
4.98714285714	6.8366950260
4.98857142857	6.8368506973
4.99	6.8370064914
4.99142857143	6.8371624075
4.99285714286	6.8373184448
4.99428571429	6.8374746025
4.99571428571	6.8376308799
4.99714285714	6.8377872762
4.99857142857	6.8379437906
5.0	6.8381004223
