0.0	6.6276391511
0.00166666666667	6.6276362751
0.00333333333333	6.6276333957
0.005	6.6276305113
0.00666666666667	6.6276276220
0.00833333333333	6.6276247280
0.01	6.6276218293
0.0116666666667	6.6276189262
0.0133333333333	6.6276160188
0.015	6.6276131073
0.0166666666667	6.6276101917
0.0183333333333	6.6276072724
0.02	6.6276043494
0.0216666666667	6.6276014230
0.0233333333333	6.6275984932
0.025	6.6275955602
0.0266666666667	6.6275926243
0.0283333333333	6.6275896855
0.03	6.6275867442
0.0316666666667	6.6275838003
0.0333333333333	6.6275808542
0.035	6.6275779061
0.0366666666667	6.6275749559
0.0383333333333	6.6275720041
0.04	6.6275690508
0.0416666666667	6.6275660961
0.0433333333333	6.6275631402
0.045	6.6275601834
0.0466666666667	6.6275572258
0.0483333333333	6.6275542677
0.05	6.6275513092
0.0516666666667	6.6275483506
0.0533333333333	6.6275453920
0.055	6.6275424336
0.0566666666667	6.6275394758
0.0583333333333	6.6275365186
0.06	6.6275335624
0.0616666666667	6.6275306073
0.0633333333333	6.6275276535
0.065	6.6275247013
0.0666666666667	6.6275217508
0.0683333333333	6.6275188024
0.07	6.6275158563
0.0716666666667	6.6275129126
0.0733333333333	6.6275099717
0.075	6.6275070337
0.0766666666667	6.6275040990
0.0783333333333	6.6275011676
0.08	6.6274982400
0.0816666666667	6.6274953163
0.0833333333333	6.6274923968
0.085	6.6274894818
0.0866666666667	6.6274865714
0.0883333333333	6.6274836660
0.09	6.6274807659
0.0916666666667	6.6274778712
0.0933333333333	6.6274749823
0.095	6.6274720994
0.0966666666667	6.6274692228
0.0983333333333	6.6274663528
0.1	6.6274634897
0.101666666667	6.6274606336
0.103333333333	6.6274577850
0.105	6.6274549441
0.106666666667	6.6274521112
0.108333333333	6.6274492866
0.11	6.6274464706
0.111666666667	6.6274436635
0.113333333333	6.6274408655
0.115	6.6274380770
0.116666666667	6.6274352983
0.118333333333	6.6274325298
0.12	6.6274297716
0.121666666667	6.6274270242
0.123333333333	6.6274242878
0.125	6.6274215628
0.126666666667	6.6274188495
0.128333333333	6.6274161482
0.13	6.6274134593
0.131666666667	6.6274107831
0.133333333333	6.6274081199
0.135	6.6274054700
0.136666666667	6.6274028339
0.138333333333	6.6274002119
0.14	6.6273976042
0.141666666667	6.6273950113
0.143333333333	6.6273924335
0.145	6.6273898712
0.146666666667	6.6273873248
0.148333333333	6.6273847945
0.15	6.6273822808
0.151666666667	6.6273797841
0.153333333333	6.6273773046
0.155	6.6273748429
0.156666666667	6.6273723992
0.158333333333	6.6273699740
0.16	6.6273675677
0.161666666667	6.6273651806
0.163333333333	6.6273628131
0.165	6.6273604657
0.166666666667	6.6273581387
0.168333333333	6.6273558326
0.17	6.6273535477
0.171666666667	6.6273512844
0.173333333333	6.6273490433
0.175	6.6273468246
0.176666666667	6.6273446289
0.178333333333	6.6273424565
0.18	6.6273403078
0.181666666667	6.6273381834
0.183333333333	6.6273360836
0.185	6.6273340089
0.186666666667	6.6273319597
0.188333333333	6.6273299365
0.19	6.6273279397
0.191666666667	6.6273259698
0.193333333333	6.6273240272
0.195	6.6273221124
0.196666666667	6.6273202259
0.198333333333	6.6273183681
0.2	6.6273165394
0.201666666667	6.6273147405
0.203333333333	6.6273129717
0.205	6.6273112335
0.206666666667	6.6273095264
0.208333333333	6.6273078509
0.21	6.6273062076
0.211666666667	6.6273045968
0.213333333333	6.6273030191
0.215	6.6273014750
0.216666666667	6.6272999650
0.218333333333	6.6272984897
0.22	6.6272970494
0.221666666667	6.6272956448
0.223333333333	6.6272942764
0.225	6.6272929447
0.226666666667	6.6272916502
0.228333333333	6.6272903935
0.23	6.6272891750
0.231666666667	6.6272879955
0.233333333333	6.6272868552
0.235	6.6272857550
0.236666666667	6.6272846952
0.238333333333	6.6272836764
0.24	6.6272826993
0.241666666667	6.6272817643
0.243333333333	6.6272808721
0.245	6.6272800231
0.246666666667	6.6272792180
0.248333333333	6.6272784574
0.25	6.6272777418
0.251666666667	6.6272770719
0.253333333333	6.6272764481
0.255	6.6272758712
0.256666666667	6.6272753416
0.258333333333	6.6272748601
0.26	6.6272744272
0.261666666667	6.6272740434
0.263333333333	6.6272737096
0.265	6.6272734261
0.266666666667	6.6272731937
0.268333333333	6.6272730130
0.27	6.6272728847
0.271666666667	6.6272728092
0.273333333333	6.6272727874
0.275	6.6272728198
0.276666666667	6.6272729070
0.278333333333	6.6272730497
0.28	6.6272732486
0.281666666667	6.6272735043
0.283333333333	6.6272738174
0.285	6.6272741887
0.286666666667	6.6272746188
0.288333333333	6.6272751083
0.29	6.6272756579
0.291666666667	6.6272762684
0.293333333333	6.6272769403
0.295	6.6272776744
0.296666666667	6.6272784713
0.298333333333	6.6272793318
0.3	6.6272802565
0.301666666667	6.6272812461
0.303333333333	6.6272823014
0.305	6.6272834229
0.306666666667	6.6272846116
0.308333333333	6.6272858679
0.31	6.6272871927
0.311666666667	6.6272885867
0.313333333333	6.6272900506
0.315	6.6272915851
0.316666666667	6.6272931909
0.318333333333	6.6272948688
0.32	6.6272966195
0.321666666667	6.6272984438
0.323333333333	6.6273003423
0.325	6.6273023159
0.326666666667	6.6273043653
0.328333333333	6.6273064912
0.33	6.6273086943
0.331666666667	6.6273109755
0.333333333333	6.6273133355
0.335	6.6273157750
0.336666666667	6.6273182949
0.338333333333	6.6273208958
0.34	6.6273235786
0.341666666667	6.6273263441
0.343333333333	6.6273291929
0.345	6.6273321259
0.346666666667	6.6273351439
0.348333333333	6.6273382477
0.35	6.6273414380
0.351666666667	6.6273447156
0.353333333333	6.6273480814
0.355	6.6273515361
0.356666666667	6.6273550805
0.358333333333	6.6273587154
0.36	6.6273624417
0.361666666667	6.6273662601
0.363333333333	6.6273701714
0.365	6.6273741765
0.366666666667	6.6273782761
0.368333333333	6.6273824711
0.37	6.6273867623
0.371666666667	6.6273911505
0.373333333333	6.6273956366
0.375	6.6274002213
0.376666666667	6.6274049055
0.378333333333	6.6274096900
0.38	6.6274145756
0.381666666667	6.6274195632
0.383333333333	6.6274246536
0.385	6.6274298476
0.386666666667	6.6274351461
0.388333333333	6.6274405499
0.39	6.6274460598
0.391666666667	6.6274516767
0.393333333333	6.6274574015
0.395	6.6274632349
0.396666666667	6.6274691778
0.398333333333	6.6274752310
0.4	6.6274813955
0.401666666667	6.6274876720
0.403333333333	6.6274940614
0.405	6.6275005645
0.406666666667	6.6275071822
0.408333333333	6.6275139153
0.41	6.6275207647
0.411666666667	6.6275277313
0.413333333333	6.6275348158
0.415	6.6275420192
0.416666666667	6.6275493422
0.418333333333	6.6275567858
0.42	6.6275643508
0.421666666667	6.6275720380
0.423333333333	6.6275798483
0.425	6.6275877825
0.426666666667	6.6275958415
0.428333333333	6.6276040261
0.43	6.6276123373
0.431666666667	6.6276207757
0.433333333333	6.6276293424
0.435	6.6276380380
0.436666666667	6.6276468636
0.438333333333	6.6276558198
0.44	6.6276649076
0.441666666667	6.6276741278
0.443333333333	6.6276834813
0.445	6.6276929688
0.446666666667	6.6277025913
0.448333333333	6.6277123495
0.45	6.6277222442
0.451666666667	6.6277322764
0.453333333333	6.6277424469
0.455	6.6277527564
0.456666666667	6.6277632058
0.458333333333	6.6277737960
0.46	6.6277845276
0.461666666667	6.6277954017
0.463333333333	6.6278064189
0.465	6.6278175801
0.466666666667	6.6278288861
0.468333333333	6.6278403376
0.47	6.6278519356
0.471666666667	6.6278636808
0.473333333333	6.6278755740
0.475	6.6278876159
0.476666666667	6.6278998074
0.478333333333	6.6279121493
0.48	6.6279246423
0.481666666667	6.6279372872
0.483333333333	6.6279500848
0.485	6.6279630358
0.486666666667	6.6279761411
0.488333333333	6.6279894013
0.49	6.6280028171
0.491666666667	6.6280163895
0.493333333333	6.6280301190
0.495	6.6280440065
0.496666666667	6.6280580526
0.498333333333	6.6280722581
0.5	6.6280866237
0.501666666667	6.6281011501
0.503333333333	6.6281158380
0.505	6.6281306882
0.506666666667	6.6281457012
0.508333333333	6.6281608778
0.51	6.6281762187
0.511666666667	6.6281917245
0.513333333333	6.6282073960
0.515	6.6282232337
0.516666666667	6.6282392383
0.518333333333	6.6282554104
0.52	6.6282717508
0.521666666667	6.6282882599
0.523333333333	6.6283049385
0.525	6.6283217872
0.526666666667	6.6283388064
0.528333333333	6.6283559969
0.53	6.6283733592
0.531666666667	6.6283908939
0.533333333333	6.6284086016
0.535	6.6284264827
0.536666666667	6.6284445380
0.538333333333	6.6284627678
0.54	6.6284811727
0.541666666667	6.6284997533
0.543333333333	6.6285185100
0.545	6.6285374433
0.546666666667	6.6285565538
0.548333333333	6.6285758419
0.55	6.6285953080
0.551666666667	6.6286149527
0.553333333333	6.6286347763
0.555	6.6286547793
0.556666666667	6.6286749621
0.558333333333	6.6286953251
0.56	6.6287158688
0.561666666667	6.6287365934
0.563333333333	6.6287574994
0.565	6.6287785871
0.566666666667	6.6287998569
0.568333333333	6.6288213091
0.57	6.6288429440
0.571666666667	6.6288647619
0.573333333333	6.6288867632
0.575	6.6289089481
0.576666666667	6.6289313168
0.578333333333	6.6289538697
0.58	6.6289766069
0.581666666667	6.6289995288
0.583333333333	6.6290226354
0.585	6.6290459270
0.586666666667	6.6290694039
0.588333333333	6.6290930660
0.59	6.6291169137
0.591666666667	6.6291409470
0.593333333333	6.6291651661
0.595	6.6291895710
0.596666666667	6.6292141619
0.598333333333	6.6292389389
0.6	6.6292639019
0.601666666667	6.6292890511
0.603333333333	6.6293143865
0.605	6.6293399080
0.606666666667	6.6293656158
0.608333333333	6.6293915097
0.61	6.6294175897
0.611666666667	6.6294438558
0.613333333333	6.6294703079
0.615	6.6294969459
0.616666666667	6.6295237698
0.618333333333	6.6295507793
0.62	6.6295779744
0.621666666667	6.6296053549
0.623333333333	6.6296329206
0.625	6.6296606713
0.626666666667	6.6296886069
0.628333333333	6.6297167270
0.63	6.6297450315
0.631666666667	6.6297735201
0.633333333333	6.6298021925
0.635	6.6298310484
0.636666666667	6.6298600875
0.638333333333	6.6298893095
0.64	6.6299187139
0.641666666667	6.6299483005
0.643333333333	6.6299780689
0.645	6.6300080185
0.646666666667	6.6300381490
0.648333333333	6.6300684600
0.65	6.6300989510
0.651666666667	6.6301296215
0.653333333333	6.6301604709
0.655	6.6301914988
0.656666666667	6.6302227046
0.658333333333	6.6302540878
0.66	6.6302856478
0.661666666667	6.6303173839
0.663333333333	6.6303492956
0.665	6.6303813822
0.666666666667	6.6304136431
0.668333333333	6.6304460775
0.67	6.6304786848
0.671666666667	6.6305114643
0.673333333333	6.6305444152
0.675	6.6305775367
0.676666666667	6.6306108281
0.678333333333	6.6306442887
0.68	6.6306779175
0.681666666667	6.6307117137
0.683333333333	6.6307456766
0.685	6.6307798052
0.686666666667	6.6308140986
0.688333333333	6.6308485559
0.69	6.6308831762
0.691666666667	6.6309179585
0.693333333333	6.6309529019
0.695	6.6309880054
0.696666666667	6.6310232680
0.698333333333	6.6310586886
0.7	6.6310942662
0.701666666667	6.6311299998
0.703333333333	6.6311658882
0.705	6.6312019303
0.706666666667	6.6312381252
0.708333333333	6.6312744715
0.71	6.6313109681
0.711666666667	6.6313476140
0.713333333333	6.6313844078
0.715	6.6314213484
0.716666666667	6.6314584345
0.718333333333	6.6314956650
0.72	6.6315330384
0.721666666667	6.6315705536
0.723333333333	6.6316082093
0.725	6.6316460041
0.726666666667	6.6316839368
0.728333333333	6.6317220058
0.73	6.6317602100
0.731666666667	6.6317985479
0.733333333333	6.6318370181
0.735	6.6318756192
0.736666666667	6.6319143498
0.738333333333	6.6319532083
0.74	6.6319921935
0.741666666667	6.6320313037
0.743333333333	6.6320705375
0.745	6.6321098934
0.746666666667	6.6321493698
0.748333333333	6.6321889653
0.75	6.6322286782
0.751666666667	6.6322685070
0.753333333333	6.6323084501
0.755	6.6323485059
0.756666666667	6.6323886729
0.758333333333	6.6324289493
0.76	6.6324693336
0.761666666667	6.6325098241
0.763333333333	6.6325504192
0.765	6.6325911171
0.766666666667	6.6326319162
0.768333333333	6.6326728149
0.77	6.6327138113
0.771666666667	6.6327549038
0.773333333333	6.6327960906
0.775	6.6328373700
0.776666666667	6.6328787403
0.778333333333	6.6329201996
0.78	6.6329617463
0.781666666667	6.6330033785
0.783333333333	6.6330450945
0.785	6.6330868924
0.786666666667	6.6331287704
0.788333333333	6.6331707267
0.79	6.6332127596
0.791666666667	6.6332548671
0.793333333333	6.6332970474
0.795	6.6333392987
0.796666666667	6.6333816191
0.798333333333	6.6334240068
0.8	6.6334664599
0.801666666667	6.6335089765
0.803333333333	6.6335515547
0.805	6.6335941927
0.806666666667	6.6336368886
0.808333333333	6.6336796404
0.81	6.6337224464
0.811666666667	6.6337653045
0.813333333333	6.6338082130
0.815	6.6338511699
0.816666666667	6.6338941733
0.818333333333	6.6339372214
0.82	6.6339803122
0.821666666667	6.6340234440
0.823333333333	6.6340666148
0.825	6.6341098230
0.826666666667	6.6341530667
0.828333333333	6.6341963444
0.83	6.6342396543
0.831666666667	6.6342829952
0.833333333333	6.6343263658
0.835	6.6343697654
0.836666666667	6.6344131935
0.838333333333	6.6344566502
0.84	6.6345001355
0.841666666667	6.6345436494
0.843333333333	6.6345871918
0.845	6.6346307627
0.846666666667	6.6346743621
0.848333333333	6.6347179900
0.85	6.6347616464
0.851666666667	6.6348053313
0.853333333333	6.6348490447
0.855	6.6348927865
0.856666666667	6.6349365567
0.858333333333	6.6349803553
0.86	6.6350241824
0.861666666667	6.6350680378
0.863333333333	6.6351119216
0.865	6.6351558338
0.866666666667	6.6351997744
0.868333333333	6.6352437433
0.87	6.6352877405
0.871666666667	6.6353317661
0.873333333333	6.6353758199
0.875	6.6354199020
0.876666666667	6.6354640124
0.878333333333	6.6355081511
0.88	6.6355523181
0.881666666667	6.6355965132
0.883333333333	6.6356407366
0.885	6.6356849882
0.886666666667	6.6357292680
0.888333333333	6.6357735760
0.89	6.6358179122
0.891666666667	6.6358622765
0.893333333333	6.6359066690
0.895	6.6359510896
0.896666666667	6.6359955383
0.898333333333	6.6360400152
0.9	6.6360845201
0.901666666667	6.6361290531
0.903333333333	6.6361736142
0.905	6.6362182034
0.906666666667	6.6362628206
0.908333333333	6.6363074658
0.91	6.6363521391
0.911666666667	6.6363968403
0.913333333333	6.6364415696
0.915	6.6364863268
0.916666666667	6.6365311120
0.918333333333	6.6365759252
0.92	6.6366207663
0.921666666667	6.6366656353
0.923333333333	6.6367105322
0.925	6.6367554571
0.926666666667	6.6368004098
0.928333333333	6.6368453904
0.93	6.6368903989
0.931666666667	6.6369354352
0.933333333333	6.6369804994
0.935	6.6370255914
0.936666666667	6.6370707112
0.938333333333	6.6371158588
0.94	6.6371610342
0.941666666667	6.6372062374
0.943333333333	6.6372514683
0.945	6.6372967270
0.946666666667	6.6373420134
0.948333333333	6.6373873276
0.95	6.6374326695
0.951666666667	6.6374780390
0.953333333333	6.6375234363
0.955	6.6375688612
0.956666666667	6.6376143138
0.958333333333	6.6376597940
0.96	6.6377053019
0.961666666667	6.6377508373
0.963333333333	6.6377964004
0.965	6.6378419911
0.966666666667	6.6378876094
0.968333333333	6.6379332553
0.97	6.6379789287
0.971666666667	6.6380246296
0.973333333333	6.6380703581
0.975	6.6381161141
0.976666666667	6.6381618976
0.978333333333	6.6382077086
0.98	6.6382535471
0.981666666667	6.6382994131
0.983333333333	6.6383453065
0.985	6.6383912274
0.986666666667	6.6384371757
0.988333333333	6.6384831514
0.99	6.6385291545
0.991666666667	6.6385751850
0.993333333333	6.6386212429
0.995	6.6386673282
0.996666666667	6.6387134408
0.998333333333	6.6387595808
1.0	6.6388057481
1.00166666667	6.6388519427
1.00333333333	6.6388981646
1.005	6.6389444138
1.00666666667	6.6389906903
1.00833333333	6.6390369941
1.01	6.6390833251
1.01166666667	6.6391296834
1.01333333333	6.6391760689
1.015	6.6392224816
1.01666666667	6.6392689215
1.01833333333	6.6393153886
1.02	6.6393618829
1.02166666667	6.6394084043
1.02333333333	6.6394549529
1.025	6.6395015287
1.02666666667	6.6395481316
1.02833333333	6.6395947616
1.03	6.6396414187
1.03166666667	6.6396881028
1.03333333333	6.6397348141
1.035	6.6397815525
1.03666666667	6.6398283179
1.03833333333	6.6398751103
1.04	6.6399219298
1.04166666667	6.6399687763
1.04333333333	6.6400156497
1.045	6.6400625502
1.04666666667	6.6401094777
1.04833333333	6.6401564321
1.05	6.6402034135
1.05166666667	6.6402504218
1.05333333333	6.6402974571
1.055	6.6403445193
1.05666666667	6.6403916083
1.05833333333	6.6404387243
1.06	6.6404858672
1.06166666667	6.6405330369
1.06333333333	6.6405802335
1.065	6.6406274569
1.06666666667	6.6406747072
1.06833333333	6.6407219842
1.07	6.6407692881
1.07166666667	6.6408166188
1.07333333333	6.6408639762
1.075	6.6409113605
1.07666666667	6.6409587714
1.07833333333	6.6410062092
1.08	6.6410536736
1.08166666667	6.6411011648
1.08333333333	6.6411486827
1.085	6.6411962273
1.08666666667	6.6412437985
1.08833333333	6.6412913965
1.09	6.6413390210
1.09166666667	6.6413866723
1.09333333333	6.6414343502
1.095	6.6414820547
1.09666666667	6.6415297858
1.09833333333	6.6415775435
1.1	6.6416253277
1.10166666667	6.6416731386
1.10333333333	6.6417209760
1.105	6.6417688400
1.10666666667	6.6418167305
1.10833333333	6.6418646475
1.11	6.6419125911
1.11166666667	6.6419605611
1.11333333333	6.6420085576
1.115	6.6420565806
1.11666666667	6.6421046301
1.11833333333	6.6421527060
1.12	6.6422008084
1.12166666667	6.6422489371
1.12333333333	6.6422970923
1.125	6.6423452739
1.12666666667	6.6423934819
1.12833333333	6.6424417163
1.13	6.6424899770
1.13166666667	6.6425382641
1.13333333333	6.6425865775
1.135	6.6426349173
1.13666666667	6.6426832833
1.13833333333	6.6427316757
1.14	6.6427800944
1.14166666667	6.6428285393
1.14333333333	6.6428770106
1.145	6.6429255080
1.14666666667	6.6429740318
1.14833333333	6.6430225817
1.15	6.6430711579
1.15166666667	6.6431197603
1.15333333333	6.6431683889
1.155	6.6432170436
1.15666666667	6.6432657246
1.15833333333	6.6433144317
1.16	6.6433631649
1.16166666667	6.6434119243
1.16333333333	6.6434607098
1.165	6.6435095215
1.16666666667	6.6435583592
1.16833333333	6.6436072230
1.17	6.6436561129
1.17166666667	6.6437050289
1.17333333333	6.6437539709
1.175	6.6438029390
1.17666666667	6.6438519330
1.17833333333	6.6439009532
1.18	6.6439499993
1.18166666667	6.6439990714
1.18333333333	6.6440481695
1.185	6.6440972935
1.18666666667	6.6441464435
1.18833333333	6.6441956195
1.19	6.6442448214
1.19166666667	6.6442940492
1.19333333333	6.6443433030
1.195	6.6443925826
1.19666666667	6.6444418881
1.19833333333	6.6444912195
1.2	6.6445405768
1.20166666667	6.6445899599
1.20333333333	6.6446393688
1.205	6.6446888036
1.20666666667	6.6447382642
1.20833333333	6.6447877506
1.21	6.6448372628
1.21166666667	6.6448868008
1.21333333333	6.6449363645
1.215	6.6449859541
1.21666666667	6.6450355693
1.21833333333	6.6450852103
1.22	6.6451348770
1.22166666667	6.6451845694
1.22333333333	6.6452342876
1.225	6.6452840314
1.22666666667	6.6453338009
1.22833333333	6.6453835960
1.23	6.6454334169
1.23166666667	6.6454832633
1.23333333333	6.6455331354
1.235	6.6455830331
1.23666666667	6.6456329564
1.23833333333	6.6456829053
1.24	6.6457328798
1.24166666667	6.6457828799
1.24333333333	6.6458329055
1.245	6.6458829567
1.24666666667	6.6459330334
1.24833333333	6.6459831356
1.25	6.6460332633
1.25166666667	6.6460834166
1.25333333333	6.6461335953
1.255	6.6461837996
1.25666666667	6.6462340293
1.25833333333	6.6462842844
1.26	6.6463345650
1.26166666667	6.6463848711
1.26333333333	6.6464352025
1.265	6.6464855594
1.26666666667	6.6465359416
1.26833333333	6.6465863493
1.27	6.6466367823
1.27166666667	6.6466872407
1.27333333333	6.6467377245
1.275	6.6467882336
1.27666666667	6.6468387680
1.27833333333	6.6468893278
1.28	6.6469399128
1.28166666667	6.6469905232
1.28333333333	6.6470411588
1.285	6.6470918197
1.28666666667	6.6471425059
1.28833333333	6.6471932173
1.29	6.6472439540
1.29166666667	6.6472947159
1.29333333333	6.6473455030
1.295	6.6473963154
1.29666666667	6.6474471529
1.29833333333	6.6474980156
1.3	6.6475489035
1.30166666667	6.6475998165
1.30333333333	6.6476507547
1.305	6.6477017181
1.30666666667	6.6477527065
1.30833333333	6.6478037201
1.31	6.6478547588
1.31166666667	6.6479058226
1.31333333333	6.6479569115
1.315	6.6480080254
1.31666666667	6.6480591644
1.31833333333	6.6481103284
1.32	6.6481615175
1.32166666667	6.6482127317
1.32333333333	6.6482639708
1.325	6.6483152349
1.32666666667	6.6483665241
1.32833333333	6.6484178382
1.33	6.6484691773
1.33166666667	6.6485205414
1.33333333333	6.6485719304
1.335	6.6486233443
1.33666666667	6.6486747832
1.33833333333	6.6487262470
1.34	6.6487777357
1.34166666667	6.6488292493
1.34333333333	6.6488807878
1.345	6.6489323511
1.34666666667	6.6489839393
1.34833333333	6.6490355524
1.35	6.6490871903
1.35166666667	6.6491388530
1.35333333333	6.6491905406
1.355	6.6492422530
1.35666666667	6.6492939901
1.35833333333	6.6493457521
1.36	6.6493975388
1.36166666667	6.6494493503
1.36333333333	6.6495011865
1.365	6.6495530475
1.36666666667	6.6496049332
1.36833333333	6.6496568437
1.37	6.6497087788
1.37166666667	6.6497607387
1.37333333333	6.6498127232
1.375	6.6498647324
1.37666666667	6.6499167663
1.37833333333	6.6499688249
1.38	6.6500209081
1.38166666667	6.6500730159
1.38333333333	6.6501251483
1.385	6.6501773054
1.38666666667	6.6502294870
1.38833333333	6.6502816933
1.39	6.6503339241
1.39166666667	6.6503861795
1.39333333333	6.6504384595
1.395	6.6504907640
1.39666666667	6.6505430931
1.39833333333	6.6505954466
1.4	6.6506478247
1.40166666667	6.6507002273
1.40333333333	6.6507526545
1.405	6.6508051060
1.40666666667	6.6508575821
1.40833333333	6.6509100826
1.41	6.6509626076
1.41166666667	6.6510151570
1.41333333333	6.6510677309
1.415	6.6511203292
1.41666666667	6.6511729519
1.41833333333	6.6512255990
1.42	6.6512782704
1.42166666667	6.6513309663
1.42333333333	6.6513836865
1.425	6.6514364311
1.42666666667	6.6514892001
1.42833333333	6.6515419933
1.43	6.6515948109
1.43166666667	6.6516476529
1.43333333333	6.6517005191
1.435	6.6517534096
1.43666666667	6.6518063245
1.43833333333	6.6518592635
1.44	6.6519122269
1.44166666667	6.6519652145
1.44333333333	6.6520182264
1.445	6.6520712625
1.44666666667	6.6521243228
1.44833333333	6.6521774073
1.45	6.6522305160
1.45166666667	6.6522836490
1.45333333333	6.6523368061
1.455	6.6523899874
1.45666666667	6.6524431928
1.45833333333	6.6524964224
1.46	6.6525496761
1.46166666667	6.6526029540
1.46333333333	6.6526562560
1.465	6.6527095821
1.46666666667	6.6527629323
1.46833333333	6.6528163066
1.47	6.6528697050
1.47166666667	6.6529231274
1.47333333333	6.6529765740
1.475	6.6530300445
1.47666666667	6.6530835391
1.47833333333	6.6531370578
1.48	6.6531906004
1.48166666667	6.6532441671
1.48333333333	6.6532977577
1.485	6.6533513724
1.48666666667	6.6534050110
1.48833333333	6.6534586736
1.49	6.6535123602
1.49166666667	6.6535660707
1.49333333333	6.6536198051
1.495	6.6536735635
1.49666666667	6.6537273458
1.49833333333	6.6537811520
1.5	6.6538349822
1.50166666667	6.6538888362
1.50333333333	6.6539427141
1.505	6.6539966158
1.50666666667	6.6540505414
1.50833333333	6.6541044909
1.51	6.6541584642
1.51166666667	6.6542124613
1.51333333333	6.6542664823
1.515	6.6543205271
1.51666666667	6.6543745956
1.51833333333	6.6544286880
1.52	6.6544828041
1.52166666667	6.6545369440
1.52333333333	6.6545911077
1.525	6.6546452952
1.52666666667	6.6546995063
1.52833333333	6.6547537412
1.53	6.6548079999
1.53166666667	6.6548622822
1.53333333333	6.6549165882
1.535	6.6549709180
1.53666666667	6.6550252714
1.53833333333	6.6550796485
1.54	6.6551340493
1.54166666667	6.6551884737
1.54333333333	6.6552429218
1.545	6.6552973935
1.54666666667	6.6553518888
1.54833333333	6.6554064077
1.55	6.6554609503
1.55166666667	6.6555155164
1.55333333333	6.6555701062
1.555	6.6556247195
1.55666666667	6.6556793564
1.55833333333	6.6557340168
1.56	6.6557887008
1.56166666667	6.6558434083
1.56333333333	6.6558981394
1.565	6.6559528940
1.56666666667	6.6560076721
1.56833333333	6.6560624737
1.57	6.6561172988
1.57166666667	6.6561721474
1.57333333333	6.6562270194
1.575	6.6562819149
1.57666666667	6.6563368339
1.57833333333	6.6563917763
1.58	6.6564467422
1.58166666667	6.6565017315
1.58333333333	6.6565567442
1.585	6.6566117803
1.58666666667	6.6566668398
1.58833333333	6.6567219227
1.59	6.6567770290
1.59166666667	6.6568321586
1.59333333333	6.6568873116
1.595	6.6569424880
1.59666666667	6.6569976877
1.59833333333	6.6570529108
1.6	6.6571081571
1.60166666667	6.6571634268
1.60333333333	6.6572187198
1.605	6.6572740361
1.60666666667	6.6573293757
1.60833333333	6.6573847386
1.61	6.6574401247
1.61166666667	6.6574955341
1.61333333333	6.6575509667
1.615	6.6576064226
1.61666666667	6.6576619018
1.61833333333	6.6577174041
1.62	6.6577729297
1.62166666667	6.6578284784
1.62333333333	6.6578840504
1.625	6.6579396456
1.62666666667	6.6579952639
1.62833333333	6.6580509054
1.63	6.6581065701
1.63166666667	6.6581622579
1.63333333333	6.6582179689
1.635	6.6582737030
1.63666666667	6.6583294602
1.63833333333	6.6583852406
1.64	6.6584410440
1.64166666667	6.6584968706
1.64333333333	6.6585527202
1.645	6.6586085929
1.64666666667	6.6586644887
1.64833333333	6.6587204076
1.65	6.6587763495
1.65166666667	6.6588323145
1.65333333333	6.6588883025
1.655	6.6589443135
1.65666666667	6.6590003476
1.65833333333	6.6590564046
1.66	6.6591124847
1.66166666667	6.6591685878
1.66333333333	6.6592247138
1.665	6.6592808628
1.66666666667	6.6593370348
1.66833333333	6.6593932298
1.67	6.6594494477
1.67166666667	6.6595056885
1.67333333333	6.6595619523
1.675	6.6596182390
1.67666666667	6.6596745486
1.67833333333	6.6597308811
1.68	6.6597872365
1.68166666667	6.6598436149
1.68333333333	6.6599000161
1.685	6.6599564401
1.68666666667	6.6600128870
1.68833333333	6.6600693568
1.69	6.6601258495
1.69166666667	6.6601823649
1.69333333333	6.6602389032
1.695	6.6602954644
1.69666666667	6.6603520483
1.69833333333	6.6604086551
1.7	6.6604652846
1.70166666667	6.6605219369
1.70333333333	6.6605786120
1.705	6.6606353099
1.70666666667	6.6606920306
1.70833333333	6.6607487740
1.71	6.6608055401
1.71166666667	6.6608623290
1.71333333333	6.6609191406
1.715	6.6609759750
1.71666666667	6.6610328320
1.71833333333	6.6610897118
1.72	6.6611466142
1.72166666667	6.6612035394
1.72333333333	6.6612604872
1.725	6.6613174577
1.72666666667	6.6613744509
1.72833333333	6.6614314667
1.73	6.6614885052
1.73166666667	6.6615455663
1.73333333333	6.6616026500
1.735	6.6616597564
1.73666666667	6.6617168853
1.73833333333	6.6617740369
1.74	6.6618312111
1.74166666667	6.6618884079
1.74333333333	6.6619456272
1.745	6.6620028692
1.74666666667	6.6620601337
1.74833333333	6.6621174207
1.75	6.6621747303
1.75166666667	6.6622320625
1.75333333333	6.6622894172
1.755	6.6623467944
1.75666666667	6.6624041941
1.75833333333	6.6624616164
1.76	6.6625190611
1.76166666667	6.6625765284
1.76333333333	6.6626340181
1.765	6.6626915303
1.76666666667	6.6627490650
1.76833333333	6.6628066221
1.77	6.6628642017
1.77166666667	6.6629218038
1.77333333333	6.6629794283
1.775	6.6630370752
1.77666666667	6.6630947446
1.77833333333	6.6631524363
1.78	6.6632101505
1.78166666667	6.6632678871
1.78333333333	6.6633256461
1.785	6.6633834274
1.78666666667	6.6634412312
1.78833333333	6.6634990573
1.79	6.6635569057
1.79166666667	6.6636147766
1.79333333333	6.6636726697
1.795	6.6637305853
1.79666666667	6.6637885231
1.79833333333	6.6638464833
1.8	6.6639044658
1.80166666667	6.6639624706
1.80333333333	6.6640204977
1.805	6.6640785471
1.80666666667	6.6641366188
1.80833333333	6.6641947128
1.81	6.6642528290
1.81166666667	6.6643109675
1.81333333333	6.6643691283
1.815	6.6644273113
1.81666666667	6.6644855166
1.81833333333	6.6645437441
1.82	6.6646019938
1.82166666667	6.6646602657
1.82333333333	6.6647185599
1.825	6.6647768763
1.82666666667	6.6648352148
1.82833333333	6.6648935756
1.83	6.6649519585
1.83166666667	6.6650103636
1.83333333333	6.6650687909
1.835	6.6651272404
1.83666666667	6.6651857120
1.83833333333	6.6652442057
1.84	6.6653027216
1.84166666667	6.6653612597
1.84333333333	6.6654198198
1.845	6.6654784021
1.84666666667	6.6655370065
1.84833333333	6.6655956330
1.85	6.6656542815
1.85166666667	6.6657129522
1.85333333333	6.6657716450
1.855	6.6658303598
1.85666666667	6.6658890967
1.85833333333	6.6659478557
1.86	6.6660066367
1.86166666667	6.6660654398
1.86333333333	6.6661242649
1.865	6.6661831121
1.86666666667	6.6662419813
1.86833333333	6.6663008725
1.87	6.6663597857
1.87166666667	6.6664187209
1.87333333333	6.6664776781
1.875	6.6665366573
1.87666666667	6.6665956585
1.87833333333	6.6666546817
1.88	6.6667137269
1.88166666667	6.6667727940
1.88333333333	6.6668318830
1.885	6.6668909941
1.88666666667	6.6669501270
1.88833333333	6.6670092820
1.89	6.6670684588
1.89166666667	6.6671276576
1.89333333333	6.6671868782
1.895	6.6672461208
1.89666666667	6.6673053853
1.89833333333	6.6673646717
1.9	6.6674239800
1.90166666667	6.6674833102
1.90333333333	6.6675426623
1.905	6.6676020362
1.90666666667	6.6676614320
1.90833333333	6.6677208496
1.91	6.6677802891
1.91166666667	6.6678397505
1.91333333333	6.6678992337
1.915	6.6679587387
1.91666666667	6.6680182655
1.91833333333	6.6680778142
1.92	6.6681373847
1.92166666667	6.6681969769
1.92333333333	6.6682565910
1.925	6.6683162269
1.92666666667	6.6683758845
1.92833333333	6.6684355640
1.93	6.6684952652
1.93166666667	6.6685549882
1.93333333333	6.6686147329
1.935	6.6686744994
1.93666666667	6.6687342877
1.93833333333	6.6687940977
1.94	6.6688539294
1.94166666667	6.6689137829
1.94333333333	6.6689736580
1.945	6.6690335549
1.94666666667	6.6690934735
1.94833333333	6.6691534139
1.95	6.6692133759
1.95166666667	6.6692733596
1.95333333333	6.6693333650
1.955	6.6693933920
1.95666666667	6.6694534408
1.95833333333	6.6695135112
1.96	6.6695736033
1.96166666667	6.6696337170
1.96333333333	6.6696938524
1.965	6.6697540094
1.96666666667	6.6698141881
1.96833333333	6.6698743884
1.97	6.6699346103
1.97166666667	6.6699948538
1.97333333333	6.6700551190
1.975	6.6701154058
1.97666666667	6.6701757141
1.97833333333	6.6702360441
1.98	6.6702963956
1.98166666667	6.6703567688
1.98333333333	6.6704171635
1.985	6.6704775798
1.98666666667	6.6705380176
1.98833333333	6.6705984770
1.99	6.6706589580
1.99166666667	6.6707194605
1.99333333333	6.6707799846
1.995	6.6708405302
1.99666666667	6.6709010973
1.99833333333	6.6709616860
2.0	6.6710222962
2.00166666667	6.6710829279
2.00333333333	6.6711435811
2.005	6.6712042558
2.00666666667	6.6712649520
2.00833333333	6.6713256697
2.01	6.6713864088
2.01166666667	6.6714471695
2.01333333333	6.6715079516
2.015	6.6715687553
2.01666666667	6.6716295803
2.01833333333	6.6716904269
2.02	6.6717512948
2.02166666667	6.6718121843
2.02333333333	6.6718730952
2.025	6.6719340275
2.02666666667	6.6719949812
2.02833333333	6.6720559564
2.03	6.6721169530
2.03166666667	6.6721779710
2.03333333333	6.6722390104
2.035	6.6723000712
2.03666666667	6.6723611534
2.03833333333	6.6724222570
2.04	6.6724833820
2.04166666667	6.6725445284
2.04333333333	6.6726056962
2.045	6.6726668853
2.04666666667	6.6727280958
2.04833333333	6.6727893277
2.05	6.6728505809
2.05166666667	6.6729118555
2.05333333333	6.6729731514
2.055	6.6730344686
2.05666666667	6.6730958072
2.05833333333	6.6731571672
2.06	6.6732185484
2.06166666667	6.6732799510
2.06333333333	6.6733413749
2.065	6.6734028201
2.06666666667	6.6734642866
2.06833333333	6.6735257744
2.07	6.6735872835
2.07166666667	6.6736488139
2.07333333333	6.6737103656
2.075	6.6737719385
2.07666666667	6.6738335328
2.07833333333	6.6738951483
2.08	6.6739567850
2.08166666667	6.6740184431
2.08333333333	6.6740801224
2.085	6.6741418229
2.08666666667	6.6742035447
2.08833333333	6.6742652877
2.09	6.6743270520
2.09166666667	6.6743888375
2.09333333333	6.6744506442
2.095	6.6745124721
2.09666666667	6.6745743213
2.09833333333	6.6746361917
2.1	6.6746980833
2.10166666667	6.6747599960
2.10333333333	6.6748219300
2.105	6.6748838852
2.10666666667	6.6749458616
2.10833333333	6.6750078591
2.11	6.6750698779
2.11166666667	6.6751319178
2.11333333333	6.6751939789
2.115	6.6752560611
2.11666666667	6.6753181645
2.11833333333	6.6753802891
2.12	6.6754424348
2.12166666667	6.6755046017
2.12333333333	6.6755667897
2.125	6.6756289989
2.12666666667	6.6756912291
2.12833333333	6.6757534806
2.13	6.6758157531
2.13166666667	6.6758780468
2.13333333333	6.6759403616
2.135	6.6760026975
2.13666666667	6.6760650545
2.13833333333	6.6761274326
2.14	6.6761898318
2.14166666667	6.6762522521
2.14333333333	6.6763146935
2.145	6.6763771560
2.14666666667	6.6764396396
2.14833333333	6.6765021442
2.15	6.6765646700
2.15166666667	6.6766272168
2.15333333333	6.6766897846
2.155	6.6767523735
2.15666666667	6.6768149835
2.15833333333	6.6768776146
2.16	6.6769402667
2.16166666667	6.6770029398
2.16333333333	6.6770656340
2.165	6.6771283492
2.16666666667	6.6771910854
2.16833333333	6.6772538427
2.17	6.6773166210
2.17166666667	6.6773794203
2.17333333333	6.6774422407
2.175	6.6775050821
2.17666666667	6.6775679444
2.17833333333	6.6776308278
2.18	6.6776937322
2.18166666667	6.6777566576
2.18333333333	6.6778196039
2.185	6.6778825713
2.18666666667	6.6779455597
2.18833333333	6.6780085690
2.19	6.6780715993
2.19166666667	6.6781346506
2.19333333333	6.6781977229
2.195	6.6782608161
2.19666666667	6.6783239303
2.19833333333	6.6783870655
2.2	6.6784502216
2.20166666667	6.6785133986
2.20333333333	6.6785765967
2.205	6.6786398156
2.20666666667	6.6787030555
2.20833333333	6.6787663164
2.21	6.6788295982
2.21166666667	6.6788929009
2.21333333333	6.6789562245
2.215	6.6790195691
2.21666666667	6.6790829346
2.21833333333	6.6791463210
2.22	6.6792097283
2.22166666667	6.6792731566
2.22333333333	6.6793366057
2.225	6.6794000758
2.22666666667	6.6794635667
2.22833333333	6.6795270786
2.23	6.6795906113
2.23166666667	6.6796541650
2.23333333333	6.6797177395
2.235	6.6797813349
2.23666666667	6.6798449512
2.23833333333	6.6799085884
2.24	6.6799722464
2.24166666667	6.6800359254
2.24333333333	6.6800996251
2.245	6.6801633458
2.24666666667	6.6802270873
2.24833333333	6.6802908497
2.25	6.6803546329
2.25166666667	6.6804184370
2.25333333333	6.6804822620
2.255	6.6805461077
2.25666666667	6.6806099744
2.25833333333	6.6806738618
2.26	6.6807377701
2.26166666667	6.6808016993
2.26333333333	6.6808656493
2.265	6.6809296201
2.26666666667	6.6809936117
2.26833333333	6.6810576241
2.27	6.6811216574
2.27166666667	6.6811857115
2.27333333333	6.6812497864
2.275	6.6813138821
2.27666666667	6.6813779987
2.27833333333	6.6814421360
2.28	6.6815062941
2.28166666667	6.6815704731
2.28333333333	6.6816346728
2.285	6.6816988933
2.28666666667	6.6817631347
2.28833333333	6.6818273968
2.29	6.6818916797
2.29166666667	6.6819559834
2.29333333333	6.6820203078
2.295	6.6820846531
2.29666666667	6.6821490191
2.29833333333	6.6822134059
2.3	6.6822778135
2.30166666667	6.6823422418
2.30333333333	6.6824066909
2.305	6.6824711608
2.30666666667	6.6825356514
2.30833333333	6.6826001628
2.31	6.6826646950
2.31166666667	6.6827292479
2.31333333333	6.6827938215
2.315	6.6828584159
2.31666666667	6.6829230311
2.31833333333	6.6829876670
2.32	6.6830523236
2.32166666667	6.6831170010
2.32333333333	6.6831816991
2.325	6.6832464180
2.32666666667	6.6833111576
2.32833333333	6.6833759179
2.33	6.6834406989
2.33166666667	6.6835055007
2.33333333333	6.6835703232
2.335	6.6836351664
2.33666666667	6.6837000304
2.33833333333	6.6837649150
2.34	6.6838298204
2.34166666667	6.6838947465
2.34333333333	6.6839596933
2.345	6.6840246608
2.34666666667	6.6840896490
2.34833333333	6.6841546580
2.35	6.6842196876
2.35166666667	6.6842847379
2.35333333333	6.6843498090
2.355	6.6844149007
2.35666666667	6.6844800131
2.35833333333	6.6845451463
2.36	6.6846103001
2.36166666667	6.6846754746
2.36333333333	6.6847406698
2.365	6.6848058857
2.36666666667	6.6848711223
2.36833333333	6.6849363795
2.37	6.6850016575
2.37166666667	6.6850669561
2.37333333333	6.6851322754
2.375	6.6851976154
2.37666666667	6.6852629760
2.37833333333	6.6853283573
2.38	6.6853937593
2.38166666667	6.6854591820
2.38333333333	6.6855246253
2.385	6.6855900893
2.38666666667	6.6856555740
2.38833333333	6.6857210793
2.39	6.6857866053
2.39166666667	6.6858521520
2.39333333333	6.6859177193
2.395	6.6859833073
2.39666666667	6.6860489159
2.39833333333	6.6861145452
2.4	6.6861801952
2.40166666667	6.6862458658
2.40333333333	6.6863115570
2.405	6.6863772689
2.40666666667	6.6864430014
2.40833333333	6.6865087546
2.41	6.6865745285
2.41166666667	6.6866403230
2.41333333333	6.6867061381
2.415	6.6867719739
2.41666666667	6.6868378303
2.41833333333	6.6869037074
2.42	6.6869696051
2.42166666667	6.6870355234
2.42333333333	6.6871014624
2.425	6.6871674220
2.42666666667	6.6872334022
2.42833333333	6.6872994031
2.43	6.6873654246
2.43166666667	6.6874314667
2.43333333333	6.6874975295
2.435	6.6875636129
2.43666666667	6.6876297169
2.43833333333	6.6876958416
2.44	6.6877619869
2.44166666667	6.6878281528
2.44333333333	6.6878943393
2.445	6.6879605465
2.44666666667	6.6880267743
2.44833333333	6.6880930227
2.45	6.6881592917
2.45166666667	6.6882255814
2.45333333333	6.6882918917
2.455	6.6883582226
2.45666666667	6.6884245741
2.45833333333	6.6884909462
2.46	6.6885573390
2.46166666667	6.6886237524
2.46333333333	6.6886901864
2.465	6.6887566410
2.46666666667	6.6888231162
2.46833333333	6.6888896120
2.47	6.6889561285
2.47166666667	6.6890226655
2.47333333333	6.6890892232
2.475	6.6891558015
2.47666666667	6.6892224004
2.47833333333	6.6892890199
2.48	6.6893556601
2.48166666667	6.6894223208
2.48333333333	6.6894890022
2.485	6.6895557041
2.48666666667	6.6896224267
2.48833333333	6.6896891699
2.49	6.6897559337
2.49166666667	6.6898227181
2.49333333333	6.6898895231
2.495	6.6899563488
2.49666666667	6.6900231950
2.49833333333	6.6900900618
2.5	6.6901569493
2.50166666667	6.6902238574
2.50333333333	6.6902907860
2.505	6.6903577353
2.50666666667	6.6904247052
2.50833333333	6.6904916957
2.51	6.6905587068
2.51166666667	6.6906257385
2.51333333333	6.6906927909
2.515	6.6907598638
2.51666666667	6.6908269574
2.51833333333	6.6908940715
2.52	6.6909612063
2.52166666667	6.6910283616
2.52333333333	6.6910955376
2.525	6.6911627342
2.52666666667	6.6912299514
2.52833333333	6.6912971892
2.53	6.6913644477
2.53166666667	6.6914317267
2.53333333333	6.6914990263
2.535	6.6915663466
2.53666666667	6.6916336875
2.53833333333	6.6917010489
2.54	6.6917684310
2.54166666667	6.6918358337
2.54333333333	6.6919032571
2.545	6.6919707010
2.54666666667	6.6920381655
2.54833333333	6.6921056507
2.55	6.6921731565
2.55166666667	6.6922406829
2.55333333333	6.6923082299
2.555	6.6923757975
2.55666666667	6.6924433857
2.55833333333	6.6925109946
2.56	6.6925786241
2.56166666667	6.6926462742
2.56333333333	6.6927139449
2.565	6.6927816362
2.56666666667	6.6928493482
2.56833333333	6.6929170808
2.57	6.6929848340
2.57166666667	6.6930526078
2.57333333333	6.6931204023
2.575	6.6931882174
2.57666666667	6.6932560531
2.57833333333	6.6933239094
2.58	6.6933917864
2.58166666667	6.6934596840
2.58333333333	6.6935276022
2.585	6.6935955410
2.58666666667	6.6936635005
2.58833333333	6.6937314806
2.59	6.6937994814
2.59166666667	6.6938675028
2.59333333333	6.6939355448
2.595	6.6940036075
2.59666666667	6.6940716908
2.59833333333	6.6941397947
2.6	6.6942079193
2.60166666667	6.6942760645
2.60333333333	6.6943442304
2.605	6.6944124169
2.60666666667	6.6944806240
2.60833333333	6.6945488518
2.61	6.6946171003
2.61166666667	6.6946853694
2.61333333333	6.6947536591
2.615	6.6948219695
2.61666666667	6.6948903006
2.61833333333	6.6949586523
2.62	6.6950270247
2.62166666667	6.6950954177
2.62333333333	6.6951638314
2.625	6.6952322658
2.62666666667	6.6953007208
2.62833333333	6.6953691965
2.63	6.6954376928
2.63166666667	6.6955062098
2.63333333333	6.6955747475
2.635	6.6956433058
2.63666666667	6.6957118849
2.63833333333	6.6957804846
2.64	6.6958491050
2.64166666667	6.6959177460
2.64333333333	6.6959864077
2.645	6.6960550902
2.64666666667	6.6961237933
2.64833333333	6.6961925170
2.65	6.6962612615
2.65166666667	6.6963300267
2.65333333333	6.6963988125
2.655	6.6964676191
2.65666666667	6.6965364463
2.65833333333	6.6966052943
2.66	6.6966741629
2.66166666667	6.6967430522
2.66333333333	6.6968119623
2.665	6.6968808930
2.66666666667	6.6969498445
2.66833333333	6.6970188166
2.67	6.6970878095
2.67166666667	6.6971568231
2.67333333333	6.6972258574
2.675	6.6972949124
2.67666666667	6.6973639882
2.67833333333	6.6974330846
2.68	6.6975022018
2.68166666667	6.6975713398
2.68333333333	6.6976404984
2.685	6.6977096778
2.68666666667	6.6977788779
2.68833333333	6.6978480988
2.69	6.6979173403
2.69166666667	6.6979866027
2.69333333333	6.6980558858
2.695	6.6981251896
2.69666666667	6.6981945142
2.69833333333	6.6982638595
2.7	6.6983332256
2.70166666667	6.6984026124
2.70333333333	6.6984720200
2.705	6.6985414484
2.70666666667	6.6986108975
2.70833333333	6.6986803674
2.71	6.6987498581
2.71166666667	6.6988193695
2.71333333333	6.6988889017
2.715	6.6989584547
2.71666666667	6.6990280285
2.71833333333	6.6990976231
2.72	6.6991672384
2.72166666667	6.6992368746
2.72333333333	6.6993065315
2.725	6.6993762092
2.72666666667	6.6994459078
2.72833333333	6.6995156271
2.73	6.6995853672
2.73166666667	6.6996551282
2.73333333333	6.6997249100
2.735	6.6997947125
2.73666666667	6.6998645359
2.73833333333	6.6999343802
2.74	6.7000042452
2.74166666667	6.7000741311
2.74333333333	6.7001440378
2.745	6.7002139653
2.74666666667	6.7002839137
2.74833333333	6.7003538829
2.75	6.7004238730
2.75166666667	6.7004938839
2.75333333333	6.7005639156
2.755	6.7006339682
2.75666666667	6.7007040417
2.75833333333	6.7007741360
2.76	6.7008442512
2.76166666667	6.7009143873
2.76333333333	6.7009845443
2.765	6.7010547221
2.76666666667	6.7011249208
2.76833333333	6.7011951403
2.77	6.7012653808
2.77166666667	6.7013356422
2.77333333333	6.7014059244
2.775	6.7014762276
2.77666666667	6.7015465516
2.77833333333	6.7016168966
2.78	6.7016872624
2.78166666667	6.7017576492
2.78333333333	6.7018280569
2.785	6.7018984855
2.78666666667	6.7019689351
2.78833333333	6.7020394055
2.79	6.7021098969
2.79166666667	6.7021804093
2.79333333333	6.7022509426
2.795	6.7023214968
2.79666666667	6.7023920720
2.79833333333	6.7024626681
2.8	6.7025332852
2.80166666667	6.7026039232
2.80333333333	6.7026745822
2.805	6.7027452622
2.80666666667	6.7028159632
2.80833333333	6.7028866851
2.81	6.7029574280
2.81166666667	6.7030281919
2.81333333333	6.7030989768
2.815	6.7031697827
2.81666666667	6.7032406096
2.81833333333	6.7033114575
2.82	6.7033823264
2.82166666667	6.7034532163
2.82333333333	6.7035241273
2.825	6.7035950592
2.82666666667	6.7036660122
2.82833333333	6.7037369862
2.83	6.7038079813
2.83166666667	6.7038789974
2.83333333333	6.7039500345
2.835	6.7040210927
2.83666666667	6.7040921719
2.83833333333	6.7041632723
2.84	6.7042343936
2.84166666667	6.7043055361
2.84333333333	6.7043766996
2.845	6.7044478842
2.84666666667	6.7045190899
2.84833333333	6.7045903166
2.85	6.7046615645
2.85166666667	6.7047328334
2.85333333333	6.7048041235
2.855	6.7048754347
2.85666666667	6.7049467670
2.85833333333	6.7050181204
2.86	6.7050894949
2.86166666667	6.7051608906
2.86333333333	6.7052323074
2.865	6.7053037453
2.86666666667	6.7053752044
2.86833333333	6.7054466846
2.87	6.7055181860
2.87166666667	6.7055897086
2.87333333333	6.7056612523
2.875	6.7057328172
2.87666666667	6.7058044032
2.87833333333	6.7058760105
2.88	6.7059476389
2.88166666667	6.7060192886
2.88333333333	6.7060909594
2.885	6.7061626514
2.88666666667	6.7062343647
2.88833333333	6.7063060991
2.89	6.7063778548
2.89166666667	6.7064496317
2.89333333333	6.7065214299
2.895	6.7065932492
2.89666666667	6.7066650899
2.89833333333	6.7067369518
2.9	6.7068088349
2.90166666667	6.7068807393
2.90333333333	6.7069526649
2.905	6.7070246119
2.90666666667	6.7070965801
2.90833333333	6.7071685696
2.91	6.7072405804
2.91166666667	6.7073126125
2.91333333333	6.7073846659
2.915	6.7074567406
2.91666666667	6.7075288366
2.91833333333	6.7076009540
2.92	6.7076730926
2.92166666667	6.7077452526
2.92333333333	6.7078174340
2.925	6.7078896367
2.92666666667	6.7079618607
2.92833333333	6.7080341061
2.93	6.7081063729
2.93166666667	6.7081786611
2.93333333333	6.7082509706
2.935	6.7083233015
2.93666666667	6.7083956538
2.93833333333	6.7084680275
2.94	6.7085404226
2.94166666667	6.7086128391
2.94333333333	6.7086852771
2.945	6.7087577364
2.94666666667	6.7088302172
2.94833333333	6.7089027195
2.95	6.7089752431
2.95166666667	6.7090477883
2.95333333333	6.7091203548
2.955	6.7091929429
2.95666666667	6.7092655524
2.95833333333	6.7093381834
2.96	6.7094108359
2.96166666667	6.7094835099
2.96333333333	6.7095562054
2.965	6.7096289224
2.96666666667	6.7097016609
2.96833333333	6.7097744209
2.97	6.7098472024
2.97166666667	6.7099200055
2.97333333333	6.7099928301
2.975	6.7100656763
2.97666666667	6.7101385440
2.97833333333	6.7102114333
2.98	6.7102843442
2.98166666667	6.7103572767
2.98333333333	6.7104302307
2.985	6.7105032063
2.98666666667	6.7105762035
2.98833333333	6.7106492224
2.99	6.7107222628
2.99166666667	6.7107953249
2.99333333333	6.7108684086
2.995	6.7109415140
2.99666666667	6.7110146410
2.99833333333	6.7110877896
3.0	6.7111609599
3.00166666667	6.7112341519
3.00333333333	6.7113073655
3.005	6.7113806009
3.00666666667	6.7114538579
3.00833333333	6.7115271366
3.01	6.7116004371
3.01166666667	6.7116737592
3.01333333333	6.7117471031
3.015	6.7118204687
3.01666666667	6.7118938561
3.01833333333	6.7119672651
3.02	6.7120406960
3.02166666667	6.7121141486
3.02333333333	6.7121876230
3.025	6.7122611192
3.02666666667	6.7123346371
3.02833333333	6.7124081769
3.03	6.7124817385
3.03166666667	6.7125553218
3.03333333333	6.7126289270
3.035	6.7127025541
3.03666666667	6.7127762029
3.03833333333	6.7128498737
3.04	6.7129235662
3.04166666667	6.7129972807
3.04333333333	6.7130710170
3.045	6.7131447752
3.04666666667	6.7132185552
3.04833333333	6.7132923572
3.05	6.7133661811
3.05166666667	6.7134400269
3.05333333333	6.7135138946
3.055	6.7135877843
3.05666666667	6.7136616959
3.05833333333	6.7137356295
3.06	6.7138095850
3.06166666667	6.7138835625
3.06333333333	6.7139575619
3.065	6.7140315834
3.06666666667	6.7141056268
3.06833333333	6.7141796923
3.07	6.7142537798
3.07166666667	6.7143278893
3.07333333333	6.7144020208
3.075	6.7144761744
3.07666666667	6.7145503500
3.07833333333	6.7146245477
3.08	6.7146987674
3.08166666667	6.7147730092
3.08333333333	6.7148472732
3.085	6.7149215592
3.08666666667	6.7149958673
3.08833333333	6.7150701976
3.09	6.7151445499
3.09166666667	6.7152189244
3.09333333333	6.7152933211
3.095	6.7153677399
3.09666666667	6.7154421809
3.09833333333	6.7155166440
3.1	6.7155911294
3.10166666667	6.7156656369
3.10333333333	6.7157401666
3.105	6.7158147186
3.10666666667	6.7158892928
3.10833333333	6.7159638892
3.11	6.7160385078
3.11166666667	6.7161131488
3.11333333333	6.7161878119
3.115	6.7162624974
3.11666666667	6.7163372051
3.11833333333	6.7164119351
3.12	6.7164866875
3.12166666667	6.7165614621
3.12333333333	6.7166362591
3.125	6.7167110784
3.12666666667	6.7167859201
3.12833333333	6.7168607841
3.13	6.7169356705
3.13166666667	6.7170105793
3.13333333333	6.7170855104
3.135	6.7171604640
3.13666666667	6.7172354399
3.13833333333	6.7173104383
3.14	6.7173854591
3.14166666667	6.7174605024
3.14333333333	6.7175355681
3.145	6.7176106563
3.14666666667	6.7176857669
3.14833333333	6.7177609000
3.15	6.7178360557
3.15166666667	6.7179112338
3.15333333333	6.7179864345
3.155	6.7180616576
3.15666666667	6.7181369034
3.15833333333	6.7182121716
3.16	6.7182874625
3.16166666667	6.7183627759
3.16333333333	6.7184381119
3.165	6.7185134705
3.16666666667	6.7185888517
3.16833333333	6.7186642555
3.17	6.7187396820
3.17166666667	6.7188151311
3.17333333333	6.7188906028
3.175	6.7189660972
3.17666666667	6.7190416143
3.17833333333	6.7191171541
3.18	6.7191927166
3.18166666667	6.7192683018
3.18333333333	6.7193439097
3.185	6.7194195403
3.18666666667	6.7194951937
3.18833333333	6.7195708699
3.19	6.7196465688
3.19166666667	6.7197222905
3.19333333333	6.7197980350
3.195	6.7198738023
3.19666666667	6.7199495925
3.19833333333	6.7200254054
3.2	6.7201012412
3.20166666667	6.7201770999
3.20333333333	6.7202529814
3.205	6.7203288858
3.20666666667	6.7204048131
3.20833333333	6.7204807633
3.21	6.7205567364
3.21166666667	6.7206327325
3.21333333333	6.7207087515
3.215	6.7207847934
3.21666666667	6.7208608584
3.21833333333	6.7209369463
3.22	6.7210130571
3.22166666667	6.7210891910
3.22333333333	6.7211653480
3.225	6.7212415279
3.22666666667	6.7213177309
3.22833333333	6.7213939569
3.23	6.7214702061
3.23166666667	6.7215464782
3.23333333333	6.7216227735
3.235	6.7216990919
3.23666666667	6.7217754335
3.23833333333	6.7218517981
3.24	6.7219281859
3.24166666667	6.7220045969
3.24333333333	6.7220810311
3.245	6.7221574884
3.24666666667	6.7222339689
3.24833333333	6.7223104727
3.25	6.7223869997
3.25166666667	6.7224635499
3.25333333333	6.7225401234
3.255	6.7226167201
3.25666666667	6.7226933402
3.25833333333	6.7227699835
3.26	6.7228466501
3.26166666667	6.7229233401
3.26333333333	6.7230000534
3.265	6.7230767901
3.26666666667	6.7231535501
3.26833333333	6.7232303335
3.27	6.7233071403
3.27166666667	6.7233839705
3.27333333333	6.7234608241
3.275	6.7235377012
3.27666666667	6.7236146017
3.27833333333	6.7236915257
3.28	6.7237684732
3.28166666667	6.7238454441
3.28333333333	6.7239224386
3.285	6.7239994566
3.28666666667	6.7240764981
3.28833333333	6.7241535632
3.29	6.7242306519
3.29166666667	6.7243077641
3.29333333333	6.7243848999
3.295	6.7244620594
3.29666666667	6.7245392424
3.29833333333	6.7246164491
3.3	6.7246936795
3.30166666667	6.7247709335
3.30333333333	6.7248482113
3.305	6.7249255127
3.30666666667	6.7250028378
3.30833333333	6.7250801867
3.31	6.7251575593
3.31166666667	6.7252349557
3.31333333333	6.7253123759
3.315	6.7253898198
3.31666666667	6.7254672876
3.31833333333	6.7255447792
3.32	6.7256222946
3.32166666667	6.7256998339
3.32333333333	6.7257773970
3.325	6.7258549841
3.32666666667	6.7259325950
3.32833333333	6.7260102299
3.33	6.7260878886
3.33166666667	6.7261655714
3.33333333333	6.7262432781
3.335	6.7263210088
3.33666666667	6.7263987635
3.33833333333	6.7264765422
3.34	6.7265543449
3.34166666667	6.7266321717
3.34333333333	6.7267100225
3.345	6.7267878975
3.34666666667	6.7268657965
3.34833333333	6.7269437196
3.35	6.7270216669
3.35166666667	6.7270996383
3.35333333333	6.7271776339
3.355	6.7272556536
3.35666666667	6.7273336975
3.35833333333	6.7274117657
3.36	6.7274898581
3.36166666667	6.7275679747
3.36333333333	6.7276461156
3.365	6.7277242808
3.36666666667	6.7278024702
3.36833333333	6.7278806840
3.37	6.7279589222
3.37166666667	6.7280371846
3.37333333333	6.7281154714
3.375	6.7281937827
3.37666666667	6.7282721183
3.37833333333	6.7283504783
3.38	6.7284288628
3.38166666667	6.7285072717
3.38333333333	6.7285857051
3.385	6.7286641630
3.38666666667	6.7287426454
3.38833333333	6.7288211523
3.39	6.7288996837
3.39166666667	6.7289782398
3.39333333333	6.7290568204
3.395	6.7291354256
3.39666666667	6.7292140554
3.39833333333	6.7292927098
3.4	6.7293713889
3.40166666667	6.7294500927
3.40333333333	6.7295288211
3.405	6.7296075743
3.40666666667	6.7296863521
3.40833333333	6.7297651548
3.41	6.7298439821
3.41166666667	6.7299228343
3.41333333333	6.7300017113
3.415	6.7300806130
3.41666666667	6.7301595397
3.41833333333	6.7302384911
3.42	6.7303174675
3.42166666667	6.7303964687
3.42333333333	6.7304754949
3.425	6.7305545460
3.42666666667	6.7306336220
3.42833333333	6.7307127230
3.43	6.7307918490
3.43166666667	6.7308710000
3.43333333333	6.7309501761
3.435	6.7310293771
3.43666666667	6.7311086033
3.43833333333	6.7311878545
3.44	6.7312671309
3.44166666667	6.7313464324
3.44333333333	6.7314257590
3.445	6.7315051108
3.44666666667	6.7315844877
3.44833333333	6.7316638899
3.45	6.7317433173
3.45166666667	6.7318227700
3.45333333333	6.7319022479
3.455	6.7319817511
3.45666666667	6.7320612797
3.45833333333	6.7321408335
3.46	6.7322204127
3.46166666667	6.7323000173
3.46333333333	6.7323796473
3.465	6.7324593026
3.46666666667	6.7325389834
3.46833333333	6.7326186897
3.47	6.7326984214
3.47166666667	6.7327781787
3.47333333333	6.7328579614
3.475	6.7329377697
3.47666666667	6.7330176035
3.47833333333	6.7330974630
3.48	6.7331773480
3.48166666667	6.7332572586
3.48333333333	6.7333371949
3.485	6.7334171569
3.48666666667	6.7334971445
3.48833333333	6.7335771579
3.49	6.7336571970
3.49166666667	6.7337372618
3.49333333333	6.7338173524
3.495	6.7338974689
3.49666666667	6.7339776111
3.49833333333	6.7340577792
3.5	6.7341379731
3.50166666667	6.7342181929
3.50333333333	6.7342984387
3.505	6.7343787103
3.50666666667	6.7344590079
3.50833333333	6.7345393315
3.51	6.7346196811
3.51166666667	6.7347000567
3.51333333333	6.7347804584
3.515	6.7348608861
3.51666666667	6.7349413399
3.51833333333	6.7350218199
3.52	6.7351023259
3.52166666667	6.7351828582
3.52333333333	6.7352634166
3.525	6.7353440012
3.52666666667	6.7354246120
3.52833333333	6.7355052491
3.53	6.7355859125
3.53166666667	6.7356666022
3.53333333333	6.7357473182
3.535	6.7358280605
3.53666666667	6.7359088292
3.53833333333	6.7359896244
3.54	6.7360704459
3.54166666667	6.7361512939
3.54333333333	6.7362321683
3.545	6.7363130693
3.54666666667	6.7363939967
3.54833333333	6.7364749507
3.55	6.7365559313
3.55166666667	6.7366369385
3.55333333333	6.7367179723
3.555	6.7367990327
3.55666666667	6.7368801198
3.55833333333	6.7369612335
3.56	6.7370423740
3.56166666667	6.7371235413
3.56333333333	6.7372047353
3.565	6.7372859561
3.56666666667	6.7373672037
3.56833333333	6.7374484781
3.57	6.7375297794
3.57166666667	6.7376111077
3.57333333333	6.7376924628
3.575	6.7377738449
3.57666666667	6.7378552539
3.57833333333	6.7379366900
3.58	6.7380181530
3.58166666667	6.7380996432
3.58333333333	6.7381811604
3.585	6.7382627047
3.58666666667	6.7383442761
3.58833333333	6.7384258747
3.59	6.7385075005
3.59166666667	6.7385891534
3.59333333333	6.7386708337
3.595	6.7387525411
3.59666666667	6.7388342759
3.59833333333	6.7389160380
3.6	6.7389978274
3.60166666667	6.7390796442
3.60333333333	6.7391614884
3.605	6.7392433600
3.60666666667	6.7393252591
3.60833333333	6.7394071857
3.61	6.7394891398
3.61166666667	6.7395711214
3.61333333333	6.7396531306
3.615	6.7397351673
3.61666666667	6.7398172317
3.61833333333	6.7398993238
3.62	6.7399814435
3.62166666667	6.7400635909
3.62333333333	6.7401457661
3.625	6.7402279690
3.62666666667	6.7403101997
3.62833333333	6.7403924583
3.63	6.7404747447
3.63166666667	6.7405570589
3.63333333333	6.7406394011
3.635	6.7407217712
3.63666666667	6.7408041693
3.63833333333	6.7408865954
3.64	6.7409690495
3.64166666667	6.7410515317
3.64333333333	6.7411340419
3.645	6.7412165803
3.64666666667	6.7412991468
3.64833333333	6.7413817415
3.65	6.7414643644
3.65166666667	6.7415470155
3.65333333333	6.7416296949
3.655	6.7417124026
3.65666666667	6.7417951387
3.65833333333	6.7418779030
3.66	6.7419606958
3.66166666667	6.7420435170
3.66333333333	6.7421263667
3.665	6.7422092448
3.66666666667	6.7422921514
3.66833333333	6.7423750866
3.67	6.7424580504
3.67166666667	6.7425410428
3.67333333333	6.7426240638
3.675	6.7427071135
3.67666666667	6.7427901919
3.67833333333	6.7428732990
3.68	6.7429564349
3.68166666667	6.7430395996
3.68333333333	6.7431227931
3.685	6.7432060155
3.68666666667	6.7432892668
3.68833333333	6.7433725470
3.69	6.7434558562
3.69166666667	6.7435391944
3.69333333333	6.7436225616
3.695	6.7437059579
3.69666666667	6.7437893833
3.69833333333	6.7438728378
3.7	6.7439563215
3.70166666667	6.7440398343
3.70333333333	6.7441233764
3.705	6.7442069478
3.70666666667	6.7442905485
3.70833333333	6.7443741785
3.71	6.7444578378
3.71166666667	6.7445415266
3.71333333333	6.7446252448
3.715	6.7447089925
3.71666666667	6.7447927697
3.71833333333	6.7448765764
3.72	6.7449604127
3.72166666667	6.7450442786
3.72333333333	6.7451281742
3.725	6.7452120994
3.72666666667	6.7452960544
3.72833333333	6.7453800391
3.73	6.7454640536
3.73166666667	6.7455480979
3.73333333333	6.7456321721
3.735	6.7457162762
3.73666666667	6.7458004102
3.73833333333	6.7458845742
3.74	6.7459687682
3.74166666667	6.7460529923
3.74333333333	6.7461372464
3.745	6.7462215307
3.74666666667	6.7463058451
3.74833333333	6.7463901897
3.75	6.7464745645
3.75166666667	6.7465589696
3.75333333333	6.7466434050
3.755	6.7467278708
3.75666666667	6.7468123669
3.75833333333	6.7468968935
3.76	6.7469814505
3.76166666667	6.7470660380
3.76333333333	6.7471506560
3.765	6.7472353047
3.76666666667	6.7473199839
3.76833333333	6.7474046938
3.77	6.7474894344
3.77166666667	6.7475742057
3.77333333333	6.7476590078
3.775	6.7477438407
3.77666666667	6.7478287044
3.77833333333	6.7479135991
3.78	6.7479985246
3.78166666667	6.7480834812
3.78333333333	6.7481684687
3.785	6.7482534873
3.78666666667	6.7483385370
3.78833333333	6.7484236179
3.79	6.7485087299
3.79166666667	6.7485938731
3.79333333333	6.7486790476
3.795	6.7487642534
3.79666666667	6.7488494905
3.79833333333	6.7489347590
3.8	6.7490200589
3.80166666667	6.7491053903
3.80333333333	6.7491907532
3.805	6.7492761477
3.80666666667	6.7493615738
3.80833333333	6.7494470315
3.81	6.7495325208
3.81166666667	6.7496180419
3.81333333333	6.7497035948
3.815	6.7497891795
3.81666666667	6.7498747960
3.81833333333	6.7499604445
3.82	6.7500461249
3.82166666667	6.7501318372
3.82333333333	6.7502175816
3.825	6.7503033581
3.82666666667	6.7503891667
3.82833333333	6.7504750075
3.83	6.7505608805
3.83166666667	6.7506467857
3.83333333333	6.7507327232
3.835	6.7508186931
3.83666666667	6.7509046954
3.83833333333	6.7509907301
3.84	6.7510767973
3.84166666667	6.7511628971
3.84333333333	6.7512490294
3.845	6.7513351943
3.84666666667	6.7514213920
3.84833333333	6.7515076223
3.85	6.7515938854
3.85166666667	6.7516801814
3.85333333333	6.7517665102
3.855	6.7518528719
3.85666666667	6.7519392665
3.85833333333	6.7520256942
3.86	6.7521121549
3.86166666667	6.7521986488
3.86333333333	6.7522851758
3.865	6.7523717360
3.86666666667	6.7524583294
3.86833333333	6.7525449562
3.87	6.7526316163
3.87166666667	6.7527183098
3.87333333333	6.7528050368
3.875	6.7528917973
3.87666666667	6.7529785913
3.87833333333	6.7530654189
3.88	6.7531522802
3.88166666667	6.7532391752
3.88333333333	6.7533261040
3.885	6.7534130666
3.88666666667	6.7535000630
3.88833333333	6.7535870934
3.89	6.7536741577
3.89166666667	6.7537612560
3.89333333333	6.7538483885
3.895	6.7539355550
3.89666666667	6.7540227557
3.89833333333	6.7541099907
3.9	6.7541972600
3.90166666667	6.7542845636
3.90333333333	6.7543719015
3.905	6.7544592740
3.90666666667	6.7545466809
3.90833333333	6.7546341225
3.91	6.7547215986
3.91166666667	6.7548091094
3.91333333333	6.7548966549
3.915	6.7549842352
3.91666666667	6.7550718504
3.91833333333	6.7551595005
3.92	6.7552471855
3.92166666667	6.7553349055
3.92333333333	6.7554226606
3.925	6.7555104508
3.92666666667	6.7555982762
3.92833333333	6.7556861368
3.93	6.7557740327
3.93166666667	6.7558619640
3.93333333333	6.7559499308
3.935	6.7560379329
3.93666666667	6.7561259707
3.93833333333	6.7562140440
3.94	6.7563021530
3.94166666667	6.7563902977
3.94333333333	6.7564784781
3.945	6.7565666944
3.94666666667	6.7566549466
3.94833333333	6.7567432348
3.95	6.7568315590
3.95166666667	6.7569199193
3.95333333333	6.7570083157
3.955	6.7570967483
3.95666666667	6.7571852172
3.95833333333	6.7572737224
3.96	6.7573622640
3.96166666667	6.7574508421
3.96333333333	6.7575394567
3.965	6.7576281079
3.96666666667	6.7577167958
3.96833333333	6.7578055203
3.97	6.7578942817
3.97166666667	6.7579830799
3.97333333333	6.7580719150
3.975	6.7581607871
3.97666666667	6.7582496963
3.97833333333	6.7583386425
3.98	6.7584276260
3.98166666667	6.7585166467
3.98333333333	6.7586057047
3.985	6.7586948001
3.98666666667	6.7587839329
3.98833333333	6.7588731033
3.99	6.7589623113
3.99166666667	6.7590515569
3.99333333333	6.7591408403
3.995	6.7592301614
3.99666666667	6.7593195204
3.99833333333	6.7594089174
4.0	6.7594983524
4.00166666667	6.7595878255
4.00333333333	6.7596773367
4.005	6.7597668862
4.00666666667	6.7598564739
4.00833333333	6.7599461001
4.01	6.7600357646
4.01166666667	6.7601254677
4.01333333333	6.7602152095
4.015	6.7603049898
4.01666666667	6.7603948090
4.01833333333	6.7604846669
4.02	6.7605745637
4.02166666667	6.7606644996
4.02333333333	6.7607544744
4.025	6.7608444884
4.02666666667	6.7609345416
4.02833333333	6.7610246341
4.03	6.7611147659
4.03166666667	6.7612049372
4.03333333333	6.7612951480
4.035	6.7613853984
4.03666666667	6.7614756884
4.03833333333	6.7615660183
4.04	6.7616563879
4.04166666667	6.7617467975
4.04333333333	6.7618372471
4.045	6.7619277368
4.04666666667	6.7620182666
4.04833333333	6.7621088367
4.05	6.7621994471
4.05166666667	6.7622900979
4.05333333333	6.7623807892
4.055	6.7624715211
4.05666666667	6.7625622937
4.05833333333	6.7626531070
4.06	6.7627439612
4.06166666667	6.7628348563
4.06333333333	6.7629257924
4.065	6.7630167696
4.06666666667	6.7631077880
4.06833333333	6.7631988477
4.07	6.7632899488
4.07166666667	6.7633810913
4.07333333333	6.7634722753
4.075	6.7635635010
4.07666666667	6.7636547685
4.07833333333	6.7637460777
4.08	6.7638374289
4.08166666667	6.7639288220
4.08333333333	6.7640202573
4.085	6.7641117348
4.08666666667	6.7642032545
4.08833333333	6.7642948167
4.09	6.7643864213
4.09166666667	6.7644780684
4.09333333333	6.7645697583
4.095	6.7646614909
4.09666666667	6.7647532664
4.09833333333	6.7648450849
4.1	6.7649369464
4.10166666667	6.7650288511
4.10333333333	6.7651207990
4.105	6.7652127903
4.10666666667	6.7653048251
4.10833333333	6.7653969034
4.11	6.7654890254
4.11166666667	6.7655811912
4.11333333333	6.7656734009
4.115	6.7657656545
4.11666666667	6.7658579523
4.11833333333	6.7659502942
4.12	6.7660426804
4.12166666667	6.7661351111
4.12333333333	6.7662275862
4.125	6.7663201060
4.12666666667	6.7664126705
4.12833333333	6.7665052799
4.13	6.7665979342
4.13166666667	6.7666906336
4.13333333333	6.7667833781
4.135	6.7668761680
4.13666666667	6.7669690032
4.13833333333	6.7670618840
4.14	6.7671548104
4.14166666667	6.7672477826
4.14333333333	6.7673408006
4.145	6.7674338646
4.14666666667	6.7675269747
4.14833333333	6.7676201311
4.15	6.7677133338
4.15166666667	6.7678065829
4.15333333333	6.7678998786
4.155	6.7679932211
4.15666666667	6.7680866104
4.15833333333	6.7681800466
4.16	6.7682735299
4.16166666667	6.7683670604
4.16333333333	6.7684606383
4.165	6.7685542636
4.16666666667	6.7686479365
4.16833333333	6.7687416572
4.17	6.7688354256
4.17166666667	6.7689292421
4.17333333333	6.7690231067
4.175	6.7691170195
4.17666666667	6.7692109807
4.17833333333	6.7693049904
4.18	6.7693990488
4.18166666667	6.7694931560
4.18333333333	6.7695873121
4.185	6.7696815173
4.18666666667	6.7697757716
4.18833333333	6.7698700754
4.19	6.7699644286
4.19166666667	6.7700588315
4.19333333333	6.7701532841
4.195	6.7702477867
4.19666666667	6.7703423394
4.19833333333	6.7704369422
4.2	6.7705315955
4.20166666667	6.7706262993
4.20333333333	6.7707210537
4.205	6.7708158590
4.20666666667	6.7709107153
4.20833333333	6.7710056227
4.21	6.7711005814
4.21166666667	6.7711955915
4.21333333333	6.7712906533
4.215	6.7713857668
4.21666666667	6.7714809323
4.21833333333	6.7715761499
4.22	6.7716714197
4.22166666667	6.7717667420
4.22333333333	6.7718621168
4.225	6.7719575445
4.22666666667	6.7720530250
4.22833333333	6.7721485587
4.23	6.7722441457
4.23166666667	6.7723397861
4.23333333333	6.7724354801
4.235	6.7725312280
4.23666666667	6.7726270298
4.23833333333	6.7727228859
4.24	6.7728187962
4.24166666667	6.7729147611
4.24333333333	6.7730107808
4.245	6.7731068553
4.24666666667	6.7732029850
4.24833333333	6.7732991699
4.25	6.7733954103
4.25166666667	6.7734917065
4.25333333333	6.7735880584
4.255	6.7736844665
4.25666666667	6.7737809309
4.25833333333	6.7738774517
4.26	6.7739740292
4.26166666667	6.7740706636
4.26333333333	6.7741673551
4.265	6.7742641039
4.26666666667	6.7743609102
4.26833333333	6.7744577743
4.27	6.7745546963
4.27166666667	6.7746516765
4.27333333333	6.7747487151
4.275	6.7748458123
4.27666666667	6.7749429683
4.27833333333	6.7750401835
4.28	6.7751374579
4.28166666667	6.7752347918
4.28333333333	6.7753321856
4.285	6.7754296393
4.28666666667	6.7755271533
4.28833333333	6.7756247278
4.29	6.7757223631
4.29166666667	6.7758200593
4.29333333333	6.7759178167
4.295	6.7760156357
4.29666666667	6.7761135164
4.29833333333	6.7762114592
4.3	6.7763094642
4.30166666667	6.7764075318
4.30333333333	6.7765056621
4.305	6.7766038556
4.30666666667	6.7767021124
4.30833333333	6.7768004329
4.31	6.7768988173
4.31166666667	6.7769972660
4.31333333333	6.7770957791
4.315	6.7771943570
4.31666666667	6.7772930001
4.31833333333	6.7773917085
4.32	6.7774904826
4.32166666667	6.7775893228
4.32333333333	6.7776882292
4.325	6.7777872023
4.32666666667	6.7778862424
4.32833333333	6.7779853498
4.33	6.7780845248
4.33166666667	6.7781837678
4.33333333333	6.7782830790
4.335	6.7783824589
4.33666666667	6.7784819078
4.33833333333	6.7785814261
4.34	6.7786810140
4.34166666667	6.7787806720
4.34333333333	6.7788804005
4.345	6.7789801998
4.34666666667	6.7790800703
4.34833333333	6.7791800124
4.35	6.7792800264
4.35166666667	6.7793801129
4.35333333333	6.7794802721
4.355	6.7795805046
4.35666666667	6.7796808107
4.35833333333	6.7797811908
4.36	6.7798816454
4.36166666667	6.7799821749
4.36333333333	6.7800827799
4.365	6.7801834606
4.36666666667	6.7802842176
4.36833333333	6.7803850514
4.37	6.7804859625
4.37166666667	6.7805869513
4.37333333333	6.7806880184
4.375	6.7807891641
4.37666666667	6.7808903892
4.37833333333	6.7809916941
4.38	6.7810930793
4.38166666667	6.7811945453
4.38333333333	6.7812960929
4.385	6.7813977224
4.38666666667	6.7814994346
4.38833333333	6.7816012299
4.39	6.7817031091
4.39166666667	6.7818050727
4.39333333333	6.7819071214
4.395	6.7820092558
4.39666666667	6.7821114765
4.39833333333	6.7822137844
4.4	6.7823161800
4.40166666667	6.7824186641
4.40333333333	6.7825212374
4.405	6.7826239007
4.40666666667	6.7827266547
4.40833333333	6.7828295002
4.41	6.7829324381
4.41166666667	6.7830354692
4.41333333333	6.7831385942
4.415	6.7832418142
4.41666666667	6.7833451300
4.41833333333	6.7834485426
4.42	6.7835520528
4.42166666667	6.7836556618
4.42333333333	6.7837593704
4.425	6.7838631799
4.42666666667	6.7839670912
4.42833333333	6.7840711055
4.43	6.7841752239
4.43166666667	6.7842794477
4.43333333333	6.7843837781
4.435	6.7844882165
4.43666666667	6.7845927641
4.43833333333	6.7846974223
4.44	6.7848021927
4.44166666667	6.7849070767
4.44333333333	6.7850120759
4.445	6.7851171920
4.44666666667	6.7852224267
4.44833333333	6.7853277818
4.45	6.7854332592
4.45166666667	6.7855388610
4.45333333333	6.7856445893
4.455	6.7857504462
4.45666666667	6.7858564341
4.45833333333	6.7859625555
4.46	6.7860688131
4.46166666667	6.7861752097
4.46333333333	6.7862817482
4.465	6.7863884320
4.46666666667	6.7864952645
4.46833333333	6.7866022495
4.47	6.7867093909
4.47166666667	6.7868166932
4.47333333333	6.7869241614
4.475	6.7870318006
4.47666666667	6.7871396167
4.47833333333	6.7872476165
4.48	6.7873558072
4.48166666667	6.7874641973
4.48333333333	6.7875727964
4.485	6.7876816160
4.48666666667	6.7877906693
4.48833333333	6.7878999727
4.49	6.7880095464
4.49166666667	6.7881194163
4.49333333333	6.7882296179
4.495	6.7883402025
4.49666666667	6.7884512541
4.49833333333	6.7885629473
4.5	6.7886769347
4.50166666667	6.7887932251
4.50333333333	6.7889101743
4.505	6.7890276124
4.50666666667	6.7891454584
4.50833333333	6.7892636635
4.51	6.7893821947
4.51166666667	6.7895010279
4.51333333333	6.7896201448
4.515	6.7897395311
4.51666666667	6.7898591750
4.51833333333	6.7899790667
4.52	6.7900991982
4.52166666667	6.7902195625
4.52333333333	6.7903401536
4.525	6.7904609664
4.52666666667	6.7905819963
4.52833333333	6.7907032393
4.53	6.7908246918
4.53166666667	6.7909463507
4.53333333333	6.7910682132
4.535	6.7911902767
4.53666666667	6.7913125389
4.53833333333	6.7914349978
4.54	6.7915576515
4.54166666667	6.7916804983
4.54333333333	6.7918035367
4.545	6.7919267653
4.54666666667	6.7920501828
4.54833333333	6.7921737880
4.55	6.7922975799
4.55166666667	6.7924215577
4.55333333333	6.7925457202
4.555	6.7926700669
4.55666666667	6.7927945970
4.55833333333	6.7929193098
4.56	6.7930442047
4.56166666667	6.7931692812
4.56333333333	6.7932945389
4.565	6.7934199772
4.56666666667	6.7935455959
4.56833333333	6.7936713945
4.57	6.7937973728
4.57166666667	6.7939235305
4.57333333333	6.7940498673
4.575	6.7941763832
4.57666666667	6.7943030778
4.57833333333	6.7944299510
4.58	6.7945570029
4.58166666667	6.7946842332
4.58333333333	6.7948116418
4.585	6.7949392289
4.58666666667	6.7950669943
4.58833333333	6.7951949380
4.59	6.7953230601
4.59166666667	6.7954513606
4.59333333333	6.7955798395
4.595	6.7957084970
4.59666666667	6.7958373331
4.59833333333	6.7959663479
4.6	6.7960955415
4.60166666667	6.7962249141
4.60333333333	6.7963544658
4.605	6.7964841967
4.60666666667	6.7966141071
4.60833333333	6.7967441971
4.61	6.7968744668
4.61166666667	6.7970049165
4.61333333333	6.7971355464
4.615	6.7972663566
4.61666666667	6.7973973475
4.61833333333	6.7975285192
4.62	6.7976598720
4.62166666667	6.7977914061
4.62333333333	6.7979231217
4.625	6.7980550192
4.62666666667	6.7981870987
4.62833333333	6.7983193606
4.63	6.7984518052
4.63166666667	6.7985844326
4.63333333333	6.7987172432
4.635	6.7988502373
4.63666666667	6.7989834152
4.63833333333	6.7991167771
4.64	6.7992503234
4.64166666667	6.7993840544
4.64333333333	6.7995179704
4.645	6.7996520716
4.64666666667	6.7997863584
4.64833333333	6.7999208312
4.65	6.8000554902
4.65166666667	6.8001903358
4.65333333333	6.8003253682
4.655	6.8004605879
4.65666666667	6.8005959951
4.65833333333	6.8007315901
4.66	6.8008673734
4.66166666667	6.8010033452
4.66333333333	6.8011395059
4.665	6.8012758558
4.66666666667	6.8014123952
4.66833333333	6.8015491245
4.67	6.8016860440
4.67166666667	6.8018231540
4.67333333333	6.8019604550
4.675	6.8020979472
4.67666666667	6.8022356309
4.67833333333	6.8023735066
4.68	6.8025115745
4.68166666667	6.8026498350
4.68333333333	6.8027882885
4.685	6.8029269352
4.68666666667	6.8030657755
4.68833333333	6.8032048097
4.69	6.8033440382
4.69166666667	6.8034834613
4.69333333333	6.8036230794
4.695	6.8037628928
4.69666666667	6.8039029017
4.69833333333	6.8040431066
4.7	6.8041835078
4.70166666667	6.8043241056
4.70333333333	6.8044649003
4.705	6.8046058922
4.70666666667	6.8047470817
4.70833333333	6.8048884691
4.71	6.8050300548
4.71166666667	6.8051718389
4.71333333333	6.8053138219
4.715	6.8054560041
4.71666666667	6.8055983857
4.71833333333	6.8057409672
4.72	6.8058837486
4.72166666667	6.8060267305
4.72333333333	6.8061699131
4.725	6.8063132966
4.72666666667	6.8064568815
4.72833333333	6.8066006679
4.73	6.8067446562
4.73166666667	6.8068888466
4.73333333333	6.8070332394
4.735	6.8071778350
4.73666666667	6.8073226336
4.73833333333	6.8074676354
4.74	6.8076128407
4.74166666667	6.8077582499
4.74333333333	6.8079038631
4.745	6.8080496806
4.74666666667	6.8081957028
4.74833333333	6.8083419297
4.75	6.8084883618
4.75166666667	6.8086349991
4.75333333333	6.8087818421
4.755	6.8089288908
4.75666666667	6.8090761456
4.75833333333	6.8092236066
4.76	6.8093712742
4.76166666667	6.8095191484
4.76333333333	6.8096672296
4.765	6.8098155180
4.76666666667	6.8099640136
4.76833333333	6.8101127169
4.77	6.8102616278
4.77166666667	6.8104107468
4.77333333333	6.8105600738
4.775	6.8107096092
4.77666666667	6.8108593531
4.77833333333	6.8110093056
4.78	6.8111594670
4.78166666667	6.8113098375
4.78333333333	6.8114604170
4.785	6.8116112059
4.78666666667	6.8117622043
4.78833333333	6.8119134123
4.79	6.8120648301
4.79166666667	6.8122164578
4.79333333333	6.8123682955
4.795	6.8125203433
4.79666666667	6.8126726014
4.79833333333	6.8128250699
4.8	6.8129777489
4.80166666667	6.8131306384
4.80333333333	6.8132837387
4.805	6.8134370497
4.80666666667	6.8135905716
4.80833333333	6.8137443045
4.81	6.8138982484
4.81166666667	6.8140524033
4.81333333333	6.8142067694
4.815	6.8143613467
4.81666666667	6.8145161353
4.81833333333	6.8146711352
4.82	6.8148263464
4.82166666667	6.8149817689
4.82333333333	6.8151374029
4.825	6.8152932483
4.82666666667	6.8154493051
4.82833333333	6.8156055733
4.83	6.8157620530
4.83166666667	6.8159187442
4.83333333333	6.8160756467
4.835	6.8162327606
4.83666666667	6.8163900860
4.83833333333	6.8165476226
4.84	6.8167053706
4.84166666667	6.8168633299
4.84333333333	6.8170215004
4.845	6.8171798820
4.84666666667	6.8173384747
4.84833333333	6.8174972785
4.85	6.8176562932
4.85166666667	6.8178155187
4.85333333333	6.8179749551
4.855	6.8181346021
4.85666666667	6.8182944597
4.85833333333	6.8184545278
4.86	6.8186148062
4.86166666667	6.8187752948
4.86333333333	6.8189359935
4.865	6.8190969021
4.86666666667	6.8192580206
4.86833333333	6.8194193487
4.87	6.8195808863
4.87166666667	6.8197426332
4.87333333333	6.8199045893
4.875	6.8200667544
4.87666666667	6.8202291282
4.87833333333	6.8203917106
4.88	6.8205545014
4.88166666667	6.8207175004
4.88333333333	6.8208807073
4.885	6.8210441219
4.88666666667	6.8212077441
4.88833333333	6.8213715735
4.89	6.8215356099
4.89166666667	6.8216998531
4.89333333333	6.8218643028
4.895	6.8220289588
4.89666666667	6.8221938207
4.89833333333	6.8223588882
4.9	6.8225241612
4.90166666667	6.8226896392
4.90333333333	6.8228553220
4.905	6.8230212093
4.90666666667	6.8231873008
4.90833333333	6.8233535960
4.91	6.8235200948
4.91166666667	6.8236867967
4.91333333333	6.8238537014
4.915	6.8240208085
4.91666666667	6.8241881177
4.91833333333	6.8243556287
4.92	6.8245233409
4.92166666667	6.8246912541
4.92333333333	6.8248593678
4.925	6.8250276817
4.92666666667	6.8251961953
4.92833333333	6.8253649082
4.93	6.8255338200
4.93166666667	6.8257029302
4.93333333333	6.8258722385
4.935	6.8260417444
4.93666666667	6.8262114473
4.93833333333	6.8263813469
4.94	6.8265514428
4.94166666667	6.8267217343
4.94333333333	6.8268922210
4.945	6.8270629025
4.94666666667	6.8272337782
4.94833333333	6.8274048476
4.95	6.8275761102
4.95166666667	6.8277475656
4.95333333333	6.8279192131
4.955	6.8280910522
4.95666666667	6.8282630824
4.95833333333	6.8284353031
4.96	6.8286077138
4.96166666667	6.8287803138
4.96333333333	6.8289531028
4.965	6.8291260799
4.96666666667	6.8292992448
4.96833333333	6.8294725966
4.97	6.8296461350
4.97166666667	6.8298198592
4.97333333333	6.8299937686
4.975	6.8301678627
4.97666666667	6.8303421407
4.97833333333	6.8305166020
4.98	6.8306912461
4.98166666667	6.8308660722
4.98333333333	6.8310410796
4.985	6.8312162678
4.98666666667	6.8313916360
4.98833333333	6.8315671835
4.99	6.8317429097
4.99166666667	6.8319188139
4.99333333333	6.8320948953
4.995	6.8322711533
4.99666666667	6.8324475871
4.99833333333	6.8326241960
5.0	6.8328009793
