0.0	6.6276391511
0.00333333333333	6.6276333947
0.00666666666667	6.6276276284
0.01	6.6276218489
0.0133333333333	6.6276160565
0.0166666666667	6.6276102515
0.02	6.6276044343
0.0233333333333	6.6275986051
0.0266666666667	6.6275927644
0.03	6.6275869123
0.0333333333333	6.6275810494
0.0366666666667	6.6275751759
0.04	6.6275692921
0.0433333333333	6.6275633985
0.0466666666667	6.6275574954
0.05	6.6275515831
0.0533333333333	6.6275456621
0.0566666666667	6.6275397327
0.06	6.6275337952
0.0633333333333	6.6275278501
0.0666666666667	6.6275218978
0.07	6.6275159386
0.0733333333333	6.6275099729
0.0766666666667	6.6275040012
0.08	6.6274980239
0.0833333333333	6.6274920413
0.0866666666667	6.6274860540
0.09	6.6274800622
0.0933333333333	6.6274740665
0.0966666666667	6.6274680673
0.1	6.6274620650
0.103333333333	6.6274560600
0.106666666667	6.6274500529
0.11	6.6274440441
0.113333333333	6.6274380340
0.116666666667	6.6274320231
0.12	6.6274260118
0.123333333333	6.6274200008
0.126666666667	6.6274139903
0.13	6.6274079810
0.133333333333	6.6274019733
0.136666666667	6.6273959677
0.14	6.6273899648
0.143333333333	6.6273839649
0.146666666667	6.6273779688
0.15	6.6273719768
0.153333333333	6.6273659895
0.156666666667	6.6273600075
0.16	6.6273540313
0.163333333333	6.6273480614
0.166666666667	6.6273420983
0.17	6.6273361427
0.173333333333	6.6273301952
0.176666666667	6.6273242562
0.18	6.6273183264
0.183333333333	6.6273124063
0.186666666667	6.6273064965
0.19	6.6273005977
0.193333333333	6.6272947104
0.196666666667	6.6272888353
0.2	6.6272829729
0.203333333333	6.6272771238
0.206666666667	6.6272712888
0.21	6.6272654685
0.213333333333	6.6272596634
0.216666666667	6.6272538742
0.22	6.6272481016
0.223333333333	6.6272423463
0.226666666667	6.6272366089
0.23	6.6272308901
0.233333333333	6.6272251905
0.236666666667	6.6272195109
0.24	6.6272138520
0.243333333333	6.6272082144
0.246666666667	6.6272025988
0.25	6.6271970061
0.253333333333	6.6271914368
0.256666666667	6.6271858918
0.26	6.6271803717
0.263333333333	6.6271748774
0.266666666667	6.6271694095
0.27	6.6271639688
0.273333333333	6.6271585561
0.276666666667	6.6271531722
0.28	6.6271478178
0.283333333333	6.6271424937
0.286666666667	6.6271372008
0.29	6.6271319398
0.293333333333	6.6271267115
0.296666666667	6.6271215167
0.3	6.6271163563
0.303333333333	6.6271112312
0.306666666667	6.6271061420
0.31	6.6271010898
0.313333333333	6.6270960753
0.316666666667	6.6270910994
0.32	6.6270861629
0.323333333333	6.6270812669
0.326666666667	6.6270764120
0.33	6.6270715993
0.333333333333	6.6270668296
0.336666666667	6.6270621039
0.34	6.6270574230
0.343333333333	6.6270527879
0.346666666667	6.6270481995
0.35	6.6270436588
0.353333333333	6.6270391667
0.356666666667	6.6270347241
0.36	6.6270303321
0.363333333333	6.6270259915
0.366666666667	6.6270217034
0.37	6.6270174688
0.373333333333	6.6270132887
0.376666666667	6.6270091640
0.38	6.6270050958
0.383333333333	6.6270010851
0.386666666667	6.6269971329
0.39	6.6269932404
0.393333333333	6.6269894084
0.396666666667	6.6269856381
0.4	6.6269819305
0.403333333333	6.6269782868
0.406666666667	6.6269747079
0.41	6.6269711950
0.413333333333	6.6269677492
0.416666666667	6.6269643716
0.42	6.6269610632
0.423333333333	6.6269578253
0.426666666667	6.6269546589
0.43	6.6269515652
0.433333333333	6.6269485454
0.436666666667	6.6269456005
0.44	6.6269427318
0.443333333333	6.6269399405
0.446666666667	6.6269372276
0.45	6.6269345945
0.453333333333	6.6269320423
0.456666666667	6.6269295722
0.46	6.6269271854
0.463333333333	6.6269248832
0.466666666667	6.6269226668
0.47	6.6269205374
0.473333333333	6.6269184963
0.476666666667	6.6269165448
0.48	6.6269146841
0.483333333333	6.6269129155
0.486666666667	6.6269112403
0.49	6.6269096598
0.493333333333	6.6269081753
0.496666666667	6.6269067881
0.5	6.6269054995
0.503333333333	6.6269043109
0.506666666667	6.6269032236
0.51	6.6269022390
0.513333333333	6.6269013583
0.516666666667	6.6269005831
0.52	6.6268999146
0.523333333333	6.6268993542
0.526666666667	6.6268989034
0.53	6.6268985635
0.533333333333	6.6268983359
0.536666666667	6.6268982222
0.54	6.6268982236
0.543333333333	6.6268983416
0.546666666667	6.6268985777
0.55	6.6268989334
0.553333333333	6.6268994100
0.556666666667	6.6269000091
0.56	6.6269007322
0.563333333333	6.6269015807
0.566666666667	6.6269025561
0.57	6.6269036600
0.573333333333	6.6269048938
0.576666666667	6.6269062591
0.58	6.6269077574
0.583333333333	6.6269093902
0.586666666667	6.6269111592
0.59	6.6269130658
0.593333333333	6.6269151116
0.596666666667	6.6269172982
0.6	6.6269196272
0.603333333333	6.6269221001
0.606666666667	6.6269247186
0.61	6.6269274843
0.613333333333	6.6269303987
0.616666666667	6.6269334636
0.62	6.6269366805
0.623333333333	6.6269400511
0.626666666667	6.6269435770
0.63	6.6269472598
0.633333333333	6.6269511014
0.636666666667	6.6269551032
0.64	6.6269592670
0.643333333333	6.6269635944
0.646666666667	6.6269680873
0.65	6.6269727472
0.653333333333	6.6269775758
0.656666666667	6.6269825750
0.66	6.6269877463
0.663333333333	6.6269930916
0.666666666667	6.6269986126
0.67	6.6270043110
0.673333333333	6.6270101885
0.676666666667	6.6270162470
0.68	6.6270224882
0.683333333333	6.6270289138
0.686666666667	6.6270355257
0.69	6.6270423256
0.693333333333	6.6270493153
0.696666666667	6.6270564966
0.7	6.6270638713
0.703333333333	6.6270714413
0.706666666667	6.6270792083
0.71	6.6270871741
0.713333333333	6.6270953407
0.716666666667	6.6271037097
0.72	6.6271122831
0.723333333333	6.6271210627
0.726666666667	6.6271300504
0.73	6.6271392480
0.733333333333	6.6271486573
0.736666666667	6.6271582803
0.74	6.6271681187
0.743333333333	6.6271781746
0.746666666667	6.6271884496
0.75	6.6271989459
0.753333333333	6.6272096651
0.756666666667	6.6272206092
0.76	6.6272317802
0.763333333333	6.6272431799
0.766666666667	6.6272548102
0.77	6.6272666730
0.773333333333	6.6272787702
0.776666666667	6.6272911038
0.78	6.6273036756
0.783333333333	6.6273164876
0.786666666667	6.6273295417
0.79	6.6273428399
0.793333333333	6.6273563840
0.796666666667	6.6273701759
0.8	6.6273842177
0.803333333333	6.6273985113
0.806666666667	6.6274130585
0.81	6.6274278613
0.813333333333	6.6274429217
0.816666666667	6.6274582416
0.82	6.6274738229
0.823333333333	6.6274896675
0.826666666667	6.6275057775
0.83	6.6275221548
0.833333333333	6.6275388012
0.836666666667	6.6275557188
0.84	6.6275729095
0.843333333333	6.6275903751
0.846666666667	6.6276081178
0.85	6.6276261393
0.853333333333	6.6276444416
0.856666666667	6.6276630267
0.86	6.6276818965
0.863333333333	6.6277010530
0.866666666667	6.6277204980
0.87	6.6277402334
0.873333333333	6.6277602613
0.876666666667	6.6277805835
0.88	6.6278012020
0.883333333333	6.6278221186
0.886666666667	6.6278433353
0.89	6.6278648539
0.893333333333	6.6278866764
0.896666666667	6.6279088047
0.9	6.6279312407
0.903333333333	6.6279539862
0.906666666667	6.6279770432
0.91	6.6280004134
0.913333333333	6.6280240989
0.916666666667	6.6280481013
0.92	6.6280724227
0.923333333333	6.6280970648
0.926666666667	6.6281220296
0.93	6.6281473187
0.933333333333	6.6281729341
0.936666666667	6.6281988776
0.94	6.6282251509
0.943333333333	6.6282517560
0.946666666667	6.6282786945
0.95	6.6283059683
0.953333333333	6.6283335791
0.956666666667	6.6283615287
0.96	6.6283898189
0.963333333333	6.6284184514
0.966666666667	6.6284474279
0.97	6.6284767502
0.973333333333	6.6285064199
0.976666666667	6.6285364388
0.98	6.6285668085
0.983333333333	6.6285975308
0.986666666667	6.6286286072
0.99	6.6286600395
0.993333333333	6.6286918292
0.996666666667	6.6287239779
1.0	6.6287564874
1.00333333333	6.6287893591
1.00666666667	6.6288225946
1.01	6.6288561955
1.01333333333	6.6288901634
1.01666666667	6.6289244998
1.02	6.6289592061
1.02333333333	6.6289942839
1.02666666667	6.6290297346
1.03	6.6290655597
1.03333333333	6.6291017607
1.03666666667	6.6291383389
1.04	6.6291752958
1.04333333333	6.6292126327
1.04666666667	6.6292503511
1.05	6.6292884522
1.05333333333	6.6293269374
1.05666666667	6.6293658079
1.06	6.6294050652
1.06333333333	6.6294447103
1.06666666667	6.6294847447
1.07	6.6295251694
1.07333333333	6.6295659857
1.07666666667	6.6296071947
1.08	6.6296487977
1.08333333333	6.6296907957
1.08666666667	6.6297331898
1.09	6.6297759811
1.09333333333	6.6298191707
1.09666666667	6.6298627595
1.1	6.6299067487
1.10333333333	6.6299511391
1.10666666667	6.6299959317
1.11	6.6300411274
1.11333333333	6.6300867272
1.11666666667	6.6301327319
1.12	6.6301791424
1.12333333333	6.6302259594
1.12666666667	6.6302731838
1.13	6.6303208162
1.13333333333	6.6303688575
1.13666666667	6.6304173084
1.14	6.6304661694
1.14333333333	6.6305154413
1.14666666667	6.6305651246
1.15	6.6306152200
1.15333333333	6.6306657279
1.15666666667	6.6307166490
1.16	6.6307679836
1.16333333333	6.6308197322
1.16666666667	6.6308718953
1.17	6.6309244733
1.17333333333	6.6309774664
1.17666666667	6.6310308751
1.18	6.6310846996
1.18333333333	6.6311389402
1.18666666667	6.6311935970
1.19	6.6312486703
1.19333333333	6.6313041602
1.19666666667	6.6313600669
1.2	6.6314163904
1.20333333333	6.6314731308
1.20666666667	6.6315302880
1.21	6.6315878621
1.21333333333	6.6316458530
1.21666666667	6.6317042606
1.22	6.6317630848
1.22333333333	6.6318223253
1.22666666667	6.6318819821
1.23	6.6319420547
1.23333333333	6.6320025431
1.23666666667	6.6320634467
1.24	6.6321247654
1.24333333333	6.6321864986
1.24666666667	6.6322486459
1.25	6.6323112070
1.25333333333	6.6323741812
1.25666666667	6.6324375680
1.26	6.6325013668
1.26333333333	6.6325655770
1.26666666667	6.6326301979
1.27	6.6326952289
1.27333333333	6.6327606691
1.27666666667	6.6328265178
1.28	6.6328927742
1.28333333333	6.6329594373
1.28666666667	6.6330265064
1.29	6.6330939803
1.29333333333	6.6331618583
1.29666666667	6.6332301391
1.3	6.6332988219
1.30333333333	6.6333679053
1.30666666667	6.6334373885
1.31	6.6335072700
1.31333333333	6.6335775487
1.31666666667	6.6336482234
1.32	6.6337192927
1.32333333333	6.6337907553
1.32666666667	6.6338626098
1.33	6.6339348548
1.33333333333	6.6340074888
1.33666666667	6.6340805102
1.34	6.6341539177
1.34333333333	6.6342277095
1.34666666667	6.6343018840
1.35	6.6343764397
1.35333333333	6.6344513747
1.35666666667	6.6345266873
1.36	6.6346023758
1.36333333333	6.6346784383
1.36666666667	6.6347548730
1.37	6.6348316780
1.37333333333	6.6349088512
1.37666666667	6.6349863909
1.38	6.6350642948
1.38333333333	6.6351425611
1.38666666667	6.6352211875
1.39	6.6353001720
1.39333333333	6.6353795124
1.39666666667	6.6354592064
1.4	6.6355392520
1.40333333333	6.6356196467
1.40666666667	6.6357003882
1.41	6.6357814743
1.41333333333	6.6358629025
1.41666666667	6.6359446704
1.42	6.6360267755
1.42333333333	6.6361092154
1.42666666667	6.6361919876
1.43	6.6362750894
1.43333333333	6.6363585182
1.43666666667	6.6364422716
1.44	6.6365263467
1.44333333333	6.6366107409
1.44666666667	6.6366954515
1.45	6.6367804757
1.45333333333	6.6368658107
1.45666666667	6.6369514537
1.46	6.6370374019
1.46333333333	6.6371236524
1.46666666667	6.6372102022
1.47	6.6372970484
1.47333333333	6.6373841881
1.47666666667	6.6374716183
1.48	6.6375593358
1.48333333333	6.6376473378
1.48666666667	6.6377356210
1.49	6.6378241825
1.49333333333	6.6379130190
1.49666666667	6.6380021273
1.5	6.6380915044
1.50333333333	6.6381811471
1.50666666667	6.6382710519
1.51	6.6383612159
1.51333333333	6.6384516355
1.51666666667	6.6385423077
1.52	6.6386332289
1.52333333333	6.6387243960
1.52666666667	6.6388158055
1.53	6.6389074540
1.53333333333	6.6389993383
1.53666666667	6.6390914547
1.54	6.6391838001
1.54333333333	6.6392763707
1.54666666667	6.6393691634
1.55	6.6394621744
1.55333333333	6.6395554005
1.55666666667	6.6396488380
1.56	6.6397424834
1.56333333333	6.6398363334
1.56666666667	6.6399303842
1.57	6.6400246325
1.57333333333	6.6401190746
1.57666666667	6.6402137070
1.58	6.6403085262
1.58333333333	6.6404035287
1.58666666667	6.6404987110
1.59	6.6405940694
1.59333333333	6.6406896005
1.59666666667	6.6407853009
1.6	6.6408811669
1.60333333333	6.6409771952
1.60666666667	6.6410733823
1.61	6.6411697247
1.61333333333	6.6412662192
1.61666666667	6.6413628624
1.62	6.6414596509
1.62333333333	6.6415565816
1.62666666667	6.6416536514
1.63	6.6417508570
1.63333333333	6.6418481955
1.63666666667	6.6419456641
1.64	6.6420432598
1.64333333333	6.6421409801
1.64666666667	6.6422388225
1.65	6.6423367845
1.65333333333	6.6424348642
1.65666666667	6.6425330595
1.66	6.6426313688
1.66333333333	6.6427297908
1.66666666667	6.6428283244
1.67	6.6429269691
1.67333333333	6.6430257245
1.67666666667	6.6431245908
1.68	6.6432235677
1.68333333333	6.6433226553
1.68666666667	6.6434218533
1.69	6.6435211618
1.69333333333	6.6436205806
1.69666666667	6.6437201096
1.7	6.6438197488
1.70333333333	6.6439194981
1.70666666667	6.6440193574
1.71	6.6441193267
1.71333333333	6.6442194057
1.71666666667	6.6443195945
1.72	6.6444198930
1.72333333333	6.6445203010
1.72666666667	6.6446208186
1.73	6.6447214455
1.73333333333	6.6448221818
1.73666666667	6.6449230274
1.74	6.6450239821
1.74333333333	6.6451250459
1.74666666667	6.6452262187
1.75	6.6453275004
1.75333333333	6.6454288910
1.75666666667	6.6455303903
1.76	6.6456319983
1.76333333333	6.6457337149
1.76666666667	6.6458355400
1.77	6.6459374736
1.77333333333	6.6460395155
1.77666666667	6.6461416657
1.78	6.6462439241
1.78333333333	6.6463462905
1.78666666667	6.6464487651
1.79	6.6465513475
1.79333333333	6.6466540379
1.79666666667	6.6467568360
1.8	6.6468597419
1.80333333333	6.6469627554
1.80666666667	6.6470658764
1.81	6.6471691050
1.81333333333	6.6472724409
1.81666666667	6.6473758841
1.82	6.6474794346
1.82333333333	6.6475830923
1.82666666667	6.6476868570
1.83	6.6477907288
1.83333333333	6.6478947075
1.83666666667	6.6479987930
1.84	6.6481029853
1.84333333333	6.6482072844
1.84666666667	6.6483116900
1.85	6.6484162022
1.85333333333	6.6485208209
1.85666666667	6.6486255459
1.86	6.6487303773
1.86333333333	6.6488353149
1.86666666667	6.6489403587
1.87	6.6490455086
1.87333333333	6.6491507645
1.87666666667	6.6492561264
1.88	6.6493615941
1.88333333333	6.6494671676
1.88666666667	6.6495728468
1.89	6.6496786317
1.89333333333	6.6497845222
1.89666666667	6.6498905181
1.9	6.6499966195
1.90333333333	6.6501028262
1.90666666667	6.6502091382
1.91	6.6503155554
1.91333333333	6.6504220777
1.91666666667	6.6505287051
1.92	6.6506354375
1.92333333333	6.6507422747
1.92666666667	6.6508492169
1.93	6.6509562638
1.93333333333	6.6510634154
1.93666666667	6.6511706716
1.94	6.6512780324
1.94333333333	6.6513854977
1.94666666667	6.6514930673
1.95	6.6516007414
1.95333333333	6.6517085197
1.95666666667	6.6518164022
1.96	6.6519243888
1.96333333333	6.6520324795
1.96666666667	6.6521406742
1.97	6.6522489729
1.97333333333	6.6523573754
1.97666666667	6.6524658816
1.98	6.6525744916
1.98333333333	6.6526832053
1.98666666667	6.6527920225
1.99	6.6529009432
1.99333333333	6.6530099674
1.99666666667	6.6531190950
2.0	6.6532283259
2.00333333333	6.6533376600
2.00666666667	6.6534470973
2.01	6.6535566378
2.01333333333	6.6536662812
2.01666666667	6.6537760277
2.02	6.6538858770
2.02333333333	6.6539958292
2.02666666667	6.6541058842
2.03	6.6542160420
2.03333333333	6.6543263023
2.03666666667	6.6544366653
2.04	6.6545471308
2.04333333333	6.6546576987
2.04666666667	6.6547683690
2.05	6.6548791417
2.05333333333	6.6549900166
2.05666666667	6.6551009937
2.06	6.6552120730
2.06333333333	6.6553232544
2.06666666667	6.6554345377
2.07	6.6555459231
2.07333333333	6.6556574103
2.07666666667	6.6557689993
2.08	6.6558806901
2.08333333333	6.6559924826
2.08666666667	6.6561043768
2.09	6.6562163725
2.09333333333	6.6563284698
2.09666666667	6.6564406685
2.1	6.6565529686
2.10333333333	6.6566653701
2.10666666667	6.6567778729
2.11	6.6568904768
2.11333333333	6.6570031820
2.11666666667	6.6571159882
2.12	6.6572288955
2.12333333333	6.6573419037
2.12666666667	6.6574550129
2.13	6.6575682230
2.13333333333	6.6576815339
2.13666666667	6.6577949455
2.14	6.6579084578
2.14333333333	6.6580220708
2.14666666667	6.6581357843
2.15	6.6582495984
2.15333333333	6.6583635130
2.15666666667	6.6584775279
2.16	6.6585916432
2.16333333333	6.6587058588
2.16666666667	6.6588201747
2.17	6.6589345908
2.17333333333	6.6590491069
2.17666666667	6.6591637232
2.18	6.6592784395
2.18333333333	6.6593932558
2.18666666667	6.6595081720
2.19	6.6596231880
2.19333333333	6.6597383039
2.19666666667	6.6598535195
2.2	6.6599688349
2.20333333333	6.6600842498
2.20666666667	6.6601997644
2.21	6.6603153786
2.21333333333	6.6604310922
2.21666666667	6.6605469053
2.22	6.6606628178
2.22333333333	6.6607788296
2.22666666667	6.6608949407
2.23	6.6610111511
2.23333333333	6.6611274606
2.23666666667	6.6612438693
2.24	6.6613603771
2.24333333333	6.6614769839
2.24666666667	6.6615936898
2.25	6.6617104945
2.25333333333	6.6618273982
2.25666666667	6.6619444007
2.26	6.6620615020
2.26333333333	6.6621787021
2.26666666667	6.6622960009
2.27	6.6624133983
2.27333333333	6.6625308944
2.27666666667	6.6626484890
2.28	6.6627661821
2.28333333333	6.6628839737
2.28666666667	6.6630018637
2.29	6.6631198521
2.29333333333	6.6632379389
2.29666666667	6.6633561239
2.3	6.6634744072
2.30333333333	6.6635927887
2.30666666667	6.6637112683
2.31	6.6638298460
2.31333333333	6.6639485219
2.31666666667	6.6640672957
2.32	6.6641861675
2.32333333333	6.6643051373
2.32666666667	6.6644242050
2.33	6.6645433705
2.33333333333	6.6646626338
2.33666666667	6.6647819949
2.34	6.6649014538
2.34333333333	6.6650210103
2.34666666667	6.6651406644
2.35	6.6652604162
2.35333333333	6.6653802656
2.35666666667	6.6655002125
2.36	6.6656202568
2.36333333333	6.6657403986
2.36666666667	6.6658606379
2.37	6.6659809745
2.37333333333	6.6661014084
2.37666666667	6.6662219396
2.38	6.6663425681
2.38333333333	6.6664632938
2.38666666667	6.6665841167
2.39	6.6667050367
2.39333333333	6.6668260538
2.39666666667	6.6669471680
2.4	6.6670683793
2.40333333333	6.6671896875
2.40666666667	6.6673110927
2.41	6.6674325949
2.41333333333	6.6675541939
2.41666666667	6.6676758898
2.42	6.6677976825
2.42333333333	6.6679195720
2.42666666667	6.6680415583
2.43	6.6681636413
2.43333333333	6.6682858209
2.43666666667	6.6684080973
2.44	6.6685304702
2.44333333333	6.6686529398
2.44666666667	6.6687755059
2.45	6.6688981686
2.45333333333	6.6690209277
2.45666666667	6.6691437833
2.46	6.6692667354
2.46333333333	6.6693897839
2.46666666667	6.6695129287
2.47	6.6696361699
2.47333333333	6.6697595074
2.47666666667	6.6698829412
2.48	6.6700064713
2.48333333333	6.6701300976
2.48666666667	6.6702538201
2.49	6.6703776388
2.49333333333	6.6705015536
2.49666666667	6.6706255645
2.5	6.6707496716
2.50333333333	6.6708738747
2.50666666667	6.6709981738
2.51	6.6711225690
2.51333333333	6.6712470602
2.51666666667	6.6713716473
2.52	6.6714963304
2.52333333333	6.6716211093
2.52666666667	6.6717459842
2.53	6.6718709550
2.53333333333	6.6719960216
2.53666666667	6.6721211840
2.54	6.6722464422
2.54333333333	6.6723717962
2.54666666667	6.6724972459
2.55	6.6726227914
2.55333333333	6.6727484326
2.55666666667	6.6728741695
2.56	6.6730000020
2.56333333333	6.6731259302
2.56666666667	6.6732519540
2.57	6.6733780734
2.57333333333	6.6735042885
2.57666666667	6.6736305990
2.58	6.6737570052
2.58333333333	6.6738835068
2.58666666667	6.6740101040
2.59	6.6741367967
2.59333333333	6.6742635848
2.59666666667	6.6743904685
2.6	6.6745174475
2.60333333333	6.6746445220
2.60666666667	6.6747716919
2.61	6.6748989572
2.61333333333	6.6750263179
2.61666666667	6.6751537739
2.62	6.6752813253
2.62333333333	6.6754089720
2.62666666667	6.6755367140
2.63	6.6756645514
2.63333333333	6.6757924840
2.63666666667	6.6759205119
2.64	6.6760486351
2.64333333333	6.6761768536
2.64666666667	6.6763051673
2.65	6.6764335762
2.65333333333	6.6765620803
2.65666666667	6.6766906797
2.66	6.6768193743
2.66333333333	6.6769481640
2.66666666667	6.6770770489
2.67	6.6772060290
2.67333333333	6.6773351043
2.67666666667	6.6774642747
2.68	6.6775935403
2.68333333333	6.6777229010
2.68666666667	6.6778523568
2.69	6.6779819077
2.69333333333	6.6781115538
2.69666666667	6.6782412950
2.7	6.6783711312
2.70333333333	6.6785010626
2.70666666667	6.6786310891
2.71	6.6787612106
2.71333333333	6.6788914272
2.71666666667	6.6790217389
2.72	6.6791521457
2.72333333333	6.6792826476
2.72666666667	6.6794132445
2.73	6.6795439365
2.73333333333	6.6796747235
2.73666666667	6.6798056056
2.74	6.6799365828
2.74333333333	6.6800676550
2.74666666667	6.6801988223
2.75	6.6803300846
2.75333333333	6.6804614420
2.75666666667	6.6805928944
2.76	6.6807244419
2.76333333333	6.6808560844
2.76666666667	6.6809878221
2.77	6.6811196547
2.77333333333	6.6812515825
2.77666666667	6.6813836053
2.78	6.6815157231
2.78333333333	6.6816479361
2.78666666667	6.6817802441
2.79	6.6819126472
2.79333333333	6.6820451454
2.79666666667	6.6821777387
2.8	6.6823104270
2.80333333333	6.6824432105
2.80666666667	6.6825760891
2.81	6.6827090628
2.81333333333	6.6828421316
2.81666666667	6.6829752956
2.82	6.6831085547
2.82333333333	6.6832419089
2.82666666667	6.6833753583
2.83	6.6835089028
2.83333333333	6.6836425426
2.83666666667	6.6837762775
2.84	6.6839101076
2.84333333333	6.6840440329
2.84666666667	6.6841780534
2.85	6.6843121691
2.85333333333	6.6844463801
2.85666666667	6.6845806864
2.86	6.6847150879
2.86333333333	6.6848495847
2.86666666667	6.6849841767
2.87	6.6851188641
2.87333333333	6.6852536468
2.87666666667	6.6853885249
2.88	6.6855234982
2.88333333333	6.6856585670
2.88666666667	6.6857937311
2.89	6.6859289907
2.89333333333	6.6860643456
2.89666666667	6.6861997960
2.9	6.6863353419
2.90333333333	6.6864709832
2.90666666667	6.6866067200
2.91	6.6867425524
2.91333333333	6.6868784802
2.91666666667	6.6870145036
2.92	6.6871506226
2.92333333333	6.6872868372
2.92666666667	6.6874231473
2.93	6.6875595532
2.93333333333	6.6876960547
2.93666666667	6.6878326518
2.94	6.6879693447
2.94333333333	6.6881061333
2.94666666667	6.6882430177
2.95	6.6883799978
2.95333333333	6.6885170737
2.95666666667	6.6886542455
2.96	6.6887915131
2.96333333333	6.6889288767
2.96666666667	6.6890663361
2.97	6.6892038915
2.97333333333	6.6893415428
2.97666666667	6.6894792901
2.98	6.6896171335
2.98333333333	6.6897550729
2.98666666667	6.6898931084
2.99	6.6900312400
2.99333333333	6.6901694678
2.99666666667	6.6903077917
3.0	6.6904462119
3.00333333333	6.6905847282
3.00666666667	6.6907233409
3.01	6.6908620499
3.01333333333	6.6910008552
3.01666666667	6.6911397569
3.02	6.6912787550
3.02333333333	6.6914178496
3.02666666667	6.6915570407
3.03	6.6916963282
3.03333333333	6.6918357124
3.03666666667	6.6919751931
3.04	6.6921147705
3.04333333333	6.6922544445
3.04666666667	6.6923942153
3.05	6.6925340828
3.05333333333	6.6926740471
3.05666666667	6.6928141082
3.06	6.6929542662
3.06333333333	6.6930945211
3.06666666667	6.6932348730
3.07	6.6933753219
3.07333333333	6.6935158678
3.07666666667	6.6936565108
3.08	6.6937972510
3.08333333333	6.6939380883
3.08666666667	6.6940790228
3.09	6.6942200546
3.09333333333	6.6943611838
3.09666666667	6.6945024103
3.1	6.6946437342
3.10333333333	6.6947851555
3.10666666667	6.6949266744
3.11	6.6950682908
3.11333333333	6.6952100049
3.11666666667	6.6953518166
3.12	6.6954937260
3.12333333333	6.6956357331
3.12666666667	6.6957778381
3.13	6.6959200410
3.13333333333	6.6960623417
3.13666666667	6.6962047405
3.14	6.6963472372
3.14333333333	6.6964898321
3.14666666667	6.6966325250
3.15	6.6967753162
3.15333333333	6.6969182056
3.15666666667	6.6970611934
3.16	6.6972042794
3.16333333333	6.6973474640
3.16666666667	6.6974907470
3.17	6.6976341285
3.17333333333	6.6977776087
3.17666666667	6.6979211875
3.18	6.6980648650
3.18333333333	6.6982086413
3.18666666667	6.6983525165
3.19	6.6984964906
3.19333333333	6.6986405637
3.19666666667	6.6987847358
3.2	6.6989290070
3.20333333333	6.6990733774
3.20666666667	6.6992178470
3.21	6.6993624160
3.21333333333	6.6995070843
3.21666666667	6.6996518521
3.22	6.6997967194
3.22333333333	6.6999416862
3.22666666667	6.7000867527
3.23	6.7002319190
3.23333333333	6.7003771850
3.23666666667	6.7005225509
3.24	6.7006680168
3.24333333333	6.7008135826
3.24666666667	6.7009592486
3.25	6.7011050147
3.25333333333	6.7012508811
3.25666666667	6.7013968478
3.26	6.7015429148
3.26333333333	6.7016890824
3.26666666667	6.7018353505
3.27	6.7019817192
3.27333333333	6.7021281886
3.27666666667	6.7022747589
3.28	6.7024214300
3.28333333333	6.7025682020
3.28666666667	6.7027150751
3.29	6.7028620493
3.29333333333	6.7030091247
3.29666666667	6.7031563014
3.3	6.7033035795
3.30333333333	6.7034509591
3.30666666667	6.7035984401
3.31	6.7037460229
3.31333333333	6.7038937073
3.31666666667	6.7040414936
3.32	6.7041893817
3.32333333333	6.7043373719
3.32666666667	6.7044854642
3.33	6.7046336586
3.33333333333	6.7047819553
3.33666666667	6.7049303543
3.34	6.7050788559
3.34333333333	6.7052274599
3.34666666667	6.7053761667
3.35	6.7055249761
3.35333333333	6.7056738885
3.35666666667	6.7058229037
3.36	6.7059720221
3.36333333333	6.7061212435
3.36666666667	6.7062705682
3.37	6.7064199963
3.37333333333	6.7065695278
3.37666666667	6.7067191628
3.38	6.7068689016
3.38333333333	6.7070187440
3.38666666667	6.7071686904
3.39	6.7073187407
3.39333333333	6.7074688951
3.39666666667	6.7076191537
3.4	6.7077695166
3.40333333333	6.7079199840
3.40666666667	6.7080705558
3.41	6.7082212323
3.41333333333	6.7083720135
3.41666666667	6.7085228996
3.42	6.7086738907
3.42333333333	6.7088249868
3.42666666667	6.7089761882
3.43	6.7091274949
3.43333333333	6.7092789070
3.43666666667	6.7094304247
3.44	6.7095820481
3.44333333333	6.7097337773
3.44666666667	6.7098856125
3.45	6.7100375536
3.45333333333	6.7101896010
3.45666666667	6.7103417547
3.46	6.7104940147
3.46333333333	6.7106463814
3.46666666667	6.7107988547
3.47	6.7109514348
3.47333333333	6.7111041219
3.47666666667	6.7112569160
3.48	6.7114098174
3.48333333333	6.7115628261
3.48666666667	6.7117159422
3.49	6.7118691660
3.49333333333	6.7120224975
3.49666666667	6.7121759368
3.5	6.7123294842
3.50333333333	6.7124831398
3.50666666667	6.7126369036
3.51	6.7127907759
3.51333333333	6.7129447567
3.51666666667	6.7130988463
3.52	6.7132530448
3.52333333333	6.7134073522
3.52666666667	6.7135617689
3.53	6.7137162948
3.53333333333	6.7138709302
3.53666666667	6.7140256752
3.54	6.7141805299
3.54333333333	6.7143354946
3.54666666667	6.7144905693
3.55	6.7146457543
3.55333333333	6.7148010496
3.55666666667	6.7149564554
3.56	6.7151119720
3.56333333333	6.7152675994
3.56666666667	6.7154233378
3.57	6.7155791874
3.57333333333	6.7157351483
3.57666666667	6.7158912207
3.58	6.7160474048
3.58333333333	6.7162037008
3.58666666667	6.7163601087
3.59	6.7165166288
3.59333333333	6.7166732612
3.59666666667	6.7168300062
3.6	6.7169868638
3.60333333333	6.7171438343
3.60666666667	6.7173009179
3.61	6.7174581147
3.61333333333	6.7176154248
3.61666666667	6.7177728486
3.62	6.7179303861
3.62333333333	6.7180880375
3.62666666667	6.7182458031
3.63	6.7184036830
3.63333333333	6.7185616774
3.63666666667	6.7187197864
3.64	6.7188780104
3.64333333333	6.7190363494
3.64666666667	6.7191948037
3.65	6.7193533734
3.65333333333	6.7195120588
3.65666666667	6.7196708600
3.66	6.7198297773
3.66333333333	6.7199888109
3.66666666667	6.7201479609
3.67	6.7203072275
3.67333333333	6.7204666111
3.67666666667	6.7206261116
3.68	6.7207857295
3.68333333333	6.7209454649
3.68666666667	6.7211053179
3.69	6.7212652889
3.69333333333	6.7214253780
3.69666666667	6.7215855854
3.7	6.7217459115
3.70333333333	6.7219063563
3.70666666667	6.7220669201
3.71	6.7222276031
3.71333333333	6.7223884056
3.71666666667	6.7225493278
3.72	6.7227103699
3.72333333333	6.7228715321
3.72666666667	6.7230328148
3.73	6.7231942180
3.73333333333	6.7233557421
3.73666666667	6.7235173873
3.74	6.7236791538
3.74333333333	6.7238410418
3.74666666667	6.7240030517
3.75	6.7241651837
3.75333333333	6.7243274379
3.75666666667	6.7244898147
3.76	6.7246523144
3.76333333333	6.7248149371
3.76666666667	6.7249776831
3.77	6.7251405527
3.77333333333	6.7253035462
3.77666666667	6.7254666637
3.78	6.7256299056
3.78333333333	6.7257932722
3.78666666667	6.7259567637
3.79	6.7261203803
3.79333333333	6.7262841224
3.79666666667	6.7264479903
3.8	6.7266119841
3.80333333333	6.7267761042
3.80666666667	6.7269403509
3.81	6.7271047245
3.81333333333	6.7272692252
3.81666666667	6.7274338533
3.82	6.7275986092
3.82333333333	6.7277634931
3.82666666667	6.7279285053
3.83	6.7280936462
3.83333333333	6.7282589159
3.83666666667	6.7284243149
3.84	6.7285898434
3.84333333333	6.7287555018
3.84666666667	6.7289212904
3.85	6.7290872094
3.85333333333	6.7292532592
3.85666666667	6.7294194402
3.86	6.7295857525
3.86333333333	6.7297521967
3.86666666667	6.7299187730
3.87	6.7300854817
3.87333333333	6.7302523232
3.87666666667	6.7304192978
3.88	6.7305864058
3.88333333333	6.7307536477
3.88666666667	6.7309210237
3.89	6.7310885342
3.89333333333	6.7312561795
3.89666666667	6.7314239601
3.9	6.7315918763
3.90333333333	6.7317599284
3.90666666667	6.7319281168
3.91	6.7320964418
3.91333333333	6.7322649040
3.91666666667	6.7324335036
3.92	6.7326022410
3.92333333333	6.7327711166
3.92666666667	6.7329401308
3.93	6.7331092840
3.93333333333	6.7332785766
3.93666666667	6.7334480089
3.94	6.7336175815
3.94333333333	6.7337872946
3.94666666667	6.7339571488
3.95	6.7341271444
3.95333333333	6.7342972818
3.95666666667	6.7344675615
3.96	6.7346379839
3.96333333333	6.7348085495
3.96666666667	6.7349792586
3.97	6.7351501117
3.97333333333	6.7353211093
3.97666666667	6.7354922519
3.98	6.7356635398
3.98333333333	6.7358349735
3.98666666667	6.7360065535
3.99	6.7361782803
3.99333333333	6.7363501543
3.99666666667	6.7365221760
4.0	6.7366943460
4.00333333333	6.7368666646
4.00666666667	6.7370391324
4.01	6.7372117499
4.01333333333	6.7373845176
4.01666666667	6.7375574361
4.02	6.7377305057
4.02333333333	6.7379037271
4.02666666667	6.7380771008
4.03	6.7382506272
4.03333333333	6.7384243071
4.03666666667	6.7385981408
4.04	6.7387721289
4.04333333333	6.7389462721
4.04666666667	6.7391205708
4.05	6.7392950257
4.05333333333	6.7394696373
4.05666666667	6.7396444062
4.06	6.7398193330
4.06333333333	6.7399944183
4.06666666667	6.7401696627
4.07	6.7403450668
4.07333333333	6.7405206313
4.07666666667	6.7406963567
4.08	6.7408722437
4.08333333333	6.7410482929
4.08666666667	6.7412245050
4.09	6.7414008807
4.09333333333	6.7415774206
4.09666666667	6.7417541253
4.1	6.7419309957
4.10333333333	6.7421080323
4.10666666667	6.7422852359
4.11	6.7424626072
4.11333333333	6.7426401468
4.11666666667	6.7428178556
4.12	6.7429957343
4.12333333333	6.7431737836
4.12666666667	6.7433520042
4.13	6.7435303970
4.13333333333	6.7437089628
4.13666666667	6.7438877022
4.14	6.7440666162
4.14333333333	6.7442457055
4.14666666667	6.7444249710
4.15	6.7446044135
4.15333333333	6.7447840338
4.15666666667	6.7449638328
4.16	6.7451438114
4.16333333333	6.7453239705
4.16666666667	6.7455043110
4.17	6.7456848337
4.17333333333	6.7458655396
4.17666666667	6.7460464297
4.18	6.7462275049
4.18333333333	6.7464087662
4.18666666667	6.7465902145
4.19	6.7467718509
4.19333333333	6.7469536764
4.19666666667	6.7471356920
4.2	6.7473178989
4.20333333333	6.7475002979
4.20666666667	6.7476828903
4.21	6.7478656771
4.21333333333	6.7480486595
4.21666666667	6.7482318387
4.22	6.7484152157
4.22333333333	6.7485987917
4.22666666667	6.7487825681
4.23	6.7489665460
4.23333333333	6.7491507266
4.23666666667	6.7493351113
4.24	6.7495197013
4.24333333333	6.7497044980
4.24666666667	6.7498895027
4.25	6.7500747168
4.25333333333	6.7502601417
4.25666666667	6.7504457789
4.26	6.7506316298
4.26333333333	6.7508176958
4.26666666667	6.7510039786
4.27	6.7511904797
4.27333333333	6.7513772007
4.27666666667	6.7515641432
4.28	6.7517513088
4.28333333333	6.7519386993
4.28666666667	6.7521263165
4.29	6.7523141620
4.29333333333	6.7525022378
4.29666666667	6.7526905457
4.3	6.7528790876
4.30333333333	6.7530678654
4.30666666667	6.7532568813
4.31	6.7534461372
4.31333333333	6.7536356353
4.31666666667	6.7538253777
4.32	6.7540153667
4.32333333333	6.7542056047
4.32666666667	6.7543960938
4.33	6.7545868367
4.33333333333	6.7547778357
4.33666666667	6.7549690936
4.34	6.7551606128
4.34333333333	6.7553523963
4.34666666667	6.7555444467
4.35	6.7557367671
4.35333333333	6.7559293605
4.35666666667	6.7561222300
4.36	6.7563153788
4.36333333333	6.7565088103
4.36666666667	6.7567025279
4.37	6.7568965354
4.37333333333	6.7570908364
4.37666666667	6.7572854348
4.38	6.7574803348
4.38333333333	6.7576755406
4.38666666667	6.7578710566
4.39	6.7580668874
4.39333333333	6.7582630378
4.39666666667	6.7584595130
4.4	6.7586563184
4.40333333333	6.7588534594
4.40666666667	6.7590509420
4.41	6.7592487725
4.41333333333	6.7594469574
4.41666666667	6.7596455037
4.42	6.7598444189
4.42333333333	6.7600437109
4.42666666667	6.7602433881
4.43	6.7604434597
4.43333333333	6.7606439352
4.43666666667	6.7608448254
4.44	6.7610461415
4.44333333333	6.7612478960
4.44666666667	6.7614501025
4.45	6.7616527759
4.45333333333	6.7618559328
4.45666666667	6.7620595916
4.46	6.7622637732
4.46333333333	6.7624685011
4.46666666667	6.7626738026
4.47	6.7628797094
4.47333333333	6.7630862589
4.47666666667	6.7632934966
4.48	6.7635014792
4.48333333333	6.7637102795
4.48666666667	6.7639199959
4.49	6.7641307717
4.49333333333	6.7643428409
4.49666666667	6.7645566886
4.5	6.7647768935
4.50333333333	6.7650034961
4.50666666667	6.7652319527
4.51	6.7654617956
4.51333333333	6.7656928026
4.51666666667	6.7659248402
4.52	6.7661578181
4.52333333333	6.7663916710
4.52666666667	6.7666263491
4.53	6.7668618131
4.53333333333	6.7670980312
4.53666666667	6.7673349771
4.54	6.7675726288
4.54333333333	6.7678109675
4.54666666667	6.7680499769
4.55	6.7682896430
4.55333333333	6.7685299535
4.55666666667	6.7687708975
4.56	6.7690124653
4.56333333333	6.7692546482
4.56666666667	6.7694974385
4.57	6.7697408293
4.57333333333	6.7699848142
4.57666666667	6.7702293875
4.58	6.7704745440
4.58333333333	6.7707202789
4.58666666667	6.7709665880
4.59	6.7712134671
4.59333333333	6.7714609128
4.59666666667	6.7717089216
4.6	6.7719574904
4.60333333333	6.7722066163
4.60666666667	6.7724562969
4.61	6.7727065295
4.61333333333	6.7729573120
4.61666666667	6.7732086422
4.62	6.7734605183
4.62333333333	6.7737129385
4.62666666667	6.7739659010
4.63	6.7742194044
4.63333333333	6.7744734471
4.63666666667	6.7747280280
4.64	6.7749831456
4.64333333333	6.7752387990
4.64666666667	6.7754949869
4.65	6.7757517085
4.65333333333	6.7760089627
4.65666666667	6.7762667488
4.66	6.7765250659
4.66333333333	6.7767839133
4.66666666667	6.7770432903
4.67	6.7773031963
4.67333333333	6.7775636306
4.67666666667	6.7778245927
4.68	6.7780860821
4.68333333333	6.7783480983
4.68666666667	6.7786106410
4.69	6.7788737095
4.69333333333	6.7791373037
4.69666666667	6.7794014231
4.7	6.7796660674
4.70333333333	6.7799312363
4.70666666667	6.7801969296
4.71	6.7804631469
4.71333333333	6.7807298881
4.71666666667	6.7809971529
4.72	6.7812649411
4.72333333333	6.7815332526
4.72666666667	6.7818020871
4.73	6.7820714445
4.73333333333	6.7823413247
4.73666666667	6.7826117275
4.74	6.7828826528
4.74333333333	6.7831541005
4.74666666667	6.7834260704
4.75	6.7836985625
4.75333333333	6.7839715767
4.75666666667	6.7842451128
4.76	6.7845191709
4.76333333333	6.7847937507
4.76666666667	6.7850688523
4.77	6.7853444756
4.77333333333	6.7856206204
4.77666666667	6.7858972868
4.78	6.7861744746
4.78333333333	6.7864521838
4.78666666667	6.7867304143
4.79	6.7870091661
4.79333333333	6.7872884390
4.79666666667	6.7875682331
4.8	6.7878485481
4.80333333333	6.7881293841
4.80666666667	6.7884107410
4.81	6.7886926186
4.81333333333	6.7889750170
4.81666666667	6.7892579359
4.82	6.7895413754
4.82333333333	6.7898253353
4.82666666667	6.7901098155
4.83	6.7903948159
4.83333333333	6.7906803363
4.83666666667	6.7909663768
4.84	6.7912529370
4.84333333333	6.7915400170
4.84666666667	6.7918276164
4.85	6.7921157353
4.85333333333	6.7924043735
4.85666666667	6.7926935306
4.86	6.7929832067
4.86333333333	6.7932734015
4.86666666667	6.7935641149
4.87	6.7938553465
4.87333333333	6.7941470963
4.87666666667	6.7944393640
4.88	6.7947321493
4.88333333333	6.7950254520
4.88666666667	6.7953192720
4.89	6.7956136088
4.89333333333	6.7959084623
4.89666666667	6.7962038322
4.9	6.7964997182
4.90333333333	6.7967961199
4.90666666667	6.7970930371
4.91	6.7973904695
4.91333333333	6.7976884166
4.91666666667	6.7979868782
4.92	6.7982858540
4.92333333333	6.7985853434
4.92666666667	6.7988853462
4.93	6.7991858620
4.93333333333	6.7994868903
4.93666666667	6.7997884307
4.94	6.8000904829
4.94333333333	6.8003930463
4.94666666667	6.8006961204
4.95	6.8009997049
4.95333333333	6.8013037992
4.95666666667	6.8016084029
4.96	6.8019135154
4.96333333333	6.8022191362
4.96666666667	6.8025252648
4.97	6.8028319005
4.97333333333	6.8031390429
4.97666666667	6.8034466914
4.98	6.8037548453
4.98333333333	6.8040635041
4.98666666667	6.8043726672
4.99	6.8046823338
4.99333333333	6.8049925034
4.99666666667	6.8053031753
5.0	6.8056143488
