0.0	2.9091196405
0.005	2.9101815955
0.01	2.9112816587
0.015	2.9123545198
0.02	2.9134551120
0.025	2.9145343523
0.03	2.9156366130
0.035	2.9167212228
0.04	2.9178256818
0.045	2.9189151869
0.05	2.9200221566
0.055	2.9211162721
0.06	2.9222259591
0.065	2.9233244907
0.07	2.9244370411
0.075	2.9255398458
0.08	2.9266553672
0.085	2.9277623338
0.09	2.9288809078
0.095	2.9299919466
0.1	2.9311136360
0.105	2.9322286725
0.11	2.9333535264
0.115	2.9344724970
0.12	2.9356005537
0.125	2.9367234034
0.13	2.9378546931
0.135	2.9389813733
0.14	2.9401159193
0.145	2.9412463865
0.15	2.9423842068
0.155	2.9435184217
0.16	2.9446595300
0.165	2.9457974566
0.17	2.9469418628
0.175	2.9480834679
0.18	2.9492311788
0.185	2.9503764315
0.19	2.9515274511
0.195	2.9526763225
0.2	2.9538306529
0.205	2.9549831156
0.21	2.9561407568
0.215	2.9572967847
0.22	2.9584577351
0.225	2.9596173036
0.23	2.9607815600
0.235	2.9619446454
0.24	2.9631122035
0.245	2.9642787829
0.25	2.9654496373
0.255	2.9666196887
0.26	2.9677938329
0.265	2.9689673349
0.27	2.9701447617
0.275	2.9713216937
0.28	2.9725023950
0.285	2.9736827366
0.29	2.9748667039
0.295	2.9760504354
0.3	2.9772376593
0.305	2.9784247613
0.31	2.9796152320
0.315	2.9808056858
0.32	2.9819993930
0.325	2.9831931798
0.33	2.9843901129
0.335	2.9855872145
0.34	2.9867873624
0.345	2.9879877607
0.35	2.9891911120
0.355	2.9903947892
0.36	2.9916013323
0.365	2.9928082710
0.37	2.9940179937
0.375	2.9952281766
0.38	2.9964410669
0.385	2.9976544767
0.39	2.9988705221
0.395	3.0000871420
0.4	3.0013063299
0.405	3.0025261430
0.41	3.0037484607
0.415	3.0049714505
0.42	3.0061968850
0.425	3.0074230349
0.43	3.0086515731
0.435	3.0098808668
0.44	3.0111124957
0.445	3.0123449169
0.45	3.0135796230
0.455	3.0148151557
0.46	3.0160529257
0.465	3.0172915539
0.47	3.0185323743
0.475	3.0197740820
0.48	3.0210179393
0.485	3.0222627109
0.49	3.0235095914
0.495	3.0247574111
0.5	3.0260073012
0.505	3.0272581534
0.51	3.0285110395
0.515	3.0297649087
0.52	3.0310207769
0.525	3.0322776477
0.53	3.0335364843
0.535	3.0347963413
0.54	3.0360581325
0.545	3.0373209606
0.55	3.0385856926
0.555	3.0398514764
0.56	3.0411191354
0.565	3.0423878600
0.57	3.0436584320
0.575	3.0449300823
0.58	3.0462035536
0.585	3.0474781147
0.59	3.0487544714
0.595	3.0500319283
0.6	3.0513111566
0.605	3.0525914946
0.61	3.0538735806
0.615	3.0551567849
0.62	3.0564417148
0.625	3.0577277709
0.63	3.0590155309
0.635	3.0603044239
0.64	3.0615950002
0.645	3.0628867159
0.65	3.0641800947
0.655	3.0654746184
0.66	3.0667707859
0.665	3.0680681033
0.67	3.0693670459
0.675	3.0706671426
0.68	3.0719688466
0.685	3.0732717083
0.69	3.0745761600
0.695	3.0758817725
0.7	3.0771889582
0.705	3.0784973075
0.71	3.0798072136
0.715	3.0811182855
0.72	3.0824308985
0.725	3.0837446790
0.73	3.0850599852
0.735	3.0863764604
0.74	3.0876944465
0.745	3.0890136025
0.75	3.0903342549
0.755	3.0916560778
0.76	3.0929793832
0.765	3.0943038592
0.77	3.0956298042
0.775	3.0969569197
0.78	3.0982854909
0.785	3.0996152323
0.79	3.1009464164
0.795	3.1022787701
0.8	3.1036125539
0.805	3.1049475063
0.81	3.1062838766
0.815	3.1076214144
0.82	3.1089603580
0.825	3.1103004677
0.83	3.1116419716
0.835	3.1129846399
0.84	3.1143286910
0.845	3.1156739047
0.85	3.1170204899
0.855	3.1183682358
0.86	3.1197173422
0.865	3.1210676071
0.87	3.1224192220
0.875	3.1237719928
0.88	3.1251261031
0.885	3.1264813669
0.89	3.1278379599
0.895	3.1291957037
0.9	3.1305547667
0.905	3.1319149777
0.91	3.1332764979
0.915	3.1346391632
0.92	3.1360031281
0.925	3.1373682349
0.93	3.1387346319
0.935	3.1401021676
0.94	3.1414709842
0.945	3.1428409361
0.95	3.1442121598
0.955	3.1455845154
0.96	3.1469581338
0.965	3.1483328805
0.97	3.1497088813
0.975	3.1510860068
0.98	3.1524643776
0.985	3.1538438695
0.99	3.1552245982
0.995	3.1566064441
1.0	3.1579895184
1.005	3.1593737062
1.01	3.1607591141
1.015	3.1621456315
1.02	3.1635333609
1.025	3.1649221959
1.03	3.1663122348
1.035	3.1677033753
1.04	3.1690957117
1.045	3.1704891457
1.05	3.1718837679
1.055	3.1732794834
1.06	3.1746763795
1.065	3.1760743648
1.07	3.1774735230
1.075	3.1788737662
1.08	3.1802751749
1.085	3.1816776643
1.09	3.1830813119
1.095	3.1844860358
1.1	3.1858919106
1.105	3.1872988576
1.11	3.1887069481
1.115	3.1901161065
1.12	3.1915264014
1.125	3.1929377596
1.13	3.1943502475
1.135	3.1957637943
1.14	3.1971784638
1.145	3.1985941879
1.15	3.2000110277
1.155	3.2014289177
1.16	3.2028479168
1.165	3.2042679615
1.17	3.2056891087
1.175	3.2071112970
1.18	3.2085345812
1.185	3.2099589020
1.19	3.2113843122
1.195	3.2128107546
1.2	3.2142382798
1.205	3.2156668327
1.21	3.2170964621
1.215	3.2185271148
1.22	3.2199588376
1.225	3.2213915792
1.23	3.2228253846
1.235	3.2242602043
1.24	3.2256960817
1.245	3.2271329689
1.25	3.2285709077
1.255	3.2300098517
1.26	3.2314498413
1.265	3.2328908316
1.27	3.2343328615
1.275	3.2357758876
1.28	3.2372199474
1.285	3.2386649990
1.29	3.2401110783
1.295	3.2415581449
1.3	3.2430062335
1.305	3.2444553048
1.31	3.2459053924
1.315	3.2473564583
1.32	3.2488085348
1.325	3.2502615851
1.33	3.2517156404
1.335	3.2531706650
1.34	3.2546266890
1.345	3.2560836779
1.35	3.2575416607
1.355	3.2590006039
1.36	3.2604605355
1.365	3.2619214233
1.37	3.2633832939
1.375	3.2648461163
1.38	3.2663099162
1.385	3.2677746634
1.39	3.2692403829
1.395	3.2707070454
1.4	3.2721746748
1.405	3.2736432428
1.41	3.2751127726
1.415	3.2765832366
1.42	3.2780546572
1.425	3.2795270078
1.43	3.2810003098
1.435	3.2824745375
1.44	3.2839497116
1.445	3.2854258070
1.45	3.2869028438
1.455	3.2883807977
1.46	3.2898596880
1.465	3.2913394911
1.47	3.2928202257
1.475	3.2943018689
1.48	3.2957844387
1.485	3.2972679129
1.49	3.2987523089
1.495	3.3002376050
1.5	3.3017238182
1.505	3.3032109274
1.51	3.3046989488
1.515	3.3061878621
1.52	3.3076776830
1.525	3.3091683916
1.53	3.3106600031
1.535	3.3121524983
1.54	3.3136458917
1.545	3.3151401647
1.55	3.3166353315
1.555	3.3181313738
1.56	3.3196283052
1.565	3.3211261082
1.57	3.3226247958
1.575	3.3241243510
1.58	3.3256247863
1.585	3.3271260853
1.59	3.3286282600
1.595	3.3301312945
1.6	3.3316352002
1.605	3.3331399618
1.61	3.3346455904
1.615	3.3361520709
1.62	3.3376594141
1.625	3.3391676053
1.63	3.3406766551
1.635	3.3421865490
1.64	3.3436972973
1.645	3.3452088859
1.65	3.3467213246
1.655	3.3482345999
1.66	3.3497487212
1.665	3.3512636753
1.67	3.3527794714
1.675	3.3542960966
1.68	3.3558135596
1.685	3.3573318480
1.69	3.3588509703
1.695	3.3603709143
1.7	3.3618916882
1.705	3.3634132801
1.71	3.3649356981
1.715	3.3664589304
1.72	3.3679829849
1.725	3.3695078502
1.73	3.3710335337
1.735	3.3725600246
1.74	3.3740873298
1.745	3.3756154389
1.75	3.3771443585
1.755	3.3786740785
1.76	3.3802046053
1.765	3.3817359289
1.77	3.3832680558
1.775	3.3848009759
1.78	3.3863346957
1.785	3.3878692053
1.79	3.3894045109
1.795	3.3909406031
1.8	3.3924774875
1.805	3.3940151552
1.81	3.3955536117
1.815	3.3970928480
1.82	3.3986328696
1.825	3.4001736679
1.83	3.4017152479
1.835	3.4032576012
1.84	3.4048007329
1.845	3.4063446348
1.85	3.4078893115
1.855	3.4094347552
1.86	3.4109809705
1.865	3.4125279496
1.87	3.4140756969
1.875	3.4156242048
1.88	3.4171734777
1.885	3.4187235081
1.89	3.4202743003
1.895	3.4218258469
1.9	3.4233781520
1.905	3.4249312085
1.91	3.4264850203
1.915	3.4280395806
1.92	3.4295948930
1.925	3.4311509509
1.93	3.4327077578
1.935	3.4342653072
1.94	3.4358236027
1.945	3.4373826377
1.95	3.4389424157
1.955	3.4405029305
1.96	3.4420641852
1.965	3.4436261737
1.97	3.4451888993
1.975	3.4467523560
1.98	3.4483165468
1.985	3.4498814658
1.99	3.4514471160
1.995	3.4530134918
2.0	3.4545805960
2.005	3.4561484230
2.01	3.4577169755
2.015	3.4592862482
2.02	3.4608562437
2.025	3.4624269566
2.03	3.4639983897
2.035	3.4655705376
2.04	3.4671434028
2.045	3.4687169804
2.05	3.4702912727
2.055	3.4718662747
2.06	3.4734419888
2.065	3.4750184101
2.07	3.4765955409
2.075	3.4781733765
2.08	3.4797519190
2.085	3.4813311639
2.09	3.4829111132
2.095	3.4844917624
2.1	3.4860731135
2.105	3.4876551622
2.11	3.4892379103
2.115	3.4908213537
2.12	3.4924054942
2.125	3.4939903276
2.13	3.4955758558
2.135	3.4971620745
2.14	3.4987489857
2.145	3.5003365853
2.15	3.5019248750
2.155	3.5035138509
2.16	3.5051035146
2.165	3.5066938624
2.17	3.5082848959
2.175	3.5098766113
2.18	3.5114690101
2.185	3.5130620888
2.19	3.5146558488
2.195	3.5162502865
2.2	3.5178454035
2.205	3.5194411963
2.21	3.5210376662
2.215	3.5226348099
2.22	3.5242326287
2.225	3.5258311194
2.23	3.5274302832
2.235	3.5290301169
2.24	3.5306306218
2.245	3.5322317948
2.25	3.5338336370
2.255	3.5354361455
2.26	3.5370393213
2.265	3.5386431616
2.27	3.5402476675
2.275	3.5418528360
2.28	3.5434586683
2.285	3.5450651615
2.29	3.5466723168
2.295	3.5482801313
2.3	3.5498886061
2.305	3.5514977385
2.31	3.5531075295
2.315	3.5547179765
2.32	3.5563290806
2.325	3.5579408390
2.33	3.5595532528
2.335	3.5611663195
2.34	3.5627800401
2.345	3.5643944120
2.35	3.5660094363
2.355	3.5676251104
2.36	3.5692414355
2.365	3.5708584090
2.37	3.5724760319
2.375	3.5740943020
2.38	3.5757132201
2.385	3.5773327840
2.39	3.5789529945
2.395	3.5805738496
2.4	3.5821953500
2.405	3.5838174936
2.41	3.5854402813
2.415	3.5870637110
2.42	3.5886877835
2.425	3.5903124969
2.43	3.5919378519
2.435	3.5935638466
2.44	3.5951904818
2.445	3.5968177557
2.45	3.5984456689
2.455	3.6000742197
2.46	3.6017034088
2.465	3.6033332345
2.47	3.6049636974
2.475	3.6065947959
2.48	3.6082265308
2.485	3.6098589003
2.49	3.6114919052
2.495	3.6131255438
2.5	3.6147598170
2.505	3.6163947230
2.51	3.6180302627
2.515	3.6196664346
2.52	3.6213032392
2.525	3.6229406753
2.53	3.6245787434
2.535	3.6262174422
2.54	3.6278567723
2.545	3.6294967324
2.55	3.6311373232
2.555	3.6327785434
2.56	3.6344203936
2.565	3.6360628727
2.57	3.6377059812
2.575	3.6393497179
2.58	3.6409940836
2.585	3.6426390771
2.59	3.6442846991
2.595	3.6459309483
2.6	3.6475778256
2.605	3.6492253298
2.61	3.6508734617
2.615	3.6525222201
2.62	3.6541716058
2.625	3.6558216178
2.63	3.6574722568
2.635	3.6591235218
2.64	3.6607754135
2.645	3.6624279310
2.65	3.6640810751
2.655	3.6657348448
2.66	3.6673892409
2.665	3.6690442626
2.67	3.6706999105
2.675	3.6723561840
2.68	3.6740130836
2.685	3.6756706088
2.69	3.6773287601
2.695	3.6789875370
2.7	3.6806469402
2.705	3.6823069689
2.71	3.6839676241
2.715	3.6856289049
2.72	3.6872908124
2.725	3.6889533457
2.73	3.6906165058
2.735	3.6922802921
2.74	3.6939447054
2.745	3.6956097451
2.75	3.6972754122
2.755	3.6989417061
2.76	3.7006086277
2.765	3.7022761765
2.77	3.7039443534
2.775	3.7056131581
2.78	3.7072825913
2.785	3.7089526527
2.79	3.7106233432
2.795	3.7122946625
2.8	3.7139666115
2.805	3.7156391900
2.81	3.7173123987
2.815	3.7189862376
2.82	3.7206607075
2.825	3.7223358083
2.83	3.7240115408
2.835	3.7256879051
2.84	3.7273649019
2.845	3.7290425313
2.85	3.7307207941
2.855	3.7323996904
2.86	3.7340792212
2.865	3.7357593863
2.87	3.7374401869
2.875	3.7391216230
2.88	3.7408036956
2.885	3.7424864048
2.89	3.7441697516
2.895	3.7458537361
2.9	3.7475383595
2.905	3.7492236218
2.91	3.7509095243
2.915	3.7525960670
2.92	3.7542832511
2.925	3.7559710768
2.93	3.7576595454
2.935	3.7593486570
2.94	3.7610384128
2.945	3.7627288133
2.95	3.7644198595
2.955	3.7661115518
2.96	3.7678038915
2.965	3.7694968790
2.97	3.7711905154
2.975	3.7728848014
2.98	3.7745797381
2.985	3.7762753261
2.99	3.7779715666
2.995	3.7796684603
3.0	3.7813660084
3.005	3.7830642115
3.01	3.7847630710
3.015	3.7864625875
3.02	3.7881627625
3.025	3.7898635965
3.03	3.7915650911
3.035	3.7932672470
3.04	3.7949700655
3.045	3.7966735475
3.05	3.7983776945
3.055	3.8000825073
3.06	3.8017879874
3.065	3.8034941357
3.07	3.8052009537
3.075	3.8069084424
3.08	3.8086166033
3.085	3.8103254375
3.09	3.8120349464
3.095	3.8137451313
3.1	3.8154559936
3.105	3.8171675345
3.11	3.8188797557
3.115	3.8205926582
3.12	3.8223062439
3.125	3.8240205139
3.13	3.8257354700
3.135	3.8274511133
3.14	3.8291674458
3.145	3.8308844686
3.15	3.8326021837
3.155	3.8343205923
3.16	3.8360396964
3.165	3.8377594973
3.17	3.8394799970
3.175	3.8412011969
3.18	3.8429230991
3.185	3.8446457049
3.19	3.8463690164
3.195	3.8480930351
3.2	3.8498177633
3.205	3.8515432023
3.21	3.8532693544
3.215	3.8549962213
3.22	3.8567238050
3.225	3.8584521074
3.23	3.8601811306
3.235	3.8619108765
3.24	3.8636413472
3.245	3.8653725447
3.25	3.8671044712
3.255	3.8688371287
3.26	3.8705705195
3.265	3.8723046456
3.27	3.8740395095
3.275	3.8757751132
3.28	3.8775114591
3.285	3.8792485494
3.29	3.8809863865
3.295	3.8827249728
3.3	3.8844643107
3.305	3.8862044025
3.31	3.8879452509
3.315	3.8896868581
3.32	3.8914292269
3.325	3.8931723597
3.33	3.8949162593
3.335	3.8966609280
3.34	3.8984063688
3.345	3.9001525841
3.35	3.9018995770
3.355	3.9036473499
3.36	3.9053959059
3.365	3.9071452476
3.37	3.9088953781
3.375	3.9106463001
3.38	3.9123980168
3.385	3.9141505310
3.39	3.9159038459
3.395	3.9176579644
3.4	3.9194128898
3.405	3.9211686251
3.41	3.9229251736
3.415	3.9246825384
3.42	3.9264407229
3.425	3.9281997304
3.43	3.9299595642
3.435	3.9317202278
3.44	3.9334817246
3.445	3.9352440581
3.45	3.9370072319
3.455	3.9387712494
3.46	3.9405361144
3.465	3.9423018306
3.47	3.9440684016
3.475	3.9458358312
3.48	3.9476041234
3.485	3.9493732818
3.49	3.9511433105
3.495	3.9529142133
3.5	3.9546859945
3.505	3.9564586579
3.51	3.9582322079
3.515	3.9600066484
3.52	3.9617819838
3.525	3.9635582183
3.53	3.9653353564
3.535	3.9671134023
3.54	3.9688923606
3.545	3.9706722357
3.55	3.9724530324
3.555	3.9742347551
3.56	3.9760174086
3.565	3.9778009977
3.57	3.9795855271
3.575	3.9813710018
3.58	3.9831574267
3.585	3.9849448067
3.59	3.9867331471
3.595	3.9885224529
3.6	3.9903127295
3.605	3.9921039819
3.61	3.9938962156
3.615	3.9956894361
3.62	3.9974836488
3.625	3.9992788593
3.63	4.0010750732
3.635	4.0028722963
3.64	4.0046705344
3.645	4.0064697934
3.65	4.0082700792
3.655	4.0100713978
3.66	4.0118737554
3.665	4.0136771582
3.67	4.0154816125
3.675	4.0172871246
3.68	4.0190937011
3.685	4.0209013485
3.69	4.0227100734
3.695	4.0245198826
3.7	4.0263307830
3.705	4.0281427814
3.71	4.0299558849
3.715	4.0317701005
3.72	4.0335854357
3.725	4.0354018976
3.73	4.0372194938
3.735	4.0390382317
3.74	4.0408581190
3.745	4.0426791635
3.75	4.0445013731
3.755	4.0463247558
3.76	4.0481493196
3.765	4.0499750728
3.77	4.0518020238
3.775	4.0536301810
3.78	4.0554595531
3.785	4.0572901487
3.79	4.0591219767
3.795	4.0609550462
3.8	4.0627893662
3.805	4.0646249461
3.81	4.0664617952
3.815	4.0682999231
3.82	4.0701393395
3.825	4.0719800543
3.83	4.0738220775
3.835	4.0756654192
3.84	4.0775100898
3.845	4.0793560998
3.85	4.0812034599
3.855	4.0830521808
3.86	4.0849022737
3.865	4.0867537496
3.87	4.0886066200
3.875	4.0904608964
3.88	4.0923165906
3.885	4.0941737145
3.89	4.0960322802
3.895	4.0978923002
3.9	4.0997537870
3.905	4.1016167533
3.91	4.1034812121
3.915	4.1053471767
3.92	4.1072146606
3.925	4.1090836773
3.93	4.1109542410
3.935	4.1128263655
3.94	4.1147000656
3.945	4.1165753558
3.95	4.1184522510
3.955	4.1203307666
3.96	4.1222109180
3.965	4.1240927210
3.97	4.1259761917
3.975	4.1278613465
3.98	4.1297482022
3.985	4.1316367756
3.99	4.1335270843
3.995	4.1354191459
4.0	4.1373129784
4.005	4.1392086003
4.01	4.1411060302
4.015	4.1430052874
4.02	4.1449063914
4.025	4.1468093620
4.03	4.1487142197
4.035	4.1506209852
4.04	4.1525296798
4.045	4.1544403249
4.05	4.1563529429
4.055	4.1582675562
4.06	4.1601841880
4.065	4.1621028618
4.07	4.1640236019
4.075	4.1659464328
4.08	4.1678713798
4.085	4.1697984686
4.09	4.1717277258
4.095	4.1736591782
4.1	4.1755928537
4.105	4.1775287805
4.11	4.1794669876
4.115	4.1814075048
4.12	4.1833503625
4.125	4.1852955920
4.13	4.1872432253
4.135	4.1891932953
4.14	4.1911458356
4.145	4.1931008808
4.15	4.1950584666
4.155	4.1970186293
4.16	4.1989814064
4.165	4.2009468365
4.17	4.2029149591
4.175	4.2048858150
4.18	4.2068594461
4.185	4.2088358955
4.19	4.2108152077
4.195	4.2127974285
4.2	4.2147826049
4.205	4.2167707857
4.21	4.2187620211
4.215	4.2207563628
4.22	4.2227538642
4.225	4.2247545808
4.23	4.2267585695
4.235	4.2287658896
4.24	4.2307766020
4.245	4.2327907703
4.25	4.2348084599
4.255	4.2368297390
4.26	4.2388546781
4.265	4.2408833506
4.27	4.2429158327
4.275	4.2449522035
4.28	4.2469925455
4.285	4.2490369447
4.29	4.2510854905
4.295	4.2531382764
4.3	4.2551954000
4.305	4.2572569633
4.31	4.2593230732
4.315	4.2613938416
4.32	4.2634693859
4.325	4.2655498295
4.33	4.2676353021
4.335	4.2697259404
4.34	4.2718218884
4.345	4.2739232986
4.35	4.2760303319
4.355	4.2781431593
4.36	4.2802619621
4.365	4.2823869335
4.37	4.2845182794
4.375	4.2866562200
4.38	4.2888009912
4.385	4.2909528466
4.39	4.2931120594
4.395	4.2952789253
4.4	4.2974537648
4.405	4.2996369272
4.41	4.3018287947
4.415	4.3040297872
4.42	4.3062403685
4.425	4.3084610543
4.43	4.3106924214
4.435	4.3129351200
4.44	4.3151898892
4.445	4.3174575781
4.45	4.3197391733
4.455	4.3220358379
4.46	4.3243489661
4.465	4.3266802655
4.47	4.3290318845
4.475	4.3314066236
4.48	4.3338083172
4.485	4.3362426086
4.49	4.3387188488
4.495	4.3412566864
4.5	4.3440454359
4.505	4.3470831547
4.51	4.3501790279
4.515	4.3533128229
4.52	4.3564747744
4.525	4.3596589165
4.53	4.3628611514
4.535	4.3660784557
4.54	4.3693084905
4.545	4.3725493809
4.55	4.3757995860
4.555	4.3790578116
4.56	4.3823229545
4.565	4.3855940599
4.57	4.3888702940
4.575	4.3921509199
4.58	4.3954352828
4.585	4.3987227954
4.59	4.4020129290
4.595	4.4053052038
4.6	4.4085991837
4.605	4.4118944693
4.61	4.4151906947
4.615	4.4184875224
4.62	4.4217846414
4.625	4.4250817631
4.63	4.4283786199
4.635	4.4316749626
4.64	4.4349705591
4.645	4.4382651922
4.65	4.4415586591
4.655	4.4448507692
4.66	4.4481413442
4.665	4.4514302157
4.67	4.4547172261
4.675	4.4580022261
4.68	4.4612850755
4.685	4.4645656414
4.69	4.4678437988
4.695	4.4711194287
4.7	4.4743924193
4.705	4.4776626638
4.71	4.4809300618
4.715	4.4841945175
4.72	4.4874559403
4.725	4.4907142438
4.73	4.4939693464
4.735	4.4972211701
4.74	4.5004696412
4.745	4.5037146890
4.75	4.5069562469
4.755	4.5101942510
4.76	4.5134286407
4.765	4.5166593582
4.77	4.5198863487
4.775	4.5231095595
4.78	4.5263289411
4.785	4.5295444457
4.79	4.5327560282
4.795	4.5359636453
4.8	4.5391672560
4.805	4.5423668211
4.81	4.5455623035
4.815	4.5487536674
4.82	4.5519408793
4.825	4.5551239067
4.83	4.5583027191
4.835	4.5614772873
4.84	4.5646475836
4.845	4.5678135815
4.85	4.5709752561
4.855	4.5741325833
4.86	4.5772855408
4.865	4.5804341067
4.87	4.5835782610
4.875	4.5867179840
4.88	4.5898532577
4.885	4.5929840646
4.89	4.5961103884
4.895	4.5992322134
4.9	4.6023495252
4.905	4.6054623098
4.91	4.6085705544
4.915	4.6116742466
4.92	4.6147733752
4.925	4.6178679291
4.93	4.6209578985
4.935	4.6240432738
4.94	4.6271240465
4.945	4.6302002082
4.95	4.6332717515
4.955	4.6363386694
4.96	4.6394009556
4.965	4.6424586040
4.97	4.6455116094
4.975	4.6485599669
4.98	4.6516036721
4.985	4.6546427211
4.99	4.6576771105
4.995	4.6607068372
5.0	4.6637318986
