0.0	4.1547045216
0.00322580645161	4.1549495599
0.00645161290323	4.1551961051
0.00967741935484	4.1554452381
0.0129032258065	4.1556970087
0.0161290322581	4.1559514704
0.0193548387097	4.1562086760
0.0225806451613	4.1564686775
0.0258064516129	4.1567315262
0.0290322580645	4.1569972722
0.0322580645161	4.1572659643
0.0354838709677	4.1575376502
0.0387096774194	4.1578123758
0.041935483871	4.1580901857
0.0451612903226	4.1583711225
0.0483870967742	4.1586552267
0.0516129032258	4.1589425370
0.0548387096774	4.1592330894
0.058064516129	4.1595269177
0.0612903225806	4.1598240529
0.0645161290323	4.1601245232
0.0677419354839	4.1604283537
0.0709677419355	4.1607355664
0.0741935483871	4.1610461798
0.0774193548387	4.1613602089
0.0806451612903	4.1616776651
0.0838709677419	4.1619985558
0.0870967741935	4.1623228841
0.0903225806452	4.1626506493
0.0935483870968	4.1629818461
0.0967741935484	4.1633164646
0.1	4.1636544904
0.103225806452	4.1639959043
0.106451612903	4.1643406821
0.109677419355	4.1646887946
0.112903225806	4.1650402077
0.116129032258	4.1653948818
0.11935483871	4.1657527724
0.122580645161	4.1661138296
0.125806451613	4.1664779982
0.129032258065	4.1668452176
0.132258064516	4.1672154222
0.135483870968	4.1675885407
0.138709677419	4.1679644971
0.141935483871	4.1683432099
0.145161290323	4.1687245927
0.148387096774	4.1691085542
0.151612903226	4.1694949983
0.154838709677	4.1698838243
0.158064516129	4.1702749270
0.161290322581	4.1706681971
0.164516129032	4.1710635212
0.167741935484	4.1714607822
0.170967741935	4.1718598593
0.174193548387	4.1722606288
0.177419354839	4.1726629638
0.18064516129	4.1730667350
0.183870967742	4.1734718106
0.187096774194	4.1738780568
0.190322580645	4.1742853384
0.193548387097	4.1746935189
0.196774193548	4.1751024680
0.2	4.1755121129
0.203225806452	4.1759224367
0.206451612903	4.1763334345
0.209677419355	4.1767451072
0.212903225806	4.1771574554
0.216129032258	4.1775704796
0.21935483871	4.1779841800
0.222580645161	4.1783985566
0.225806451613	4.1788136094
0.229032258065	4.1792293381
0.232258064516	4.1796457427
0.235483870968	4.1800628227
0.238709677419	4.1804805780
0.241935483871	4.1808990082
0.245161290323	4.1813181130
0.248387096774	4.1817378921
0.251612903226	4.1821583450
0.254838709677	4.1825794715
0.258064516129	4.1830012711
0.261290322581	4.1834237435
0.264516129032	4.1838468882
0.267741935484	4.1842707049
0.270967741935	4.1846951932
0.274193548387	4.1851203526
0.277419354839	4.1855461827
0.28064516129	4.1859726832
0.283870967742	4.1863998536
0.287096774194	4.1868276935
0.290322580645	4.1872562025
0.293548387097	4.1876853800
0.296774193548	4.1881152258
0.3	4.1885457394
0.303225806452	4.1889769203
0.306451612903	4.1894087681
0.309677419355	4.1898412824
0.312903225806	4.1902744627
0.316129032258	4.1907083086
0.31935483871	4.1911428196
0.322580645161	4.1915779954
0.325806451613	4.1920138353
0.329032258065	4.1924503391
0.332258064516	4.1928875063
0.335483870968	4.1933253363
0.338709677419	4.1937638288
0.341935483871	4.1942029833
0.345161290323	4.1946427994
0.348387096774	4.1950832766
0.351612903226	4.1955244143
0.354838709677	4.1959662123
0.358064516129	4.1964086700
0.361290322581	4.1968517869
0.364516129032	4.1972955627
0.367741935484	4.1977399967
0.370967741935	4.1981850887
0.374193548387	4.1986308380
0.377419354839	4.1990772443
0.38064516129	4.1995243071
0.383870967742	4.1999720259
0.387096774194	4.2004204002
0.390322580645	4.2008694296
0.393548387097	4.2013191136
0.396774193548	4.2017694517
0.4	4.2022204435
0.403225806452	4.2026720884
0.406451612903	4.2031243861
0.409677419355	4.2035773360
0.412903225806	4.2040309377
0.416129032258	4.2044851907
0.41935483871	4.2049400944
0.422580645161	4.2053956485
0.425806451613	4.2058518525
0.429032258065	4.2063087058
0.432258064516	4.2067662080
0.435483870968	4.2072243586
0.438709677419	4.2076831571
0.441935483871	4.2081426031
0.445161290323	4.2086026960
0.448387096774	4.2090634354
0.451612903226	4.2095248208
0.454838709677	4.2099868516
0.458064516129	4.2104495275
0.461290322581	4.2109128480
0.464516129032	4.2113768124
0.467741935484	4.2118414204
0.470967741935	4.2123066714
0.474193548387	4.2127725651
0.477419354839	4.2132391007
0.48064516129	4.2137062780
0.483870967742	4.2141740964
0.487096774194	4.2146425553
0.490322580645	4.2151116543
0.493548387097	4.2155813930
0.496774193548	4.2160517707
0.5	4.2165227871
0.503225806452	4.2169944415
0.506451612903	4.2174667336
0.509677419355	4.2179396628
0.512903225806	4.2184132286
0.516129032258	4.2188874305
0.51935483871	4.2193622680
0.522580645161	4.2198377406
0.525806451613	4.2203138479
0.529032258065	4.2207905892
0.532258064516	4.2212679642
0.535483870968	4.2217459722
0.538709677419	4.2222246128
0.541935483871	4.2227038855
0.545161290323	4.2231837898
0.548387096774	4.2236643252
0.551612903226	4.2241454911
0.554838709677	4.2246272871
0.558064516129	4.2251097127
0.561290322581	4.2255927672
0.564516129032	4.2260764503
0.567741935484	4.2265607614
0.570967741935	4.2270457001
0.574193548387	4.2275312657
0.577419354839	4.2280174578
0.58064516129	4.2285042758
0.583870967742	4.2289917194
0.587096774194	4.2294797878
0.590322580645	4.2299684807
0.593548387097	4.2304577975
0.596774193548	4.2309477377
0.6	4.2314383008
0.603225806452	4.2319294862
0.606451612903	4.2324212935
0.609677419355	4.2329137221
0.612903225806	4.2334067715
0.616129032258	4.2339004412
0.61935483871	4.2343947306
0.622580645161	4.2348896393
0.625806451613	4.2353851667
0.629032258065	4.2358813124
0.632258064516	4.2363780757
0.635483870968	4.2368754562
0.638709677419	4.2373734533
0.641935483871	4.2378720665
0.645161290323	4.2383712953
0.648387096774	4.2388711392
0.651612903226	4.2393715977
0.654838709677	4.2398726701
0.658064516129	4.2403743560
0.661290322581	4.2408766549
0.664516129032	4.2413795662
0.667741935484	4.2418830895
0.670967741935	4.2423872241
0.674193548387	4.2428919696
0.677419354839	4.2433973254
0.68064516129	4.2439032910
0.683870967742	4.2444098658
0.687096774194	4.2449170494
0.690322580645	4.2454248412
0.693548387097	4.2459332407
0.696774193548	4.2464422473
0.7	4.2469518605
0.703225806452	4.2474620798
0.706451612903	4.2479729047
0.709677419355	4.2484843345
0.712903225806	4.2489963689
0.716129032258	4.2495090072
0.71935483871	4.2500222489
0.722580645161	4.2505360934
0.725806451613	4.2510505403
0.729032258065	4.2515655891
0.732258064516	4.2520812390
0.735483870968	4.2525974898
0.738709677419	4.2531143407
0.741935483871	4.2536317912
0.745161290323	4.2541498409
0.748387096774	4.2546684892
0.751612903226	4.2551877355
0.754838709677	4.2557075794
0.758064516129	4.2562280202
0.761290322581	4.2567490574
0.764516129032	4.2572706905
0.767741935484	4.2577929190
0.770967741935	4.2583157423
0.774193548387	4.2588391598
0.777419354839	4.2593631711
0.78064516129	4.2598877755
0.783870967742	4.2604129726
0.787096774194	4.2609387618
0.790322580645	4.2614651426
0.793548387097	4.2619921144
0.796774193548	4.2625196766
0.8	4.2630478288
0.803225806452	4.2635765704
0.806451612903	4.2641059008
0.809677419355	4.2646358195
0.812903225806	4.2651663260
0.816129032258	4.2656974196
0.81935483871	4.2662291000
0.822580645161	4.2667613664
0.825806451613	4.2672942185
0.829032258065	4.2678276555
0.832258064516	4.2683616771
0.835483870968	4.2688962826
0.838709677419	4.2694314714
0.841935483871	4.2699672432
0.845161290323	4.2705035972
0.848387096774	4.2710405329
0.851612903226	4.2715780499
0.854838709677	4.2721161475
0.858064516129	4.2726548252
0.861290322581	4.2731940825
0.864516129032	4.2737339187
0.867741935484	4.2742743335
0.870967741935	4.2748153261
0.874193548387	4.2753568961
0.877419354839	4.2758990429
0.88064516129	4.2764417660
0.883870967742	4.2769850647
0.887096774194	4.2775289387
0.890322580645	4.2780733872
0.893548387097	4.2786184098
0.896774193548	4.2791640059
0.9	4.2797101750
0.903225806452	4.2802569165
0.906451612903	4.2808042298
0.909677419355	4.2813521144
0.912903225806	4.2819005698
0.916129032258	4.2824495954
0.91935483871	4.2829991906
0.922580645161	4.2835493550
0.925806451613	4.2841000878
0.929032258065	4.2846513887
0.932258064516	4.2852032570
0.935483870968	4.2857556922
0.938709677419	4.2863086937
0.941935483871	4.2868622610
0.945161290323	4.2874163935
0.948387096774	4.2879710907
0.951612903226	4.2885263520
0.954838709677	4.2890821769
0.958064516129	4.2896385648
0.961290322581	4.2901955151
0.964516129032	4.2907530274
0.967741935484	4.2913111010
0.970967741935	4.2918697354
0.974193548387	4.2924289300
0.977419354839	4.2929886843
0.98064516129	4.2935489978
0.983870967742	4.2941098698
0.987096774194	4.2946712999
0.990322580645	4.2952332874
0.993548387097	4.2957958318
0.996774193548	4.2963589326
1.0	4.2969225892
1.00322580645	4.2974868011
1.0064516129	4.2980515676
1.00967741935	4.2986168883
1.01290322581	4.2991827625
1.01612903226	4.2997491898
1.01935483871	4.3003161696
1.02258064516	4.3008837013
1.02580645161	4.3014517843
1.02903225806	4.3020204181
1.03225806452	4.3025896022
1.03548387097	4.3031593360
1.03870967742	4.3037296189
1.04193548387	4.3043004504
1.04516129032	4.3048718300
1.04838709677	4.3054437570
1.05161290323	4.3060162309
1.05483870968	4.3065892512
1.05806451613	4.3071628173
1.06129032258	4.3077369286
1.06451612903	4.3083115846
1.06774193548	4.3088867848
1.07096774194	4.3094625285
1.07419354839	4.3100388153
1.07741935484	4.3106156445
1.08064516129	4.3111930156
1.08387096774	4.3117709281
1.08709677419	4.3123493814
1.09032258065	4.3129283750
1.0935483871	4.3135079082
1.09677419355	4.3140879806
1.1	4.3146685916
1.10322580645	4.3152497405
1.1064516129	4.3158314270
1.10967741935	4.3164136503
1.11290322581	4.3169964101
1.11612903226	4.3175797056
1.11935483871	4.3181635363
1.12258064516	4.3187479018
1.12580645161	4.3193328014
1.12903225806	4.3199182345
1.13225806452	4.3205042007
1.13548387097	4.3210906994
1.13870967742	4.3216777300
1.14193548387	4.3222652919
1.14516129032	4.3228533846
1.14838709677	4.3234420076
1.15161290323	4.3240311603
1.15483870968	4.3246208421
1.15806451613	4.3252110526
1.16129032258	4.3258017910
1.16451612903	4.3263930569
1.16774193548	4.3269848498
1.17096774194	4.3275771690
1.17419354839	4.3281700140
1.17741935484	4.3287633843
1.18064516129	4.3293572793
1.18387096774	4.3299516985
1.18709677419	4.3305466412
1.19032258065	4.3311421071
1.1935483871	4.3317380954
1.19677419355	4.3323346056
1.2	4.3329316372
1.20322580645	4.3335291897
1.2064516129	4.3341272625
1.20967741935	4.3347258549
1.21290322581	4.3353249666
1.21612903226	4.3359245969
1.21935483871	4.3365247453
1.22258064516	4.3371254111
1.22580645161	4.3377265940
1.22903225806	4.3383282933
1.23225806452	4.3389305084
1.23548387097	4.3395332389
1.23870967742	4.3401364841
1.24193548387	4.3407402435
1.24516129032	4.3413445166
1.24838709677	4.3419493028
1.25161290323	4.3425546016
1.25483870968	4.3431604124
1.25806451613	4.3437667346
1.26129032258	4.3443735678
1.26451612903	4.3449809113
1.26774193548	4.3455887647
1.27096774194	4.3461971273
1.27419354839	4.3468059986
1.27741935484	4.3474153781
1.28064516129	4.3480252652
1.28387096774	4.3486356594
1.28709677419	4.3492465601
1.29032258065	4.3498579668
1.2935483871	4.3504698789
1.29677419355	4.3510822958
1.3	4.3516952172
1.30322580645	4.3523086423
1.3064516129	4.3529225706
1.30967741935	4.3535370016
1.31290322581	4.3541519348
1.31612903226	4.3547673696
1.31935483871	4.3553833054
1.32258064516	4.3559997418
1.32580645161	4.3566166781
1.32903225806	4.3572341138
1.33225806452	4.3578520484
1.33548387097	4.3584704814
1.33870967742	4.3590894121
1.34193548387	4.3597088401
1.34516129032	4.3603287648
1.34838709677	4.3609491856
1.35161290323	4.3615701020
1.35483870968	4.3621915135
1.35806451613	4.3628134196
1.36129032258	4.3634358196
1.36451612903	4.3640587131
1.36774193548	4.3646820994
1.37096774194	4.3653059782
1.37419354839	4.3659303487
1.37741935484	4.3665552106
1.38064516129	4.3671805632
1.38387096774	4.3678064059
1.38709677419	4.3684327384
1.39032258065	4.3690595600
1.3935483871	4.3696868701
1.39677419355	4.3703146683
1.4	4.3709429540
1.40322580645	4.3715717267
1.4064516129	4.3722009858
1.40967741935	4.3728307308
1.41290322581	4.3734609611
1.41612903226	4.3740916763
1.41935483871	4.3747228757
1.42258064516	4.3753545589
1.42580645161	4.3759867254
1.42903225806	4.3766193744
1.43225806452	4.3772525057
1.43548387097	4.3778861185
1.43870967742	4.3785202124
1.44193548387	4.3791547869
1.44516129032	4.3797898414
1.44838709677	4.3804253753
1.45161290323	4.3810613882
1.45483870968	4.3816978795
1.45806451613	4.3823348486
1.46129032258	4.3829722951
1.46451612903	4.3836102185
1.46774193548	4.3842486181
1.47096774194	4.3848874934
1.47419354839	4.3855268440
1.47741935484	4.3861666693
1.48064516129	4.3868069687
1.48387096774	4.3874477418
1.48709677419	4.3880889880
1.49032258065	4.3887307068
1.4935483871	4.3893728976
1.49677419355	4.3900155600
1.5	4.3906586933
1.50322580645	4.3913022972
1.5064516129	4.3919463709
1.50967741935	4.3925909141
1.51290322581	4.3932359262
1.51612903226	4.3938814067
1.51935483871	4.3945273550
1.52258064516	4.3951737706
1.52580645161	4.3958206531
1.52903225806	4.3964680018
1.53225806452	4.3971158163
1.53548387097	4.3977640960
1.53870967742	4.3984128404
1.54193548387	4.3990620490
1.54516129032	4.3997117213
1.54838709677	4.4003618568
1.55161290323	4.4010124549
1.55483870968	4.4016635151
1.55806451613	4.4023150368
1.56129032258	4.4029670197
1.56451612903	4.4036194631
1.56774193548	4.4042723666
1.57096774194	4.4049257296
1.57419354839	4.4055795516
1.57741935484	4.4062338321
1.58064516129	4.4068885706
1.58387096774	4.4075437665
1.58709677419	4.4081994194
1.59032258065	4.4088555287
1.5935483871	4.4095120940
1.59677419355	4.4101691147
1.6	4.4108265902
1.60322580645	4.4114845202
1.6064516129	4.4121429040
1.60967741935	4.4128017412
1.61290322581	4.4134610312
1.61612903226	4.4141207736
1.61935483871	4.4147809678
1.62258064516	4.4154416133
1.62580645161	4.4161027097
1.62903225806	4.4167642564
1.63225806452	4.4174262529
1.63548387097	4.4180886986
1.63870967742	4.4187515932
1.64193548387	4.4194149360
1.64516129032	4.4200787267
1.64838709677	4.4207429646
1.65161290323	4.4214076493
1.65483870968	4.4220727802
1.65806451613	4.4227383569
1.66129032258	4.4234043789
1.66451612903	4.4240708457
1.66774193548	4.4247377567
1.67096774194	4.4254051114
1.67419354839	4.4260729095
1.67741935484	4.4267411503
1.68064516129	4.4274098333
1.68387096774	4.4280789582
1.68709677419	4.4287485242
1.69032258065	4.4294185311
1.6935483871	4.4300889782
1.69677419355	4.4307598652
1.7	4.4314311913
1.70322580645	4.4321029563
1.7064516129	4.4327751596
1.70967741935	4.4334478007
1.71290322581	4.4341208791
1.71612903226	4.4347943943
1.71935483871	4.4354683458
1.72258064516	4.4361427332
1.72580645161	4.4368175559
1.72903225806	4.4374928134
1.73225806452	4.4381685053
1.73548387097	4.4388446311
1.73870967742	4.4395211903
1.74193548387	4.4401981824
1.74516129032	4.4408756068
1.74838709677	4.4415534633
1.75161290323	4.4422317511
1.75483870968	4.4429104699
1.75806451613	4.4435896192
1.76129032258	4.4442691985
1.76451612903	4.4449492072
1.76774193548	4.4456296450
1.77096774194	4.4463105113
1.77419354839	4.4469918057
1.77741935484	4.4476735277
1.78064516129	4.4483556767
1.78387096774	4.4490382524
1.78709677419	4.4497212542
1.79032258065	4.4504046817
1.7935483871	4.4510885344
1.79677419355	4.4517728118
1.8	4.4524575134
1.80322580645	4.4531426388
1.8064516129	4.4538281874
1.80967741935	4.4545141589
1.81290322581	4.4552005527
1.81612903226	4.4558873683
1.81935483871	4.4565746054
1.82258064516	4.4572622634
1.82580645161	4.4579503418
1.82903225806	4.4586388402
1.83225806452	4.4593277581
1.83548387097	4.4600170951
1.83870967742	4.4607068506
1.84193548387	4.4613970242
1.84516129032	4.4620876155
1.84838709677	4.4627786240
1.85161290323	4.4634700491
1.85483870968	4.4641618906
1.85806451613	4.4648541478
1.86129032258	4.4655468203
1.86451612903	4.4662399077
1.86774193548	4.4669334094
1.87096774194	4.4676273252
1.87419354839	4.4683216544
1.87741935484	4.4690163966
1.88064516129	4.4697115513
1.88387096774	4.4704071182
1.88709677419	4.4711030967
1.89032258065	4.4717994864
1.8935483871	4.4724962868
1.89677419355	4.4731934976
1.9	4.4738911181
1.90322580645	4.4745891480
1.9064516129	4.4752875868
1.90967741935	4.4759864341
1.91290322581	4.4766856894
1.91612903226	4.4773853523
1.91935483871	4.4780854223
1.92258064516	4.4787858989
1.92580645161	4.4794867818
1.92903225806	4.4801880704
1.93225806452	4.4808897644
1.93548387097	4.4815918632
1.93870967742	4.4822943665
1.94193548387	4.4829972738
1.94516129032	4.4837005846
1.94838709677	4.4844042985
1.95161290323	4.4851084151
1.95483870968	4.4858129339
1.95806451613	4.4865178545
1.96129032258	4.4872231764
1.96451612903	4.4879288992
1.96774193548	4.4886350225
1.97096774194	4.4893415459
1.97419354839	4.4900484688
1.97741935484	4.4907557908
1.98064516129	4.4914635116
1.98387096774	4.4921716307
1.98709677419	4.4928801476
1.99032258065	4.4935890620
1.9935483871	4.4942983733
1.99677419355	4.4950080812
2.0	4.4957181852
2.00322580645	4.4964286850
2.0064516129	4.4971395800
2.00967741935	4.4978508698
2.01290322581	4.4985625541
2.01612903226	4.4992746324
2.01935483871	4.4999871042
2.02258064516	4.5006999692
2.02580645161	4.5014132269
2.02903225806	4.5021268768
2.03225806452	4.5028409187
2.03548387097	4.5035553520
2.03870967742	4.5042701764
2.04193548387	4.5049853914
2.04516129032	4.5057009966
2.04838709677	4.5064169916
2.05161290323	4.5071333759
2.05483870968	4.5078501492
2.05806451613	4.5085673110
2.06129032258	4.5092848609
2.06451612903	4.5100027986
2.06774193548	4.5107211236
2.07096774194	4.5114398354
2.07419354839	4.5121589337
2.07741935484	4.5128784181
2.08064516129	4.5135982881
2.08387096774	4.5143185434
2.08709677419	4.5150391836
2.09032258065	4.5157602081
2.0935483871	4.5164816168
2.09677419355	4.5172034090
2.1	4.5179255845
2.10322580645	4.5186481428
2.1064516129	4.5193710835
2.10967741935	4.5200944062
2.11290322581	4.5208181106
2.11612903226	4.5215421961
2.11935483871	4.5222666626
2.12258064516	4.5229915094
2.12580645161	4.5237167363
2.12903225806	4.5244423428
2.13225806452	4.5251683285
2.13548387097	4.5258946932
2.13870967742	4.5266214362
2.14193548387	4.5273485574
2.14516129032	4.5280760562
2.14838709677	4.5288039323
2.15161290323	4.5295321853
2.15483870968	4.5302608148
2.15806451613	4.5309898205
2.16129032258	4.5317192019
2.16451612903	4.5324489586
2.16774193548	4.5331790903
2.17096774194	4.5339095967
2.17419354839	4.5346404772
2.17741935484	4.5353717315
2.18064516129	4.5361033593
2.18387096774	4.5368353602
2.18709677419	4.5375677337
2.19032258065	4.5383004796
2.1935483871	4.5390335974
2.19677419355	4.5397670868
2.2	4.5405009474
2.20322580645	4.5412351788
2.2064516129	4.5419697806
2.20967741935	4.5427047525
2.21290322581	4.5434400941
2.21612903226	4.5441758050
2.21935483871	4.5449118850
2.22258064516	4.5456483335
2.22580645161	4.5463851502
2.22903225806	4.5471223348
2.23225806452	4.5478598870
2.23548387097	4.5485978062
2.23870967742	4.5493360923
2.24193548387	4.5500747447
2.24516129032	4.5508137632
2.24838709677	4.5515531475
2.25161290323	4.5522928970
2.25483870968	4.5530330116
2.25806451613	4.5537734908
2.26129032258	4.5545143342
2.26451612903	4.5552555416
2.26774193548	4.5559971126
2.27096774194	4.5567390468
2.27419354839	4.5574813438
2.27741935484	4.5582240034
2.28064516129	4.5589670251
2.28387096774	4.5597104086
2.28709677419	4.5604541537
2.29032258065	4.5611982598
2.2935483871	4.5619427268
2.29677419355	4.5626875542
2.3	4.5634327417
2.30322580645	4.5641782889
2.3064516129	4.5649241956
2.30967741935	4.5656704613
2.31290322581	4.5664170858
2.31612903226	4.5671640687
2.31935483871	4.5679114097
2.32258064516	4.5686591084
2.32580645161	4.5694071646
2.32903225806	4.5701555778
2.33225806452	4.5709043477
2.33548387097	4.5716534740
2.33870967742	4.5724029565
2.34193548387	4.5731527947
2.34516129032	4.5739029883
2.34838709677	4.5746535370
2.35161290323	4.5754044405
2.35483870968	4.5761556984
2.35806451613	4.5769073105
2.36129032258	4.5776592764
2.36451612903	4.5784115958
2.36774193548	4.5791642683
2.37096774194	4.5799172937
2.37419354839	4.5806706717
2.37741935484	4.5814244018
2.38064516129	4.5821784839
2.38387096774	4.5829329176
2.38709677419	4.5836877026
2.39032258065	4.5844428385
2.3935483871	4.5851983251
2.39677419355	4.5859541621
2.4	4.5867103491
2.40322580645	4.5874668858
2.4064516129	4.5882237720
2.40967741935	4.5889810073
2.41290322581	4.5897385915
2.41612903226	4.5904965241
2.41935483871	4.5912548051
2.42258064516	4.5920134339
2.42580645161	4.5927724104
2.42903225806	4.5935317342
2.43225806452	4.5942914050
2.43548387097	4.5950514226
2.43870967742	4.5958117867
2.44193548387	4.5965724969
2.44516129032	4.5973335530
2.44838709677	4.5980949547
2.45161290323	4.5988567017
2.45483870968	4.5996187937
2.45806451613	4.6003812304
2.46129032258	4.6011440115
2.46451612903	4.6019071369
2.46774193548	4.6026706060
2.47096774194	4.6034344188
2.47419354839	4.6041985749
2.47741935484	4.6049630741
2.48064516129	4.6057279159
2.48387096774	4.6064931003
2.48709677419	4.6072586269
2.49032258065	4.6080244955
2.4935483871	4.6087907057
2.49677419355	4.6095572572
2.5	4.6103241500
2.50322580645	4.6110913836
2.5064516129	4.6118589577
2.50967741935	4.6126268722
2.51290322581	4.6133951268
2.51612903226	4.6141637212
2.51935483871	4.6149326551
2.52258064516	4.6157019283
2.52580645161	4.6164715405
2.52903225806	4.6172414915
2.53225806452	4.6180117810
2.53548387097	4.6187824088
2.53870967742	4.6195533745
2.54193548387	4.6203246780
2.54516129032	4.6210963190
2.54838709677	4.6218682973
2.55161290323	4.6226406125
2.55483870968	4.6234132646
2.55806451613	4.6241862531
2.56129032258	4.6249595779
2.56451612903	4.6257332387
2.56774193548	4.6265072353
2.57096774194	4.6272815674
2.57419354839	4.6280562349
2.57741935484	4.6288312374
2.58064516129	4.6296065748
2.58387096774	4.6303822467
2.58709677419	4.6311582531
2.59032258065	4.6319345935
2.5935483871	4.6327112679
2.59677419355	4.6334882759
2.6	4.6342656174
2.60322580645	4.6350432921
2.6064516129	4.6358212999
2.60967741935	4.6365996404
2.61290322581	4.6373783134
2.61612903226	4.6381573188
2.61935483871	4.6389366563
2.62258064516	4.6397163257
2.62580645161	4.6404963268
2.62903225806	4.6412766594
2.63225806452	4.6420573232
2.63548387097	4.6428383181
2.63870967742	4.6436196438
2.64193548387	4.6444013002
2.64516129032	4.6451832870
2.64838709677	4.6459656040
2.65161290323	4.6467482510
2.65483870968	4.6475312278
2.65806451613	4.6483145343
2.66129032258	4.6490981701
2.66451612903	4.6498821352
2.66774193548	4.6506664293
2.67096774194	4.6514510522
2.67419354839	4.6522360038
2.67741935484	4.6530212838
2.68064516129	4.6538068921
2.68387096774	4.6545928284
2.68709677419	4.6553790926
2.69032258065	4.6561656845
2.6935483871	4.6569526039
2.69677419355	4.6577398506
2.7	4.6585274245
2.70322580645	4.6593153253
2.7064516129	4.6601035529
2.70967741935	4.6608921072
2.71290322581	4.6616809879
2.71612903226	4.6624701948
2.71935483871	4.6632597279
2.72258064516	4.6640495869
2.72580645161	4.6648397716
2.72903225806	4.6656302820
2.73225806452	4.6664211177
2.73548387097	4.6672122788
2.73870967742	4.6680037649
2.74193548387	4.6687955760
2.74516129032	4.6695877119
2.74838709677	4.6703801724
2.75161290323	4.6711729574
2.75483870968	4.6719660667
2.75806451613	4.6727595002
2.76129032258	4.6735532577
2.76451612903	4.6743473391
2.76774193548	4.6751417443
2.77096774194	4.6759364730
2.77419354839	4.6767315252
2.77741935484	4.6775269006
2.78064516129	4.6783225993
2.78387096774	4.6791186210
2.78709677419	4.6799149655
2.79032258065	4.6807116329
2.7935483871	4.6815086228
2.79677419355	4.6823059353
2.8	4.6831035701
2.80322580645	4.6839015272
2.8064516129	4.6846998064
2.80967741935	4.6854984076
2.81290322581	4.6862973307
2.81612903226	4.6870965755
2.81935483871	4.6878961419
2.82258064516	4.6886960299
2.82580645161	4.6894962393
2.82903225806	4.6902967700
2.83225806452	4.6910976219
2.83548387097	4.6918987948
2.83870967742	4.6927002888
2.84193548387	4.6935021035
2.84516129032	4.6943042391
2.84838709677	4.6951066953
2.85161290323	4.6959094721
2.85483870968	4.6967125693
2.85806451613	4.6975159870
2.86129032258	4.6983197249
2.86451612903	4.6991237829
2.86774193548	4.6999281611
2.87096774194	4.7007328593
2.87419354839	4.7015378774
2.87741935484	4.7023432154
2.88064516129	4.7031488731
2.88387096774	4.7039548505
2.88709677419	4.7047611475
2.89032258065	4.7055677640
2.8935483871	4.7063747000
2.89677419355	4.7071819554
2.9	4.7079895301
2.90322580645	4.7087974240
2.9064516129	4.7096056371
2.90967741935	4.7104141693
2.91290322581	4.7112230206
2.91612903226	4.7120321908
2.91935483871	4.7128416800
2.92258064516	4.7136514881
2.92580645161	4.7144616150
2.92903225806	4.7152720607
2.93225806452	4.7160828252
2.93548387097	4.7168939083
2.93870967742	4.7177053100
2.94193548387	4.7185170303
2.94516129032	4.7193290692
2.94838709677	4.7201414267
2.95161290323	4.7209541026
2.95483870968	4.7217670969
2.95806451613	4.7225804097
2.96129032258	4.7233940408
2.96451612903	4.7242079903
2.96774193548	4.7250222581
2.97096774194	4.7258368443
2.97419354839	4.7266517487
2.97741935484	4.7274669715
2.98064516129	4.7282825124
2.98387096774	4.7290983716
2.98709677419	4.7299145491
2.99032258065	4.7307310447
2.9935483871	4.7315478586
2.99677419355	4.7323649907
3.0	4.7331824410
3.00322580645	4.7340002095
3.0064516129	4.7348182962
3.00967741935	4.7356367012
3.01290322581	4.7364554243
3.01612903226	4.7372744657
3.01935483871	4.7380938254
3.02258064516	4.7389135033
3.02580645161	4.7397334994
3.02903225806	4.7405538139
3.03225806452	4.7413744467
3.03548387097	4.7421953978
3.03870967742	4.7430166673
3.04193548387	4.7438382552
3.04516129032	4.7446601615
3.04838709677	4.7454823863
3.05161290323	4.7463049295
3.05483870968	4.7471277914
3.05806451613	4.7479509717
3.06129032258	4.7487744708
3.06451612903	4.7495982884
3.06774193548	4.7504224248
3.07096774194	4.7512468800
3.07419354839	4.7520716540
3.07741935484	4.7528967469
3.08064516129	4.7537221587
3.08387096774	4.7545478896
3.08709677419	4.7553739395
3.09032258065	4.7562003085
3.0935483871	4.7570269968
3.09677419355	4.7578540043
3.1	4.7586813312
3.10322580645	4.7595089776
3.1064516129	4.7603369434
3.10967741935	4.7611652289
3.11290322581	4.7619938340
3.11612903226	4.7628227590
3.11935483871	4.7636520038
3.12258064516	4.7644815685
3.12580645161	4.7653114534
3.12903225806	4.7661416584
3.13225806452	4.7669721837
3.13548387097	4.7678030293
3.13870967742	4.7686341955
3.14193548387	4.7694656822
3.14516129032	4.7702974897
3.14838709677	4.7711296180
3.15161290323	4.7719620672
3.15483870968	4.7727948376
3.15806451613	4.7736279291
3.16129032258	4.7744613420
3.16451612903	4.7752950764
3.16774193548	4.7761291324
3.17096774194	4.7769635101
3.17419354839	4.7777982097
3.17741935484	4.7786332314
3.18064516129	4.7794685753
3.18387096774	4.7803042415
3.18709677419	4.7811402302
3.19032258065	4.7819765415
3.1935483871	4.7828131757
3.19677419355	4.7836501328
3.2	4.7844874132
3.20322580645	4.7853250168
3.2064516129	4.7861629439
3.20967741935	4.7870011947
3.21290322581	4.7878397694
3.21612903226	4.7886786681
3.21935483871	4.7895178911
3.22258064516	4.7903574385
3.22580645161	4.7911973105
3.22903225806	4.7920375073
3.23225806452	4.7928780291
3.23548387097	4.7937188762
3.23870967742	4.7945600487
3.24193548387	4.7954015468
3.24516129032	4.7962433708
3.24838709677	4.7970855209
3.25161290323	4.7979279973
3.25483870968	4.7987708003
3.25806451613	4.7996139300
3.26129032258	4.8004573867
3.26451612903	4.8013011706
3.26774193548	4.8021452820
3.27096774194	4.8029897212
3.27419354839	4.8038344883
3.27741935484	4.8046795836
3.28064516129	4.8055250074
3.28387096774	4.8063707600
3.28709677419	4.8072168416
3.29032258065	4.8080632524
3.2935483871	4.8089099928
3.29677419355	4.8097570630
3.3	4.8106044633
3.30322580645	4.8114521940
3.3064516129	4.8123002554
3.30967741935	4.8131486478
3.31290322581	4.8139973714
3.31612903226	4.8148464265
3.31935483871	4.8156958136
3.32258064516	4.8165455328
3.32580645161	4.8173955845
3.32903225806	4.8182459690
3.33225806452	4.8190966867
3.33548387097	4.8199477378
3.33870967742	4.8207991226
3.34193548387	4.8216508416
3.34516129032	4.8225028951
3.34838709677	4.8233552833
3.35161290323	4.8242080067
3.35483870968	4.8250610656
3.35806451613	4.8259144603
3.36129032258	4.8267681913
3.36451612903	4.8276222588
3.36774193548	4.8284766633
3.37096774194	4.8293314051
3.37419354839	4.8301864846
3.37741935484	4.8310419021
3.38064516129	4.8318976582
3.38387096774	4.8327537531
3.38709677419	4.8336101873
3.39032258065	4.8344669611
3.3935483871	4.8353240751
3.39677419355	4.8361815295
3.4	4.8370393248
3.40322580645	4.8378974614
3.4064516129	4.8387559398
3.40967741935	4.8396147604
3.41290322581	4.8404739236
3.41612903226	4.8413334298
3.41935483871	4.8421932796
3.42258064516	4.8430534734
3.42580645161	4.8439140115
3.42903225806	4.8447748946
3.43225806452	4.8456361230
3.43548387097	4.8464976973
3.43870967742	4.8473596178
3.44193548387	4.8482218852
3.44516129032	4.8490844999
3.44838709677	4.8499474623
3.45161290323	4.8508107730
3.45483870968	4.8516744325
3.45806451613	4.8525384413
3.46129032258	4.8534028000
3.46451612903	4.8542675090
3.46774193548	4.8551325688
3.47096774194	4.8559979801
3.47419354839	4.8568637434
3.47741935484	4.8577298591
3.48064516129	4.8585963279
3.48387096774	4.8594631503
3.48709677419	4.8603303269
3.49032258065	4.8611978583
3.4935483871	4.8620657450
3.49677419355	4.8629339877
3.5	4.8638025868
3.50322580645	4.8646715431
3.5064516129	4.8655408570
3.50967741935	4.8664105293
3.51290322581	4.8672805606
3.51612903226	4.8681509514
3.51935483871	4.8690217024
3.52258064516	4.8698928142
3.52580645161	4.8707642875
3.52903225806	4.8716361229
3.53225806452	4.8725083211
3.53548387097	4.8733808828
3.53870967742	4.8742538086
3.54193548387	4.8751270992
3.54516129032	4.8760007553
3.54838709677	4.8768747775
3.55161290323	4.8777491666
3.55483870968	4.8786239233
3.55806451613	4.8794990483
3.56129032258	4.8803745424
3.56451612903	4.8812504062
3.56774193548	4.8821266404
3.57096774194	4.8830032459
3.57419354839	4.8838802234
3.57741935484	4.8847575737
3.58064516129	4.8856352974
3.58387096774	4.8865133955
3.58709677419	4.8873918686
3.59032258065	4.8882707176
3.5935483871	4.8891499432
3.59677419355	4.8900295464
3.6	4.8909095278
3.60322580645	4.8917898884
3.6064516129	4.8926706289
3.60967741935	4.8935517502
3.61290322581	4.8944332532
3.61612903226	4.8953151386
3.61935483871	4.8961974075
3.62258064516	4.8970800606
3.62580645161	4.8979630989
3.62903225806	4.8988465232
3.63225806452	4.8997303344
3.63548387097	4.9006145335
3.63870967742	4.9014991214
3.64193548387	4.9023840991
3.64516129032	4.9032694674
3.64838709677	4.9041552273
3.65161290323	4.9050413797
3.65483870968	4.9059279258
3.65806451613	4.9068148663
3.66129032258	4.9077022024
3.66451612903	4.9085899351
3.66774193548	4.9094780652
3.67096774194	4.9103665940
3.67419354839	4.9112555223
3.67741935484	4.9121448513
3.68064516129	4.9130345820
3.68387096774	4.9139247154
3.68709677419	4.9148152527
3.69032258065	4.9157061949
3.6935483871	4.9165975432
3.69677419355	4.9174892986
3.7	4.9183814622
3.70322580645	4.9192740353
3.7064516129	4.9201670189
3.70967741935	4.9210604142
3.71290322581	4.9219542224
3.71612903226	4.9228484446
3.71935483871	4.9237430821
3.72258064516	4.9246381360
3.72580645161	4.9255336076
3.72903225806	4.9264294981
3.73225806452	4.9273258088
3.73548387097	4.9282225409
3.73870967742	4.9291196956
3.74193548387	4.9300172743
3.74516129032	4.9309152782
3.74838709677	4.9318137087
3.75161290323	4.9327125671
3.75483870968	4.9336118547
3.75806451613	4.9345115729
3.76129032258	4.9354117231
3.76451612903	4.9363123065
3.76774193548	4.9372133247
3.77096774194	4.9381147790
3.77419354839	4.9390166709
3.77741935484	4.9399190018
3.78064516129	4.9408217731
3.78387096774	4.9417249863
3.78709677419	4.9426286429
3.79032258065	4.9435327445
3.7935483871	4.9444372924
3.79677419355	4.9453422884
3.8	4.9462477338
3.80322580645	4.9471536303
3.8064516129	4.9480599795
3.80967741935	4.9489667830
3.81290322581	4.9498740423
3.81612903226	4.9507817591
3.81935483871	4.9516899351
3.82258064516	4.9525985720
3.82580645161	4.9535076714
3.82903225806	4.9544172350
3.83225806452	4.9553272647
3.83548387097	4.9562377620
3.83870967742	4.9571487288
3.84193548387	4.9580601669
3.84516129032	4.9589720780
3.84838709677	4.9598844640
3.85161290323	4.9607973268
3.85483870968	4.9617106682
3.85806451613	4.9626244901
3.86129032258	4.9635387944
3.86451612903	4.9644535830
3.86774193548	4.9653688579
3.87096774194	4.9662846210
3.87419354839	4.9672008744
3.87741935484	4.9681176200
3.88064516129	4.9690348599
3.88387096774	4.9699525963
3.88709677419	4.9708708310
3.89032258065	4.9717895663
3.8935483871	4.9727088044
3.89677419355	4.9736285472
3.9	4.9745487972
3.90322580645	4.9754695563
3.9064516129	4.9763908270
3.90967741935	4.9773126114
3.91290322581	4.9782349119
3.91612903226	4.9791577307
3.91935483871	4.9800810703
3.92258064516	4.9810049329
3.92580645161	4.9819293209
3.92903225806	4.9828542369
3.93225806452	4.9837796832
3.93548387097	4.9847056624
3.93870967742	4.9856321769
3.94193548387	4.9865592293
3.94516129032	4.9874868222
3.94838709677	4.9884149582
3.95161290323	4.9893436400
3.95483870968	4.9902728701
3.95806451613	4.9912026513
3.96129032258	4.9921329865
3.96451612903	4.9930638782
3.96774193548	4.9939953294
3.97096774194	4.9949273428
3.97419354839	4.9958599215
3.97741935484	4.9967930682
3.98064516129	4.9977267859
3.98387096774	4.9986610776
3.98709677419	4.9995959465
3.99032258065	5.0005313954
3.9935483871	5.0014674276
3.99677419355	5.0024040461
4.0	5.0033412542
4.00322580645	5.0042790551
4.0064516129	5.0052174521
4.00967741935	5.0061564485
4.01290322581	5.0070960477
4.01612903226	5.0080362530
4.01935483871	5.0089770679
4.02258064516	5.0099184959
4.02580645161	5.0108605407
4.02903225806	5.0118032056
4.03225806452	5.0127464945
4.03548387097	5.0136904109
4.03870967742	5.0146349587
4.04193548387	5.0155801417
4.04516129032	5.0165259636
4.04838709677	5.0174724284
4.05161290323	5.0184195401
4.05483870968	5.0193673027
4.05806451613	5.0203157202
4.06129032258	5.0212647968
4.06451612903	5.0222145366
4.06774193548	5.0231649440
4.07096774194	5.0241160233
4.07419354839	5.0250677787
4.07741935484	5.0260202149
4.08064516129	5.0269733362
4.08387096774	5.0279271472
4.08709677419	5.0288816527
4.09032258065	5.0298368573
4.0935483871	5.0307927658
4.09677419355	5.0317493831
4.1	5.0327067142
4.10322580645	5.0336647639
4.1064516129	5.0346235375
4.10967741935	5.0355830401
4.11290322581	5.0365432769
4.11612903226	5.0375042534
4.11935483871	5.0384659749
4.12258064516	5.0394284470
4.12580645161	5.0403916752
4.12903225806	5.0413556653
4.13225806452	5.0423204230
4.13548387097	5.0432859543
4.13870967742	5.0442522651
4.14193548387	5.0452193615
4.14516129032	5.0461872497
4.14838709677	5.0471559361
4.15161290323	5.0481254270
4.15483870968	5.0490957289
4.15806451613	5.0500668486
4.16129032258	5.0510387927
4.16451612903	5.0520115681
4.16774193548	5.0529851818
4.17096774194	5.0539596410
4.17419354839	5.0549349529
4.17741935484	5.0559111250
4.18064516129	5.0568881646
4.18387096774	5.0578660796
4.18709677419	5.0588448778
4.19032258065	5.0598245670
4.1935483871	5.0608051555
4.19677419355	5.0617866515
4.2	5.0627690635
4.20322580645	5.0637524000
4.2064516129	5.0647366699
4.20967741935	5.0657218822
4.21290322581	5.0667080460
4.21612903226	5.0676951705
4.21935483871	5.0686832655
4.22258064516	5.0696723405
4.22580645161	5.0706624056
4.22903225806	5.0716534709
4.23225806452	5.0726455468
4.23548387097	5.0736386439
4.23870967742	5.0746327731
4.24193548387	5.0756279453
4.24516129032	5.0766241721
4.24838709677	5.0776214649
4.25161290323	5.0786198357
4.25483870968	5.0796192966
4.25806451613	5.0806198600
4.26129032258	5.0816215388
4.26451612903	5.0826243459
4.26774193548	5.0836282947
4.27096774194	5.0846333990
4.27419354839	5.0856396728
4.27741935484	5.0866471305
4.28064516129	5.0876557870
4.28387096774	5.0886656574
4.28709677419	5.0896767573
4.29032258065	5.0906891028
4.2935483871	5.0917027103
4.29677419355	5.0927175967
4.3	5.0937337795
4.30322580645	5.0947512766
4.3064516129	5.0957701063
4.30967741935	5.0967902876
4.31290322581	5.0978118402
4.31612903226	5.0988347841
4.31935483871	5.0998591401
4.32258064516	5.1008849296
4.32580645161	5.1019121748
4.32903225806	5.1029408985
4.33225806452	5.1039711243
4.33548387097	5.1050028766
4.33870967742	5.1060361807
4.34193548387	5.1070710627
4.34516129032	5.1081075496
4.34838709677	5.1091456696
4.35161290323	5.1101854517
4.35483870968	5.1112269262
4.35806451613	5.1122701245
4.36129032258	5.1133150793
4.36451612903	5.1143618244
4.36774193548	5.1154103953
4.37096774194	5.1164608289
4.37419354839	5.1175131638
4.37741935484	5.1185674400
4.38064516129	5.1196236997
4.38387096774	5.1206819870
4.38709677419	5.1217423479
4.39032258065	5.1228048310
4.3935483871	5.1238694871
4.39677419355	5.1249363698
4.4	5.1260055357
4.40322580645	5.1270770444
4.4064516129	5.1281509589
4.40967741935	5.1292273460
4.41290322581	5.1303062768
4.41612903226	5.1313878267
4.41935483871	5.1324720761
4.42258064516	5.1335591110
4.42580645161	5.1346490237
4.42903225806	5.1357419132
4.43225806452	5.1368378863
4.43548387097	5.1379370586
4.43870967742	5.1390395554
4.44193548387	5.1401455137
4.44516129032	5.1412550832
4.44838709677	5.1423684290
4.45161290323	5.1434857337
4.45483870968	5.1446072012
4.45806451613	5.1457330599
4.46129032258	5.1468635690
4.46451612903	5.1479990246
4.46774193548	5.1491397695
4.47096774194	5.1502862059
4.47419354839	5.1514388137
4.47741935484	5.1525981777
4.48064516129	5.1537650300
4.48387096774	5.1549403193
4.48709677419	5.1561253374
4.49032258065	5.1573219730
4.4935483871	5.1585333349
4.49677419355	5.1597659066
4.5	5.1610814785
4.50322580645	5.1624799685
4.5064516129	5.1638997543
4.50967741935	5.1653345017
4.51290322581	5.1667811261
4.51612903226	5.1682377493
4.51935483871	5.1697030834
4.52258064516	5.1711761787
4.52580645161	5.1726562987
4.52903225806	5.1741428511
4.53225806452	5.1756353460
4.53548387097	5.1771333692
4.53870967742	5.1786365636
4.54193548387	5.1801446170
4.54516129032	5.1816572525
4.54838709677	5.1831742221
4.55161290323	5.1846953011
4.55483870968	5.1862202842
4.55806451613	5.1877489826
4.56129032258	5.1892812209
4.56451612903	5.1908168359
4.56774193548	5.1923556739
4.57096774194	5.1938975905
4.57419354839	5.1954424483
4.57741935484	5.1969901168
4.58064516129	5.1985404712
4.58387096774	5.2000933919
4.58709677419	5.2016487635
4.59032258065	5.2032064749
4.5935483871	5.2047664186
4.59677419355	5.2063284901
4.6	5.2078925880
4.60322580645	5.2094586135
4.6064516129	5.2110264700
4.60967741935	5.2125960634
4.61290322581	5.2141673012
4.61612903226	5.2157400932
4.61935483871	5.2173143506
4.62258064516	5.2188899863
4.62580645161	5.2204669147
4.62903225806	5.2220450519
4.63225806452	5.2236243149
4.63548387097	5.2252046224
4.63870967742	5.2267858942
4.64193548387	5.2283680516
4.64516129032	5.2299510167
4.64838709677	5.2315347133
4.65161290323	5.2331190661
4.65483870968	5.2347040013
4.65806451613	5.2362894463
4.66129032258	5.2378753296
4.66451612903	5.2394615815
4.66774193548	5.2410481336
4.67096774194	5.2426349189
4.67419354839	5.2442218724
4.67741935484	5.2458089311
4.68064516129	5.2473960343
4.68387096774	5.2489831239
4.68709677419	5.2505701452
4.69032258065	5.2521570479
4.6935483871	5.2537437866
4.69677419355	5.2553303229
4.7	5.2569166236
4.70322580645	5.2585026579
4.7064516129	5.2600883969
4.70967741935	5.2616738130
4.71290322581	5.2632588796
4.71612903226	5.2648435715
4.71935483871	5.2664278644
4.72258064516	5.2680117350
4.72580645161	5.2695951607
4.72903225806	5.2711781198
4.73225806452	5.2727605913
4.73548387097	5.2743425549
4.73870967742	5.2759239911
4.74193548387	5.2775048809
4.74516129032	5.2790852059
4.74838709677	5.2806649482
4.75161290323	5.2822440906
4.75483870968	5.2838226164
4.75806451613	5.2854005093
4.76129032258	5.2869777534
4.76451612903	5.2885543334
4.76774193548	5.2901302345
4.77096774194	5.2917054421
4.77419354839	5.2932799421
4.77741935484	5.2948537208
4.78064516129	5.2964267650
4.78387096774	5.2979990615
4.78709677419	5.2995705979
4.79032258065	5.3011413617
4.7935483871	5.3027113409
4.79677419355	5.3042805241
4.8	5.3058488996
4.80322580645	5.3074164566
4.8064516129	5.3089831841
4.80967741935	5.3105490717
4.81290322581	5.3121141091
4.81612903226	5.3136782863
4.81935483871	5.3152415935
4.82258064516	5.3168040212
4.82580645161	5.3183655601
4.82903225806	5.3199262013
4.83225806452	5.3214859358
4.83548387097	5.3230447549
4.83870967742	5.3246026505
4.84193548387	5.3261596140
4.84516129032	5.3277156377
4.84838709677	5.3292707137
4.85161290323	5.3308248342
4.85483870968	5.3323779920
4.85806451613	5.3339301796
4.86129032258	5.3354813900
4.86451612903	5.3370316162
4.86774193548	5.3385808515
4.87096774194	5.3401290893
4.87419354839	5.3416763231
4.87741935484	5.3432225465
4.88064516129	5.3447677535
4.88387096774	5.3463119379
4.88709677419	5.3478550940
4.89032258065	5.3493972160
4.8935483871	5.3509382982
4.89677419355	5.3524783352
4.9	5.3540173217
4.90322580645	5.3555552525
4.9064516129	5.3570921223
4.90967741935	5.3586279263
4.91290322581	5.3601626596
4.91612903226	5.3616963175
4.91935483871	5.3632288952
4.92258064516	5.3647603883
4.92580645161	5.3662907923
4.92903225806	5.3678201029
4.93225806452	5.3693483160
4.93548387097	5.3708754273
4.93870967742	5.3724014328
4.94193548387	5.3739263288
4.94516129032	5.3754501112
4.94838709677	5.3769727763
4.95161290323	5.3784943206
4.95483870968	5.3800147405
4.95806451613	5.3815340324
4.96129032258	5.3830521929
4.96451612903	5.3845692189
4.96774193548	5.3860851069
4.97096774194	5.3875998540
4.97419354839	5.3891134570
4.97741935484	5.3906259129
4.98064516129	5.3921372187
4.98387096774	5.3936473717
4.98709677419	5.3951563691
4.99032258065	5.3966642082
4.9935483871	5.3981708862
4.99677419355	5.3996764007
5.0	5.4011807492
5.00322580645	5.4026839291
5.0064516129	5.4041859382
5.00967741935	5.4056867741
5.01290322581	5.4071864345
5.01612903226	5.4086849173
5.01935483871	5.4101822204
5.02258064516	5.4116783416
5.02580645161	5.4131732789
5.02903225806	5.4146670304
5.03225806452	5.4161595942
5.03548387097	5.4176509684
5.03870967742	5.4191411512
5.04193548387	5.4206301409
5.04516129032	5.4221179358
5.04838709677	5.4236045342
5.05161290323	5.4250899345
5.05483870968	5.4265741351
5.05806451613	5.4280571346
5.06129032258	5.4295389316
5.06451612903	5.4310195245
5.06774193548	5.4324989121
5.07096774194	5.4339770930
5.07419354839	5.4354540659
5.07741935484	5.4369298296
5.08064516129	5.4384043829
5.08387096774	5.4398777246
5.08709677419	5.4413498537
5.09032258065	5.4428207691
5.0935483871	5.4442904696
5.09677419355	5.4457589544
5.1	5.4472262225
5.10322580645	5.4486922729
5.1064516129	5.4501571048
5.10967741935	5.4516207173
5.11290322581	5.4530831097
5.11612903226	5.4545442810
5.11935483871	5.4560042306
5.12258064516	5.4574629578
5.12580645161	5.4589204619
5.12903225806	5.4603767422
5.13225806452	5.4618317982
5.13548387097	5.4632856291
5.13870967742	5.4647382346
5.14193548387	5.4661896141
5.14516129032	5.4676397670
5.14838709677	5.4690886930
5.15161290323	5.4705363915
5.15483870968	5.4719828623
5.15806451613	5.4734281048
5.16129032258	5.4748721187
5.16451612903	5.4763149038
5.16774193548	5.4777564597
5.17096774194	5.4791967861
5.17419354839	5.4806358829
5.17741935484	5.4820737498
5.18064516129	5.4835103865
5.18387096774	5.4849457930
5.18709677419	5.4863799690
5.19032258065	5.4878129145
5.1935483871	5.4892446293
5.19677419355	5.4906751134
5.2	5.4921043667
5.20322580645	5.4935323892
5.2064516129	5.4949591809
5.20967741935	5.4963847418
5.21290322581	5.4978090718
5.21612903226	5.4992321712
5.21935483871	5.5006540398
5.22258064516	5.5020746780
5.22580645161	5.5034940856
5.22903225806	5.5049122629
5.23225806452	5.5063292101
5.23548387097	5.5077449273
5.23870967742	5.5091594146
5.24193548387	5.5105726724
5.24516129032	5.5119847007
5.24838709677	5.5133955000
5.25161290323	5.5148050703
5.25483870968	5.5162134121
5.25806451613	5.5176205255
5.26129032258	5.5190264110
5.26451612903	5.5204310688
5.26774193548	5.5218344992
5.27096774194	5.5232367027
5.27419354839	5.5246376797
5.27741935484	5.5260374304
5.28064516129	5.5274359553
5.28387096774	5.5288332548
5.28709677419	5.5302293295
5.29032258065	5.5316241796
5.2935483871	5.5330178057
5.29677419355	5.5344102082
5.3	5.5358013877
5.30322580645	5.5371913446
5.3064516129	5.5385800795
5.30967741935	5.5399675929
5.31290322581	5.5413538854
5.31612903226	5.5427389574
5.31935483871	5.5441228096
5.32258064516	5.5455054425
5.32580645161	5.5468868568
5.32903225806	5.5482670530
5.33225806452	5.5496460318
5.33548387097	5.5510237938
5.33870967742	5.5524003396
5.34193548387	5.5537756699
5.34516129032	5.5551497854
5.34838709677	5.5565226866
5.35161290323	5.5578943744
5.35483870968	5.5592648493
5.35806451613	5.5606341122
5.36129032258	5.5620021636
5.36451612903	5.5633690045
5.36774193548	5.5647346353
5.37096774194	5.5660990570
5.37419354839	5.5674622703
5.37741935484	5.5688242759
5.38064516129	5.5701850746
5.38387096774	5.5715446672
5.38709677419	5.5729030545
5.39032258065	5.5742602372
5.3935483871	5.5756162163
5.39677419355	5.5769709924
5.4	5.5783245665
5.40322580645	5.5796769393
5.4064516129	5.5810281117
5.40967741935	5.5823780845
5.41290322581	5.5837268587
5.41612903226	5.5850744351
5.41935483871	5.5864208144
5.42258064516	5.5877659977
5.42580645161	5.5891099858
5.42903225806	5.5904527796
5.43225806452	5.5917943801
5.43548387097	5.5931347880
5.43870967742	5.5944740043
5.44193548387	5.5958120300
5.44516129032	5.5971488660
5.44838709677	5.5984845131
5.45161290323	5.5998189725
5.45483870968	5.6011522449
5.45806451613	5.6024843314
5.46129032258	5.6038152329
5.46451612903	5.6051449503
5.46774193548	5.6064734847
5.47096774194	5.6078008371
5.47419354839	5.6091270083
5.47741935484	5.6104519995
5.48064516129	5.6117758116
5.48387096774	5.6130984455
5.48709677419	5.6144199023
5.49032258065	5.6157401831
5.4935483871	5.6170592888
5.49677419355	5.6183772204
5.5	5.6196939595
5.50322580645	5.6210091210
5.5064516129	5.6223227076
5.50967741935	5.6236347218
5.51290322581	5.6249451657
5.51612903226	5.6262540416
5.51935483871	5.6275613517
5.52258064516	5.6288670983
5.52580645161	5.6301712838
5.52903225806	5.6314739104
5.53225806452	5.6327749803
5.53548387097	5.6340744959
5.53870967742	5.6353724595
5.54193548387	5.6366688733
5.54516129032	5.6379637398
5.54838709677	5.6392570612
5.55161290323	5.6405488398
5.55483870968	5.6418390781
5.55806451613	5.6431277784
5.56129032258	5.6444149431
5.56451612903	5.6457005744
5.56774193548	5.6469846750
5.57096774194	5.6482672471
5.57419354839	5.6495482931
5.57741935484	5.6508278156
5.58064516129	5.6521058170
5.58387096774	5.6533822997
5.58709677419	5.6546572663
5.59032258065	5.6559307192
5.5935483871	5.6572026609
5.59677419355	5.6584730941
5.6	5.6597420211
5.60322580645	5.6610094447
5.6064516129	5.6622753674
5.60967741935	5.6635397918
5.61290322581	5.6648027206
5.61612903226	5.6660641563
5.61935483871	5.6673241016
5.62258064516	5.6685825593
5.62580645161	5.6698395320
5.62903225806	5.6710950224
5.63225806452	5.6723490333
5.63548387097	5.6736015674
5.63870967742	5.6748526276
5.64193548387	5.6761022166
5.64516129032	5.6773503372
5.64838709677	5.6785969923
5.65161290323	5.6798421847
5.65483870968	5.6810859174
5.65806451613	5.6823281931
5.66129032258	5.6835690149
5.66451612903	5.6848083857
5.66774193548	5.6860463084
5.67096774194	5.6872827861
5.67419354839	5.6885178216
5.67741935484	5.6897514181
5.68064516129	5.6909835785
5.68387096774	5.6922143060
5.68709677419	5.6934436035
5.69032258065	5.6946714742
5.6935483871	5.6958979211
5.69677419355	5.6971229473
5.7	5.6983465559
5.70322580645	5.6995687500
5.7064516129	5.7007895326
5.70967741935	5.7020089067
5.71290322581	5.7032268755
5.71612903226	5.7044434418
5.71935483871	5.7056586088
5.72258064516	5.7068723795
5.72580645161	5.7080847567
5.72903225806	5.7092957436
5.73225806452	5.7105053431
5.73548387097	5.7117135581
5.73870967742	5.7129203917
5.74193548387	5.7141258467
5.74516129032	5.7153299262
5.74838709677	5.7165326329
5.75161290323	5.7177339699
5.75483870968	5.7189339401
5.75806451613	5.7201325463
5.76129032258	5.7213297915
5.76451612903	5.7225256785
5.76774193548	5.7237202103
5.77096774194	5.7249133896
5.77419354839	5.7261052193
5.77741935484	5.7272957022
5.78064516129	5.7284848413
5.78387096774	5.7296726393
5.78709677419	5.7308590991
5.79032258065	5.7320442234
5.7935483871	5.7332280150
5.79677419355	5.7344104768
5.8	5.7355916115
5.80322580645	5.7367714220
5.8064516129	5.7379499108
5.80967741935	5.7391270809
5.81290322581	5.7403029350
5.81612903226	5.7414774758
5.81935483871	5.7426507060
5.82258064516	5.7438226283
5.82580645161	5.7449932455
5.82903225806	5.7461625603
5.83225806452	5.7473305753
5.83548387097	5.7484972933
5.83870967742	5.7496627169
5.84193548387	5.7508268489
5.84516129032	5.7519896917
5.84838709677	5.7531512482
5.85161290323	5.7543115210
5.85483870968	5.7554705126
5.85806451613	5.7566282258
5.86129032258	5.7577846631
5.86451612903	5.7589398272
5.86774193548	5.7600937206
5.87096774194	5.7612463460
5.87419354839	5.7623977059
5.87741935484	5.7635478030
5.88064516129	5.7646966397
5.88387096774	5.7658442187
5.88709677419	5.7669905426
5.89032258065	5.7681356138
5.8935483871	5.7692794349
5.89677419355	5.7704220084
5.9	5.7715633369
5.90322580645	5.7727034229
5.9064516129	5.7738422689
5.90967741935	5.7749798773
5.91290322581	5.7761162508
5.91612903226	5.7772513917
5.91935483871	5.7783853026
5.92258064516	5.7795179859
5.92580645161	5.7806494441
5.92903225806	5.7817796796
5.93225806452	5.7829086949
5.93548387097	5.7840364925
5.93870967742	5.7851630747
5.94193548387	5.7862884441
5.94516129032	5.7874126029
5.94838709677	5.7885355537
5.95161290323	5.7896572988
5.95483870968	5.7907778406
5.95806451613	5.7918971815
5.96129032258	5.7930153240
5.96451612903	5.7941322703
5.96774193548	5.7952480229
5.97096774194	5.7963625841
5.97419354839	5.7974759562
5.97741935484	5.7985881417
5.98064516129	5.7996991428
5.98387096774	5.8008089619
5.98709677419	5.8019176013
5.99032258065	5.8030250634
5.9935483871	5.8041313504
5.99677419355	5.8052364646
6.0	5.8063404084
6.00322580645	5.8074431841
6.0064516129	5.8085447938
6.00967741935	5.8096452400
6.01290322581	5.8107445249
6.01612903226	5.8118426506
6.01935483871	5.8129396197
6.02258064516	5.8140354341
6.02580645161	5.8151300963
6.02903225806	5.8162236084
6.03225806452	5.8173159726
6.03548387097	5.8184071913
6.03870967742	5.8194972666
6.04193548387	5.8205862007
6.04516129032	5.8216739958
6.04838709677	5.8227606542
6.05161290323	5.8238461780
6.05483870968	5.8249305694
6.05806451613	5.8260138306
6.06129032258	5.8270959638
6.06451612903	5.8281769711
6.06774193548	5.8292568547
6.07096774194	5.8303356168
6.07419354839	5.8314132595
6.07741935484	5.8324897849
6.08064516129	5.8335651952
6.08387096774	5.8346394925
6.08709677419	5.8357126789
6.09032258065	5.8367847566
6.0935483871	5.8378557276
6.09677419355	5.8389255942
6.1	5.8399943583
6.10322580645	5.8410620220
6.1064516129	5.8421285875
6.10967741935	5.8431940569
6.11290322581	5.8442584321
6.11612903226	5.8453217153
6.11935483871	5.8463839086
6.12258064516	5.8474450140
6.12580645161	5.8485050335
6.12903225806	5.8495639692
6.13225806452	5.8506218232
6.13548387097	5.8516785974
6.13870967742	5.8527342939
6.14193548387	5.8537889148
6.14516129032	5.8548424620
6.14838709677	5.8558949375
6.15161290323	5.8569463434
6.15483870968	5.8579966817
6.15806451613	5.8590459543
6.16129032258	5.8600941633
6.16451612903	5.8611413106
6.16774193548	5.8621873982
6.17096774194	5.8632324280
6.17419354839	5.8642764022
6.17741935484	5.8653193225
6.18064516129	5.8663611910
6.18387096774	5.8674020095
6.18709677419	5.8684417802
6.19032258065	5.8694805048
6.1935483871	5.8705181854
6.19677419355	5.8715548238
6.2	5.8725904220
6.20322580645	5.8736249818
6.2064516129	5.8746585053
6.20967741935	5.8756909943
6.21290322581	5.8767224508
6.21612903226	5.8777528765
6.21935483871	5.8787822734
6.22258064516	5.8798106434
6.22580645161	5.8808379884
6.22903225806	5.8818643103
6.23225806452	5.8828896108
6.23548387097	5.8839138919
6.23870967742	5.8849371555
6.24193548387	5.8859594034
6.24516129032	5.8869806374
6.24838709677	5.8880008594
6.25161290323	5.8890200712
6.25483870968	5.8900382747
6.25806451613	5.8910554717
6.26129032258	5.8920716639
6.26451612903	5.8930868534
6.26774193548	5.8941010417
6.27096774194	5.8951142309
6.27419354839	5.8961264226
6.27741935484	5.8971376186
6.28064516129	5.8981478209
6.28387096774	5.8991570310
6.28709677419	5.9001652509
6.29032258065	5.9011724823
6.2935483871	5.9021787270
6.29677419355	5.9031839868
6.3	5.9041882634
6.30322580645	5.9051915585
6.3064516129	5.9061938740
6.30967741935	5.9071952116
6.31290322581	5.9081955731
6.31612903226	5.9091949601
6.31935483871	5.9101933744
6.32258064516	5.9111908178
6.32580645161	5.9121872919
6.32903225806	5.9131827986
6.33225806452	5.9141773395
6.33548387097	5.9151709163
6.33870967742	5.9161635307
6.34193548387	5.9171551845
6.34516129032	5.9181458794
6.34838709677	5.9191356170
6.35161290323	5.9201243990
6.35483870968	5.9211122271
6.35806451613	5.9220991031
6.36129032258	5.9230850285
6.36451612903	5.9240700051
6.36774193548	5.9250540345
6.37096774194	5.9260371184
6.37419354839	5.9270192585
6.37741935484	5.9280004563
6.38064516129	5.9289807136
6.38387096774	5.9299600320
6.38709677419	5.9309384132
6.39032258065	5.9319158587
6.3935483871	5.9328923702
6.39677419355	5.9338679494
6.4	5.9348425979
6.40322580645	5.9358163172
6.4064516129	5.9367891091
6.40967741935	5.9377609750
6.41290322581	5.9387319167
6.41612903226	5.9397019358
6.41935483871	5.9406710337
6.42258064516	5.9416392122
6.42580645161	5.9426064729
6.42903225806	5.9435728172
6.43225806452	5.9445382468
6.43548387097	5.9455027633
6.43870967742	5.9464663682
6.44193548387	5.9474290631
6.44516129032	5.9483908496
6.44838709677	5.9493517293
6.45161290323	5.9503117036
6.45483870968	5.9512707742
6.45806451613	5.9522289427
6.46129032258	5.9531862104
6.46451612903	5.9541425791
6.46774193548	5.9550980502
6.47096774194	5.9560526253
6.47419354839	5.9570063058
6.47741935484	5.9579590934
6.48064516129	5.9589109896
6.48387096774	5.9598619958
6.48709677419	5.9608121136
6.49032258065	5.9617613445
6.4935483871	5.9627096900
6.49677419355	5.9636571516
6.5	5.9646037308
6.50322580645	5.9655494291
6.5064516129	5.9664942480
6.50967741935	5.9674381889
6.51290322581	5.9683812535
6.51612903226	5.9693234430
6.51935483871	5.9702647591
6.52258064516	5.9712052032
6.52580645161	5.9721447768
6.52903225806	5.9730834812
6.53225806452	5.9740213181
6.53548387097	5.9749582888
6.53870967742	5.9758943948
6.54193548387	5.9768296376
6.54516129032	5.9777640185
6.54838709677	5.9786975391
6.55161290323	5.9796302008
6.55483870968	5.9805620050
6.55806451613	5.9814929532
6.56129032258	5.9824230467
6.56451612903	5.9833522871
6.56774193548	5.9842806756
6.57096774194	5.9852082138
6.57419354839	5.9861349031
6.57741935484	5.9870607448
6.58064516129	5.9879857405
6.58387096774	5.9889098914
6.58709677419	5.9898331989
6.59032258065	5.9907556646
6.5935483871	5.9916772897
6.59677419355	5.9925980757
6.6	5.9935180239
6.60322580645	5.9944371358
6.6064516129	5.9953554127
6.60967741935	5.9962728559
6.61290322581	5.9971894670
6.61612903226	5.9981052471
6.61935483871	5.9990201978
6.62258064516	5.9999343203
6.62580645161	6.0008476160
6.62903225806	6.0017600863
6.63225806452	6.0026717325
6.63548387097	6.0035825560
6.63870967742	6.0044925581
6.64193548387	6.0054017402
6.64516129032	6.0063101036
6.64838709677	6.0072176496
6.65161290323	6.0081243796
6.65483870968	6.0090302948
6.65806451613	6.0099353968
6.66129032258	6.0108396866
6.66451612903	6.0117431657
6.66774193548	6.0126458355
6.67096774194	6.0135476971
6.67419354839	6.0144487519
6.67741935484	6.0153490012
6.68064516129	6.0162484464
6.68387096774	6.0171470886
6.68709677419	6.0180449293
6.69032258065	6.0189419697
6.6935483871	6.0198382111
6.69677419355	6.0207336548
6.7	6.0216283021
6.70322580645	6.0225221542
6.7064516129	6.0234152124
6.70967741935	6.0243074781
6.71290322581	6.0251989525
6.71612903226	6.0260896367
6.71935483871	6.0269795323
6.72258064516	6.0278686402
6.72580645161	6.0287569620
6.72903225806	6.0296444987
6.73225806452	6.0305312517
6.73548387097	6.0314172222
6.73870967742	6.0323024114
6.74193548387	6.0331868206
6.74516129032	6.0340704511
6.74838709677	6.0349533040
6.75161290323	6.0358353807
6.75483870968	6.0367166823
6.75806451613	6.0375972101
6.76129032258	6.0384769653
6.76451612903	6.0393559491
6.76774193548	6.0402341627
6.77096774194	6.0411116075
6.77419354839	6.0419882845
6.77741935484	6.0428641950
6.78064516129	6.0437393402
6.78387096774	6.0446137213
6.78709677419	6.0454873396
6.79032258065	6.0463601961
6.7935483871	6.0472322922
6.79677419355	6.0481036290
6.8	6.0489742077
6.80322580645	6.0498440295
6.8064516129	6.0507130956
6.80967741935	6.0515814071
6.81290322581	6.0524489653
6.81612903226	6.0533157714
6.81935483871	6.0541818264
6.82258064516	6.0550471316
6.82580645161	6.0559116881
6.82903225806	6.0567754972
6.83225806452	6.0576385600
6.83548387097	6.0585008775
6.83870967742	6.0593624511
6.84193548387	6.0602232819
6.84516129032	6.0610833709
6.84838709677	6.0619427195
6.85161290323	6.0628013286
6.85483870968	6.0636591995
6.85806451613	6.0645163333
6.86129032258	6.0653727312
6.86451612903	6.0662283942
6.86774193548	6.0670833235
6.87096774194	6.0679375203
6.87419354839	6.0687909857
6.87741935484	6.0696437208
6.88064516129	6.0704957267
6.88387096774	6.0713470046
6.88709677419	6.0721975555
6.89032258065	6.0730473807
6.8935483871	6.0738964811
6.89677419355	6.0747448580
6.9	6.0755925124
6.90322580645	6.0764394454
6.9064516129	6.0772856582
6.90967741935	6.0781311518
6.91290322581	6.0789759274
6.91612903226	6.0798199860
6.91935483871	6.0806633287
6.92258064516	6.0815059567
6.92580645161	6.0823478709
6.92903225806	6.0831890726
6.93225806452	6.0840295628
6.93548387097	6.0848693425
6.93870967742	6.0857084128
6.94193548387	6.0865467749
6.94516129032	6.0873844298
6.94838709677	6.0882213786
6.95161290323	6.0890576223
6.95483870968	6.0898931620
6.95806451613	6.0907279988
6.96129032258	6.0915621337
6.96451612903	6.0923955678
6.96774193548	6.0932283021
6.97096774194	6.0940603378
6.97419354839	6.0948916758
6.97741935484	6.0957223172
6.98064516129	6.0965522631
6.98387096774	6.0973815145
6.98709677419	6.0982100724
6.99032258065	6.0990379380
6.9935483871	6.0998651121
6.99677419355	6.1006915959
7.0	6.1015173904
7.00322580645	6.1023424967
7.0064516129	6.1031669156
7.00967741935	6.1039906484
7.01290322581	6.1048136960
7.01612903226	6.1056360594
7.01935483871	6.1064577397
7.02258064516	6.1072787378
7.02580645161	6.1080990548
7.02903225806	6.1089186917
7.03225806452	6.1097376496
7.03548387097	6.1105559293
7.03870967742	6.1113735320
7.04193548387	6.1121904586
7.04516129032	6.1130067101
7.04838709677	6.1138222875
7.05161290323	6.1146371919
7.05483870968	6.1154514242
7.05806451613	6.1162649854
7.06129032258	6.1170778765
7.06451612903	6.1178900986
7.06774193548	6.1187016525
7.07096774194	6.1195125392
7.07419354839	6.1203227599
7.07741935484	6.1211323153
7.08064516129	6.1219412066
7.08387096774	6.1227494346
7.08709677419	6.1235570004
7.09032258065	6.1243639049
7.0935483871	6.1251701491
7.09677419355	6.1259757340
7.1	6.1267806605
7.10322580645	6.1275849296
7.1064516129	6.1283885423
7.10967741935	6.1291914995
7.11290322581	6.1299938021
7.11612903226	6.1307954512
7.11935483871	6.1315964476
7.12258064516	6.1323967924
7.12580645161	6.1331964864
7.12903225806	6.1339955307
7.13225806452	6.1347939261
7.13548387097	6.1355916736
7.13870967742	6.1363887742
7.14193548387	6.1371852288
7.14516129032	6.1379810383
7.14838709677	6.1387762036
7.15161290323	6.1395707257
7.15483870968	6.1403646056
7.15806451613	6.1411578441
7.16129032258	6.1419504422
7.16451612903	6.1427424007
7.16774193548	6.1435337207
7.17096774194	6.1443244030
7.17419354839	6.1451144486
7.17741935484	6.1459038583
7.18064516129	6.1466926332
7.18387096774	6.1474807740
7.18709677419	6.1482682817
7.19032258065	6.1490551573
7.1935483871	6.1498414015
7.19677419355	6.1506270154
7.2	6.1514119998
7.20322580645	6.1521963557
7.2064516129	6.1529800839
7.20967741935	6.1537631853
7.21290322581	6.1545456608
7.21612903226	6.1553275113
7.21935483871	6.1561087378
7.22258064516	6.1568893410
7.22580645161	6.1576693219
7.22903225806	6.1584486813
7.23225806452	6.1592274203
7.23548387097	6.1600055395
7.23870967742	6.1607830399
7.24193548387	6.1615599225
7.24516129032	6.1623361880
7.24838709677	6.1631118373
7.25161290323	6.1638868713
7.25483870968	6.1646612909
7.25806451613	6.1654350970
7.26129032258	6.1662082903
7.26451612903	6.1669808719
7.26774193548	6.1677528424
7.27096774194	6.1685242029
7.27419354839	6.1692949541
7.27741935484	6.1700650970
7.28064516129	6.1708346323
7.28387096774	6.1716035610
7.28709677419	6.1723718838
7.29032258065	6.1731396016
7.2935483871	6.1739067154
7.29677419355	6.1746732258
7.3	6.1754391339
7.30322580645	6.1762044403
7.3064516129	6.1769691460
7.30967741935	6.1777332518
7.31290322581	6.1784967585
7.31612903226	6.1792596669
7.31935483871	6.1800219780
7.32258064516	6.1807836925
7.32580645161	6.1815448113
7.32903225806	6.1823053352
7.33225806452	6.1830652650
7.33548387097	6.1838246015
7.33870967742	6.1845833456
7.34193548387	6.1853414981
7.34516129032	6.1860990598
7.34838709677	6.1868560316
7.35161290323	6.1876124142
7.35483870968	6.1883682084
7.35806451613	6.1891234152
7.36129032258	6.1898780352
7.36451612903	6.1906320693
7.36774193548	6.1913855184
7.37096774194	6.1921383831
7.37419354839	6.1928906644
7.37741935484	6.1936423630
7.38064516129	6.1943934798
7.38387096774	6.1951440154
7.38709677419	6.1958939708
7.39032258065	6.1966433468
7.3935483871	6.1973921440
7.39677419355	6.1981403634
7.4	6.1988880056
7.40322580645	6.1996350716
7.4064516129	6.2003815620
7.40967741935	6.2011274778
7.41290322581	6.2018728195
7.41612903226	6.2026175882
7.41935483871	6.2033617844
7.42258064516	6.2041054091
7.42580645161	6.2048484630
7.42903225806	6.2055909468
7.43225806452	6.2063328613
7.43548387097	6.2070742074
7.43870967742	6.2078149858
7.44193548387	6.2085551972
7.44516129032	6.2092948425
7.44838709677	6.2100339224
7.45161290323	6.2107724376
7.45483870968	6.2115103889
7.45806451613	6.2122477772
7.46129032258	6.2129846031
7.46451612903	6.2137208675
7.46774193548	6.2144565710
7.47096774194	6.2151917144
7.47419354839	6.2159262986
7.47741935484	6.2166603242
7.48064516129	6.2173937919
7.48387096774	6.2181267027
7.48709677419	6.2188590571
7.49032258065	6.2195908560
7.4935483871	6.2203221001
7.49677419355	6.2210527901
7.5	6.2217829269
7.50322580645	6.2225125110
7.5064516129	6.2232415433
7.50967741935	6.2239700245
7.51290322581	6.2246979554
7.51612903226	6.2254253367
7.51935483871	6.2261521691
7.52258064516	6.2268784533
7.52580645161	6.2276041901
7.52903225806	6.2283293802
7.53225806452	6.2290540244
7.53548387097	6.2297781234
7.53870967742	6.2305016778
7.54193548387	6.2312246885
7.54516129032	6.2319471561
7.54838709677	6.2326690814
7.55161290323	6.2333904651
7.55483870968	6.2341113079
7.55806451613	6.2348316106
7.56129032258	6.2355513737
7.56451612903	6.2362705982
7.56774193548	6.2369892846
7.57096774194	6.2377074337
7.57419354839	6.2384250462
7.57741935484	6.2391421227
7.58064516129	6.2398586642
7.58387096774	6.2405746711
7.58709677419	6.2412901442
7.59032258065	6.2420050843
7.5935483871	6.2427194920
7.59677419355	6.2434333681
7.6	6.2441467132
7.60322580645	6.2448595280
7.6064516129	6.2455718132
7.60967741935	6.2462835696
7.61290322581	6.2469947978
7.61612903226	6.2477054985
7.61935483871	6.2484156724
7.62258064516	6.2491253201
7.62580645161	6.2498344425
7.62903225806	6.2505430401
7.63225806452	6.2512511137
7.63548387097	6.2519586640
7.63870967742	6.2526656915
7.64193548387	6.2533721971
7.64516129032	6.2540781813
7.64838709677	6.2547836449
7.65161290323	6.2554885886
7.65483870968	6.2561930129
7.65806451613	6.2568969187
7.66129032258	6.2576003065
7.66451612903	6.2583031771
7.66774193548	6.2590055311
7.67096774194	6.2597073692
7.67419354839	6.2604086920
7.67741935484	6.2611095002
7.68064516129	6.2618097946
7.68387096774	6.2625095756
7.68709677419	6.2632088441
7.69032258065	6.2639076007
7.6935483871	6.2646058461
7.69677419355	6.2653035808
7.7	6.2660008056
7.70322580645	6.2666975211
7.7064516129	6.2673937279
7.70967741935	6.2680894268
7.71290322581	6.2687846184
7.71612903226	6.2694793033
7.71935483871	6.2701734822
7.72258064516	6.2708671558
7.72580645161	6.2715603246
7.72903225806	6.2722529893
7.73225806452	6.2729451507
7.73548387097	6.2736368092
7.73870967742	6.2743279656
7.74193548387	6.2750186205
7.74516129032	6.2757087746
7.74838709677	6.2763984285
7.75161290323	6.2770875828
7.75483870968	6.2777762381
7.75806451613	6.2784643952
7.76129032258	6.2791520546
7.76451612903	6.2798392170
7.76774193548	6.2805258830
7.77096774194	6.2812120532
7.77419354839	6.2818977283
7.77741935484	6.2825829089
7.78064516129	6.2832675956
7.78387096774	6.2839517891
7.78709677419	6.2846354899
7.79032258065	6.2853186987
7.7935483871	6.2860014162
7.79677419355	6.2866836429
7.8	6.2873653795
7.80322580645	6.2880466266
7.8064516129	6.2887273848
7.80967741935	6.2894076547
7.81290322581	6.2900874369
7.81612903226	6.2907667321
7.81935483871	6.2914455409
7.82258064516	6.2921238639
7.82580645161	6.2928017016
7.82903225806	6.2934790548
7.83225806452	6.2941559240
7.83548387097	6.2948323098
7.83870967742	6.2955082128
7.84193548387	6.2961836337
7.84516129032	6.2968585730
7.84838709677	6.2975330314
7.85161290323	6.2982070094
7.85483870968	6.2988805076
7.85806451613	6.2995535267
7.86129032258	6.3002260673
7.86451612903	6.3008981299
7.86774193548	6.3015697151
7.87096774194	6.3022408236
7.87419354839	6.3029114559
7.87741935484	6.3035816127
7.88064516129	6.3042512945
7.88387096774	6.3049205019
7.88709677419	6.3055892354
7.89032258065	6.3062574958
7.8935483871	6.3069252836
7.89677419355	6.3075925993
7.9	6.3082594436
7.90322580645	6.3089258171
7.9064516129	6.3095917202
7.90967741935	6.3102571537
7.91290322581	6.3109221180
7.91612903226	6.3115866139
7.91935483871	6.3122506417
7.92258064516	6.3129142022
7.92580645161	6.3135772960
7.92903225806	6.3142399234
7.93225806452	6.3149020853
7.93548387097	6.3155637821
7.93870967742	6.3162250143
7.94193548387	6.3168857827
7.94516129032	6.3175460877
7.94838709677	6.3182059299
7.95161290323	6.3188653100
7.95483870968	6.3195242283
7.95806451613	6.3201826856
7.96129032258	6.3208406824
7.96451612903	6.3214982192
7.96774193548	6.3221552967
7.97096774194	6.3228119153
7.97419354839	6.3234680757
7.97741935484	6.3241237784
7.98064516129	6.3247790239
7.98387096774	6.3254338129
7.98709677419	6.3260881459
7.99032258065	6.3267420233
7.9935483871	6.3273954459
7.99677419355	6.3280484142
8.0	6.3287009286
8.00322580645	6.3293529898
8.0064516129	6.3300045983
8.00967741935	6.3306557546
8.01290322581	6.3313064594
8.01612903226	6.3319567131
8.01935483871	6.3326065163
8.02258064516	6.3332558695
8.02580645161	6.3339047734
8.02903225806	6.3345532284
8.03225806452	6.3352012351
8.03548387097	6.3358487940
8.03870967742	6.3364959057
8.04193548387	6.3371425707
8.04516129032	6.3377887895
8.04838709677	6.3384345628
8.05161290323	6.3390798909
8.05483870968	6.3397247746
8.05806451613	6.3403692142
8.06129032258	6.3410132104
8.06451612903	6.3416567636
8.06774193548	6.3422998744
8.07096774194	6.3429425434
8.07419354839	6.3435847711
8.07741935484	6.3442265579
8.08064516129	6.3448679045
8.08387096774	6.3455088113
8.08709677419	6.3461492789
8.09032258065	6.3467893078
8.0935483871	6.3474288986
8.09677419355	6.3480680517
8.1	6.3487067677
8.10322580645	6.3493450471
8.1064516129	6.3499828905
8.10967741935	6.3506202983
8.11290322581	6.3512572710
8.11612903226	6.3518938093
8.11935483871	6.3525299135
8.12258064516	6.3531655843
8.12580645161	6.3538008221
8.12903225806	6.3544356275
8.13225806452	6.3550700010
8.13548387097	6.3557039430
8.13870967742	6.3563374542
8.14193548387	6.3569705349
8.14516129032	6.3576031858
8.14838709677	6.3582354073
8.15161290323	6.3588672000
8.15483870968	6.3594985643
8.15806451613	6.3601295007
8.16129032258	6.3607600098
8.16451612903	6.3613900921
8.16774193548	6.3620197481
8.17096774194	6.3626489782
8.17419354839	6.3632777830
8.17741935484	6.3639061631
8.18064516129	6.3645341187
8.18387096774	6.3651616506
8.18709677419	6.3657887592
8.19032258065	6.3664154449
8.1935483871	6.3670417083
8.19677419355	6.3676675499
8.2	6.3682929702
8.20322580645	6.3689179697
8.2064516129	6.3695425488
8.20967741935	6.3701667080
8.21290322581	6.3707904479
8.21612903226	6.3714137690
8.21935483871	6.3720366717
8.22258064516	6.3726591565
8.22580645161	6.3732812239
8.22903225806	6.3739028744
8.23225806452	6.3745241085
8.23548387097	6.3751449267
8.23870967742	6.3757653294
8.24193548387	6.3763853172
8.24516129032	6.3770048905
8.24838709677	6.3776240498
8.25161290323	6.3782427956
8.25483870968	6.3788611284
8.25806451613	6.3794790487
8.26129032258	6.3800965569
8.26451612903	6.3807136535
8.26774193548	6.3813303390
8.27096774194	6.3819466138
8.27419354839	6.3825624785
8.27741935484	6.3831779336
8.28064516129	6.3837929794
8.28387096774	6.3844076165
8.28709677419	6.3850218453
8.29032258065	6.3856356664
8.2935483871	6.3862490802
8.29677419355	6.3868620871
8.3	6.3874746876
8.30322580645	6.3880868823
8.3064516129	6.3886986715
8.30967741935	6.3893100558
8.31290322581	6.3899210356
8.31612903226	6.3905316113
8.31935483871	6.3911417835
8.32258064516	6.3917515525
8.32580645161	6.3923609190
8.32903225806	6.3929698832
8.33225806452	6.3935784458
8.33548387097	6.3941866071
8.33870967742	6.3947943676
8.34193548387	6.3954017278
8.34516129032	6.3960086881
8.34838709677	6.3966152490
8.35161290323	6.3972214110
8.35483870968	6.3978271744
8.35806451613	6.3984325398
8.36129032258	6.3990375077
8.36451612903	6.3996420784
8.36774193548	6.4002462524
8.37096774194	6.4008500302
8.37419354839	6.4014534122
8.37741935484	6.4020563989
8.38064516129	6.4026589907
8.38387096774	6.4032611881
8.38709677419	6.4038629915
8.39032258065	6.4044644014
8.3935483871	6.4050654183
8.39677419355	6.4056660425
8.4	6.4062662745
8.40322580645	6.4068661148
8.4064516129	6.4074655638
8.40967741935	6.4080646219
8.41290322581	6.4086632896
8.41612903226	6.4092615674
8.41935483871	6.4098594557
8.42258064516	6.4104569548
8.42580645161	6.4110540653
8.42903225806	6.4116507877
8.43225806452	6.4122471222
8.43548387097	6.4128430694
8.43870967742	6.4134386298
8.44193548387	6.4140338037
8.44516129032	6.4146285915
8.44838709677	6.4152229938
8.45161290323	6.4158170110
8.45483870968	6.4164106434
8.45806451613	6.4170038915
8.46129032258	6.4175967558
8.46451612903	6.4181892367
8.46774193548	6.4187813346
8.47096774194	6.4193730499
8.47419354839	6.4199643832
8.47741935484	6.4205553347
8.48064516129	6.4211459049
8.48387096774	6.4217360943
8.48709677419	6.4223259033
8.49032258065	6.4229153323
8.4935483871	6.4235043817
8.49677419355	6.4240930519
8.5	6.4246813435
8.50322580645	6.4252692568
8.5064516129	6.4258567921
8.50967741935	6.4264439501
8.51290322581	6.4270307310
8.51612903226	6.4276171353
8.51935483871	6.4282031634
8.52258064516	6.4287888157
8.52580645161	6.4293740927
8.52903225806	6.4299589947
8.53225806452	6.4305435222
8.53548387097	6.4311276756
8.53870967742	6.4317114553
8.54193548387	6.4322948618
8.54516129032	6.4328778953
8.54838709677	6.4334605565
8.55161290323	6.4340428455
8.55483870968	6.4346247630
8.55806451613	6.4352063093
8.56129032258	6.4357874847
8.56451612903	6.4363682898
8.56774193548	6.4369487249
8.57096774194	6.4375287904
8.57419354839	6.4381084867
8.57741935484	6.4386878143
8.58064516129	6.4392667735
8.58387096774	6.4398453648
8.58709677419	6.4404235885
8.59032258065	6.4410014451
8.5935483871	6.4415789350
8.59677419355	6.4421560585
8.6	6.4427328161
8.60322580645	6.4433092082
8.6064516129	6.4438852352
8.60967741935	6.4444608974
8.61290322581	6.4450361953
8.61612903226	6.4456111293
8.61935483871	6.4461856998
8.62258064516	6.4467599071
8.62580645161	6.4473337517
8.62903225806	6.4479072340
8.63225806452	6.4484803543
8.63548387097	6.4490531131
8.63870967742	6.4496255108
8.64193548387	6.4501975477
8.64516129032	6.4507692242
8.64838709677	6.4513405408
8.65161290323	6.4519114978
8.65483870968	6.4524820956
8.65806451613	6.4530523347
8.66129032258	6.4536222153
8.66451612903	6.4541917379
8.66774193548	6.4547609029
8.67096774194	6.4553297107
8.67419354839	6.4558981616
8.67741935484	6.4564662561
8.68064516129	6.4570339944
8.68387096774	6.4576013772
8.68709677419	6.4581684046
8.69032258065	6.4587350771
8.6935483871	6.4593013950
8.69677419355	6.4598673589
8.7	6.4604329689
8.70322580645	6.4609982256
8.7064516129	6.4615631293
8.70967741935	6.4621276803
8.71290322581	6.4626918791
8.71612903226	6.4632557261
8.71935483871	6.4638192216
8.72258064516	6.4643823660
8.72580645161	6.4649451596
8.72903225806	6.4655076030
8.73225806452	6.4660696963
8.73548387097	6.4666314401
8.73870967742	6.4671928346
8.74193548387	6.4677538804
8.74516129032	6.4683145776
8.74838709677	6.4688749268
8.75161290323	6.4694349282
8.75483870968	6.4699945823
8.75806451613	6.4705538894
8.76129032258	6.4711128499
8.76451612903	6.4716714642
8.76774193548	6.4722297327
8.77096774194	6.4727876556
8.77419354839	6.4733452334
8.77741935484	6.4739024665
8.78064516129	6.4744593552
8.78387096774	6.4750158999
8.78709677419	6.4755721009
8.79032258065	6.4761279586
8.7935483871	6.4766834735
8.79677419355	6.4772386457
8.8	6.4777934758
8.80322580645	6.4783479641
8.8064516129	6.4789021109
8.80967741935	6.4794559166
8.81290322581	6.4800093816
8.81612903226	6.4805625062
8.81935483871	6.4811152908
8.82258064516	6.4816677357
8.82580645161	6.4822198414
8.82903225806	6.4827716081
8.83225806452	6.4833230362
8.83548387097	6.4838741262
8.83870967742	6.4844248783
8.84193548387	6.4849752928
8.84516129032	6.4855253703
8.84838709677	6.4860751110
8.85161290323	6.4866245152
8.85483870968	6.4871735833
8.85806451613	6.4877223158
8.86129032258	6.4882707128
8.86451612903	6.4888187749
8.86774193548	6.4893665023
8.87096774194	6.4899138954
8.87419354839	6.4904609545
8.87741935484	6.4910076801
8.88064516129	6.4915540724
8.88387096774	6.4921001317
8.88709677419	6.4926458586
8.89032258065	6.4931912532
8.8935483871	6.4937363159
8.89677419355	6.4942810472
8.9	6.4948254473
8.90322580645	6.4953695166
8.9064516129	6.4959132554
8.90967741935	6.4964566641
8.91290322581	6.4969997430
8.91612903226	6.4975424925
8.91935483871	6.4980849129
8.92258064516	6.4986270046
8.92580645161	6.4991687678
8.92903225806	6.4997102030
8.93225806452	6.5002513105
8.93548387097	6.5007920906
8.93870967742	6.5013325437
8.94193548387	6.5018726701
8.94516129032	6.5024124702
8.94838709677	6.5029519442
8.95161290323	6.5034910925
8.95483870968	6.5040299156
8.95806451613	6.5045684136
8.96129032258	6.5051065870
8.96451612903	6.5056444360
8.96774193548	6.5061819611
8.97096774194	6.5067191625
8.97419354839	6.5072560406
8.97741935484	6.5077925957
8.98064516129	6.5083288281
8.98387096774	6.5088647383
8.98709677419	6.5094003265
8.99032258065	6.5099355930
8.9935483871	6.5104705382
8.99677419355	6.5110051625
9.0	6.5115394661
9.00322580645	6.5120734494
9.0064516129	6.5126071126
9.00967741935	6.5131404563
9.01290322581	6.5136734806
9.01612903226	6.5142061859
9.01935483871	6.5147385725
9.02258064516	6.5152706408
9.02580645161	6.5158023911
9.02903225806	6.5163338236
9.03225806452	6.5168649389
9.03548387097	6.5173957370
9.03870967742	6.5179262185
9.04193548387	6.5184563836
9.04516129032	6.5189862326
9.04838709677	6.5195157659
9.05161290323	6.5200449837
9.05483870968	6.5205738865
9.05806451613	6.5211024745
9.06129032258	6.5216307480
9.06451612903	6.5221587075
9.06774193548	6.5226863531
9.07096774194	6.5232136852
9.07419354839	6.5237407042
9.07741935484	6.5242674103
9.08064516129	6.5247938039
9.08387096774	6.5253198853
9.08709677419	6.5258456548
9.09032258065	6.5263711127
9.0935483871	6.5268962594
9.09677419355	6.5274210951
9.1	6.5279456202
9.10322580645	6.5284698350
9.1064516129	6.5289937398
9.10967741935	6.5295173350
9.11290322581	6.5300406207
9.11612903226	6.5305635975
9.11935483871	6.5310862655
9.12258064516	6.5316086250
9.12580645161	6.5321306765
9.12903225806	6.5326524202
9.13225806452	6.5331738563
9.13548387097	6.5336949853
9.13870967742	6.5342158075
9.14193548387	6.5347363230
9.14516129032	6.5352565324
9.14838709677	6.5357764358
9.15161290323	6.5362960336
9.15483870968	6.5368153260
9.15806451613	6.5373343135
9.16129032258	6.5378529962
9.16451612903	6.5383713746
9.16774193548	6.5388894488
9.17096774194	6.5394072193
9.17419354839	6.5399246863
9.17741935484	6.5404418501
9.18064516129	6.5409587111
9.18387096774	6.5414752695
9.18709677419	6.5419915256
9.19032258065	6.5425074798
9.1935483871	6.5430231323
9.19677419355	6.5435384835
9.2	6.5440535336
9.20322580645	6.5445682829
9.2064516129	6.5450827319
9.20967741935	6.5455968806
9.21290322581	6.5461107296
9.21612903226	6.5466242790
9.21935483871	6.5471375291
9.22258064516	6.5476504803
9.22580645161	6.5481631328
9.22903225806	6.5486754870
9.23225806452	6.5491875432
9.23548387097	6.5496993015
9.23870967742	6.5502107625
9.24193548387	6.5507219262
9.24516129032	6.5512327931
9.24838709677	6.5517433634
9.25161290323	6.5522536374
9.25483870968	6.5527636155
9.25806451613	6.5532732979
9.26129032258	6.5537826848
9.26451612903	6.5542917767
9.26774193548	6.5548005737
9.27096774194	6.5553090763
9.27419354839	6.5558172846
9.27741935484	6.5563251990
9.28064516129	6.5568328197
9.28387096774	6.5573401471
9.28709677419	6.5578471814
9.29032258065	6.5583539230
9.2935483871	6.5588603720
9.29677419355	6.5593665289
9.3	6.5598723939
9.30322580645	6.5603779673
9.3064516129	6.5608832493
9.30967741935	6.5613882403
9.31290322581	6.5618929405
9.31612903226	6.5623973503
9.31935483871	6.5629014699
9.32258064516	6.5634052995
9.32580645161	6.5639088396
9.32903225806	6.5644120904
9.33225806452	6.5649150521
9.33548387097	6.5654177250
9.33870967742	6.5659201095
9.34193548387	6.5664222058
9.34516129032	6.5669240142
9.34838709677	6.5674255350
9.35161290323	6.5679267684
9.35483870968	6.5684277147
9.35806451613	6.5689283743
9.36129032258	6.5694287474
9.36451612903	6.5699288342
9.36774193548	6.5704286351
9.37096774194	6.5709281504
9.37419354839	6.5714273803
9.37741935484	6.5719263250
9.38064516129	6.5724249850
9.38387096774	6.5729233604
9.38709677419	6.5734214515
9.39032258065	6.5739192587
9.3935483871	6.5744167821
9.39677419355	6.5749140221
9.4	6.5754109789
9.40322580645	6.5759076529
9.4064516129	6.5764040442
9.40967741935	6.5769001532
9.41290322581	6.5773959802
9.41612903226	6.5778915253
9.41935483871	6.5783867889
9.42258064516	6.5788817713
9.42580645161	6.5793764728
9.42903225806	6.5798708935
9.43225806452	6.5803650338
9.43548387097	6.5808588940
9.43870967742	6.5813524743
9.44193548387	6.5818457749
9.44516129032	6.5823387963
9.44838709677	6.5828315385
9.45161290323	6.5833240020
9.45483870968	6.5838161869
9.45806451613	6.5843080936
9.46129032258	6.5847997223
9.46451612903	6.5852910733
9.46774193548	6.5857821468
9.47096774194	6.5862729431
9.47419354839	6.5867634625
9.47741935484	6.5872537052
9.48064516129	6.5877436716
9.48387096774	6.5882333618
9.48709677419	6.5887227762
9.49032258065	6.5892119150
9.4935483871	6.5897007784
9.49677419355	6.5901893668
9.5	6.5906776804
9.50322580645	6.5911657195
9.5064516129	6.5916534843
9.50967741935	6.5921409751
9.51290322581	6.5926281922
9.51612903226	6.5931151357
9.51935483871	6.5936018061
9.52258064516	6.5940882035
9.52580645161	6.5945743281
9.52903225806	6.5950601804
9.53225806452	6.5955457605
9.53548387097	6.5960310686
9.53870967742	6.5965161051
9.54193548387	6.5970008702
9.54516129032	6.5974853642
9.54838709677	6.5979695873
9.55161290323	6.5984535397
9.55483870968	6.5989372218
9.55806451613	6.5994206338
9.56129032258	6.5999037760
9.56451612903	6.6003866485
9.56774193548	6.6008692518
9.57096774194	6.6013515859
9.57419354839	6.6018336512
9.57741935484	6.6023154480
9.58064516129	6.6027969764
9.58387096774	6.6032782368
9.58709677419	6.6037592293
9.59032258065	6.6042399543
9.5935483871	6.6047204121
9.59677419355	6.6052006027
9.6	6.6056805266
9.60322580645	6.6061601840
9.6064516129	6.6066395750
9.60967741935	6.6071187001
9.61290322581	6.6075975593
9.61612903226	6.6080761530
9.61935483871	6.6085544815
9.62258064516	6.6090325449
9.62580645161	6.6095103435
9.62903225806	6.6099878776
9.63225806452	6.6104651474
9.63548387097	6.6109421532
9.63870967742	6.6114188952
9.64193548387	6.6118953737
9.64516129032	6.6123715888
9.64838709677	6.6128475410
9.65161290323	6.6133232303
9.65483870968	6.6137986571
9.65806451613	6.6142738217
9.66129032258	6.6147487241
9.66451612903	6.6152233648
9.66774193548	6.6156977439
9.67096774194	6.6161718616
9.67419354839	6.6166457183
9.67741935484	6.6171193142
9.68064516129	6.6175926495
9.68387096774	6.6180657245
9.68709677419	6.6185385394
9.69032258065	6.6190110944
9.6935483871	6.6194833898
9.69677419355	6.6199554259
9.7	6.6204272028
9.70322580645	6.6208987209
9.7064516129	6.6213699803
9.70967741935	6.6218409813
9.71290322581	6.6223117242
9.71612903226	6.6227822091
9.71935483871	6.6232524364
9.72258064516	6.6237224063
9.72580645161	6.6241921189
9.72903225806	6.6246615746
9.73225806452	6.6251307736
9.73548387097	6.6255997161
9.73870967742	6.6260684023
9.74193548387	6.6265368326
9.74516129032	6.6270050071
9.74838709677	6.6274729261
9.75161290323	6.6279405898
9.75483870968	6.6284079984
9.75806451613	6.6288751522
9.76129032258	6.6293420515
9.76451612903	6.6298086964
9.76774193548	6.6302750872
9.77096774194	6.6307412241
9.77419354839	6.6312071074
9.77741935484	6.6316727372
9.78064516129	6.6321381139
9.78387096774	6.6326032377
9.78709677419	6.6330681088
9.79032258065	6.6335327274
9.7935483871	6.6339970937
9.79677419355	6.6344612081
9.8	6.6349250707
9.80322580645	6.6353886818
9.8064516129	6.6358520415
9.80967741935	6.6363151502
9.81290322581	6.6367780080
9.81612903226	6.6372406152
9.81935483871	6.6377029721
9.82258064516	6.6381650788
9.82580645161	6.6386269355
9.82903225806	6.6390885426
9.83225806452	6.6395499002
9.83548387097	6.6400110086
9.83870967742	6.6404718679
9.84193548387	6.6409324785
9.84516129032	6.6413928405
9.84838709677	6.6418529542
9.85161290323	6.6423128199
9.85483870968	6.6427724376
9.85806451613	6.6432318077
9.86129032258	6.6436909304
9.86451612903	6.6441498059
9.86774193548	6.6446084345
9.87096774194	6.6450668163
9.87419354839	6.6455249516
9.87741935484	6.6459828406
9.88064516129	6.6464404835
9.88387096774	6.6468978806
9.88709677419	6.6473550321
9.89032258065	6.6478119382
9.8935483871	6.6482685991
9.89677419355	6.6487250151
9.9	6.6491811864
9.90322580645	6.6496371132
9.9064516129	6.6500927957
9.90967741935	6.6505482341
9.91290322581	6.6510034287
9.91612903226	6.6514583797
9.91935483871	6.6519130874
9.92258064516	6.6523675518
9.92580645161	6.6528217733
9.92903225806	6.6532757521
9.93225806452	6.6537294883
9.93548387097	6.6541829823
9.93870967742	6.6546362342
9.94193548387	6.6550892443
9.94516129032	6.6555420127
9.94838709677	6.6559945397
9.95161290323	6.6564468255
9.95483870968	6.6568988704
9.95806451613	6.6573506745
9.96129032258	6.6578022380
9.96451612903	6.6582535612
9.96774193548	6.6587046443
9.97096774194	6.6591554876
9.97419354839	6.6596060911
9.97741935484	6.6600564552
9.98064516129	6.6605065800
9.98387096774	6.6609564659
9.98709677419	6.6614061129
9.99032258065	6.6618555213
9.9935483871	6.6623046913
9.99677419355	6.6627536231
10.0	6.6632023170
