0.0	2.9091196405
0.00285714285714	2.9097185106
0.00571428571429	2.9103500238
0.00857142857143	2.9109579538
0.0114285714286	2.9115873774
0.0142857142857	2.9121994796
0.0171428571429	2.9128281076
0.02	2.9134432413
0.0228571428571	2.9140716836
0.0257142857143	2.9146893076
0.0285714285714	2.9153179246
0.0314285714286	2.9159377180
0.0342857142857	2.9165667475
0.0371428571429	2.9171884975
0.04	2.9178181071
0.0428571428571	2.9184416628
0.0457142857143	2.9190719756
0.0485714285714	2.9196972255
0.0514285714286	2.9203283349
0.0542857142857	2.9209551936
0.0571428571429	2.9215871719
0.06	2.9222155726
0.0628571428571	2.9228484767
0.0657142857143	2.9234783661
0.0685714285714	2.9241122414
0.0714285714286	2.9247435762
0.0742857142857	2.9253784593
0.0771428571429	2.9260112040
0.08	2.9266471246
0.0828571428571	2.9272812496
0.0857142857143	2.9279182320
0.0885714285714	2.9285537124
0.0914285714286	2.9291917764
0.0942857142857	2.9298285911
0.0971428571429	2.9304677533
0.1	2.9311058841
0.102857142857	2.9317461578
0.105714285714	2.9323855893
0.108571428571	2.9330269855
0.111428571429	2.9336677039
0.114285714286	2.9343102319
0.117142857143	2.9349522253
0.12	2.9355958925
0.122857142857	2.9362391502
0.125714285714	2.9368839627
0.128571428571	2.9375284753
0.131428571429	2.9381744381
0.134285714286	2.9388201971
0.137142857143	2.9394673139
0.14	2.9401143117
0.142857142857	2.9407625857
0.145714285714	2.9414108151
0.148571428571	2.9420602487
0.151428571429	2.9427097034
0.154285714286	2.9433602982
0.157142857143	2.9440109723
0.16	2.9446627295
0.162857142857	2.9453146174
0.165714285714	2.9459675376
0.168571428571	2.9466206342
0.171428571429	2.9472747178
0.174285714286	2.9479290182
0.177142857143	2.9485842652
0.18	2.9492397648
0.182857142857	2.9498961747
0.185714285714	2.9505528692
0.188571428571	2.9512104414
0.191428571429	2.9518683265
0.194285714286	2.9525270602
0.197142857143	2.9531861320
0.2	2.9538460260
0.202857142857	2.9545062806
0.205714285714	2.9551673337
0.208571428571	2.9558287674
0.211428571429	2.9564909781
0.214285714286	2.9571535873
0.217142857143	2.9578169540
0.22	2.9584807351
0.222857142857	2.9591452562
0.225714285714	2.9598102058
0.228571428571	2.9604758793
0.231428571429	2.9611419940
0.234285714286	2.9618088182
0.237142857143	2.9624760947
0.24	2.9631440674
0.242857142857	2.9638125024
0.245714285714	2.9644816216
0.248571428571	2.9651512120
0.251428571429	2.9658214754
0.254285714286	2.9664922180
0.257142857143	2.9671636234
0.26	2.9678355150
0.262857142857	2.9685080602
0.265714285714	2.9691810978
0.268571428571	2.9698547803
0.271428571429	2.9705289608
0.274285714286	2.9712037782
0.277142857143	2.9718790985
0.28	2.9725550485
0.282857142857	2.9732315056
0.285714285714	2.9739085857
0.288571428571	2.9745861766
0.291428571429	2.9752643841
0.294285714286	2.9759431058
0.297142857143	2.9766224384
0.3	2.9773022879
0.302857142857	2.9779827428
0.305714285714	2.9786637172
0.308571428571	2.9793452920
0.311428571429	2.9800273882
0.314285714286	2.9807100801
0.317142857143	2.9813932954
0.32	2.9820771018
0.322857142857	2.9827614331
0.325714285714	2.9834463513
0.328571428571	2.9841317957
0.331428571429	2.9848178231
0.334285714286	2.9855043777
0.337142857143	2.9861915116
0.34	2.9868791734
0.342857142857	2.9875674110
0.345714285714	2.9882561772
0.348571428571	2.9889455159
0.351428571429	2.9896353835
0.354285714286	2.9903258205
0.357142857143	2.9910167867
0.36	2.9917083191
0.362857142857	2.9924003810
0.365714285714	2.9930930062
0.368571428571	2.9937861609
0.371428571429	2.9944798761
0.374285714286	2.9951741206
0.377142857143	2.9958689231
0.38	2.9965642546
0.382857142857	2.9972601415
0.385714285714	2.9979565571
0.388571428571	2.9986535257
0.391428571429	2.9993510226
0.394285714286	3.0000490700
0.397142857143	3.0007476452
0.4	3.0014467687
0.402857142857	3.0021464194
0.405714285714	3.0028466162
0.408571428571	3.0035473395
0.411428571429	3.0042486067
0.414285714286	3.0049503998
0.417142857143	3.0056527347
0.42	3.0063555946
0.422857142857	3.0070589943
0.425714285714	3.0077629183
0.428571428571	3.0084673801
0.431428571429	3.0091723652
0.434285714286	3.0098778861
0.437142857143	3.0105839296
0.44	3.0112905069
0.442857142857	3.0119976058
0.445714285714	3.0127052367
0.448571428571	3.0134133882
0.451428571429	3.0141220698
0.454285714286	3.0148312710
0.457142857143	3.0155410006
0.46	3.0162512487
0.462857142857	3.0169620235
0.465714285714	3.0176733156
0.468571428571	3.0183851326
0.471428571429	3.0190974660
0.474285714286	3.0198103225
0.477142857143	3.0205236942
0.48	3.0212375874
0.482857142857	3.0219519946
0.485714285714	3.0226669216
0.488571428571	3.0233823615
0.491428571429	3.0240983196
0.494285714286	3.0248147893
0.497142857143	3.0255317756
0.5	3.0262492723
0.502857142857	3.0269672841
0.505714285714	3.0276858050
0.508571428571	3.0284048393
0.511428571429	3.0291243816
0.514285714286	3.0298444357
0.517142857143	3.0305649966
0.52	3.0312860677
0.522857142857	3.0320076443
0.525714285714	3.0327297296
0.528571428571	3.0334523191
0.531428571429	3.0341754158
0.534285714286	3.0348990154
0.537142857143	3.0356231206
0.54	3.0363477276
0.542857142857	3.0370728386
0.545714285714	3.0377984500
0.548571428571	3.0385245640
0.551428571429	3.0392511771
0.554285714286	3.0399782913
0.557142857143	3.0407059034
0.56	3.0414340150
0.562857142857	3.0421626231
0.565714285714	3.0428917294
0.568571428571	3.0436213308
0.571428571429	3.0443514289
0.574285714286	3.0450820209
0.577142857143	3.0458131081
0.58	3.0465446879
0.582857142857	3.0472767613
0.585714285714	3.0480093260
0.588571428571	3.0487423830
0.591428571429	3.0494759300
0.594285714286	3.0502099677
0.597142857143	3.0509444941
0.6	3.0516795098
0.602857142857	3.0524150128
0.605714285714	3.0531510038
0.608571428571	3.0538874808
0.611428571429	3.0546244442
0.614285714286	3.0553618923
0.617142857143	3.0560998255
0.62	3.0568382420
0.622857142857	3.0575771422
0.625714285714	3.0583165243
0.628571428571	3.0590563888
0.631428571429	3.0597967338
0.634285714286	3.0605375597
0.637142857143	3.0612788649
0.64	3.0620206496
0.642857142857	3.0627629123
0.645714285714	3.0635056530
0.648571428571	3.0642488704
0.651428571429	3.0649925645
0.654285714286	3.0657367338
0.657142857143	3.0664813784
0.66	3.0672264970
0.662857142857	3.0679720896
0.665714285714	3.0687181547
0.668571428571	3.0694646924
0.671428571429	3.0702117014
0.674285714286	3.0709591816
0.677142857143	3.0717071317
0.68	3.0724555516
0.682857142857	3.0732044402
0.685714285714	3.0739537972
0.688571428571	3.0747036214
0.691428571429	3.0754539128
0.694285714286	3.0762046701
0.697142857143	3.0769558932
0.7	3.0777075809
0.702857142857	3.0784597329
0.705714285714	3.0792123483
0.708571428571	3.0799654267
0.711428571429	3.0807189670
0.714285714286	3.0814729691
0.717142857143	3.0822274318
0.72	3.0829823548
0.722857142857	3.0837377372
0.725714285714	3.0844935786
0.728571428571	3.0852498779
0.731428571429	3.0860066350
0.734285714286	3.0867638487
0.737142857143	3.0875215188
0.74	3.0882796442
0.742857142857	3.0890382247
0.745714285714	3.0897972592
0.748571428571	3.0905567474
0.751428571429	3.0913166883
0.754285714286	3.0920770816
0.757142857143	3.0928379263
0.76	3.0935992221
0.762857142857	3.0943609680
0.765714285714	3.0951231636
0.768571428571	3.0958858081
0.771428571429	3.0966489009
0.774285714286	3.0974124413
0.777142857143	3.0981764288
0.78	3.0989408625
0.782857142857	3.0997057420
0.785714285714	3.1004710665
0.788571428571	3.1012368354
0.791428571429	3.1020030480
0.794285714286	3.1027697037
0.797142857143	3.1035368018
0.8	3.1043043417
0.802857142857	3.1050723228
0.805714285714	3.1058407444
0.808571428571	3.1066096058
0.811428571429	3.1073789065
0.814285714286	3.1081486457
0.817142857143	3.1089188229
0.82	3.1096894373
0.822857142857	3.1104604884
0.825714285714	3.1112319755
0.828571428571	3.1120038980
0.831428571429	3.1127762552
0.834285714286	3.1135490465
0.837142857143	3.1143222712
0.84	3.1150959288
0.842857142857	3.1158700185
0.845714285714	3.1166445398
0.848571428571	3.1174194920
0.851428571429	3.1181948745
0.854285714286	3.1189706867
0.857142857143	3.1197469278
0.86	3.1205235974
0.862857142857	3.1213006947
0.865714285714	3.1220782191
0.868571428571	3.1228561700
0.871428571429	3.1236345468
0.874285714286	3.1244133489
0.877142857143	3.1251925755
0.88	3.1259722262
0.882857142857	3.1267523002
0.885714285714	3.1275327969
0.888571428571	3.1283137158
0.891428571429	3.1290950562
0.894285714286	3.1298768174
0.897142857143	3.1306589989
0.9	3.1314416000
0.902857142857	3.1322246202
0.905714285714	3.1330080587
0.908571428571	3.1337919150
0.911428571429	3.1345761885
0.914285714286	3.1353608785
0.917142857143	3.1361459844
0.92	3.1369315057
0.922857142857	3.1377174416
0.925714285714	3.1385037917
0.928571428571	3.1392905552
0.931428571429	3.1400777316
0.934285714286	3.1408653202
0.937142857143	3.1416533205
0.94	3.1424417318
0.942857142857	3.1432305535
0.945714285714	3.1440197851
0.948571428571	3.1448094259
0.951428571429	3.1455994752
0.954285714286	3.1463899326
0.957142857143	3.1471807974
0.96	3.1479720689
0.962857142857	3.1487637467
0.965714285714	3.1495558300
0.968571428571	3.1503483183
0.971428571429	3.1511412110
0.974285714286	3.1519345075
0.977142857143	3.1527282072
0.98	3.1535223095
0.982857142857	3.1543168137
0.985714285714	3.1551117194
0.988571428571	3.1559070259
0.991428571429	3.1567027325
0.994285714286	3.1574988388
0.997142857143	3.1582953441
1.0	3.1590922479
1.00285714286	3.1598895494
1.00571428571	3.1606872483
1.00857142857	3.1614853437
1.01142857143	3.1622838353
1.01428571429	3.1630827223
1.01714285714	3.1638820043
1.02	3.1646816805
1.02285714286	3.1654817504
1.02571428571	3.1662822135
1.02857142857	3.1670830692
1.03142857143	3.1678843168
1.03428571429	3.1686859558
1.03714285714	3.1694879856
1.04	3.1702904057
1.04285714286	3.1710932154
1.04571428571	3.1718964141
1.04857142857	3.1727000014
1.05142857143	3.1735039765
1.05428571429	3.1743083390
1.05714285714	3.1751130883
1.06	3.1759182237
1.06285714286	3.1767237448
1.06571428571	3.1775296509
1.06857142857	3.1783359415
1.07142857143	3.1791426160
1.07428571429	3.1799496738
1.07714285714	3.1807571143
1.08	3.1815649371
1.08285714286	3.1823731414
1.08571428571	3.1831817269
1.08857142857	3.1839906928
1.09142857143	3.1848000386
1.09428571429	3.1856097638
1.09714285714	3.1864198678
1.1	3.1872303500
1.10285714286	3.1880412099
1.10571428571	3.1888524469
1.10857142857	3.1896640604
1.11142857143	3.1904760500
1.11428571429	3.1912884149
1.11714285714	3.1921011548
1.12	3.1929142689
1.12285714286	3.1937277568
1.12571428571	3.1945416180
1.12857142857	3.1953558518
1.13142857143	3.1961704576
1.13428571429	3.1969854350
1.13714285714	3.1978007835
1.14	3.1986165023
1.14285714286	3.1994325911
1.14571428571	3.2002490492
1.14857142857	3.2010658761
1.15142857143	3.2018830712
1.15428571429	3.2027006341
1.15714285714	3.2035185641
1.16	3.2043368607
1.16285714286	3.2051555234
1.16571428571	3.2059745516
1.16857142857	3.2067939448
1.17142857143	3.2076137024
1.17428571429	3.2084338239
1.17714285714	3.2092543088
1.18	3.2100751565
1.18285714286	3.2108963665
1.18571428571	3.2117179383
1.18857142857	3.2125398713
1.19142857143	3.2133621649
1.19428571429	3.2141848187
1.19714285714	3.2150078321
1.2	3.2158312046
1.20285714286	3.2166549356
1.20571428571	3.2174790246
1.20857142857	3.2183034711
1.21142857143	3.2191282746
1.21428571429	3.2199534345
1.21714285714	3.2207789503
1.22	3.2216048214
1.22285714286	3.2224310475
1.22571428571	3.2232576278
1.22857142857	3.2240845619
1.23142857143	3.2249118494
1.23428571429	3.2257394895
1.23714285714	3.2265674819
1.24	3.2273958260
1.24285714286	3.2282245213
1.24571428571	3.2290535673
1.24857142857	3.2298829634
1.25142857143	3.2307127092
1.25428571429	3.2315428041
1.25714285714	3.2323732476
1.26	3.2332040392
1.26285714286	3.2340351784
1.26571428571	3.2348666646
1.26857142857	3.2356984974
1.27142857143	3.2365306763
1.27428571429	3.2373632007
1.27714285714	3.2381960701
1.28	3.2390292840
1.28285714286	3.2398628419
1.28571428571	3.2406967434
1.28857142857	3.2415309878
1.29142857143	3.2423655748
1.29428571429	3.2432005037
1.29714285714	3.2440357741
1.3	3.2448713855
1.30285714286	3.2457073374
1.30571428571	3.2465436293
1.30857142857	3.2473802607
1.31142857143	3.2482172310
1.31428571429	3.2490545399
1.31714285714	3.2498921867
1.32	3.2507301711
1.32285714286	3.2515684924
1.32571428571	3.2524071502
1.32857142857	3.2532461441
1.33142857143	3.2540854735
1.33428571429	3.2549251379
1.33714285714	3.2557651369
1.34	3.2566054699
1.34285714286	3.2574461365
1.34571428571	3.2582871362
1.34857142857	3.2591284684
1.35142857143	3.2599701328
1.35428571429	3.2608121288
1.35714285714	3.2616544559
1.36	3.2624971136
1.36285714286	3.2633401016
1.36571428571	3.2641834192
1.36857142857	3.2650270660
1.37142857143	3.2658710416
1.37428571429	3.2667153454
1.37714285714	3.2675599770
1.38	3.2684049359
1.38285714286	3.2692502215
1.38571428571	3.2700958336
1.38857142857	3.2709417715
1.39142857143	3.2717880348
1.39428571429	3.2726346230
1.39714285714	3.2734815357
1.4	3.2743287723
1.40285714286	3.2751763325
1.40571428571	3.2760242157
1.40857142857	3.2768724214
1.41142857143	3.2777209493
1.41428571429	3.2785697988
1.41714285714	3.2794189695
1.42	3.2802684609
1.42285714286	3.2811182726
1.42571428571	3.2819684040
1.42857142857	3.2828188548
1.43142857143	3.2836696244
1.43428571429	3.2845207124
1.43714285714	3.2853721183
1.44	3.2862238418
1.44285714286	3.2870758822
1.44571428571	3.2879282393
1.44857142857	3.2887809124
1.45142857143	3.2896339012
1.45428571429	3.2904872052
1.45714285714	3.2913408240
1.46	3.2921947571
1.46285714286	3.2930490040
1.46571428571	3.2939035643
1.46857142857	3.2947584376
1.47142857143	3.2956136233
1.47428571429	3.2964691212
1.47714285714	3.2973249306
1.48	3.2981810512
1.48285714286	3.2990374825
1.48571428571	3.2998942241
1.48857142857	3.3007512755
1.49142857143	3.3016086363
1.49428571429	3.3024663060
1.49714285714	3.3033242843
1.5	3.3041825706
1.50285714286	3.3050411646
1.50571428571	3.3059000657
1.50857142857	3.3067592736
1.51142857143	3.3076187878
1.51428571429	3.3084786079
1.51714285714	3.3093387335
1.52	3.3101991641
1.52285714286	3.3110598992
1.52571428571	3.3119209385
1.52857142857	3.3127822816
1.53142857143	3.3136439279
1.53428571429	3.3145058771
1.53714285714	3.3153681287
1.54	3.3162306824
1.54285714286	3.3170935376
1.54571428571	3.3179566940
1.54857142857	3.3188201512
1.55142857143	3.3196839086
1.55428571429	3.3205479660
1.55714285714	3.3214123228
1.56	3.3222769786
1.56285714286	3.3231419331
1.56571428571	3.3240071858
1.56857142857	3.3248727364
1.57142857143	3.3257385842
1.57428571429	3.3266047291
1.57714285714	3.3274711705
1.58	3.3283379080
1.58285714286	3.3292049412
1.58571428571	3.3300722698
1.58857142857	3.3309398933
1.59142857143	3.3318078112
1.59428571429	3.3326760232
1.59714285714	3.3335445289
1.6	3.3344133279
1.60285714286	3.3352824197
1.60571428571	3.3361518039
1.60857142857	3.3370214802
1.61142857143	3.3378914481
1.61428571429	3.3387617073
1.61714285714	3.3396322573
1.62	3.3405030978
1.62285714286	3.3413742282
1.62571428571	3.3422456483
1.62857142857	3.3431173577
1.63142857143	3.3439893559
1.63428571429	3.3448616425
1.63714285714	3.3457342171
1.64	3.3466070795
1.64285714286	3.3474802290
1.64571428571	3.3483536655
1.64857142857	3.3492273884
1.65142857143	3.3501013974
1.65428571429	3.3509756920
1.65714285714	3.3518502720
1.66	3.3527251369
1.66285714286	3.3536002863
1.66571428571	3.3544757198
1.66857142857	3.3553514371
1.67142857143	3.3562274378
1.67428571429	3.3571037215
1.67714285714	3.3579802877
1.68	3.3588571362
1.68285714286	3.3597342665
1.68571428571	3.3606116782
1.68857142857	3.3614893711
1.69142857143	3.3623673446
1.69428571429	3.3632455985
1.69714285714	3.3641241323
1.7	3.3650029456
1.70285714286	3.3658820382
1.70571428571	3.3667614096
1.70857142857	3.3676410594
1.71142857143	3.3685209873
1.71428571429	3.3694011930
1.71714285714	3.3702816759
1.72	3.3711624358
1.72285714286	3.3720434723
1.72571428571	3.3729247851
1.72857142857	3.3738063737
1.73142857143	3.3746882378
1.73428571429	3.3755703770
1.73714285714	3.3764527910
1.74	3.3773354794
1.74285714286	3.3782184419
1.74571428571	3.3791016780
1.74857142857	3.3799851875
1.75142857143	3.3808689699
1.75428571429	3.3817530249
1.75714285714	3.3826373522
1.76	3.3835219514
1.76285714286	3.3844068221
1.76571428571	3.3852919640
1.76857142857	3.3861773767
1.77142857143	3.3870630599
1.77428571429	3.3879490132
1.77714285714	3.3888352363
1.78	3.3897217288
1.78285714286	3.3906084904
1.78571428571	3.3914955208
1.78857142857	3.3923828195
1.79142857143	3.3932703862
1.79428571429	3.3941582206
1.79714285714	3.3950463224
1.8	3.3959346912
1.80285714286	3.3968233266
1.80571428571	3.3977122284
1.80857142857	3.3986013961
1.81142857143	3.3994908295
1.81428571429	3.4003805281
1.81714285714	3.4012704918
1.82	3.4021607200
1.82285714286	3.4030512126
1.82571428571	3.4039419690
1.82857142857	3.4048329891
1.83142857143	3.4057242725
1.83428571429	3.4066158189
1.83714285714	3.4075076279
1.84	3.4083996991
1.84285714286	3.4092920324
1.84571428571	3.4101846272
1.84857142857	3.4110774834
1.85142857143	3.4119706005
1.85428571429	3.4128639783
1.85714285714	3.4137576165
1.86	3.4146515146
1.86285714286	3.4155456724
1.86571428571	3.4164400896
1.86857142857	3.4173347658
1.87142857143	3.4182297007
1.87428571429	3.4191248941
1.87714285714	3.4200203455
1.88	3.4209160547
1.88285714286	3.4218120213
1.88571428571	3.4227082451
1.88857142857	3.4236047257
1.89142857143	3.4245014628
1.89428571429	3.4253984561
1.89714285714	3.4262957052
1.9	3.4271932100
1.90285714286	3.4280909700
1.90571428571	3.4289889849
1.90857142857	3.4298872545
1.91142857143	3.4307857785
1.91428571429	3.4316845564
1.91714285714	3.4325835881
1.92	3.4334828733
1.92285714286	3.4343824115
1.92571428571	3.4352822025
1.92857142857	3.4361822461
1.93142857143	3.4370825419
1.93428571429	3.4379830896
1.93714285714	3.4388838889
1.94	3.4397849396
1.94285714286	3.4406862412
1.94571428571	3.4415877936
1.94857142857	3.4424895965
1.95142857143	3.4433916494
1.95428571429	3.4442939523
1.95714285714	3.4451965046
1.96	3.4460993063
1.96285714286	3.4470023569
1.96571428571	3.4479056562
1.96857142857	3.4488092039
1.97142857143	3.4497129997
1.97428571429	3.4506170433
1.97714285714	3.4515213345
1.98	3.4524258730
1.98285714286	3.4533306584
1.98571428571	3.4542356905
1.98857142857	3.4551409690
1.99142857143	3.4560464936
1.99428571429	3.4569522641
1.99714285714	3.4578582802
2.0	3.4587645415
2.00285714286	3.4596710479
2.00571428571	3.4605777990
2.00857142857	3.4614847946
2.01142857143	3.4623920344
2.01428571429	3.4632995181
2.01714285714	3.4642072454
2.02	3.4651152161
2.02285714286	3.4660234300
2.02571428571	3.4669318866
2.02857142857	3.4678405859
2.03142857143	3.4687495275
2.03428571429	3.4696587111
2.03714285714	3.4705681364
2.04	3.4714778033
2.04285714286	3.4723877115
2.04571428571	3.4732978606
2.04857142857	3.4742082504
2.05142857143	3.4751188807
2.05428571429	3.4760297513
2.05714285714	3.4769408617
2.06	3.4778522119
2.06285714286	3.4787638015
2.06571428571	3.4796756303
2.06857142857	3.4805876980
2.07142857143	3.4815000043
2.07428571429	3.4824125491
2.07714285714	3.4833253321
2.08	3.4842383530
2.08285714286	3.4851516115
2.08571428571	3.4860651075
2.08857142857	3.4869788406
2.09142857143	3.4878928107
2.09428571429	3.4888070175
2.09714285714	3.4897214606
2.1	3.4906361400
2.10285714286	3.4915510554
2.10571428571	3.4924662064
2.10857142857	3.4933815929
2.11142857143	3.4942972147
2.11428571429	3.4952130714
2.11714285714	3.4961291629
2.12	3.4970454889
2.12285714286	3.4979620492
2.12571428571	3.4988788436
2.12857142857	3.4997958717
2.13142857143	3.5007131335
2.13428571429	3.5016306285
2.13714285714	3.5025483568
2.14	3.5034663178
2.14285714286	3.5043845116
2.14571428571	3.5053029378
2.14857142857	3.5062215962
2.15142857143	3.5071404866
2.15428571429	3.5080596087
2.15714285714	3.5089789624
2.16	3.5098985474
2.16285714286	3.5108183634
2.16571428571	3.5117384104
2.16857142857	3.5126586880
2.17142857143	3.5135791960
2.17428571429	3.5144999342
2.17714285714	3.5154209024
2.18	3.5163421004
2.18285714286	3.5172635280
2.18571428571	3.5181851849
2.18857142857	3.5191070710
2.19142857143	3.5200291860
2.19428571429	3.5209515297
2.19714285714	3.5218741019
2.2	3.5227969025
2.20285714286	3.5237199311
2.20571428571	3.5246431876
2.20857142857	3.5255666718
2.21142857143	3.5264903834
2.21428571429	3.5274143224
2.21714285714	3.5283384884
2.22	3.5292628812
2.22285714286	3.5301875008
2.22571428571	3.5311123468
2.22857142857	3.5320374191
2.23142857143	3.5329627174
2.23428571429	3.5338882417
2.23714285714	3.5348139916
2.24	3.5357399670
2.24285714286	3.5366661677
2.24571428571	3.5375925935
2.24857142857	3.5385192442
2.25142857143	3.5394461197
2.25428571429	3.5403732197
2.25714285714	3.5413005440
2.26	3.5422280925
2.26285714286	3.5431558649
2.26571428571	3.5440838612
2.26857142857	3.5450120810
2.27142857143	3.5459405243
2.27428571429	3.5468691908
2.27714285714	3.5477980804
2.28	3.5487271929
2.28285714286	3.5496565280
2.28571428571	3.5505860857
2.28857142857	3.5515158657
2.29142857143	3.5524458679
2.29428571429	3.5533760921
2.29714285714	3.5543065381
2.3	3.5552372058
2.30285714286	3.5561680950
2.30571428571	3.5570992055
2.30857142857	3.5580305371
2.31142857143	3.5589620897
2.31428571429	3.5598938631
2.31714285714	3.5608258571
2.32	3.5617580716
2.32285714286	3.5626905064
2.32571428571	3.5636231614
2.32857142857	3.5645560364
2.33142857143	3.5654891312
2.33428571429	3.5664224457
2.33714285714	3.5673559796
2.34	3.5682897330
2.34285714286	3.5692237055
2.34571428571	3.5701578971
2.34857142857	3.5710923076
2.35142857143	3.5720269368
2.35428571429	3.5729617845
2.35714285714	3.5738968508
2.36	3.5748321353
2.36285714286	3.5757676379
2.36571428571	3.5767033585
2.36857142857	3.5776392970
2.37142857143	3.5785754532
2.37428571429	3.5795118269
2.37714285714	3.5804484180
2.38	3.5813852264
2.38285714286	3.5823222519
2.38571428571	3.5832594944
2.38857142857	3.5841969538
2.39142857143	3.5851346299
2.39428571429	3.5860725225
2.39714285714	3.5870106316
2.4	3.5879489570
2.40285714286	3.5888874985
2.40571428571	3.5898262561
2.40857142857	3.5907652296
2.41142857143	3.5917044189
2.41428571429	3.5926438239
2.41714285714	3.5935834443
2.42	3.5945232802
2.42285714286	3.5954633313
2.42571428571	3.5964035976
2.42857142857	3.5973440789
2.43142857143	3.5982847751
2.43428571429	3.5992256861
2.43714285714	3.6001668117
2.44	3.6011081519
2.44285714286	3.6020497065
2.44571428571	3.6029914754
2.44857142857	3.6039334586
2.45142857143	3.6048756558
2.45428571429	3.6058180669
2.45714285714	3.6067606920
2.46	3.6077035307
2.46285714286	3.6086465832
2.46571428571	3.6095898491
2.46857142857	3.6105333285
2.47142857143	3.6114770212
2.47428571429	3.6124209271
2.47714285714	3.6133650461
2.48	3.6143093781
2.48285714286	3.6152539230
2.48571428571	3.6161986807
2.48857142857	3.6171436512
2.49142857143	3.6180888342
2.49428571429	3.6190342298
2.49714285714	3.6199798378
2.5	3.6209256581
2.50285714286	3.6218716906
2.50571428571	3.6228179353
2.50857142857	3.6237643920
2.51142857143	3.6247110607
2.51428571429	3.6256579412
2.51714285714	3.6266050336
2.52	3.6275523376
2.52285714286	3.6284998533
2.52571428571	3.6294475805
2.52857142857	3.6303955191
2.53142857143	3.6313436691
2.53428571429	3.6322920304
2.53714285714	3.6332406030
2.54	3.6341893866
2.54285714286	3.6351383813
2.54571428571	3.6360875870
2.54857142857	3.6370370036
2.55142857143	3.6379866310
2.55428571429	3.6389364693
2.55714285714	3.6398865182
2.56	3.6408367777
2.56285714286	3.6417872478
2.56571428571	3.6427379284
2.56857142857	3.6436888194
2.57142857143	3.6446399208
2.57428571429	3.6455912325
2.57714285714	3.6465427544
2.58	3.6474944865
2.58285714286	3.6484464288
2.58571428571	3.6493985811
2.58857142857	3.6503509434
2.59142857143	3.6513035157
2.59428571429	3.6522562979
2.59714285714	3.6532092900
2.6	3.6541624918
2.60285714286	3.6551159034
2.60571428571	3.6560695247
2.60857142857	3.6570233557
2.61142857143	3.6579773962
2.61428571429	3.6589316464
2.61714285714	3.6598861060
2.62	3.6608407752
2.62285714286	3.6617956538
2.62571428571	3.6627507417
2.62857142857	3.6637060391
2.63142857143	3.6646615457
2.63428571429	3.6656172617
2.63714285714	3.6665731869
2.64	3.6675293214
2.64285714286	3.6684856650
2.64571428571	3.6694422178
2.64857142857	3.6703989797
2.65142857143	3.6713559508
2.65428571429	3.6723131309
2.65714285714	3.6732705201
2.66	3.6742281183
2.66285714286	3.6751859255
2.66571428571	3.6761439417
2.66857142857	3.6771021669
2.67142857143	3.6780606011
2.67428571429	3.6790192442
2.67714285714	3.6799780962
2.68	3.6809371571
2.68285714286	3.6818964269
2.68571428571	3.6828559056
2.68857142857	3.6838155931
2.69142857143	3.6847754895
2.69428571429	3.6857355948
2.69714285714	3.6866959090
2.7	3.6876564320
2.70285714286	3.6886171638
2.70571428571	3.6895781045
2.70857142857	3.6905392540
2.71142857143	3.6915006124
2.71428571429	3.6924621796
2.71714285714	3.6934239557
2.72	3.6943859407
2.72285714286	3.6953481345
2.72571428571	3.6963105372
2.72857142857	3.6972731488
2.73142857143	3.6982359692
2.73428571429	3.6991989986
2.73714285714	3.7001622370
2.74	3.7011256842
2.74285714286	3.7020893404
2.74571428571	3.7030532056
2.74857142857	3.7040172798
2.75142857143	3.7049815630
2.75428571429	3.7059460553
2.75714285714	3.7069107566
2.76	3.7078756670
2.76285714286	3.7088407866
2.76571428571	3.7098061152
2.76857142857	3.7107716531
2.77142857143	3.7117374002
2.77428571429	3.7127033565
2.77714285714	3.7136695221
2.78	3.7146358971
2.78285714286	3.7156024814
2.78571428571	3.7165692751
2.78857142857	3.7175362782
2.79142857143	3.7185034908
2.79428571429	3.7194709129
2.79714285714	3.7204385446
2.8	3.7214063860
2.80285714286	3.7223744370
2.80571428571	3.7233426977
2.80857142857	3.7243111681
2.81142857143	3.7252798485
2.81428571429	3.7262487386
2.81714285714	3.7272178388
2.82	3.7281871489
2.82285714286	3.7291566691
2.82571428571	3.7301263994
2.82857142857	3.7310963398
2.83142857143	3.7320664905
2.83428571429	3.7330368516
2.83714285714	3.7340074230
2.84	3.7349782048
2.84285714286	3.7359491972
2.84571428571	3.7369204002
2.84857142857	3.7378918138
2.85142857143	3.7388634382
2.85428571429	3.7398352734
2.85714285714	3.7408073196
2.86	3.7417795767
2.86285714286	3.7427520448
2.86571428571	3.7437247241
2.86857142857	3.7446976147
2.87142857143	3.7456707166
2.87428571429	3.7466440299
2.87714285714	3.7476175547
2.88	3.7485912911
2.88285714286	3.7495652392
2.88571428571	3.7505393991
2.88857142857	3.7515137709
2.89142857143	3.7524883546
2.89428571429	3.7534631505
2.89714285714	3.7544381585
2.9	3.7554133789
2.90285714286	3.7563888117
2.90571428571	3.7573644569
2.90857142857	3.7583403149
2.91142857143	3.7593163855
2.91428571429	3.7602926690
2.91714285714	3.7612691655
2.92	3.7622458750
2.92285714286	3.7632227978
2.92571428571	3.7641999339
2.92857142857	3.7651772834
2.93142857143	3.7661548465
2.93428571429	3.7671326233
2.93714285714	3.7681106140
2.94	3.7690888186
2.94285714286	3.7700672373
2.94571428571	3.7710458702
2.94857142857	3.7720247175
2.95142857143	3.7730037793
2.95428571429	3.7739830558
2.95714285714	3.7749625470
2.96	3.7759422531
2.96285714286	3.7769221744
2.96571428571	3.7779023108
2.96857142857	3.7788826626
2.97142857143	3.7798632300
2.97428571429	3.7808440130
2.97714285714	3.7818250118
2.98	3.7828062266
2.98285714286	3.7837876576
2.98571428571	3.7847693049
2.98857142857	3.7857511686
2.99142857143	3.7867332490
2.99428571429	3.7877155462
2.99714285714	3.7886980604
3.0	3.7896807917
3.00285714286	3.7906637403
3.00571428571	3.7916469064
3.00857142857	3.7926302901
3.01142857143	3.7936138918
3.01428571429	3.7945977114
3.01714285714	3.7955817493
3.02	3.7965660055
3.02285714286	3.7975504804
3.02571428571	3.7985351740
3.02857142857	3.7995200866
3.03142857143	3.8005052183
3.03428571429	3.8014905694
3.03714285714	3.8024761401
3.04	3.8034619305
3.04285714286	3.8044479409
3.04571428571	3.8054341714
3.04857142857	3.8064206223
3.05142857143	3.8074072937
3.05428571429	3.8083941860
3.05714285714	3.8093812993
3.06	3.8103686337
3.06285714286	3.8113561897
3.06571428571	3.8123439672
3.06857142857	3.8133319667
3.07142857143	3.8143201882
3.07428571429	3.8153086321
3.07714285714	3.8162972985
3.08	3.8172861877
3.08285714286	3.8182753000
3.08571428571	3.8192646354
3.08857142857	3.8202541944
3.09142857143	3.8212439772
3.09428571429	3.8222339839
3.09714285714	3.8232242148
3.1	3.8242146702
3.10285714286	3.8252053503
3.10571428571	3.8261962554
3.10857142857	3.8271873857
3.11142857143	3.8281787416
3.11428571429	3.8291703231
3.11714285714	3.8301621307
3.12	3.8311541645
3.12285714286	3.8321464249
3.12571428571	3.8331389121
3.12857142857	3.8341316263
3.13142857143	3.8351245679
3.13428571429	3.8361177372
3.13714285714	3.8371111343
3.14	3.8381047597
3.14285714286	3.8390986135
3.14571428571	3.8400926961
3.14857142857	3.8410870077
3.15142857143	3.8420815487
3.15428571429	3.8430763194
3.15714285714	3.8440713199
3.16	3.8450665507
3.16285714286	3.8460620121
3.16571428571	3.8470577043
3.16857142857	3.8480536276
3.17142857143	3.8490497824
3.17428571429	3.8500461690
3.17714285714	3.8510427876
3.18	3.8520396387
3.18285714286	3.8530367225
3.18571428571	3.8540340394
3.18857142857	3.8550315897
3.19142857143	3.8560293736
3.19428571429	3.8570273916
3.19714285714	3.8580256440
3.2	3.8590241312
3.20285714286	3.8600228533
3.20571428571	3.8610218109
3.20857142857	3.8620210042
3.21142857143	3.8630204337
3.21428571429	3.8640200996
3.21714285714	3.8650200023
3.22	3.8660201421
3.22285714286	3.8670205195
3.22571428571	3.8680211348
3.22857142857	3.8690219883
3.23142857143	3.8700230805
3.23428571429	3.8710244117
3.23714285714	3.8720259823
3.24	3.8730277926
3.24285714286	3.8740298430
3.24571428571	3.8750321340
3.24857142857	3.8760346659
3.25142857143	3.8770374391
3.25428571429	3.8780404540
3.25714285714	3.8790437111
3.26	3.8800472106
3.26285714286	3.8810509530
3.26571428571	3.8820549387
3.26857142857	3.8830591682
3.27142857143	3.8840636418
3.27428571429	3.8850683600
3.27714285714	3.8860733231
3.28	3.8870785316
3.28285714286	3.8880839860
3.28571428571	3.8890896867
3.28857142857	3.8900956340
3.29142857143	3.8911018284
3.29428571429	3.8921082705
3.29714285714	3.8931149605
3.3	3.8941218990
3.30285714286	3.8951290865
3.30571428571	3.8961365233
3.30857142857	3.8971442099
3.31142857143	3.8981521468
3.31428571429	3.8991603345
3.31714285714	3.9001687734
3.32	3.9011774640
3.32285714286	3.9021864068
3.32571428571	3.9031956022
3.32857142857	3.9042050508
3.33142857143	3.9052147530
3.33428571429	3.9062247093
3.33714285714	3.9072349202
3.34	3.9082453863
3.34285714286	3.9092561079
3.34571428571	3.9102670857
3.34857142857	3.9112783201
3.35142857143	3.9122898117
3.35428571429	3.9133015609
3.35714285714	3.9143135683
3.36	3.9153258344
3.36285714286	3.9163383597
3.36571428571	3.9173511448
3.36857142857	3.9183641902
3.37142857143	3.9193774965
3.37428571429	3.9203910642
3.37714285714	3.9214048938
3.38	3.9224189859
3.38285714286	3.9234333411
3.38571428571	3.9244479599
3.38857142857	3.9254628429
3.39142857143	3.9264779907
3.39428571429	3.9274934038
3.39714285714	3.9285090828
3.4	3.9295250283
3.40285714286	3.9305412409
3.40571428571	3.9315577212
3.40857142857	3.9325744697
3.41142857143	3.9335914872
3.41428571429	3.9346087741
3.41714285714	3.9356263311
3.42	3.9366441588
3.42285714286	3.9376622579
3.42571428571	3.9386806289
3.42857142857	3.9396992725
3.43142857143	3.9407181893
3.43428571429	3.9417373800
3.43714285714	3.9427568452
3.44	3.9437765855
3.44285714286	3.9447966016
3.44571428571	3.9458168942
3.44857142857	3.9468374639
3.45142857143	3.9478583114
3.45428571429	3.9488794374
3.45714285714	3.9499008424
3.46	3.9509225274
3.46285714286	3.9519444928
3.46571428571	3.9529667394
3.46857142857	3.9539892679
3.47142857143	3.9550120790
3.47428571429	3.9560351735
3.47714285714	3.9570585519
3.48	3.9580822151
3.48285714286	3.9591061638
3.48571428571	3.9601303986
3.48857142857	3.9611549204
3.49142857143	3.9621797299
3.49428571429	3.9632048278
3.49714285714	3.9642302148
3.5	3.9652558918
3.50285714286	3.9662818595
3.50571428571	3.9673081186
3.50857142857	3.9683346700
3.51142857143	3.9693615143
3.51428571429	3.9703886525
3.51714285714	3.9714160853
3.52	3.9724438134
3.52285714286	3.9734718378
3.52571428571	3.9745001591
3.52857142857	3.9755287783
3.53142857143	3.9765576961
3.53428571429	3.9775869133
3.53714285714	3.9786164309
3.54	3.9796462496
3.54285714286	3.9806763703
3.54571428571	3.9817067938
3.54857142857	3.9827375210
3.55142857143	3.9837685528
3.55428571429	3.9847998901
3.55714285714	3.9858315336
3.56	3.9868634844
3.56285714286	3.9878957433
3.56571428571	3.9889283111
3.56857142857	3.9899611889
3.57142857143	3.9909943774
3.57428571429	3.9920278777
3.57714285714	3.9930616907
3.58	3.9940958172
3.58285714286	3.9951302583
3.58571428571	3.9961650149
3.58857142857	3.9972000879
3.59142857143	3.9982354783
3.59428571429	3.9992711871
3.59714285714	4.0003072152
3.6	4.0013435637
3.60285714286	4.0023802334
3.60571428571	4.0034172255
3.60857142857	4.0044545410
3.61142857143	4.0054921807
3.61428571429	4.0065301459
3.61714285714	4.0075684374
3.62	4.0086070564
3.62285714286	4.0096460039
3.62571428571	4.0106852809
3.62857142857	4.0117248885
3.63142857143	4.0127648277
3.63428571429	4.0138050998
3.63714285714	4.0148457056
3.64	4.0158866464
3.64285714286	4.0169279233
3.64571428571	4.0179695373
3.64857142857	4.0190114896
3.65142857143	4.0200537813
3.65428571429	4.0210964135
3.65714285714	4.0221393874
3.66	4.0231827042
3.66285714286	4.0242263650
3.66571428571	4.0252703710
3.66857142857	4.0263147234
3.67142857143	4.0273594234
3.67428571429	4.0284044721
3.67714285714	4.0294498709
3.68	4.0304956208
3.68285714286	4.0315417232
3.68571428571	4.0325881793
3.68857142857	4.0336349904
3.69142857143	4.0346821576
3.69428571429	4.0357296824
3.69714285714	4.0367775659
3.7	4.0378258095
3.70285714286	4.0388744144
3.70571428571	4.0399233820
3.70857142857	4.0409727136
3.71142857143	4.0420224106
3.71428571429	4.0430724742
3.71714285714	4.0441229059
3.72	4.0451737070
3.72285714286	4.0462248789
3.72571428571	4.0472764230
3.72857142857	4.0483283407
3.73142857143	4.0493806333
3.73428571429	4.0504333024
3.73714285714	4.0514863494
3.74	4.0525397757
3.74285714286	4.0535935827
3.74571428571	4.0546477720
3.74857142857	4.0557023451
3.75142857143	4.0567573033
3.75428571429	4.0578126483
3.75714285714	4.0588683816
3.76	4.0599245047
3.76285714286	4.0609810192
3.76571428571	4.0620379265
3.76857142857	4.0630952284
3.77142857143	4.0641529264
3.77428571429	4.0652110220
3.77714285714	4.0662695169
3.78	4.0673284128
3.78285714286	4.0683877112
3.78571428571	4.0694474139
3.78857142857	4.0705075225
3.79142857143	4.0715680387
3.79428571429	4.0726289642
3.79714285714	4.0736903007
3.8	4.0747520499
3.80285714286	4.0758142137
3.80571428571	4.0768767937
3.80857142857	4.0779397917
3.81142857143	4.0790032095
3.81428571429	4.0800670490
3.81714285714	4.0811313120
3.82	4.0821960002
3.82285714286	4.0832611156
3.82571428571	4.0843266601
3.82857142857	4.0853926354
3.83142857143	4.0864590436
3.83428571429	4.0875258866
3.83714285714	4.0885931662
3.84	4.0896608845
3.84285714286	4.0907290435
3.84571428571	4.0917976450
3.84857142857	4.0928666913
3.85142857143	4.0939361842
3.85428571429	4.0950061258
3.85714285714	4.0960765183
3.86	4.0971473636
3.86285714286	4.0982186640
3.86571428571	4.0992904215
3.86857142857	4.1003626383
3.87142857143	4.1014353165
3.87428571429	4.1025084583
3.87714285714	4.1035820661
3.88	4.1046561418
3.88285714286	4.1057306880
3.88571428571	4.1068057067
3.88857142857	4.1078812004
3.89142857143	4.1089571712
3.89428571429	4.1100336217
3.89714285714	4.1111105540
3.9	4.1121879707
3.90285714286	4.1132658741
3.90571428571	4.1143442666
3.90857142857	4.1154231508
3.91142857143	4.1165025291
3.91428571429	4.1175824039
3.91714285714	4.1186627779
3.92	4.1197436536
3.92285714286	4.1208250335
3.92571428571	4.1219069203
3.92857142857	4.1229893166
3.93142857143	4.1240722251
3.93428571429	4.1251556484
3.93714285714	4.1262395893
3.94	4.1273240506
3.94285714286	4.1284090349
3.94571428571	4.1294945451
3.94857142857	4.1305805840
3.95142857143	4.1316671544
3.95428571429	4.1327542594
3.95714285714	4.1338419017
3.96	4.1349300843
3.96285714286	4.1360188103
3.96571428571	4.1371080825
3.96857142857	4.1381979042
3.97142857143	4.1392882782
3.97428571429	4.1403792079
3.97714285714	4.1414706962
3.98	4.1425627464
3.98285714286	4.1436553617
3.98571428571	4.1447485453
3.98857142857	4.1458423006
3.99142857143	4.1469366307
3.99428571429	4.1480315392
3.99714285714	4.1491270294
4.0	4.1502231047
4.00285714286	4.1513197686
4.00571428571	4.1524170247
4.00857142857	4.1535148764
4.01142857143	4.1546133273
4.01428571429	4.1557123811
4.01714285714	4.1568120415
4.02	4.1579123122
4.02285714286	4.1590131970
4.02571428571	4.1601146995
4.02857142857	4.1612168238
4.03142857143	4.1623195737
4.03428571429	4.1634229531
4.03714285714	4.1645269661
4.04	4.1656316166
4.04285714286	4.1667369088
4.04571428571	4.1678428468
4.04857142857	4.1689494348
4.05142857143	4.1700566770
4.05428571429	4.1711645777
4.05714285714	4.1722731413
4.06	4.1733823721
4.06285714286	4.1744922747
4.06571428571	4.1756028535
4.06857142857	4.1767141131
4.07142857143	4.1778260581
4.07428571429	4.1789386932
4.07714285714	4.1800520232
4.08	4.1811660528
4.08285714286	4.1822807870
4.08571428571	4.1833962307
4.08857142857	4.1845123888
4.09142857143	4.1856292665
4.09428571429	4.1867468689
4.09714285714	4.1878652012
4.1	4.1889842687
4.10285714286	4.1901040767
4.10571428571	4.1912246306
4.10857142857	4.1923459360
4.11142857143	4.1934679984
4.11428571429	4.1945908235
4.11714285714	4.1957144170
4.12	4.1968387847
4.12285714286	4.1979639325
4.12571428571	4.1990898664
4.12857142857	4.2002165925
4.13142857143	4.2013441170
4.13428571429	4.2024724460
4.13714285714	4.2036015859
4.14	4.2047315432
4.14285714286	4.2058623244
4.14571428571	4.2069939362
4.14857142857	4.2081263852
4.15142857143	4.2092596782
4.15428571429	4.2103938224
4.15714285714	4.2115288246
4.16	4.2126646921
4.16285714286	4.2138014321
4.16571428571	4.2149390520
4.16857142857	4.2160775593
4.17142857143	4.2172169617
4.17428571429	4.2183572670
4.17714285714	4.2194984829
4.18	4.2206406175
4.18285714286	4.2217836790
4.18571428571	4.2229276756
4.18857142857	4.2240726159
4.19142857143	4.2252185082
4.19428571429	4.2263653614
4.19714285714	4.2275131844
4.2	4.2286619861
4.20285714286	4.2298117758
4.20571428571	4.2309625628
4.20857142857	4.2321143566
4.21142857143	4.2332671669
4.21428571429	4.2344210036
4.21714285714	4.2355758768
4.22	4.2367317966
4.22285714286	4.2378887736
4.22571428571	4.2390468183
4.22857142857	4.2402059417
4.23142857143	4.2413661547
4.23428571429	4.2425274686
4.23714285714	4.2436898950
4.24	4.2448534455
4.24285714286	4.2460181321
4.24571428571	4.2471839670
4.24857142857	4.2483509628
4.25142857143	4.2495191320
4.25428571429	4.2506884877
4.25714285714	4.2518590431
4.26	4.2530308119
4.26285714286	4.2542038078
4.26571428571	4.2553780450
4.26857142857	4.2565535379
4.27142857143	4.2577303015
4.27428571429	4.2589083508
4.27714285714	4.2600877012
4.28	4.2612683687
4.28285714286	4.2624503694
4.28571428571	4.2636337200
4.28857142857	4.2648184375
4.29142857143	4.2660045394
4.29428571429	4.2671920434
4.29714285714	4.2683809679
4.3	4.2695713317
4.30285714286	4.2707631541
4.30571428571	4.2719564548
4.30857142857	4.2731512542
4.31142857143	4.2743475731
4.31428571429	4.2755454330
4.31714285714	4.2767448558
4.32	4.2779458642
4.32285714286	4.2791484816
4.32571428571	4.2803527319
4.32857142857	4.2815586397
4.33142857143	4.2827662305
4.33428571429	4.2839755305
4.33714285714	4.2851865667
4.34	4.2863993670
4.34285714286	4.2876139601
4.34571428571	4.2888303758
4.34857142857	4.2900486446
4.35142857143	4.2912687984
4.35428571429	4.2924908699
4.35714285714	4.2937148931
4.36	4.2949409032
4.36285714286	4.2961689366
4.36571428571	4.2973990312
4.36857142857	4.2986312261
4.37142857143	4.2998655623
4.37428571429	4.3011020820
4.37714285714	4.3023408295
4.38	4.3035818505
4.38285714286	4.3048251930
4.38571428571	4.3060709069
4.38857142857	4.3073190444
4.39142857143	4.3085696600
4.39428571429	4.3098228108
4.39714285714	4.3110785566
4.4	4.3123369602
4.40285714286	4.3135980875
4.40571428571	4.3148620079
4.40857142857	4.3161287944
4.41142857143	4.3173985241
4.41428571429	4.3186712785
4.41714285714	4.3199471438
4.42	4.3212262117
4.42285714286	4.3225085793
4.42571428571	4.3237943503
4.42857142857	4.3250836353
4.43142857143	4.3263765528
4.43428571429	4.3276732297
4.43714285714	4.3289738028
4.44	4.3302784199
4.44285714286	4.3315872410
4.44571428571	4.3329004402
4.44857142857	4.3342182076
4.45142857143	4.3355407519
4.45428571429	4.3368683033
4.45714285714	4.3382011172
4.46	4.3395394791
4.46285714286	4.3408837099
4.46571428571	4.3422341743
4.46857142857	4.3435912902
4.47142857143	4.3449555426
4.47428571429	4.3463275019
4.47714285714	4.3477078511
4.48	4.3490974248
4.48285714286	4.3504972713
4.48571428571	4.3519087540
4.48857142857	4.3533337362
4.49142857143	4.3547749537
4.49428571429	4.3562369293
4.49714285714	4.3577291418
4.5	4.3593425543
4.50285714286	4.3610766189
4.50571428571	4.3628399572
4.50857142857	4.3646229278
4.51142857143	4.3664208877
4.51428571429	4.3682310060
4.51714285714	4.3700513405
4.52	4.3718804595
4.52285714286	4.3737172555
4.52571428571	4.3755608405
4.52857142857	4.3774104845
4.53142857143	4.3792655734
4.53428571429	4.3811255833
4.53714285714	4.3829900598
4.54	4.3848586052
4.54285714286	4.3867308671
4.54571428571	4.3886065319
4.54857142857	4.3904853169
4.55142857143	4.3923669671
4.55428571429	4.3942512500
4.55714285714	4.3961379538
4.56	4.3980268833
4.56285714286	4.3999178592
4.56571428571	4.4018107150
4.56857142857	4.4037052969
4.57142857143	4.4056014609
4.57428571429	4.4074990734
4.57714285714	4.4093980086
4.58	4.4112981492
4.58285714286	4.4131993844
4.58571428571	4.4151016103
4.58857142857	4.4170047284
4.59142857143	4.4189086460
4.59428571429	4.4208132749
4.59714285714	4.4227185321
4.6	4.4246243382
4.60285714286	4.4265306182
4.60571428571	4.4284373002
4.60857142857	4.4303443163
4.61142857143	4.4322516011
4.61428571429	4.4341590926
4.61714285714	4.4360667314
4.62	4.4379744606
4.62285714286	4.4398822258
4.62571428571	4.4417899750
4.62857142857	4.4436976579
4.63142857143	4.4456052268
4.63428571429	4.4475126354
4.63714285714	4.4494198395
4.64	4.4513267963
4.64285714286	4.4532334651
4.64571428571	4.4551398062
4.64857142857	4.4570457817
4.65142857143	4.4589513549
4.65428571429	4.4608564905
4.65714285714	4.4627611543
4.66	4.4646653135
4.66285714286	4.4665689363
4.66571428571	4.4684719920
4.66857142857	4.4703744509
4.67142857143	4.4722762844
4.67428571429	4.4741774646
4.67714285714	4.4760779649
4.68	4.4779777592
4.68285714286	4.4798768223
4.68571428571	4.4817751300
4.68857142857	4.4836726586
4.69142857143	4.4855693853
4.69428571429	4.4874652880
4.69714285714	4.4893603451
4.7	4.4912545359
4.70285714286	4.4931478401
4.70571428571	4.4950402382
4.70857142857	4.4969317112
4.71142857143	4.4988222406
4.71428571429	4.5007118085
4.71714285714	4.5026003976
4.72	4.5044879908
4.72285714286	4.5063745719
4.72571428571	4.5082601249
4.72857142857	4.5101446344
4.73142857143	4.5120280852
4.73428571429	4.5139104628
4.73714285714	4.5157917530
4.74	4.5176719420
4.74285714286	4.5195510162
4.74571428571	4.5214289628
4.74857142857	4.5233057689
4.75142857143	4.5251814223
4.75428571429	4.5270559110
4.75714285714	4.5289292232
4.76	4.5308013475
4.76285714286	4.5326722731
4.76571428571	4.5345419890
4.76857142857	4.5364104849
4.77142857143	4.5382777506
4.77428571429	4.5401437761
4.77714285714	4.5420085518
4.78	4.5438720684
4.78285714286	4.5457343166
4.78571428571	4.5475952877
4.78857142857	4.5494549730
4.79142857143	4.5513133641
4.79428571429	4.5531704528
4.79714285714	4.5550262311
4.8	4.5568806913
4.80285714286	4.5587338258
4.80571428571	4.5605856272
4.80857142857	4.5624360885
4.81142857143	4.5642852027
4.81428571429	4.5661329630
4.81714285714	4.5679793628
4.82	4.5698243958
4.82285714286	4.5716680555
4.82571428571	4.5735103362
4.82857142857	4.5753512317
4.83142857143	4.5771907364
4.83428571429	4.5790288446
4.83714285714	4.5808655511
4.84	4.5827008503
4.84285714286	4.5845347374
4.84571428571	4.5863672071
4.84857142857	4.5881982547
4.85142857143	4.5900278755
4.85428571429	4.5918560648
4.85714285714	4.5936828182
4.86	4.5955081314
4.86285714286	4.5973320001
4.86571428571	4.5991544203
4.86857142857	4.6009753880
4.87142857143	4.6027948993
4.87428571429	4.6046129505
4.87714285714	4.6064295380
4.88	4.6082446581
4.88285714286	4.6100583075
4.88571428571	4.6118704829
4.88857142857	4.6136811811
4.89142857143	4.6154903989
4.89428571429	4.6172981332
4.89714285714	4.6191043812
4.9	4.6209091401
4.90285714286	4.6227124070
4.90571428571	4.6245141793
4.90857142857	4.6263144544
4.91142857143	4.6281132299
4.91428571429	4.6299105032
4.91714285714	4.6317062722
4.92	4.6335005345
4.92285714286	4.6352932879
4.92571428571	4.6370845304
4.92857142857	4.6388742599
4.93142857143	4.6406624746
4.93428571429	4.6424491724
4.93714285714	4.6442343516
4.94	4.6460180105
4.94285714286	4.6478001473
4.94571428571	4.6495807605
4.94857142857	4.6513598485
4.95142857143	4.6531374098
4.95428571429	4.6549134431
4.95714285714	4.6566879469
4.96	4.6584609199
4.96285714286	4.6602323610
4.96571428571	4.6620022688
4.96857142857	4.6637706424
4.97142857143	4.6655374805
4.97428571429	4.6673027823
4.97714285714	4.6690665466
4.98	4.6708287726
4.98285714286	4.6725894595
4.98571428571	4.6743486063
4.98857142857	4.6761062124
4.99142857143	4.6778622770
4.99428571429	4.6796167994
4.99714285714	4.6813697790
5.0	4.6831212152
5.00285714286	4.6848711075
5.00571428571	4.6866194554
5.00857142857	4.6883662583
5.01142857143	4.6901115160
5.01428571429	4.6918552280
5.01714285714	4.6935973940
5.02	4.6953380136
5.02285714286	4.6970770867
5.02571428571	4.6988146131
5.02857142857	4.7005505924
5.03142857143	4.7022850247
5.03428571429	4.7040179097
5.03714285714	4.7057492474
5.04	4.7074790378
5.04285714286	4.7092072808
5.04571428571	4.7109339766
5.04857142857	4.7126591250
5.05142857143	4.7143827263
5.05428571429	4.7161047805
5.05714285714	4.7178252879
5.06	4.7195442485
5.06285714286	4.7212616626
5.06571428571	4.7229775305
5.06857142857	4.7246918523
5.07142857143	4.7264046285
5.07428571429	4.7281158593
5.07714285714	4.7298255451
5.08	4.7315336862
5.08285714286	4.7332402831
5.08571428571	4.7349453362
5.08857142857	4.7366488459
5.09142857143	4.7383508128
5.09428571429	4.7400512373
5.09714285714	4.7417501199
5.1	4.7434474612
5.10285714286	4.7451432618
5.10571428571	4.7468375223
5.10857142857	4.7485302433
5.11142857143	4.7502214254
5.11428571429	4.7519110692
5.11714285714	4.7535991756
5.12	4.7552857451
5.12285714286	4.7569707785
5.12571428571	4.7586542765
5.12857142857	4.7603362399
5.13142857143	4.7620166695
5.13428571429	4.7636955661
5.13714285714	4.7653729304
5.14	4.7670487633
5.14285714286	4.7687230657
5.14571428571	4.7703958385
5.14857142857	4.7720670824
5.15142857143	4.7737367985
5.15428571429	4.7754049876
5.15714285714	4.7770716507
5.16	4.7787367887
5.16285714286	4.7804004026
5.16571428571	4.7820624934
5.16857142857	4.7837230620
5.17142857143	4.7853821095
5.17428571429	4.7870396369
5.17714285714	4.7886956452
5.18	4.7903501356
5.18285714286	4.7920031090
5.18571428571	4.7936545665
5.18857142857	4.7953045092
5.19142857143	4.7969529383
5.19428571429	4.7985998549
5.19714285714	4.8002452600
5.2	4.8018891549
5.20285714286	4.8035315406
5.20571428571	4.8051724184
5.20857142857	4.8068117894
5.21142857143	4.8084496548
5.21428571429	4.8100860158
5.21714285714	4.8117208736
5.22	4.8133542295
5.22285714286	4.8149860847
5.22571428571	4.8166164403
5.22857142857	4.8182452978
5.23142857143	4.8198726582
5.23428571429	4.8214985230
5.23714285714	4.8231228934
5.24	4.8247457706
5.24285714286	4.8263671560
5.24571428571	4.8279870508
5.24857142857	4.8296054565
5.25142857143	4.8312223742
5.25428571429	4.8328378055
5.25714285714	4.8344517515
5.26	4.8360642136
5.26285714286	4.8376751933
5.26571428571	4.8392846918
5.26857142857	4.8408927106
5.27142857143	4.8424992509
5.27428571429	4.8441043143
5.27714285714	4.8457079021
5.28	4.8473100157
5.28285714286	4.8489106565
5.28571428571	4.8505098260
5.28857142857	4.8521075254
5.29142857143	4.8537037564
5.29428571429	4.8552985203
5.29714285714	4.8568918185
5.3	4.8584836525
5.30285714286	4.8600740238
5.30571428571	4.8616629338
5.30857142857	4.8632503840
5.31142857143	4.8648363758
5.31428571429	4.8664209108
5.31714285714	4.8680039903
5.32	4.8695856160
5.32285714286	4.8711657892
5.32571428571	4.8727445115
5.32857142857	4.8743217843
5.33142857143	4.8758976093
5.33428571429	4.8774719878
5.33714285714	4.8790449215
5.34	4.8806164117
5.34285714286	4.8821864601
5.34571428571	4.8837550682
5.34857142857	4.8853222375
5.35142857143	4.8868879696
5.35428571429	4.8884522659
5.35714285714	4.8900151281
5.36	4.8915765576
5.36285714286	4.8931365561
5.36571428571	4.8946951250
5.36857142857	4.8962522660
5.37142857143	4.8978079805
5.37428571429	4.8993622703
5.37714285714	4.9009151367
5.38	4.9024665815
5.38285714286	4.9040166061
5.38571428571	4.9055652122
5.38857142857	4.9071124013
5.39142857143	4.9086581751
5.39428571429	4.9102025350
5.39714285714	4.9117454827
5.4	4.9132870198
5.40285714286	4.9148271479
5.40571428571	4.9163658685
5.40857142857	4.9179031833
5.41142857143	4.9194390939
5.41428571429	4.9209736018
5.41714285714	4.9225067087
5.42	4.9240384162
5.42285714286	4.9255687259
5.42571428571	4.9270976393
5.42857142857	4.9286251582
5.43142857143	4.9301512841
5.43428571429	4.9316760187
5.43714285714	4.9331993635
5.44	4.9347213201
5.44285714286	4.9362418903
5.44571428571	4.9377610756
5.44857142857	4.9392788776
5.45142857143	4.9407952980
5.45428571429	4.9423103384
5.45714285714	4.9438240004
5.46	4.9453362857
5.46285714286	4.9468471958
5.46571428571	4.9483567325
5.46857142857	4.9498648973
5.47142857143	4.9513716919
5.47428571429	4.9528771179
5.47714285714	4.9543811769
5.48	4.9558838706
5.48285714286	4.9573852007
5.48571428571	4.9588851687
5.48857142857	4.9603837763
5.49142857143	4.9618810252
5.49428571429	4.9633769169
5.49714285714	4.9648714531
5.5	4.9663646086
5.50285714286	4.9678559160
5.50571428571	4.9693453802
5.50857142857	4.9708330055
5.51142857143	4.9723187966
5.51428571429	4.9738027578
5.51714285714	4.9752848938
5.52	4.9767652089
5.52285714286	4.9782437076
5.52571428571	4.9797203944
5.52857142857	4.9811952735
5.53142857143	4.9826683495
5.53428571429	4.9841396267
5.53714285714	4.9856091093
5.54	4.9870768018
5.54285714286	4.9885427085
5.54571428571	4.9900068337
5.54857142857	4.9914691815
5.55142857143	4.9929297564
5.55428571429	4.9943885624
5.55714285714	4.9958456040
5.56	4.9973008851
5.56285714286	4.9987544102
5.56571428571	5.0002061832
5.56857142857	5.0016562084
5.57142857143	5.0031044899
5.57428571429	5.0045510319
5.57714285714	5.0059958383
5.58	5.0074389134
5.58285714286	5.0088802612
5.58571428571	5.0103198858
5.58857142857	5.0117577911
5.59142857143	5.0131939813
5.59428571429	5.0146284603
5.59714285714	5.0160612321
5.6	5.0174923007
5.60285714286	5.0189216700
5.60571428571	5.0203493441
5.60857142857	5.0217753268
5.61142857143	5.0231996220
5.61428571429	5.0246222337
5.61714285714	5.0260431657
5.62	5.0274624220
5.62285714286	5.0288800063
5.62571428571	5.0302959224
5.62857142857	5.0317101744
5.63142857143	5.0331227658
5.63428571429	5.0345337006
5.63714285714	5.0359429825
5.64	5.0373506153
5.64285714286	5.0387566028
5.64571428571	5.0401609486
5.64857142857	5.0415636565
5.65142857143	5.0429647302
5.65428571429	5.0443641735
5.65714285714	5.0457619899
5.66	5.0471581833
5.66285714286	5.0485527571
5.66571428571	5.0499457151
5.66857142857	5.0513370609
5.67142857143	5.0527267981
5.67428571429	5.0541149303
5.67714285714	5.0555014612
5.68	5.0568863942
5.68285714286	5.0582697329
5.68571428571	5.0596514810
5.68857142857	5.0610316418
5.69142857143	5.0624102191
5.69428571429	5.0637872161
5.69714285714	5.0651626366
5.7	5.0665364838
5.70285714286	5.0679087614
5.70571428571	5.0692794728
5.70857142857	5.0706486214
5.71142857143	5.0720162106
5.71428571429	5.0733822440
5.71714285714	5.0747467248
5.72	5.0761096565
5.72285714286	5.0774710425
5.72571428571	5.0788308861
5.72857142857	5.0801891907
5.73142857143	5.0815459597
5.73428571429	5.0829011964
5.73714285714	5.0842549041
5.74	5.0856070862
5.74285714286	5.0869577458
5.74571428571	5.0883068865
5.74857142857	5.0896545113
5.75142857143	5.0910006236
5.75428571429	5.0923452266
5.75714285714	5.0936883236
5.76	5.0950299178
5.76285714286	5.0963700125
5.76571428571	5.0977086108
5.76857142857	5.0990457159
5.77142857143	5.1003813311
5.77428571429	5.1017154594
5.77714285714	5.1030481042
5.78	5.1043792684
5.78285714286	5.1057089554
5.78571428571	5.1070371681
5.78857142857	5.1083639098
5.79142857143	5.1096891835
5.79428571429	5.1110129924
5.79714285714	5.1123353395
5.8	5.1136562279
5.80285714286	5.1149756607
5.80571428571	5.1162936409
5.80857142857	5.1176101717
5.81142857143	5.1189252559
5.81428571429	5.1202388967
5.81714285714	5.1215510971
5.82	5.1228618601
5.82285714286	5.1241711887
5.82571428571	5.1254790858
5.82857142857	5.1267855545
5.83142857143	5.1280905977
5.83428571429	5.1293942183
5.83714285714	5.1306964194
5.84	5.1319972039
5.84285714286	5.1332965746
5.84571428571	5.1345945345
5.84857142857	5.1358910866
5.85142857143	5.1371862336
5.85428571429	5.1384799786
5.85714285714	5.1397723243
5.86	5.1410632737
5.86285714286	5.1423528296
5.86571428571	5.1436409949
5.86857142857	5.1449277724
5.87142857143	5.1462131649
5.87428571429	5.1474971753
5.87714285714	5.1487798063
5.88	5.1500610608
5.88285714286	5.1513409416
5.88571428571	5.1526194515
5.88857142857	5.1538965932
5.89142857143	5.1551723695
5.89428571429	5.1564467832
5.89714285714	5.1577198370
5.9	5.1589915337
5.90285714286	5.1602618759
5.90571428571	5.1615308665
5.90857142857	5.1627985081
5.91142857143	5.1640648035
5.91428571429	5.1653297553
5.91714285714	5.1665933662
5.92	5.1678556389
5.92285714286	5.1691165761
5.92571428571	5.1703761805
5.92857142857	5.1716344547
5.93142857143	5.1728914013
5.93428571429	5.1741470229
5.93714285714	5.1754013224
5.94	5.1766543021
5.94285714286	5.1779059648
5.94571428571	5.1791563130
5.94857142857	5.1804053494
5.95142857143	5.1816530766
5.95428571429	5.1828994971
5.95714285714	5.1841446134
5.96	5.1853884282
5.96285714286	5.1866309441
5.96571428571	5.1878721635
5.96857142857	5.1891120890
5.97142857143	5.1903507231
5.97428571429	5.1915880684
5.97714285714	5.1928241274
5.98	5.1940589026
5.98285714286	5.1952923964
5.98571428571	5.1965246115
5.98857142857	5.1977555502
5.99142857143	5.1989852151
5.99428571429	5.2002136085
5.99714285714	5.2014407331
6.0	5.2026665912
6.00285714286	5.2038911853
6.00571428571	5.2051145178
6.00857142857	5.2063365912
6.01142857143	5.2075574078
6.01428571429	5.2087769702
6.01714285714	5.2099952806
6.02	5.2112123416
6.02285714286	5.2124281555
6.02571428571	5.2136427247
6.02857142857	5.2148560515
6.03142857143	5.2160681385
6.03428571429	5.2172789878
6.03714285714	5.2184886020
6.04	5.2196969832
6.04285714286	5.2209041340
6.04571428571	5.2221100566
6.04857142857	5.2233147533
6.05142857143	5.2245182265
6.05428571429	5.2257204785
6.05714285714	5.2269215116
6.06	5.2281213281
6.06285714286	5.2293199304
6.06571428571	5.2305173206
6.06857142857	5.2317135011
6.07142857143	5.2329084742
6.07428571429	5.2341022421
6.07714285714	5.2352948071
6.08	5.2364861714
6.08285714286	5.2376763374
6.08571428571	5.2388653071
6.08857142857	5.2400530830
6.09142857143	5.2412396672
6.09428571429	5.2424250619
6.09714285714	5.2436092693
6.1	5.2447922917
6.10285714286	5.2459741313
6.10571428571	5.2471547903
6.10857142857	5.2483342707
6.11142857143	5.2495125750
6.11428571429	5.2506897051
6.11714285714	5.2518656634
6.12	5.2530404518
6.12285714286	5.2542140728
6.12571428571	5.2553865282
6.12857142857	5.2565578204
6.13142857143	5.2577279514
6.13428571429	5.2588969235
6.13714285714	5.2600647386
6.14	5.2612313990
6.14285714286	5.2623969067
6.14571428571	5.2635612640
6.14857142857	5.2647244727
6.15142857143	5.2658865352
6.15428571429	5.2670474534
6.15714285714	5.2682072295
6.16	5.2693658654
6.16285714286	5.2705233634
6.16571428571	5.2716797255
6.16857142857	5.2728349537
6.17142857143	5.2739890501
6.17428571429	5.2751420167
6.17714285714	5.2762938556
6.18	5.2774445688
6.18285714286	5.2785941584
6.18571428571	5.2797426264
6.18857142857	5.2808899748
6.19142857143	5.2820362056
6.19428571429	5.2831813208
6.19714285714	5.2843253225
6.2	5.2854682126
6.20285714286	5.2866099931
6.20571428571	5.2877506661
6.20857142857	5.2888902334
6.21142857143	5.2900286972
6.21428571429	5.2911660593
6.21714285714	5.2923023217
6.22	5.2934374864
6.22285714286	5.2945715553
6.22571428571	5.2957045304
6.22857142857	5.2968364136
6.23142857143	5.2979672069
6.23428571429	5.2990969122
6.23714285714	5.3002255315
6.24	5.3013530665
6.24285714286	5.3024795194
6.24571428571	5.3036048919
6.24857142857	5.3047291860
6.25142857143	5.3058524036
6.25428571429	5.3069745466
6.25714285714	5.3080956168
6.26	5.3092156162
6.26285714286	5.3103345467
6.26571428571	5.3114524101
6.26857142857	5.3125692082
6.27142857143	5.3136849431
6.27428571429	5.3147996164
6.27714285714	5.3159132301
6.28	5.3170257861
6.28285714286	5.3181372861
6.28571428571	5.3192477320
6.28857142857	5.3203571256
6.29142857143	5.3214654688
6.29428571429	5.3225727635
6.29714285714	5.3236790113
6.3	5.3247842142
6.30285714286	5.3258883739
6.30571428571	5.3269914923
6.30857142857	5.3280935712
6.31142857143	5.3291946122
6.31428571429	5.3302946174
6.31714285714	5.3313935883
6.32	5.3324915269
6.32285714286	5.3335884349
6.32571428571	5.3346843140
6.32857142857	5.3357791660
6.33142857143	5.3368729927
6.33428571429	5.3379657959
6.33714285714	5.3390575773
6.34	5.3401483387
6.34285714286	5.3412380817
6.34571428571	5.3423268082
6.34857142857	5.3434145198
6.35142857143	5.3445012183
6.35428571429	5.3455869055
6.35714285714	5.3466715830
6.36	5.3477552526
6.36285714286	5.3488379160
6.36571428571	5.3499195748
6.36857142857	5.3510002308
6.37142857143	5.3520798858
6.37428571429	5.3531585413
6.37714285714	5.3542361991
6.38	5.3553128608
6.38285714286	5.3563885282
6.38571428571	5.3574632029
6.38857142857	5.3585368866
6.39142857143	5.3596095809
6.39428571429	5.3606812876
6.39714285714	5.3617520082
6.4	5.3628217445
6.40285714286	5.3638904980
6.40571428571	5.3649582705
6.40857142857	5.3660250636
6.41142857143	5.3670908789
6.41428571429	5.3681557180
6.41714285714	5.3692195826
6.42	5.3702824744
6.42285714286	5.3713443948
6.42571428571	5.3724053456
6.42857142857	5.3734653283
6.43142857143	5.3745243446
6.43428571429	5.3755823961
6.43714285714	5.3766394843
6.44	5.3776956109
6.44285714286	5.3787507775
6.44571428571	5.3798049856
6.44857142857	5.3808582368
6.45142857143	5.3819105328
6.45428571429	5.3829618750
6.45714285714	5.3840122651
6.46	5.3850617046
6.46285714286	5.3861101951
6.46571428571	5.3871577382
6.46857142857	5.3882043354
6.47142857143	5.3892499882
6.47428571429	5.3902946982
6.47714285714	5.3913384670
6.48	5.3923812961
6.48285714286	5.3934231871
6.48571428571	5.3944641414
6.48857142857	5.3955041605
6.49142857143	5.3965432462
6.49428571429	5.3975813997
6.49714285714	5.3986186227
6.5	5.3996549167
6.50285714286	5.4006902832
6.50571428571	5.4017247236
6.50857142857	5.4027582396
6.51142857143	5.4037908325
6.51428571429	5.4048225040
6.51714285714	5.4058532554
6.52	5.4068830882
6.52285714286	5.4079120041
6.52571428571	5.4089400043
6.52857142857	5.4099670905
6.53142857143	5.4109932640
6.53428571429	5.4120185264
6.53714285714	5.4130428791
6.54	5.4140663236
6.54285714286	5.4150888613
6.54571428571	5.4161104937
6.54857142857	5.4171312223
6.55142857143	5.4181510484
6.55428571429	5.4191699736
6.55714285714	5.4201879993
6.56	5.4212051268
6.56285714286	5.4222213577
6.56571428571	5.4232366934
6.56857142857	5.4242511353
6.57142857143	5.4252646849
6.57428571429	5.4262773434
6.57714285714	5.4272891125
6.58	5.4282999934
6.58285714286	5.4293099875
6.58571428571	5.4303190964
6.58857142857	5.4313273214
6.59142857143	5.4323346639
6.59428571429	5.4333411252
6.59714285714	5.4343467069
6.6	5.4353514102
6.60285714286	5.4363552365
6.60571428571	5.4373581873
6.60857142857	5.4383602640
6.61142857143	5.4393614678
6.61428571429	5.4403618001
6.61714285714	5.4413612625
6.62	5.4423598561
6.62285714286	5.4433575823
6.62571428571	5.4443544426
6.62857142857	5.4453504383
6.63142857143	5.4463455707
6.63428571429	5.4473398412
6.63714285714	5.4483332511
6.64	5.4493258018
6.64285714286	5.4503174946
6.64571428571	5.4513083308
6.64857142857	5.4522983118
6.65142857143	5.4532874390
6.65428571429	5.4542757135
6.65714285714	5.4552631369
6.66	5.4562497103
6.66285714286	5.4572354351
6.66571428571	5.4582203126
6.66857142857	5.4592043442
6.67142857143	5.4601875310
6.67428571429	5.4611698746
6.67714285714	5.4621513760
6.68	5.4631320368
6.68285714286	5.4641118580
6.68571428571	5.4650908411
6.68857142857	5.4660689873
6.69142857143	5.4670462979
6.69428571429	5.4680227742
6.69714285714	5.4689984175
6.7	5.4699732290
6.70285714286	5.4709472101
6.70571428571	5.4719203620
6.70857142857	5.4728926859
6.71142857143	5.4738641832
6.71428571429	5.4748348550
6.71714285714	5.4758047028
6.72	5.4767737276
6.72285714286	5.4777419308
6.72571428571	5.4787093136
6.72857142857	5.4796758773
6.73142857143	5.4806416232
6.73428571429	5.4816065523
6.73714285714	5.4825706661
6.74	5.4835339657
6.74285714286	5.4844964524
6.74571428571	5.4854581274
6.74857142857	5.4864189919
6.75142857143	5.4873790472
6.75428571429	5.4883382945
6.75714285714	5.4892967349
6.76	5.4902543698
6.76285714286	5.4912112003
6.76571428571	5.4921672277
6.76857142857	5.4931224531
6.77142857143	5.4940768777
6.77428571429	5.4950305029
6.77714285714	5.4959833296
6.78	5.4969353593
6.78285714286	5.4978865930
6.78571428571	5.4988370320
6.78857142857	5.4997866774
6.79142857143	5.5007355304
6.79428571429	5.5016835922
6.79714285714	5.5026308640
6.8	5.5035773470
6.80285714286	5.5045230424
6.80571428571	5.5054679512
6.80857142857	5.5064120748
6.81142857143	5.5073554142
6.81428571429	5.5082979707
6.81714285714	5.5092397453
6.82	5.5101807393
6.82285714286	5.5111209538
6.82571428571	5.5120603900
6.82857142857	5.5129990489
6.83142857143	5.5139369319
6.83428571429	5.5148740400
6.83714285714	5.5158103743
6.84	5.5167459360
6.84285714286	5.5176807263
6.84571428571	5.5186147462
6.84857142857	5.5195479970
6.85142857143	5.5204804797
6.85428571429	5.5214121955
6.85714285714	5.5223431455
6.86	5.5232733308
6.86285714286	5.5242027526
6.86571428571	5.5251314119
6.86857142857	5.5260593099
6.87142857143	5.5269864478
6.87428571429	5.5279128265
6.87714285714	5.5288384473
6.88	5.5297633112
6.88285714286	5.5306874193
6.88571428571	5.5316107728
6.88857142857	5.5325333727
6.89142857143	5.5334552202
6.89428571429	5.5343763163
6.89714285714	5.5352966621
6.9	5.5362162587
6.90285714286	5.5371351073
6.90571428571	5.5380532088
6.90857142857	5.5389705644
6.91142857143	5.5398871752
6.91428571429	5.5408030422
6.91714285714	5.5417181664
6.92	5.5426325491
6.92285714286	5.5435461913
6.92571428571	5.5444590939
6.92857142857	5.5453712582
6.93142857143	5.5462826851
6.93428571429	5.5471933757
6.93714285714	5.5481033311
6.94	5.5490125523
6.94285714286	5.5499210404
6.94571428571	5.5508287965
6.94857142857	5.5517358215
6.95142857143	5.5526421166
6.95428571429	5.5535476828
6.95714285714	5.5544525211
6.96	5.5553566326
6.96285714286	5.5562600183
6.96571428571	5.5571626792
6.96857142857	5.5580646164
6.97142857143	5.5589658310
6.97428571429	5.5598663238
6.97714285714	5.5607660961
6.98	5.5616651488
6.98285714286	5.5625634829
6.98571428571	5.5634610994
6.98857142857	5.5643579994
6.99142857143	5.5652541839
6.99428571429	5.5661496539
6.99714285714	5.5670444104
7.0	5.5679384544
7.00285714286	5.5688317869
7.00571428571	5.5697244090
7.00857142857	5.5706163216
7.01142857143	5.5715075258
7.01428571429	5.5723980225
7.01714285714	5.5732878127
7.02	5.5741768975
7.02285714286	5.5750652778
7.02571428571	5.5759529547
7.02857142857	5.5768399290
7.03142857143	5.5777262019
7.03428571429	5.5786117742
7.03714285714	5.5794966470
7.04	5.5803808212
7.04285714286	5.5812642979
7.04571428571	5.5821470780
7.04857142857	5.5830291624
7.05142857143	5.5839105522
7.05428571429	5.5847912483
7.05714285714	5.5856712518
7.06	5.5865505634
7.06285714286	5.5874291843
7.06571428571	5.5883071154
7.06857142857	5.5891843576
7.07142857143	5.5900609120
7.07428571429	5.5909367794
7.07714285714	5.5918119608
7.08	5.5926864571
7.08285714286	5.5935602694
7.08571428571	5.5944333986
7.08857142857	5.5953058456
7.09142857143	5.5961776113
7.09428571429	5.5970486967
7.09714285714	5.5979191028
7.1	5.5987888305
7.10285714286	5.5996578806
7.10571428571	5.6005262543
7.10857142857	5.6013939523
7.11142857143	5.6022609756
7.11428571429	5.6031273252
7.11714285714	5.6039930019
7.12	5.6048580067
7.12285714286	5.6057223406
7.12571428571	5.6065860044
7.12857142857	5.6074489991
7.13142857143	5.6083113255
7.13428571429	5.6091729847
7.13714285714	5.6100339774
7.14	5.6108943047
7.14285714286	5.6117539674
7.14571428571	5.6126129665
7.14857142857	5.6134713028
7.15142857143	5.6143289772
7.15428571429	5.6151859907
7.15714285714	5.6160423441
7.16	5.6168980385
7.16285714286	5.6177530745
7.16571428571	5.6186074532
7.16857142857	5.6194611755
7.17142857143	5.6203142421
7.17428571429	5.6211666541
7.17714285714	5.6220184123
7.18	5.6228695176
7.18285714286	5.6237199709
7.18571428571	5.6245697730
7.18857142857	5.6254189249
7.19142857143	5.6262674274
7.19428571429	5.6271152814
7.19714285714	5.6279624878
7.2	5.6288090474
7.20285714286	5.6296549612
7.20571428571	5.6305002299
7.20857142857	5.6313448545
7.21142857143	5.6321888359
7.21428571429	5.6330321748
7.21714285714	5.6338748722
7.22	5.6347169288
7.22285714286	5.6355583457
7.22571428571	5.6363991236
7.22857142857	5.6372392634
7.23142857143	5.6380787659
7.23428571429	5.6389176320
7.23714285714	5.6397558626
7.24	5.6405934585
7.24285714286	5.6414304205
7.24571428571	5.6422667495
7.24857142857	5.6431024464
7.25142857143	5.6439375119
7.25428571429	5.6447719470
7.25714285714	5.6456057524
7.26	5.6464389290
7.26285714286	5.6472714776
7.26571428571	5.6481033991
7.26857142857	5.6489346943
7.27142857143	5.6497653640
7.27428571429	5.6505954091
7.27714285714	5.6514248304
7.28	5.6522536287
7.28285714286	5.6530818048
7.28571428571	5.6539093596
7.28857142857	5.6547362939
7.29142857143	5.6555626085
7.29428571429	5.6563883042
7.29714285714	5.6572133818
7.3	5.6580378422
7.30285714286	5.6588616861
7.30571428571	5.6596849144
7.30857142857	5.6605075280
7.31142857143	5.6613295275
7.31428571429	5.6621509138
7.31714285714	5.6629716877
7.32	5.6637918500
7.32285714286	5.6646114015
7.32571428571	5.6654303430
7.32857142857	5.6662486754
7.33142857143	5.6670663993
7.33428571429	5.6678835157
7.33714285714	5.6687000252
7.34	5.6695159288
7.34285714286	5.6703312271
7.34571428571	5.6711459210
7.34857142857	5.6719600113
7.35142857143	5.6727734987
7.35428571429	5.6735863840
7.35714285714	5.6743986680
7.36	5.6752103516
7.36285714286	5.6760214354
7.36571428571	5.6768319203
7.36857142857	5.6776418070
7.37142857143	5.6784510963
7.37428571429	5.6792597890
7.37714285714	5.6800678858
7.38	5.6808753876
7.38285714286	5.6816822950
7.38571428571	5.6824886090
7.38857142857	5.6832943301
7.39142857143	5.6840994593
7.39428571429	5.6849039972
7.39714285714	5.6857079446
7.4	5.6865113024
7.40285714286	5.6873140711
7.40571428571	5.6881162517
7.40857142857	5.6889178448
7.41142857143	5.6897188513
7.41428571429	5.6905192718
7.41714285714	5.6913191071
7.42	5.6921183580
7.42285714286	5.6929170252
7.42571428571	5.6937151095
7.42857142857	5.6945126116
7.43142857143	5.6953095323
7.43428571429	5.6961058722
7.43714285714	5.6969016322
7.44	5.6976968130
7.44285714286	5.6984914154
7.44571428571	5.6992854399
7.44857142857	5.7000788875
7.45142857143	5.7008717588
7.45428571429	5.7016640546
7.45714285714	5.7024557756
7.46	5.7032469225
7.46285714286	5.7040374961
7.46571428571	5.7048274971
7.46857142857	5.7056169262
7.47142857143	5.7064057841
7.47428571429	5.7071940716
7.47714285714	5.7079817894
7.48	5.7087689382
7.48285714286	5.7095555188
7.48571428571	5.7103415317
7.48857142857	5.7111269779
7.49142857143	5.7119118579
7.49428571429	5.7126961726
7.49714285714	5.7134799225
7.5	5.7142631085
7.50285714286	5.7150457312
7.50571428571	5.7158277914
7.50857142857	5.7166092897
7.51142857143	5.7173902268
7.51428571429	5.7181706036
7.51714285714	5.7189504206
7.52	5.7197296785
7.52285714286	5.7205083782
7.52571428571	5.7212865202
7.52857142857	5.7220641053
7.53142857143	5.7228411341
7.53428571429	5.7236176074
7.53714285714	5.7243935259
7.54	5.7251688902
7.54285714286	5.7259437011
7.54571428571	5.7267179592
7.54857142857	5.7274916653
7.55142857143	5.7282648199
7.55428571429	5.7290374239
7.55714285714	5.7298094778
7.56	5.7305809824
7.56285714286	5.7313519384
7.56571428571	5.7321223464
7.56857142857	5.7328922071
7.57142857143	5.7336615213
7.57428571429	5.7344302895
7.57714285714	5.7351985124
7.58	5.7359661908
7.58285714286	5.7367333253
7.58571428571	5.7374999166
7.58857142857	5.7382659653
7.59142857143	5.7390314722
7.59428571429	5.7397964378
7.59714285714	5.7405608629
7.6	5.7413247481
7.60285714286	5.7420880941
7.60571428571	5.7428509016
7.60857142857	5.7436131712
7.61142857143	5.7443749035
7.61428571429	5.7451360994
7.61714285714	5.7458967593
7.62	5.7466568840
7.62285714286	5.7474164741
7.62571428571	5.7481755302
7.62857142857	5.7489340531
7.63142857143	5.7496920434
7.63428571429	5.7504495018
7.63714285714	5.7512064288
7.64	5.7519628252
7.64285714286	5.7527186915
7.64571428571	5.7534740285
7.64857142857	5.7542288368
7.65142857143	5.7549831170
7.65428571429	5.7557368698
7.65714285714	5.7564900958
7.66	5.7572427956
7.66285714286	5.7579949700
7.66571428571	5.7587466195
7.66857142857	5.7594977448
7.67142857143	5.7602483464
7.67428571429	5.7609984252
7.67714285714	5.7617479816
7.68	5.7624970164
7.68285714286	5.7632455301
7.68571428571	5.7639935234
7.68857142857	5.7647409969
7.69142857143	5.7654879513
7.69428571429	5.7662343871
7.69714285714	5.7669803051
7.7	5.7677257058
7.70285714286	5.7684705898
7.70571428571	5.7692149578
7.70857142857	5.7699588104
7.71142857143	5.7707021482
7.71428571429	5.7714449719
7.71714285714	5.7721872820
7.72	5.7729290793
7.72285714286	5.7736703642
7.72571428571	5.7744111374
7.72857142857	5.7751513996
7.73142857143	5.7758911513
7.73428571429	5.7766303932
7.73714285714	5.7773691258
7.74	5.7781073498
7.74285714286	5.7788450658
7.74571428571	5.7795822744
7.74857142857	5.7803189762
7.75142857143	5.7810551718
7.75428571429	5.7817908618
7.75714285714	5.7825260469
7.76	5.7832607275
7.76285714286	5.7839949044
7.76571428571	5.7847285782
7.76857142857	5.7854617493
7.77142857143	5.7861944185
7.77428571429	5.7869265863
7.77714285714	5.7876582533
7.78	5.7883894202
7.78285714286	5.7891200874
7.78571428571	5.7898502557
7.78857142857	5.7905799255
7.79142857143	5.7913090975
7.79428571429	5.7920377724
7.79714285714	5.7927659506
7.8	5.7934936327
7.80285714286	5.7942208194
7.80571428571	5.7949475112
7.80857142857	5.7956737087
7.81142857143	5.7963994126
7.81428571429	5.7971246233
7.81714285714	5.7978493415
7.82	5.7985735677
7.82285714286	5.7992973026
7.82571428571	5.8000205467
7.82857142857	5.8007433005
7.83142857143	5.8014655647
7.83428571429	5.8021873399
7.83714285714	5.8029086266
7.84	5.8036294253
7.84285714286	5.8043497367
7.84571428571	5.8050695614
7.84857142857	5.8057888999
7.85142857143	5.8065077527
7.85428571429	5.8072261205
7.85714285714	5.8079440038
7.86	5.8086614031
7.86285714286	5.8093783192
7.86571428571	5.8100947524
7.86857142857	5.8108107034
7.87142857143	5.8115261728
7.87428571429	5.8122411610
7.87714285714	5.8129556687
7.88	5.8136696965
7.88285714286	5.8143832448
7.88571428571	5.8150963143
7.88857142857	5.8158089054
7.89142857143	5.8165210188
7.89428571429	5.8172326551
7.89714285714	5.8179438147
7.9	5.8186544982
7.90285714286	5.8193647062
7.90571428571	5.8200744392
7.90857142857	5.8207836978
7.91142857143	5.8214924825
7.91428571429	5.8222007939
7.91714285714	5.8229086326
7.92	5.8236159990
7.92285714286	5.8243228937
7.92571428571	5.8250293173
7.92857142857	5.8257352702
7.93142857143	5.8264407532
7.93428571429	5.8271457666
7.93714285714	5.8278503110
7.94	5.8285543871
7.94285714286	5.8292579952
7.94571428571	5.8299611360
7.94857142857	5.8306638100
7.95142857143	5.8313660177
7.95428571429	5.8320677597
7.95714285714	5.8327690365
7.96	5.8334698486
7.96285714286	5.8341701966
7.96571428571	5.8348700810
7.96857142857	5.8355695023
7.97142857143	5.8362684611
7.97428571429	5.8369669579
7.97714285714	5.8376649931
7.98	5.8383625675
7.98285714286	5.8390596814
7.98571428571	5.8397563354
7.98857142857	5.8404525301
7.99142857143	5.8411482659
7.99428571429	5.8418435433
7.99714285714	5.8425383630
8.0	5.8432327254
8.00285714286	5.8439266310
8.00571428571	5.8446200804
8.00857142857	5.8453130741
8.01142857143	5.8460056126
8.01428571429	5.8466976963
8.01714285714	5.8473893260
8.02	5.8480805019
8.02285714286	5.8487712248
8.02571428571	5.8494614950
8.02857142857	5.8501513131
8.03142857143	5.8508406796
8.03428571429	5.8515295950
8.03714285714	5.8522180598
8.04	5.8529060746
8.04285714286	5.8535936398
8.04571428571	5.8542807560
8.04857142857	5.8549674236
8.05142857143	5.8556536432
8.05428571429	5.8563394152
8.05714285714	5.8570247403
8.06	5.8577096188
8.06285714286	5.8583940513
8.06571428571	5.8590780382
8.06857142857	5.8597615802
8.07142857143	5.8604446776
8.07428571429	5.8611273311
8.07714285714	5.8618095410
8.08	5.8624913079
8.08285714286	5.8631726322
8.08571428571	5.8638535146
8.08857142857	5.8645339554
8.09142857143	5.8652139552
8.09428571429	5.8658935144
8.09714285714	5.8665726336
8.1	5.8672513132
8.10285714286	5.8679295538
8.10571428571	5.8686073558
8.10857142857	5.8692847197
8.11142857143	5.8699616461
8.11428571429	5.8706381353
8.11714285714	5.8713141879
8.12	5.8719898043
8.12285714286	5.8726649852
8.12571428571	5.8733397308
8.12857142857	5.8740140418
8.13142857143	5.8746879186
8.13428571429	5.8753613616
8.13714285714	5.8760343715
8.14	5.8767069486
8.14285714286	5.8773790934
8.14571428571	5.8780508065
8.14857142857	5.8787220882
8.15142857143	5.8793929391
8.15428571429	5.8800633596
8.15714285714	5.8807333503
8.16	5.8814029116
8.16285714286	5.8820720439
8.16571428571	5.8827407478
8.16857142857	5.8834090237
8.17142857143	5.8840768721
8.17428571429	5.8847442935
8.17714285714	5.8854112883
8.18	5.8860778570
8.18285714286	5.8867440000
8.18571428571	5.8874097180
8.18857142857	5.8880750112
8.19142857143	5.8887398802
8.19428571429	5.8894043255
8.19714285714	5.8900683474
8.2	5.8907319466
8.20285714286	5.8913951234
8.20571428571	5.8920578782
8.20857142857	5.8927202117
8.21142857143	5.8933821242
8.21428571429	5.8940436161
8.21714285714	5.8947046881
8.22	5.8953653404
8.22285714286	5.8960255736
8.22571428571	5.8966853881
8.22857142857	5.8973447844
8.23142857143	5.8980037630
8.23428571429	5.8986623242
8.23714285714	5.8993204686
8.24	5.8999781966
8.24285714286	5.9006355087
8.24571428571	5.9012924053
8.24857142857	5.9019488868
8.25142857143	5.9026049538
8.25428571429	5.9032606066
8.25714285714	5.9039158458
8.26	5.9045706717
8.26285714286	5.9052250848
8.26571428571	5.9058790856
8.26857142857	5.9065326746
8.27142857143	5.9071858520
8.27428571429	5.9078386185
8.27714285714	5.9084909745
8.28	5.9091429203
8.28285714286	5.9097944565
8.28571428571	5.9104455834
8.28857142857	5.9110963016
8.29142857143	5.9117466114
8.29428571429	5.9123965134
8.29714285714	5.9130460079
8.3	5.9136950954
8.30285714286	5.9143437763
8.30571428571	5.9149920511
8.30857142857	5.9156399202
8.31142857143	5.9162873840
8.31428571429	5.9169344430
8.31714285714	5.9175810976
8.32	5.9182273482
8.32285714286	5.9188731954
8.32571428571	5.9195186394
8.32857142857	5.9201636808
8.33142857143	5.9208083200
8.33428571429	5.9214525573
8.33714285714	5.9220963934
8.34	5.9227398284
8.34285714286	5.9233828630
8.34571428571	5.9240254975
8.34857142857	5.9246677324
8.35142857143	5.9253095681
8.35428571429	5.9259510049
8.35714285714	5.9265920434
8.36	5.9272326840
8.36285714286	5.9278729270
8.36571428571	5.9285127730
8.36857142857	5.9291522223
8.37142857143	5.9297912753
8.37428571429	5.9304299325
8.37714285714	5.9310681944
8.38	5.9317060612
8.38285714286	5.9323435335
8.38571428571	5.9329806116
8.38857142857	5.9336172960
8.39142857143	5.9342535871
8.39428571429	5.9348894854
8.39714285714	5.9355249911
8.4	5.9361601048
8.40285714286	5.9367948269
8.40571428571	5.9374291577
8.40857142857	5.9380630978
8.41142857143	5.9386966474
8.41428571429	5.9393298071
8.41714285714	5.9399625772
8.42	5.9405949581
8.42285714286	5.9412269503
8.42571428571	5.9418585541
8.42857142857	5.9424897700
8.43142857143	5.9431205984
8.43428571429	5.9437510397
8.43714285714	5.9443810943
8.44	5.9450107625
8.44285714286	5.9456400449
8.44571428571	5.9462689419
8.44857142857	5.9468974537
8.45142857143	5.9475255809
8.45428571429	5.9481533238
8.45714285714	5.9487806828
8.46	5.9494076584
8.46285714286	5.9500342509
8.46571428571	5.9506604607
8.46857142857	5.9512862883
8.47142857143	5.9519117340
8.47428571429	5.9525367983
8.47714285714	5.9531614815
8.48	5.9537857841
8.48285714286	5.9544097064
8.48571428571	5.9550332488
8.48857142857	5.9556564118
8.49142857143	5.9562791957
8.49428571429	5.9569016009
8.49714285714	5.9575236278
8.5	5.9581452769
8.50285714286	5.9587665484
8.50571428571	5.9593874429
8.50857142857	5.9600079606
8.51142857143	5.9606281021
8.51428571429	5.9612478676
8.51714285714	5.9618672575
8.52	5.9624862724
8.52285714286	5.9631049124
8.52571428571	5.9637231782
8.52857142857	5.9643410699
8.53142857143	5.9649585880
8.53428571429	5.9655757330
8.53714285714	5.9661925051
8.54	5.9668089048
8.54285714286	5.9674249324
8.54571428571	5.9680405884
8.54857142857	5.9686558731
8.55142857143	5.9692707870
8.55428571429	5.9698853303
8.55714285714	5.9704995035
8.56	5.9711133069
8.56285714286	5.9717267410
8.56571428571	5.9723398061
8.56857142857	5.9729525026
8.57142857143	5.9735648309
8.57428571429	5.9741767913
8.57714285714	5.9747883843
8.58	5.9753996101
8.58285714286	5.9760104693
8.58571428571	5.9766209621
8.58857142857	5.9772310890
8.59142857143	5.9778408503
8.59428571429	5.9784502464
8.59714285714	5.9790592777
8.6	5.9796679445
8.60285714286	5.9802762472
8.60571428571	5.9808841862
8.60857142857	5.9814917619
8.61142857143	5.9820989746
8.61428571429	5.9827058247
8.61714285714	5.9833123126
8.62	5.9839184386
8.62285714286	5.9845242031
8.62571428571	5.9851296066
8.62857142857	5.9857346492
8.63142857143	5.9863393315
8.63428571429	5.9869436538
8.63714285714	5.9875476165
8.64	5.9881512198
8.64285714286	5.9887544642
8.64571428571	5.9893573501
8.64857142857	5.9899598778
8.65142857143	5.9905620477
8.65428571429	5.9911638601
8.65714285714	5.9917653155
8.66	5.9923664141
8.66285714286	5.9929671563
8.66571428571	5.9935675425
8.66857142857	5.9941675731
8.67142857143	5.9947672484
8.67428571429	5.9953665687
8.67714285714	5.9959655345
8.68	5.9965641461
8.68285714286	5.9971624038
8.68571428571	5.9977603081
8.68857142857	5.9983578591
8.69142857143	5.9989550575
8.69428571429	5.9995519033
8.69714285714	6.0001483972
8.7	6.0007445393
8.70285714286	6.0013403300
8.70571428571	6.0019357698
8.70857142857	6.0025308588
8.71142857143	6.0031255976
8.71428571429	6.0037199865
8.71714285714	6.0043140257
8.72	6.0049077157
8.72285714286	6.0055010568
8.72571428571	6.0060940494
8.72857142857	6.0066866938
8.73142857143	6.0072789903
8.73428571429	6.0078709393
8.73714285714	6.0084625412
8.74	6.0090537963
8.74285714286	6.0096447050
8.74571428571	6.0102352675
8.74857142857	6.0108254843
8.75142857143	6.0114153556
8.75428571429	6.0120048819
8.75714285714	6.0125940635
8.76	6.0131829007
8.76285714286	6.0137713939
8.76571428571	6.0143595433
8.76857142857	6.0149473494
8.77142857143	6.0155348126
8.77428571429	6.0161219330
8.77714285714	6.0167087111
8.78	6.0172951473
8.78285714286	6.0178812418
8.78571428571	6.0184669950
8.78857142857	6.0190524072
8.79142857143	6.0196374788
8.79428571429	6.0202222102
8.79714285714	6.0208066015
8.8	6.0213906533
8.80285714286	6.0219743658
8.80571428571	6.0225577394
8.80857142857	6.0231407743
8.81142857143	6.0237234710
8.81428571429	6.0243058298
8.81714285714	6.0248878509
8.82	6.0254695348
8.82285714286	6.0260508818
8.82571428571	6.0266318921
8.82857142857	6.0272125662
8.83142857143	6.0277929044
8.83428571429	6.0283729070
8.83714285714	6.0289525743
8.84	6.0295319066
8.84285714286	6.0301109044
8.84571428571	6.0306895678
8.84857142857	6.0312678974
8.85142857143	6.0318458933
8.85428571429	6.0324235559
8.85714285714	6.0330008855
8.86	6.0335778825
8.86285714286	6.0341545472
8.86571428571	6.0347308799
8.86857142857	6.0353068809
8.87142857143	6.0358825506
8.87428571429	6.0364578893
8.87714285714	6.0370328973
8.88	6.0376075750
8.88285714286	6.0381819226
8.88571428571	6.0387559405
8.88857142857	6.0393296290
8.89142857143	6.0399029885
8.89428571429	6.0404760191
8.89714285714	6.0410487214
8.9	6.0416210956
8.90285714286	6.0421931419
8.90571428571	6.0427648608
8.90857142857	6.0433362526
8.91142857143	6.0439073175
8.91428571429	6.0444780560
8.91714285714	6.0450484682
8.92	6.0456185546
8.92285714286	6.0461883154
8.92571428571	6.0467577509
8.92857142857	6.0473268616
8.93142857143	6.0478956476
8.93428571429	6.0484641093
8.93714285714	6.0490322471
8.94	6.0496000612
8.94285714286	6.0501675520
8.94571428571	6.0507347197
8.94857142857	6.0513015647
8.95142857143	6.0518680873
8.95428571429	6.0524342878
8.95714285714	6.0530001665
8.96	6.0535657237
8.96285714286	6.0541309598
8.96571428571	6.0546958750
8.96857142857	6.0552604697
8.97142857143	6.0558247441
8.97428571429	6.0563886987
8.97714285714	6.0569523336
8.98	6.0575156492
8.98285714286	6.0580786458
8.98571428571	6.0586413237
8.98857142857	6.0592036832
8.99142857143	6.0597657247
8.99428571429	6.0603274484
8.99714285714	6.0608888546
9.0	6.0614499437
9.00285714286	6.0620107159
9.00571428571	6.0625711715
9.00857142857	6.0631313109
9.01142857143	6.0636911344
9.01428571429	6.0642506422
9.01714285714	6.0648098347
9.02	6.0653687122
9.02285714286	6.0659272749
9.02571428571	6.0664855232
9.02857142857	6.0670434573
9.03142857143	6.0676010777
9.03428571429	6.0681583845
9.03714285714	6.0687153780
9.04	6.0692720587
9.04285714286	6.0698284267
9.04571428571	6.0703844824
9.04857142857	6.0709402260
9.05142857143	6.0714956579
9.05428571429	6.0720507784
9.05714285714	6.0726055877
9.06	6.0731600862
9.06285714286	6.0737142742
9.06571428571	6.0742681519
9.06857142857	6.0748217196
9.07142857143	6.0753749776
9.07428571429	6.0759279263
9.07714285714	6.0764805659
9.08	6.0770328968
9.08285714286	6.0775849191
9.08571428571	6.0781366333
9.08857142857	6.0786880395
9.09142857143	6.0792391382
9.09428571429	6.0797899295
9.09714285714	6.0803404138
9.1	6.0808905913
9.10285714286	6.0814404625
9.10571428571	6.0819900274
9.10857142857	6.0825392865
9.11142857143	6.0830882400
9.11428571429	6.0836368882
9.11714285714	6.0841852314
9.12	6.0847332700
9.12285714286	6.0852810040
9.12571428571	6.0858284340
9.12857142857	6.0863755601
9.13142857143	6.0869223826
9.13428571429	6.0874689019
9.13714285714	6.0880151181
9.14	6.0885610317
9.14285714286	6.0891066428
9.14571428571	6.0896519518
9.14857142857	6.0901969590
9.15142857143	6.0907416645
9.15428571429	6.0912860688
9.15714285714	6.0918301721
9.16	6.0923739747
9.16285714286	6.0929174768
9.16571428571	6.0934606788
9.16857142857	6.0940035808
9.17142857143	6.0945461833
9.17428571429	6.0950884865
9.17714285714	6.0956304907
9.18	6.0961721961
9.18285714286	6.0967136030
9.18571428571	6.0972547117
9.18857142857	6.0977955225
9.19142857143	6.0983360357
9.19428571429	6.0988762515
9.19714285714	6.0994161703
9.2	6.0999557922
9.20285714286	6.1004951176
9.20571428571	6.1010341468
9.20857142857	6.1015728799
9.21142857143	6.1021113174
9.21428571429	6.1026494595
9.21714285714	6.1031873064
9.22	6.1037248584
9.22285714286	6.1042621158
9.22571428571	6.1047990789
9.22857142857	6.1053357480
9.23142857143	6.1058721233
9.23428571429	6.1064082050
9.23714285714	6.1069439936
9.24	6.1074794891
9.24285714286	6.1080146920
9.24571428571	6.1085496025
9.24857142857	6.1090842208
9.25142857143	6.1096185472
9.25428571429	6.1101525820
9.25714285714	6.1106863255
9.26	6.1112197779
9.26285714286	6.1117529396
9.26571428571	6.1122858107
9.26857142857	6.1128183915
9.27142857143	6.1133506823
9.27428571429	6.1138826834
9.27714285714	6.1144143951
9.28	6.1149458175
9.28285714286	6.1154769511
9.28571428571	6.1160077960
9.28857142857	6.1165383524
9.29142857143	6.1170686208
9.29428571429	6.1175986013
9.29714285714	6.1181282942
9.3	6.1186576998
9.30285714286	6.1191868183
9.30571428571	6.1197156500
9.30857142857	6.1202441951
9.31142857143	6.1207724540
9.31428571429	6.1213004268
9.31714285714	6.1218281140
9.32	6.1223555156
9.32285714286	6.1228826320
9.32571428571	6.1234094634
9.32857142857	6.1239360101
9.33142857143	6.1244622724
9.33428571429	6.1249882504
9.33714285714	6.1255139446
9.34	6.1260393551
9.34285714286	6.1265644822
9.34571428571	6.1270893261
9.34857142857	6.1276138871
9.35142857143	6.1281381656
9.35428571429	6.1286621616
9.35714285714	6.1291858755
9.36	6.1297093076
9.36285714286	6.1302324580
9.36571428571	6.1307553272
9.36857142857	6.1312779152
9.37142857143	6.1318002224
9.37428571429	6.1323222490
9.37714285714	6.1328439953
9.38	6.1333654615
9.38285714286	6.1338866480
9.38571428571	6.1344075548
9.38857142857	6.1349281824
9.39142857143	6.1354485309
9.39428571429	6.1359686006
9.39714285714	6.1364883918
9.4	6.1370079046
9.40285714286	6.1375271395
9.40571428571	6.1380460965
9.40857142857	6.1385647760
9.41142857143	6.1390831782
9.41428571429	6.1396013034
9.41714285714	6.1401191518
9.42	6.1406367237
9.42285714286	6.1411540192
9.42571428571	6.1416710388
9.42857142857	6.1421877825
9.43142857143	6.1427042508
9.43428571429	6.1432204437
9.43714285714	6.1437363616
9.44	6.1442520047
9.44285714286	6.1447673732
9.44571428571	6.1452824675
9.44857142857	6.1457972877
9.45142857143	6.1463118341
9.45428571429	6.1468261070
9.45714285714	6.1473401065
9.46	6.1478538330
9.46285714286	6.1483672866
9.46571428571	6.1488804677
9.46857142857	6.1493933765
9.47142857143	6.1499060131
9.47428571429	6.1504183780
9.47714285714	6.1509304712
9.48	6.1514422931
9.48285714286	6.1519538438
9.48571428571	6.1524651237
9.48857142857	6.1529761330
9.49142857143	6.1534868718
9.49428571429	6.1539973406
9.49714285714	6.1545075394
9.5	6.1550174686
9.50285714286	6.1555271284
9.50571428571	6.1560365189
9.50857142857	6.1565456406
9.51142857143	6.1570544935
9.51428571429	6.1575630780
9.51714285714	6.1580713943
9.52	6.1585794426
9.52285714286	6.1590872231
9.52571428571	6.1595947362
9.52857142857	6.1601019820
9.53142857143	6.1606089607
9.53428571429	6.1611156727
9.53714285714	6.1616221181
9.54	6.1621282972
9.54285714286	6.1626342103
9.54571428571	6.1631398575
9.54857142857	6.1636452391
9.55142857143	6.1641503553
9.55428571429	6.1646552064
9.55714285714	6.1651597925
9.56	6.1656641141
9.56285714286	6.1661681711
9.56571428571	6.1666719640
9.56857142857	6.1671754930
9.57142857143	6.1676787582
9.57428571429	6.1681817599
9.57714285714	6.1686844983
9.58	6.1691869738
9.58285714286	6.1696891864
9.58571428571	6.1701911364
9.58857142857	6.1706928242
9.59142857143	6.1711942498
9.59428571429	6.1716954135
9.59714285714	6.1721963157
9.6	6.1726969564
9.60285714286	6.1731973359
9.60571428571	6.1736974545
9.60857142857	6.1741973124
9.61142857143	6.1746969097
9.61428571429	6.1751962468
9.61714285714	6.1756953239
9.62	6.1761941412
9.62285714286	6.1766926989
9.62571428571	6.1771909973
9.62857142857	6.1776890366
9.63142857143	6.1781868169
9.63428571429	6.1786843386
9.63714285714	6.1791816019
9.64	6.1796786069
9.64285714286	6.1801753540
9.64571428571	6.1806718433
9.64857142857	6.1811680751
9.65142857143	6.1816640496
9.65428571429	6.1821597669
9.65714285714	6.1826552275
9.66	6.1831504314
9.66285714286	6.1836453789
9.66571428571	6.1841400702
9.66857142857	6.1846345055
9.67142857143	6.1851286852
9.67428571429	6.1856226093
9.67714285714	6.1861162781
9.68	6.1866096918
9.68285714286	6.1871028507
9.68571428571	6.1875957550
9.68857142857	6.1880884049
9.69142857143	6.1885808006
9.69428571429	6.1890729423
9.69714285714	6.1895648303
9.7	6.1900564648
9.70285714286	6.1905478460
9.70571428571	6.1910389741
9.70857142857	6.1915298493
9.71142857143	6.1920204719
9.71428571429	6.1925108421
9.71714285714	6.1930009601
9.72	6.1934908261
9.72285714286	6.1939804404
9.72571428571	6.1944698031
9.72857142857	6.1949589145
9.73142857143	6.1954477748
9.73428571429	6.1959363841
9.73714285714	6.1964247429
9.74	6.1969128511
9.74285714286	6.1974007091
9.74571428571	6.1978883171
9.74857142857	6.1983756753
9.75142857143	6.1988627839
9.75428571429	6.1993496431
9.75714285714	6.1998362531
9.76	6.2003226142
9.76285714286	6.2008087266
9.76571428571	6.2012945905
9.76857142857	6.2017802060
9.77142857143	6.2022655735
9.77428571429	6.2027506930
9.77714285714	6.2032355650
9.78	6.2037201894
9.78285714286	6.2042045667
9.78571428571	6.2046886969
9.78857142857	6.2051725802
9.79142857143	6.2056562170
9.79428571429	6.2061396074
9.79714285714	6.2066227517
9.8	6.2071056499
9.80285714286	6.2075883024
9.80571428571	6.2080707094
9.80857142857	6.2085528710
9.81142857143	6.2090347875
9.81428571429	6.2095164591
9.81714285714	6.2099978860
9.82	6.2104790684
9.82285714286	6.2109600065
9.82571428571	6.2114407005
9.82857142857	6.2119211507
9.83142857143	6.2124013572
9.83428571429	6.2128813202
9.83714285714	6.2133610400
9.84	6.2138405168
9.84285714286	6.2143197507
9.84571428571	6.2147987420
9.84857142857	6.2152774909
9.85142857143	6.2157559976
9.85428571429	6.2162342623
9.85714285714	6.2167122852
9.86	6.2171900665
9.86285714286	6.2176676064
9.86571428571	6.2181449052
9.86857142857	6.2186219629
9.87142857143	6.2190987799
9.87428571429	6.2195753563
9.87714285714	6.2200516924
9.88	6.2205277883
9.88285714286	6.2210036443
9.88571428571	6.2214792605
9.88857142857	6.2219546371
9.89142857143	6.2224297745
9.89428571429	6.2229046726
9.89714285714	6.2233793319
9.9	6.2238537524
9.90285714286	6.2243279344
9.90571428571	6.2248018780
9.90857142857	6.2252755835
9.91142857143	6.2257490511
9.91428571429	6.2262222809
9.91714285714	6.2266952733
9.92	6.2271680283
9.92285714286	6.2276405461
9.92571428571	6.2281128271
9.92857142857	6.2285848713
9.93142857143	6.2290566790
9.93428571429	6.2295282504
9.93714285714	6.2299995856
9.94	6.2304706849
9.94285714286	6.2309415485
9.94571428571	6.2314121766
9.94857142857	6.2318825693
9.95142857143	6.2323527269
9.95428571429	6.2328226495
9.95714285714	6.2332923374
9.96	6.2337617908
9.96285714286	6.2342310098
9.96571428571	6.2346999946
9.96857142857	6.2351687456
9.97142857143	6.2356372627
9.97428571429	6.2361055463
9.97714285714	6.2365735965
9.98	6.2370414136
9.98285714286	6.2375089977
9.98571428571	6.2379763490
9.98857142857	6.2384434677
9.99142857143	6.2389103540
9.99428571429	6.2393770081
9.99714285714	6.2398434303
10.0	6.2403096206
