0.0	2.9091196405
0.002	2.9095340808
0.004	2.9099779859
0.006	2.9104012444
0.008	2.9108423435
0.01	2.9112692239
0.012	2.9117089455
0.014	2.9121382085
0.016	2.9125772178
0.018	2.9130082794
0.02	2.9134469602
0.022	2.9138794808
0.024	2.9143180793
0.026	2.9147518399
0.028	2.9151905242
0.03	2.9156253746
0.032	2.9160642644
0.034	2.9165000972
0.036	2.9169392802
0.038	2.9173760164
0.04	2.9178155584
0.042	2.9182531384
0.044	2.9186930896
0.046	2.9191314678
0.048	2.9195718671
0.05	2.9200110080
0.052	2.9204518857
0.054	2.9208917612
0.056	2.9213331413
0.058	2.9217737292
0.06	2.9222156307
0.062	2.9226569131
0.064	2.9230993513
0.066	2.9235413136
0.068	2.9239843007
0.07	2.9244269310
0.072	2.9248704769
0.074	2.9253137653
0.076	2.9257578780
0.078	2.9262018164
0.08	2.9266465023
0.082	2.9270910839
0.084	2.9275363483
0.086	2.9279815673
0.088	2.9284274144
0.09	2.9288732658
0.092	2.9293196991
0.094	2.9297661787
0.096	2.9302132008
0.098	2.9306603050
0.1	2.9311079182
0.102	2.9315556438
0.104	2.9320038498
0.106	2.9324521939
0.108	2.9329009940
0.11	2.9333499543
0.112	2.9337993495
0.114	2.9342489236
0.116	2.9346989146
0.118	2.9351491007
0.12	2.9355996880
0.122	2.9360504842
0.124	2.9365016681
0.126	2.9369530727
0.128	2.9374048534
0.13	2.9378568648
0.132	2.9383092422
0.134	2.9387618591
0.136	2.9392148331
0.138	2.9396680540
0.14	2.9401216245
0.142	2.9405754481
0.144	2.9410296146
0.146	2.9414840399
0.148	2.9419388020
0.15	2.9423938276
0.152	2.9428491850
0.154	2.9433048098
0.156	2.9437607618
0.158	2.9442169847
0.16	2.9446735309
0.162	2.9451303508
0.164	2.9455874905
0.166	2.9460449064
0.168	2.9465026389
0.17	2.9469606498
0.172	2.9474189744
0.174	2.9478775792
0.176	2.9483364952
0.178	2.9487956930
0.18	2.9492551997
0.182	2.9497149894
0.184	2.9501750860
0.186	2.9506354667
0.188	2.9510961524
0.19	2.9515571230
0.192	2.9520183971
0.194	2.9524799567
0.196	2.9529418182
0.198	2.9534039659
0.2	2.9538664140
0.202	2.9543291487
0.204	2.9547921826
0.206	2.9552555034
0.208	2.9557191223
0.21	2.9561830282
0.212	2.9566472311
0.214	2.9571117212
0.216	2.9575765072
0.218	2.9580415806
0.22	2.9585069488
0.222	2.9589726044
0.224	2.9594385540
0.226	2.9599047909
0.228	2.9603713209
0.23	2.9608381381
0.232	2.9613052476
0.234	2.9617726442
0.236	2.9622403323
0.238	2.9627083072
0.24	2.9631765730
0.242	2.9636451254
0.244	2.9641139679
0.246	2.9645830967
0.248	2.9650525150
0.25	2.9655222193
0.252	2.9659922124
0.254	2.9664624912
0.256	2.9669330582
0.258	2.9674039105
0.26	2.9678750504
0.262	2.9683464754
0.264	2.9688181872
0.266	2.9692901838
0.268	2.9697624666
0.27	2.9702350338
0.272	2.9707078867
0.274	2.9711810235
0.276	2.9716544455
0.278	2.9721281510
0.28	2.9726021410
0.282	2.9730764142
0.284	2.9735509714
0.286	2.9740258112
0.288	2.9745009346
0.29	2.9749763402
0.292	2.9754520287
0.294	2.9759279990
0.296	2.9764042517
0.298	2.9768807858
0.3	2.9773576017
0.302	2.9778346986
0.304	2.9783120767
0.306	2.9787897353
0.308	2.9792676747
0.31	2.9797458941
0.312	2.9802243938
0.314	2.9807031730
0.316	2.9811822319
0.318	2.9816615699
0.32	2.9821411871
0.322	2.9826210830
0.324	2.9831012575
0.326	2.9835817101
0.328	2.9840624409
0.33	2.9845434494
0.332	2.9850247355
0.334	2.9855062988
0.336	2.9859881393
0.338	2.9864702564
0.34	2.9869526502
0.342	2.9874353201
0.344	2.9879182662
0.346	2.9884014880
0.348	2.9888849855
0.35	2.9893687581
0.352	2.9898528059
0.354	2.9903371284
0.356	2.9908217255
0.358	2.9913065969
0.36	2.9917917424
0.362	2.9922771616
0.364	2.9927628544
0.366	2.9932488204
0.368	2.9937350596
0.37	2.9942215715
0.372	2.9947083560
0.374	2.9951954128
0.376	2.9956827417
0.378	2.9961703423
0.38	2.9966582145
0.382	2.9971463580
0.384	2.9976347726
0.386	2.9981234579
0.388	2.9986124138
0.39	2.9991016400
0.392	2.9995911363
0.394	3.0000809023
0.396	3.0005709380
0.398	3.0010612429
0.4	3.0015518168
0.402	3.0020426596
0.404	3.0025337709
0.406	3.0030251505
0.408	3.0035167982
0.41	3.0040087137
0.412	3.0045008967
0.414	3.0049933470
0.416	3.0054860644
0.418	3.0059790485
0.42	3.0064722993
0.422	3.0069658163
0.424	3.0074595994
0.426	3.0079536483
0.428	3.0084479627
0.43	3.0089425424
0.432	3.0094373872
0.434	3.0099324968
0.436	3.0104278709
0.438	3.0109235094
0.44	3.0114194119
0.442	3.0119155781
0.444	3.0124120080
0.446	3.0129087011
0.448	3.0134056574
0.45	3.0139028764
0.452	3.0144003579
0.454	3.0148981018
0.456	3.0153961077
0.458	3.0158943755
0.46	3.0163929048
0.462	3.0168916954
0.464	3.0173907470
0.466	3.0178900595
0.468	3.0183896325
0.47	3.0188894659
0.472	3.0193895593
0.474	3.0198899125
0.476	3.0203905253
0.478	3.0208913974
0.48	3.0213925286
0.482	3.0218939186
0.484	3.0223955672
0.486	3.0228974741
0.488	3.0233996390
0.49	3.0239020618
0.492	3.0244047422
0.494	3.0249076799
0.496	3.0254108747
0.498	3.0259143263
0.5	3.0264180345
0.502	3.0269219991
0.504	3.0274262197
0.506	3.0279306962
0.508	3.0284354283
0.51	3.0289404157
0.512	3.0294456582
0.514	3.0299511556
0.516	3.0304569076
0.518	3.0309629140
0.52	3.0314691744
0.522	3.0319756888
0.524	3.0324824567
0.526	3.0329894780
0.528	3.0334967525
0.53	3.0340042798
0.532	3.0345120598
0.534	3.0350200921
0.536	3.0355283766
0.538	3.0360369130
0.54	3.0365457010
0.542	3.0370547405
0.544	3.0375640311
0.546	3.0380735726
0.548	3.0385833647
0.55	3.0390934073
0.552	3.0396037001
0.554	3.0401142428
0.556	3.0406250352
0.558	3.0411360770
0.56	3.0416473680
0.562	3.0421589079
0.564	3.0426706966
0.566	3.0431827337
0.568	3.0436950191
0.57	3.0442075524
0.572	3.0447203334
0.574	3.0452333619
0.576	3.0457466377
0.578	3.0462601605
0.58	3.0467739300
0.582	3.0472879460
0.584	3.0478022083
0.586	3.0483167166
0.588	3.0488314707
0.59	3.0493464703
0.592	3.0498617152
0.594	3.0503772051
0.596	3.0508929399
0.598	3.0514089192
0.6	3.0519251429
0.602	3.0524416106
0.604	3.0529583221
0.606	3.0534752773
0.608	3.0539924758
0.61	3.0545099174
0.612	3.0550276019
0.614	3.0555455290
0.616	3.0560636985
0.618	3.0565821101
0.62	3.0571007637
0.622	3.0576196589
0.624	3.0581387955
0.626	3.0586581733
0.628	3.0591777921
0.63	3.0596976515
0.632	3.0602177514
0.634	3.0607380916
0.636	3.0612586717
0.638	3.0617794915
0.64	3.0623005508
0.642	3.0628218494
0.644	3.0633433871
0.646	3.0638651635
0.648	3.0643871784
0.65	3.0649094317
0.652	3.0654319230
0.654	3.0659546521
0.656	3.0664776188
0.658	3.0670008229
0.66	3.0675242640
0.662	3.0680479421
0.664	3.0685718568
0.666	3.0690960078
0.668	3.0696203951
0.67	3.0701450182
0.672	3.0706698770
0.674	3.0711949713
0.676	3.0717203008
0.678	3.0722458653
0.68	3.0727716644
0.682	3.0732976981
0.684	3.0738239661
0.686	3.0743504680
0.688	3.0748772038
0.69	3.0754041731
0.692	3.0759313757
0.694	3.0764588114
0.696	3.0769864800
0.698	3.0775143811
0.7	3.0780425147
0.702	3.0785708803
0.704	3.0790994779
0.706	3.0796283071
0.708	3.0801573678
0.71	3.0806866597
0.712	3.0812161825
0.714	3.0817459361
0.716	3.0822759202
0.718	3.0828061345
0.72	3.0833365789
0.722	3.0838672530
0.724	3.0843981568
0.726	3.0849292898
0.728	3.0854606520
0.73	3.0859922430
0.732	3.0865240626
0.734	3.0870561107
0.736	3.0875883869
0.738	3.0881208910
0.74	3.0886536229
0.742	3.0891865822
0.744	3.0897197687
0.746	3.0902531823
0.748	3.0907868226
0.75	3.0913206895
0.752	3.0918547827
0.754	3.0923891020
0.756	3.0929236471
0.758	3.0934584179
0.76	3.0939934140
0.762	3.0945286353
0.764	3.0950640815
0.766	3.0955997525
0.768	3.0961356479
0.77	3.0966717675
0.772	3.0972081112
0.774	3.0977446786
0.776	3.0982814696
0.778	3.0988184839
0.78	3.0993557213
0.782	3.0998931816
0.784	3.1004308645
0.786	3.1009687699
0.788	3.1015068974
0.79	3.1020452469
0.792	3.1025838181
0.794	3.1031226108
0.796	3.1036616248
0.798	3.1042008598
0.8	3.1047403156
0.802	3.1052799921
0.804	3.1058198889
0.806	3.1063600058
0.808	3.1069003427
0.81	3.1074408992
0.812	3.1079816752
0.814	3.1085226705
0.816	3.1090638847
0.818	3.1096053178
0.82	3.1101469694
0.822	3.1106888393
0.824	3.1112309274
0.826	3.1117732333
0.828	3.1123157569
0.83	3.1128584980
0.832	3.1134014562
0.834	3.1139446314
0.836	3.1144880235
0.838	3.1150316320
0.84	3.1155754569
0.842	3.1161194979
0.844	3.1166637547
0.846	3.1172082272
0.848	3.1177529151
0.85	3.1182978182
0.852	3.1188429364
0.854	3.1193882692
0.856	3.1199338167
0.858	3.1204795784
0.86	3.1210255542
0.862	3.1215717439
0.864	3.1221181473
0.866	3.1226647641
0.868	3.1232115941
0.87	3.1237586371
0.872	3.1243058929
0.874	3.1248533612
0.876	3.1254010419
0.878	3.1259489346
0.88	3.1264970393
0.882	3.1270453556
0.884	3.1275938834
0.886	3.1281426225
0.888	3.1286915725
0.89	3.1292407334
0.892	3.1297901048
0.894	3.1303396866
0.896	3.1308894785
0.898	3.1314394804
0.9	3.1319896919
0.902	3.1325401130
0.904	3.1330907433
0.906	3.1336415827
0.908	3.1341926309
0.91	3.1347438878
0.912	3.1352953530
0.914	3.1358470264
0.916	3.1363989079
0.918	3.1369509970
0.92	3.1375032937
0.922	3.1380557978
0.924	3.1386085089
0.926	3.1391614270
0.928	3.1397145517
0.93	3.1402678829
0.932	3.1408214203
0.934	3.1413751638
0.936	3.1419291131
0.938	3.1424832680
0.94	3.1430376283
0.942	3.1435921938
0.944	3.1441469643
0.946	3.1447019395
0.948	3.1452571192
0.95	3.1458125033
0.952	3.1463680915
0.954	3.1469238836
0.956	3.1474798794
0.958	3.1480360786
0.96	3.1485924812
0.962	3.1491490868
0.964	3.1497058952
0.966	3.1502629063
0.968	3.1508201198
0.97	3.1513775355
0.972	3.1519351532
0.974	3.1524929727
0.976	3.1530509937
0.978	3.1536092162
0.98	3.1541676398
0.982	3.1547262643
0.984	3.1552850896
0.986	3.1558441154
0.988	3.1564033416
0.99	3.1569627678
0.992	3.1575223940
0.994	3.1580822198
0.996	3.1586422452
0.998	3.1592024698
1.0	3.1597628935
1.002	3.1603235160
1.004	3.1608843372
1.006	3.1614453569
1.008	3.1620065748
1.01	3.1625679907
1.012	3.1631296045
1.014	3.1636914159
1.016	3.1642534247
1.018	3.1648156307
1.02	3.1653780337
1.022	3.1659406335
1.024	3.1665034299
1.026	3.1670664227
1.028	3.1676296117
1.03	3.1681929967
1.032	3.1687565774
1.034	3.1693203537
1.036	3.1698843253
1.038	3.1704484921
1.04	3.1710128539
1.042	3.1715774104
1.044	3.1721421615
1.046	3.1727071069
1.048	3.1732722465
1.05	3.1738375800
1.052	3.1744031072
1.054	3.1749688280
1.056	3.1755347421
1.058	3.1761008493
1.06	3.1766671494
1.062	3.1772336423
1.064	3.1778003277
1.066	3.1783672055
1.068	3.1789342753
1.07	3.1795015371
1.072	3.1800689906
1.074	3.1806366356
1.076	3.1812044720
1.078	3.1817724994
1.08	3.1823407178
1.082	3.1829091269
1.084	3.1834777265
1.086	3.1840465165
1.088	3.1846154965
1.09	3.1851846665
1.092	3.1857540262
1.094	3.1863235755
1.096	3.1868933141
1.098	3.1874632418
1.1	3.1880333584
1.102	3.1886036638
1.104	3.1891741577
1.106	3.1897448400
1.108	3.1903157104
1.11	3.1908867688
1.112	3.1914580149
1.114	3.1920294485
1.116	3.1926010696
1.118	3.1931728777
1.12	3.1937448729
1.122	3.1943170548
1.124	3.1948894233
1.126	3.1954619782
1.128	3.1960347193
1.13	3.1966076464
1.132	3.1971807592
1.134	3.1977540577
1.136	3.1983275416
1.138	3.1989012107
1.14	3.1994750648
1.142	3.2000491038
1.144	3.2006233274
1.146	3.2011977354
1.148	3.2017723277
1.15	3.2023471040
1.152	3.2029220642
1.154	3.2034972081
1.156	3.2040725355
1.158	3.2046480461
1.16	3.2052237399
1.162	3.2057996165
1.164	3.2063756759
1.166	3.2069519178
1.168	3.2075283420
1.17	3.2081049484
1.172	3.2086817367
1.174	3.2092587068
1.176	3.2098358585
1.178	3.2104131916
1.18	3.2109907058
1.182	3.2115684011
1.184	3.2121462772
1.186	3.2127243339
1.188	3.2133025710
1.19	3.2138809884
1.192	3.2144595859
1.194	3.2150383632
1.196	3.2156173202
1.198	3.2161964567
1.2	3.2167757726
1.202	3.2173552675
1.204	3.2179349414
1.206	3.2185147941
1.208	3.2190948253
1.21	3.2196750349
1.212	3.2202554227
1.214	3.2208359885
1.216	3.2214167321
1.218	3.2219976534
1.22	3.2225787521
1.222	3.2231600281
1.224	3.2237414811
1.226	3.2243231111
1.228	3.2249049177
1.23	3.2254869009
1.232	3.2260690605
1.234	3.2266513962
1.236	3.2272339079
1.238	3.2278165953
1.24	3.2283994584
1.242	3.2289824970
1.244	3.2295657107
1.246	3.2301490996
1.248	3.2307326633
1.25	3.2313164017
1.252	3.2319003146
1.254	3.2324844019
1.256	3.2330686633
1.258	3.2336530987
1.26	3.2342377079
1.262	3.2348224907
1.264	3.2354074469
1.266	3.2359925764
1.268	3.2365778789
1.27	3.2371633544
1.272	3.2377490025
1.274	3.2383348232
1.276	3.2389208163
1.278	3.2395069815
1.28	3.2400933187
1.282	3.2406798277
1.284	3.2412665084
1.286	3.2418533605
1.288	3.2424403840
1.29	3.2430275785
1.292	3.2436149439
1.294	3.2442024801
1.296	3.2447901869
1.298	3.2453780641
1.3	3.2459661114
1.302	3.2465543289
1.304	3.2471427162
1.306	3.2477312732
1.308	3.2483199997
1.31	3.2489088955
1.312	3.2494979605
1.314	3.2500871945
1.316	3.2506765973
1.318	3.2512661688
1.32	3.2518559087
1.322	3.2524458169
1.324	3.2530358932
1.326	3.2536261375
1.328	3.2542165495
1.33	3.2548071292
1.332	3.2553978762
1.334	3.2559887905
1.336	3.2565798719
1.338	3.2571711202
1.34	3.2577625352
1.342	3.2583541168
1.344	3.2589458648
1.346	3.2595377790
1.348	3.2601298592
1.35	3.2607221053
1.352	3.2613145171
1.354	3.2619070944
1.356	3.2624998371
1.358	3.2630927450
1.36	3.2636858179
1.362	3.2642790557
1.364	3.2648724582
1.366	3.2654660251
1.368	3.2660597564
1.37	3.2666536519
1.372	3.2672477114
1.374	3.2678419347
1.376	3.2684363217
1.378	3.2690308722
1.38	3.2696255860
1.382	3.2702204629
1.384	3.2708155029
1.386	3.2714107057
1.388	3.2720060712
1.39	3.2726015991
1.392	3.2731972894
1.394	3.2737931419
1.396	3.2743891563
1.398	3.2749853326
1.4	3.2755816705
1.402	3.2761781700
1.404	3.2767748307
1.406	3.2773716527
1.408	3.2779686356
1.41	3.2785657794
1.412	3.2791630838
1.414	3.2797605488
1.416	3.2803581741
1.418	3.2809559596
1.42	3.2815539050
1.422	3.2821520104
1.424	3.2827502754
1.426	3.2833487000
1.428	3.2839472839
1.43	3.2845460271
1.432	3.2851449293
1.434	3.2857439903
1.436	3.2863432101
1.438	3.2869425884
1.44	3.2875421251
1.442	3.2881418201
1.444	3.2887416731
1.446	3.2893416840
1.448	3.2899418527
1.45	3.2905421789
1.452	3.2911426626
1.454	3.2917433036
1.456	3.2923441017
1.458	3.2929450567
1.46	3.2935461685
1.462	3.2941474369
1.464	3.2947488618
1.466	3.2953504431
1.468	3.2959521804
1.47	3.2965540738
1.472	3.2971561230
1.474	3.2977583279
1.476	3.2983606884
1.478	3.2989632041
1.48	3.2995658751
1.482	3.3001687012
1.484	3.3007716821
1.486	3.3013748178
1.488	3.3019781081
1.49	3.3025815528
1.492	3.3031851517
1.494	3.3037889048
1.496	3.3043928119
1.498	3.3049968727
1.5	3.3056010872
1.502	3.3062054552
1.504	3.3068099765
1.506	3.3074146511
1.508	3.3080194786
1.51	3.3086244590
1.512	3.3092295922
1.514	3.3098348779
1.516	3.3104403161
1.518	3.3110459065
1.52	3.3116516490
1.522	3.3122575435
1.524	3.3128635898
1.526	3.3134697878
1.528	3.3140761372
1.53	3.3146826380
1.532	3.3152892900
1.534	3.3158960931
1.536	3.3165030471
1.538	3.3171101518
1.54	3.3177174071
1.542	3.3183248129
1.544	3.3189323689
1.546	3.3195400751
1.548	3.3201479313
1.55	3.3207559374
1.552	3.3213640931
1.554	3.3219723984
1.556	3.3225808532
1.558	3.3231894571
1.56	3.3237982102
1.562	3.3244071122
1.564	3.3250161630
1.566	3.3256253625
1.568	3.3262347106
1.57	3.3268442069
1.572	3.3274538515
1.574	3.3280636442
1.576	3.3286735848
1.578	3.3292836732
1.58	3.3298939092
1.582	3.3305042927
1.584	3.3311148236
1.586	3.3317255016
1.588	3.3323363267
1.59	3.3329472987
1.592	3.3335584175
1.594	3.3341696829
1.596	3.3347810947
1.598	3.3353926529
1.6	3.3360043573
1.602	3.3366162077
1.604	3.3372282040
1.606	3.3378403461
1.608	3.3384526338
1.61	3.3390650669
1.612	3.3396776454
1.614	3.3402903691
1.616	3.3409032378
1.618	3.3415162514
1.62	3.3421294098
1.622	3.3427427128
1.624	3.3433561602
1.626	3.3439697520
1.628	3.3445834880
1.63	3.3451973681
1.632	3.3458113921
1.634	3.3464255598
1.636	3.3470398712
1.638	3.3476543260
1.64	3.3482689243
1.642	3.3488836657
1.644	3.3494985502
1.646	3.3501135777
1.648	3.3507287479
1.65	3.3513440608
1.652	3.3519595163
1.654	3.3525751141
1.656	3.3531908542
1.658	3.3538067364
1.66	3.3544227605
1.662	3.3550389265
1.664	3.3556552342
1.666	3.3562716834
1.668	3.3568882741
1.67	3.3575050061
1.672	3.3581218792
1.674	3.3587388933
1.676	3.3593560484
1.678	3.3599733441
1.68	3.3605907805
1.682	3.3612083574
1.684	3.3618260746
1.686	3.3624439320
1.688	3.3630619295
1.69	3.3636800669
1.692	3.3642983442
1.694	3.3649167611
1.696	3.3655353176
1.698	3.3661540134
1.7	3.3667728486
1.702	3.3673918228
1.704	3.3680109361
1.706	3.3686301883
1.708	3.3692495792
1.71	3.3698691088
1.712	3.3704887768
1.714	3.3711085831
1.716	3.3717285277
1.718	3.3723486104
1.72	3.3729688311
1.722	3.3735891895
1.724	3.3742096857
1.726	3.3748303194
1.728	3.3754510906
1.73	3.3760719991
1.732	3.3766930448
1.734	3.3773142275
1.736	3.3779355472
1.738	3.3785570036
1.74	3.3791785967
1.742	3.3798003264
1.744	3.3804221924
1.746	3.3810441948
1.748	3.3816663333
1.75	3.3822886078
1.752	3.3829110183
1.754	3.3835335645
1.756	3.3841562463
1.758	3.3847790637
1.76	3.3854020165
1.762	3.3860251046
1.764	3.3866483278
1.766	3.3872716860
1.768	3.3878951791
1.77	3.3885188070
1.772	3.3891425695
1.774	3.3897664666
1.776	3.3903904980
1.778	3.3910146637
1.78	3.3916389636
1.782	3.3922633975
1.784	3.3928879653
1.786	3.3935126669
1.788	3.3941375021
1.79	3.3947624709
1.792	3.3953875731
1.794	3.3960128085
1.796	3.3966381772
1.798	3.3972636789
1.8	3.3978893135
1.802	3.3985150809
1.804	3.3991409810
1.806	3.3997670136
1.808	3.4003931787
1.81	3.4010194761
1.812	3.4016459057
1.814	3.4022724674
1.816	3.4028991611
1.818	3.4035259866
1.82	3.4041529438
1.822	3.4047800326
1.824	3.4054072529
1.826	3.4060346046
1.828	3.4066620875
1.83	3.4072897015
1.832	3.4079174466
1.834	3.4085453225
1.836	3.4091733292
1.838	3.4098014666
1.84	3.4104297345
1.842	3.4110581328
1.844	3.4116866615
1.846	3.4123153203
1.848	3.4129441092
1.85	3.4135730281
1.852	3.4142020768
1.854	3.4148312553
1.856	3.4154605634
1.858	3.4160900009
1.86	3.4167195679
1.862	3.4173492641
1.864	3.4179790895
1.866	3.4186090439
1.868	3.4192391272
1.87	3.4198693394
1.872	3.4204996802
1.874	3.4211301497
1.876	3.4217607476
1.878	3.4223914739
1.88	3.4230223284
1.882	3.4236533110
1.884	3.4242844217
1.886	3.4249156603
1.888	3.4255470268
1.89	3.4261785209
1.892	3.4268101425
1.894	3.4274418917
1.896	3.4280737682
1.898	3.4287057719
1.9	3.4293379028
1.902	3.4299701608
1.904	3.4306025456
1.906	3.4312350572
1.908	3.4318676956
1.91	3.4325004605
1.912	3.4331333520
1.914	3.4337663698
1.916	3.4343995138
1.918	3.4350327840
1.92	3.4356661803
1.922	3.4362997025
1.924	3.4369333506
1.926	3.4375671243
1.928	3.4382010237
1.93	3.4388350486
1.932	3.4394691990
1.934	3.4401034746
1.936	3.4407378754
1.938	3.4413724013
1.94	3.4420070522
1.942	3.4426418279
1.944	3.4432767285
1.946	3.4439117537
1.948	3.4445469034
1.95	3.4451821777
1.952	3.4458175763
1.954	3.4464530991
1.956	3.4470887461
1.958	3.4477245171
1.96	3.4483604121
1.962	3.4489964309
1.964	3.4496325735
1.966	3.4502688396
1.968	3.4509052293
1.97	3.4515417425
1.972	3.4521783790
1.974	3.4528151386
1.976	3.4534520215
1.978	3.4540890273
1.98	3.4547261561
1.982	3.4553634077
1.984	3.4560007820
1.986	3.4566382789
1.988	3.4572758984
1.99	3.4579136402
1.992	3.4585515044
1.994	3.4591894908
1.996	3.4598275994
1.998	3.4604658299
2.0	3.4611041824
2.002	3.4617426568
2.004	3.4623812528
2.006	3.4630199705
2.008	3.4636588097
2.01	3.4642977704
2.012	3.4649368524
2.014	3.4655760556
2.016	3.4662153800
2.018	3.4668548254
2.02	3.4674943918
2.022	3.4681340791
2.024	3.4687738871
2.026	3.4694138157
2.028	3.4700538650
2.03	3.4706940347
2.032	3.4713343248
2.034	3.4719747352
2.036	3.4726152658
2.038	3.4732559165
2.04	3.4738966872
2.042	3.4745375778
2.044	3.4751785882
2.046	3.4758197184
2.048	3.4764609681
2.05	3.4771023375
2.052	3.4777438262
2.054	3.4783854344
2.056	3.4790271617
2.058	3.4796690083
2.06	3.4803109739
2.062	3.4809530585
2.064	3.4815952621
2.066	3.4822375844
2.068	3.4828800254
2.07	3.4835225851
2.072	3.4841652633
2.074	3.4848080600
2.076	3.4854509750
2.078	3.4860940083
2.08	3.4867371597
2.082	3.4873804292
2.084	3.4880238168
2.086	3.4886673222
2.088	3.4893109455
2.09	3.4899546865
2.092	3.4905985452
2.094	3.4912425214
2.096	3.4918866151
2.098	3.4925308262
2.1	3.4931751546
2.102	3.4938196002
2.104	3.4944641629
2.106	3.4951088427
2.108	3.4957536395
2.11	3.4963985530
2.112	3.4970435834
2.114	3.4976887305
2.116	3.4983339942
2.118	3.4989793744
2.12	3.4996248711
2.122	3.5002704842
2.124	3.5009162135
2.126	3.5015620590
2.128	3.5022080206
2.13	3.5028540983
2.132	3.5035002919
2.134	3.5041466014
2.136	3.5047930266
2.138	3.5054395675
2.14	3.5060862241
2.142	3.5067329962
2.144	3.5073798838
2.146	3.5080268867
2.148	3.5086740049
2.15	3.5093212383
2.152	3.5099685869
2.154	3.5106160505
2.156	3.5112636291
2.158	3.5119113226
2.16	3.5125591308
2.162	3.5132070539
2.164	3.5138550915
2.166	3.5145032438
2.168	3.5151515105
2.17	3.5157998917
2.172	3.5164483872
2.174	3.5170969970
2.176	3.5177457209
2.178	3.5183945590
2.18	3.5190435111
2.182	3.5196925771
2.184	3.5203417570
2.186	3.5209910507
2.188	3.5216404582
2.19	3.5222899793
2.192	3.5229396140
2.194	3.5235893621
2.196	3.5242392237
2.198	3.5248891987
2.2	3.5255392869
2.202	3.5261894883
2.204	3.5268398029
2.206	3.5274902305
2.208	3.5281407711
2.21	3.5287914246
2.212	3.5294421909
2.214	3.5300930700
2.216	3.5307440617
2.218	3.5313951661
2.22	3.5320463830
2.222	3.5326977124
2.224	3.5333491542
2.226	3.5340007084
2.228	3.5346523747
2.23	3.5353041533
2.232	3.5359560440
2.234	3.5366080467
2.236	3.5372601615
2.238	3.5379123881
2.24	3.5385647265
2.242	3.5392171768
2.244	3.5398697387
2.246	3.5405224122
2.248	3.5411751974
2.25	3.5418280940
2.252	3.5424811020
2.254	3.5431342214
2.256	3.5437874521
2.258	3.5444407940
2.26	3.5450942470
2.262	3.5457478112
2.264	3.5464014864
2.266	3.5470552725
2.268	3.5477091695
2.27	3.5483631773
2.272	3.5490172960
2.274	3.5496715252
2.276	3.5503258652
2.278	3.5509803157
2.28	3.5516348767
2.282	3.5522895481
2.284	3.5529443299
2.286	3.5535992220
2.288	3.5542542243
2.29	3.5549093369
2.292	3.5555645595
2.294	3.5562198922
2.296	3.5568753349
2.298	3.5575308876
2.3	3.5581865501
2.302	3.5588423224
2.304	3.5594982044
2.306	3.5601541962
2.308	3.5608102976
2.31	3.5614665085
2.312	3.5621228289
2.314	3.5627792588
2.316	3.5634357981
2.318	3.5640924467
2.32	3.5647492045
2.322	3.5654060716
2.324	3.5660630478
2.326	3.5667201331
2.328	3.5673773274
2.33	3.5680346307
2.332	3.5686920429
2.334	3.5693495640
2.336	3.5700071939
2.338	3.5706649325
2.34	3.5713227798
2.342	3.5719807358
2.344	3.5726388003
2.346	3.5732969733
2.348	3.5739552548
2.35	3.5746136447
2.352	3.5752721430
2.354	3.5759307495
2.356	3.5765894643
2.358	3.5772482873
2.36	3.5779072184
2.362	3.5785662576
2.364	3.5792254049
2.366	3.5798846601
2.368	3.5805440232
2.37	3.5812034942
2.372	3.5818630730
2.374	3.5825227596
2.376	3.5831825539
2.378	3.5838424558
2.38	3.5845024654
2.382	3.5851625825
2.384	3.5858228071
2.386	3.5864831392
2.388	3.5871435787
2.39	3.5878041255
2.392	3.5884647797
2.394	3.5891255411
2.396	3.5897864097
2.398	3.5904473855
2.4	3.5911084684
2.402	3.5917696584
2.404	3.5924309553
2.406	3.5930923593
2.408	3.5937538701
2.41	3.5944154879
2.412	3.5950772124
2.414	3.5957390437
2.416	3.5964009818
2.418	3.5970630266
2.42	3.5977251780
2.422	3.5983874359
2.424	3.5990498005
2.426	3.5997122715
2.428	3.6003748490
2.43	3.6010375329
2.432	3.6017003232
2.434	3.6023632198
2.436	3.6030262227
2.438	3.6036893318
2.44	3.6043525472
2.442	3.6050158686
2.444	3.6056792962
2.446	3.6063428299
2.448	3.6070064696
2.45	3.6076702152
2.452	3.6083340669
2.454	3.6089980244
2.456	3.6096620877
2.458	3.6103262569
2.46	3.6109905319
2.462	3.6116549126
2.464	3.6123193991
2.466	3.6129839911
2.468	3.6136486888
2.47	3.6143134921
2.472	3.6149784009
2.474	3.6156434153
2.476	3.6163085351
2.478	3.6169737603
2.48	3.6176390909
2.482	3.6183045269
2.484	3.6189700682
2.486	3.6196357148
2.488	3.6203014666
2.49	3.6209673236
2.492	3.6216332858
2.494	3.6222993532
2.496	3.6229655256
2.498	3.6236318031
2.5	3.6242981857
2.502	3.6249646732
2.504	3.6256312657
2.506	3.6262979632
2.508	3.6269647655
2.51	3.6276316727
2.512	3.6282986848
2.514	3.6289658016
2.516	3.6296330232
2.518	3.6303003495
2.52	3.6309677806
2.522	3.6316353163
2.524	3.6323029566
2.526	3.6329707016
2.528	3.6336385511
2.53	3.6343065052
2.532	3.6349745638
2.534	3.6356427269
2.536	3.6363109945
2.538	3.6369793665
2.54	3.6376478428
2.542	3.6383164236
2.544	3.6389851087
2.546	3.6396538981
2.548	3.6403227918
2.55	3.6409917898
2.552	3.6416608920
2.554	3.6423300985
2.556	3.6429994091
2.558	3.6436688238
2.56	3.6443383427
2.562	3.6450079657
2.564	3.6456776928
2.566	3.6463475239
2.568	3.6470174591
2.57	3.6476874982
2.572	3.6483576414
2.574	3.6490278885
2.576	3.6496982395
2.578	3.6503686945
2.58	3.6510392533
2.582	3.6517099161
2.584	3.6523806826
2.586	3.6530515530
2.588	3.6537225272
2.59	3.6543936052
2.592	3.6550647869
2.594	3.6557360723
2.596	3.6564074615
2.598	3.6570789544
2.6	3.6577505510
2.602	3.6584222512
2.604	3.6590940551
2.606	3.6597659626
2.608	3.6604379736
2.61	3.6611100883
2.612	3.6617823066
2.614	3.6624546284
2.616	3.6631270537
2.618	3.6637995825
2.62	3.6644722149
2.622	3.6651449507
2.624	3.6658177900
2.626	3.6664907328
2.628	3.6671637790
2.63	3.6678369286
2.632	3.6685101816
2.634	3.6691835380
2.636	3.6698569978
2.638	3.6705305610
2.64	3.6712042275
2.642	3.6718779974
2.644	3.6725518705
2.646	3.6732258470
2.648	3.6738999268
2.65	3.6745741099
2.652	3.6752483963
2.654	3.6759227860
2.656	3.6765972789
2.658	3.6772718750
2.66	3.6779465744
2.662	3.6786213770
2.664	3.6792962829
2.666	3.6799712919
2.668	3.6806464041
2.67	3.6813216196
2.672	3.6819969382
2.674	3.6826723600
2.676	3.6833478850
2.678	3.6840235131
2.68	3.6846992444
2.682	3.6853750788
2.684	3.6860510164
2.686	3.6867270572
2.688	3.6874032010
2.69	3.6880794480
2.692	3.6887557981
2.694	3.6894322513
2.696	3.6901088076
2.698	3.6907854671
2.7	3.6914622296
2.702	3.6921390953
2.704	3.6928160641
2.706	3.6934931359
2.708	3.6941703109
2.71	3.6948475889
2.712	3.6955249701
2.714	3.6962024543
2.716	3.6968800416
2.718	3.6975577321
2.72	3.6982355256
2.722	3.6989134222
2.724	3.6995914219
2.726	3.7002695247
2.728	3.7009477306
2.73	3.7016260396
2.732	3.7023044516
2.734	3.7029829668
2.736	3.7036615851
2.738	3.7043403065
2.74	3.7050191311
2.742	3.7056980587
2.744	3.7063770895
2.746	3.7070562233
2.748	3.7077354604
2.75	3.7084148005
2.752	3.7090942438
2.754	3.7097737902
2.756	3.7104534398
2.758	3.7111331926
2.76	3.7118130485
2.762	3.7124930076
2.764	3.7131730699
2.766	3.7138532354
2.768	3.7145335041
2.77	3.7152138759
2.772	3.7158943510
2.774	3.7165749294
2.776	3.7172556109
2.778	3.7179363958
2.78	3.7186172838
2.782	3.7192982752
2.784	3.7199793698
2.786	3.7206605678
2.788	3.7213418690
2.79	3.7220232736
2.792	3.7227047814
2.794	3.7233863927
2.796	3.7240681073
2.798	3.7247499253
2.8	3.7254318466
2.802	3.7261138714
2.804	3.7267959996
2.806	3.7274782312
2.808	3.7281605662
2.81	3.7288430048
2.812	3.7295255468
2.814	3.7302081923
2.816	3.7308909414
2.818	3.7315737940
2.82	3.7322567501
2.822	3.7329398098
2.824	3.7336229731
2.826	3.7343062400
2.828	3.7349896106
2.83	3.7356730848
2.832	3.7363566627
2.834	3.7370403442
2.836	3.7377241295
2.838	3.7384080185
2.84	3.7390920113
2.842	3.7397761079
2.844	3.7404603083
2.846	3.7411446125
2.848	3.7418290206
2.85	3.7425135325
2.852	3.7431981484
2.854	3.7438828681
2.856	3.7445676919
2.858	3.7452526196
2.86	3.7459376513
2.862	3.7466227871
2.864	3.7473080269
2.866	3.7479933708
2.868	3.7486788188
2.87	3.7493643710
2.872	3.7500500273
2.874	3.7507357878
2.876	3.7514216526
2.878	3.7521076216
2.88	3.7527936949
2.882	3.7534798726
2.884	3.7541661546
2.886	3.7548525410
2.888	3.7555390318
2.89	3.7562256270
2.892	3.7569123268
2.894	3.7575991310
2.896	3.7582860398
2.898	3.7589730532
2.9	3.7596601712
2.902	3.7603473939
2.904	3.7610347212
2.906	3.7617221533
2.908	3.7624096902
2.91	3.7630973318
2.912	3.7637850783
2.914	3.7644729296
2.916	3.7651608859
2.918	3.7658489471
2.92	3.7665371133
2.922	3.7672253846
2.924	3.7679137609
2.926	3.7686022423
2.928	3.7692908289
2.93	3.7699795206
2.932	3.7706683176
2.934	3.7713572199
2.936	3.7720462275
2.938	3.7727353404
2.94	3.7734245588
2.942	3.7741138826
2.944	3.7748033118
2.946	3.7754928467
2.948	3.7761824871
2.95	3.7768722331
2.952	3.7775620848
2.954	3.7782520423
2.956	3.7789421055
2.958	3.7796322745
2.96	3.7803225493
2.962	3.7810129301
2.964	3.7817034169
2.966	3.7823940096
2.968	3.7830847085
2.97	3.7837755134
2.972	3.7844664245
2.974	3.7851574418
2.976	3.7858485654
2.978	3.7865397952
2.98	3.7872311315
2.982	3.7879225742
2.984	3.7886141233
2.986	3.7893057790
2.988	3.7899975413
2.99	3.7906894102
2.992	3.7913813858
2.994	3.7920734681
2.996	3.7927656573
2.998	3.7934579533
3.0	3.7941503562
3.002	3.7948428661
3.004	3.7955354831
3.006	3.7962282072
3.008	3.7969210384
3.01	3.7976139768
3.012	3.7983070225
3.014	3.7990001756
3.016	3.7996934360
3.018	3.8003868039
3.02	3.8010802794
3.022	3.8017738624
3.024	3.8024675531
3.026	3.8031613515
3.028	3.8038552576
3.03	3.8045492717
3.032	3.8052433936
3.034	3.8059376235
3.036	3.8066319614
3.038	3.8073264075
3.04	3.8080209617
3.042	3.8087156242
3.044	3.8094103950
3.046	3.8101052742
3.048	3.8108002618
3.05	3.8114953579
3.052	3.8121905627
3.054	3.8128858761
3.056	3.8135812983
3.058	3.8142768292
3.06	3.8149724691
3.062	3.8156682179
3.064	3.8163640757
3.066	3.8170600426
3.068	3.8177561187
3.07	3.8184523041
3.072	3.8191485988
3.074	3.8198450029
3.076	3.8205415165
3.078	3.8212381397
3.08	3.8219348725
3.082	3.8226317150
3.084	3.8233286674
3.086	3.8240257296
3.088	3.8247229017
3.09	3.8254201839
3.092	3.8261175763
3.094	3.8268150788
3.096	3.8275126916
3.098	3.8282104149
3.1	3.8289082485
3.102	3.8296061927
3.104	3.8303042476
3.106	3.8310024131
3.108	3.8317006894
3.11	3.8323990767
3.112	3.8330975749
3.114	3.8337961841
3.116	3.8344949045
3.118	3.8351937362
3.12	3.8358926792
3.122	3.8365917336
3.124	3.8372908995
3.126	3.8379901770
3.128	3.8386895662
3.13	3.8393890672
3.132	3.8400886801
3.134	3.8407884050
3.136	3.8414882419
3.138	3.8421881910
3.14	3.8428882524
3.142	3.8435884261
3.144	3.8442887122
3.146	3.8449891110
3.148	3.8456896223
3.15	3.8463902465
3.152	3.8470909834
3.154	3.8477918334
3.156	3.8484927963
3.158	3.8491938725
3.16	3.8498950619
3.162	3.8505963646
3.164	3.8512977808
3.166	3.8519993106
3.168	3.8527009540
3.17	3.8534027113
3.172	3.8541045824
3.174	3.8548065675
3.176	3.8555086666
3.178	3.8562108800
3.18	3.8569132077
3.182	3.8576156499
3.184	3.8583182065
3.186	3.8590208778
3.188	3.8597236639
3.19	3.8604265648
3.192	3.8611295807
3.194	3.8618327117
3.196	3.8625359580
3.198	3.8632393195
3.2	3.8639427965
3.202	3.8646463890
3.204	3.8653500972
3.206	3.8660539212
3.208	3.8667578610
3.21	3.8674619169
3.212	3.8681660890
3.214	3.8688703773
3.216	3.8695747820
3.218	3.8702793033
3.22	3.8709839411
3.222	3.8716886957
3.224	3.8723935672
3.226	3.8730985557
3.228	3.8738036613
3.23	3.8745088841
3.232	3.8752142244
3.234	3.8759196821
3.236	3.8766252575
3.238	3.8773309507
3.24	3.8780367617
3.242	3.8787426908
3.244	3.8794487380
3.246	3.8801549036
3.248	3.8808611875
3.25	3.8815675900
3.252	3.8822741112
3.254	3.8829807512
3.256	3.8836875102
3.258	3.8843943883
3.26	3.8851013856
3.262	3.8858085022
3.264	3.8865157384
3.266	3.8872230943
3.268	3.8879305699
3.27	3.8886381655
3.272	3.8893458811
3.274	3.8900537170
3.276	3.8907616732
3.278	3.8914697499
3.28	3.8921779473
3.282	3.8928862655
3.284	3.8935947046
3.286	3.8943032648
3.288	3.8950119463
3.29	3.8957207491
3.292	3.8964296735
3.294	3.8971387196
3.296	3.8978478875
3.298	3.8985571774
3.3	3.8992665895
3.302	3.8999761238
3.304	3.9006857807
3.306	3.9013955601
3.308	3.9021054623
3.31	3.9028154875
3.312	3.9035256357
3.314	3.9042359072
3.316	3.9049463021
3.318	3.9056568205
3.32	3.9063674627
3.322	3.9070782288
3.324	3.9077891189
3.326	3.9085001333
3.328	3.9092112720
3.33	3.9099225353
3.332	3.9106339234
3.334	3.9113454363
3.336	3.9120570743
3.338	3.9127688375
3.34	3.9134807261
3.342	3.9141927403
3.344	3.9149048802
3.346	3.9156171461
3.348	3.9163295380
3.35	3.9170420562
3.352	3.9177547009
3.354	3.9184674722
3.356	3.9191803703
3.358	3.9198933954
3.36	3.9206065476
3.362	3.9213198272
3.364	3.9220332343
3.366	3.9227467691
3.368	3.9234604319
3.37	3.9241742227
3.372	3.9248881417
3.374	3.9256021893
3.376	3.9263163654
3.378	3.9270306704
3.38	3.9277451045
3.382	3.9284596677
3.384	3.9291743603
3.386	3.9298891826
3.388	3.9306041346
3.39	3.9313192167
3.392	3.9320344289
3.394	3.9327497715
3.396	3.9334652447
3.398	3.9341808486
3.4	3.9348965836
3.402	3.9356124497
3.404	3.9363284472
3.406	3.9370445763
3.408	3.9377608372
3.41	3.9384772301
3.412	3.9391937552
3.414	3.9399104128
3.416	3.9406272029
3.418	3.9413441259
3.42	3.9420611820
3.422	3.9427783713
3.424	3.9434956940
3.426	3.9442131505
3.428	3.9449307409
3.43	3.9456484654
3.432	3.9463663242
3.434	3.9470843176
3.436	3.9478024458
3.438	3.9485207090
3.44	3.9492391074
3.442	3.9499576412
3.444	3.9506763108
3.446	3.9513951162
3.448	3.9521140578
3.45	3.9528331357
3.452	3.9535523502
3.454	3.9542717015
3.456	3.9549911899
3.458	3.9557108155
3.46	3.9564305787
3.462	3.9571504796
3.464	3.9578705186
3.466	3.9585906957
3.468	3.9593110113
3.47	3.9600314657
3.472	3.9607520590
3.474	3.9614727915
3.476	3.9621936634
3.478	3.9629146750
3.48	3.9636358266
3.482	3.9643571183
3.484	3.9650785505
3.486	3.9658001234
3.488	3.9665218372
3.49	3.9672436921
3.492	3.9679656886
3.494	3.9686878267
3.496	3.9694101068
3.498	3.9701325292
3.5	3.9708550940
3.502	3.9715778016
3.504	3.9723006521
3.506	3.9730236460
3.508	3.9737467833
3.51	3.9744700645
3.512	3.9751934898
3.514	3.9759170594
3.516	3.9766407736
3.518	3.9773646328
3.52	3.9780886370
3.522	3.9788127868
3.524	3.9795370822
3.526	3.9802615237
3.528	3.9809861114
3.53	3.9817108457
3.532	3.9824357268
3.534	3.9831607551
3.536	3.9838859308
3.538	3.9846112541
3.54	3.9853367255
3.542	3.9860623452
3.544	3.9867881134
3.546	3.9875140305
3.548	3.9882400968
3.55	3.9889663126
3.552	3.9896926781
3.554	3.9904191937
3.556	3.9911458596
3.558	3.9918726762
3.56	3.9925996438
3.562	3.9933267627
3.564	3.9940540331
3.566	3.9947814555
3.568	3.9955090300
3.57	3.9962367571
3.572	3.9969646371
3.574	3.9976926702
3.576	3.9984208567
3.578	3.9991491971
3.58	3.9998776916
3.582	4.0006063405
3.584	4.0013351442
3.586	4.0020641030
3.588	4.0027932172
3.59	4.0035224871
3.592	4.0042519132
3.594	4.0049814956
3.596	4.0057112348
3.598	4.0064411311
3.6	4.0071711849
3.602	4.0079013964
3.604	4.0086317660
3.606	4.0093622941
3.608	4.0100929810
3.61	4.0108238271
3.612	4.0115548326
3.614	4.0122859981
3.616	4.0130173237
3.618	4.0137488099
3.62	4.0144804570
3.622	4.0152122655
3.624	4.0159442355
3.626	4.0166763676
3.628	4.0174086621
3.63	4.0181411193
3.632	4.0188737397
3.634	4.0196065235
3.636	4.0203394712
3.638	4.0210725831
3.64	4.0218058597
3.642	4.0225393012
3.644	4.0232729082
3.646	4.0240066809
3.648	4.0247406198
3.65	4.0254747252
3.652	4.0262089975
3.654	4.0269434371
3.656	4.0276780445
3.658	4.0284128200
3.66	4.0291477640
3.662	4.0298828770
3.664	4.0306181592
3.666	4.0313536112
3.668	4.0320892333
3.67	4.0328250260
3.672	4.0335609896
3.674	4.0342971247
3.676	4.0350334315
3.678	4.0357699105
3.68	4.0365065621
3.682	4.0372433868
3.684	4.0379803850
3.686	4.0387175572
3.688	4.0394549036
3.69	4.0401924249
3.692	4.0409301213
3.694	4.0416679935
3.696	4.0424060417
3.698	4.0431442664
3.7	4.0438826682
3.702	4.0446212474
3.704	4.0453600045
3.706	4.0460989399
3.708	4.0468380541
3.71	4.0475773476
3.712	4.0483168208
3.714	4.0490564742
3.716	4.0497963083
3.718	4.0505363235
3.72	4.0512765203
3.722	4.0520168991
3.724	4.0527574605
3.726	4.0534982050
3.728	4.0542391329
3.73	4.0549802448
3.732	4.0557215413
3.734	4.0564630227
3.736	4.0572046896
3.738	4.0579465425
3.74	4.0586885818
3.742	4.0594308081
3.744	4.0601732220
3.746	4.0609158238
3.748	4.0616586141
3.75	4.0624015934
3.752	4.0631447623
3.754	4.0638881212
3.756	4.0646316707
3.758	4.0653754114
3.76	4.0661193437
3.762	4.0668634681
3.764	4.0676077853
3.766	4.0683522957
3.768	4.0690970000
3.77	4.0698418985
3.772	4.0705869920
3.774	4.0713322809
3.776	4.0720777659
3.778	4.0728234474
3.78	4.0735693260
3.782	4.0743154023
3.784	4.0750616769
3.786	4.0758081503
3.788	4.0765548231
3.79	4.0773016960
3.792	4.0780487694
3.794	4.0787960440
3.796	4.0795435203
3.798	4.0802911990
3.8	4.0810390806
3.802	4.0817871658
3.804	4.0825354552
3.806	4.0832839493
3.808	4.0840326488
3.81	4.0847815543
3.812	4.0855306664
3.814	4.0862799858
3.816	4.0870295130
3.818	4.0877792487
3.82	4.0885291936
3.822	4.0892793483
3.824	4.0900297134
3.826	4.0907802895
3.828	4.0915310774
3.83	4.0922820777
3.832	4.0930332910
3.834	4.0937847180
3.836	4.0945363594
3.838	4.0952882158
3.84	4.0960402880
3.842	4.0967925765
3.844	4.0975450822
3.846	4.0982978057
3.848	4.0990507476
3.85	4.0998039087
3.852	4.1005572897
3.854	4.1013108913
3.856	4.1020647142
3.858	4.1028187592
3.86	4.1035730268
3.862	4.1043275180
3.864	4.1050822333
3.866	4.1058371736
3.868	4.1065923396
3.87	4.1073477320
3.872	4.1081033516
3.874	4.1088591992
3.876	4.1096152754
3.878	4.1103715811
3.88	4.1111281170
3.882	4.1118848840
3.884	4.1126418827
3.886	4.1133991140
3.888	4.1141565787
3.89	4.1149142776
3.892	4.1156722114
3.894	4.1164303811
3.896	4.1171887873
3.898	4.1179474309
3.9	4.1187063128
3.902	4.1194654338
3.904	4.1202247947
3.906	4.1209843963
3.908	4.1217442395
3.91	4.1225043252
3.912	4.1232646542
3.914	4.1240252274
3.916	4.1247860456
3.918	4.1255471097
3.92	4.1263084207
3.922	4.1270699794
3.924	4.1278317866
3.926	4.1285938434
3.928	4.1293561506
3.93	4.1301187091
3.932	4.1308815198
3.934	4.1316445837
3.936	4.1324079018
3.938	4.1331714749
3.94	4.1339353040
3.942	4.1346993900
3.944	4.1354637340
3.946	4.1362283369
3.948	4.1369931996
3.95	4.1377583232
3.952	4.1385237087
3.954	4.1392893569
3.956	4.1400552690
3.958	4.1408214460
3.96	4.1415878889
3.962	4.1423545986
3.964	4.1431215763
3.966	4.1438888230
3.968	4.1446563398
3.97	4.1454241276
3.972	4.1461921876
3.974	4.1469605208
3.976	4.1477291284
3.978	4.1484980113
3.98	4.1492671708
3.982	4.1500366079
3.984	4.1508063237
3.986	4.1515763194
3.988	4.1523465961
3.99	4.1531171549
3.992	4.1538879971
3.994	4.1546591237
3.996	4.1554305359
3.998	4.1562022349
4.0	4.1569742218
4.002	4.1577464980
4.004	4.1585190646
4.006	4.1592919228
4.008	4.1600650738
4.01	4.1608385189
4.012	4.1616122593
4.014	4.1623862963
4.016	4.1631606311
4.018	4.1639352651
4.02	4.1647101995
4.022	4.1654854355
4.024	4.1662609746
4.026	4.1670368180
4.028	4.1678129671
4.03	4.1685894232
4.032	4.1693661876
4.034	4.1701432617
4.036	4.1709206470
4.038	4.1716983447
4.04	4.1724763563
4.042	4.1732546832
4.044	4.1740333268
4.046	4.1748122885
4.048	4.1755915699
4.05	4.1763711722
4.052	4.1771510971
4.054	4.1779313460
4.056	4.1787119205
4.058	4.1794928219
4.06	4.1802740518
4.062	4.1810556119
4.064	4.1818375035
4.066	4.1826197284
4.068	4.1834022880
4.07	4.1841851840
4.072	4.1849684179
4.074	4.1857519914
4.076	4.1865359062
4.078	4.1873201638
4.08	4.1881047660
4.082	4.1888897143
4.084	4.1896750106
4.086	4.1904606566
4.088	4.1912466538
4.09	4.1920330042
4.092	4.1928197095
4.094	4.1936067714
4.096	4.1943941917
4.098	4.1951819723
4.1	4.1959701149
4.102	4.1967586214
4.104	4.1975474938
4.106	4.1983367338
4.108	4.1991263433
4.11	4.1999163244
4.112	4.2007066789
4.114	4.2014974087
4.116	4.2022885159
4.118	4.2030800024
4.12	4.2038718703
4.122	4.2046641216
4.124	4.2054567583
4.126	4.2062497826
4.128	4.2070431965
4.13	4.2078370021
4.132	4.2086312016
4.134	4.2094257972
4.136	4.2102207910
4.138	4.2110161852
4.14	4.2118119821
4.142	4.2126081839
4.144	4.2134047929
4.146	4.2142018114
4.148	4.2149992418
4.15	4.2157970863
4.152	4.2165953474
4.154	4.2173940274
4.156	4.2181931289
4.158	4.2189926542
4.16	4.2197926058
4.162	4.2205929862
4.164	4.2213937981
4.166	4.2221950438
4.168	4.2229967262
4.17	4.2237988476
4.172	4.2246014109
4.174	4.2254044187
4.176	4.2262078738
4.178	4.2270117787
4.18	4.2278161365
4.182	4.2286209498
4.184	4.2294262214
4.186	4.2302319544
4.188	4.2310381516
4.19	4.2318448158
4.192	4.2326519503
4.194	4.2334595578
4.196	4.2342676416
4.198	4.2350762046
4.2	4.2358852501
4.202	4.2366947811
4.204	4.2375048010
4.206	4.2383153129
4.208	4.2391263201
4.21	4.2399378260
4.212	4.2407498340
4.214	4.2415623474
4.216	4.2423753698
4.218	4.2431889046
4.22	4.2440029554
4.222	4.2448175258
4.224	4.2456326195
4.226	4.2464482401
4.228	4.2472643913
4.23	4.2480810771
4.232	4.2488983012
4.234	4.2497160676
4.236	4.2505343802
4.238	4.2513532429
4.24	4.2521726600
4.242	4.2529926355
4.244	4.2538131736
4.246	4.2546342785
4.248	4.2554559546
4.25	4.2562782063
4.252	4.2571010379
4.254	4.2579244539
4.256	4.2587484590
4.258	4.2595730577
4.26	4.2603982548
4.262	4.2612240551
4.264	4.2620504634
4.266	4.2628774846
4.268	4.2637051237
4.27	4.2645333858
4.272	4.2653622762
4.274	4.2661917999
4.276	4.2670219624
4.278	4.2678527691
4.28	4.2686842254
4.282	4.2695163371
4.284	4.2703491097
4.286	4.2711825490
4.288	4.2720166610
4.29	4.2728514516
4.292	4.2736869270
4.294	4.2745230932
4.296	4.2753599567
4.298	4.2761975237
4.3	4.2770358010
4.302	4.2778747951
4.304	4.2787145127
4.306	4.2795549609
4.308	4.2803961465
4.31	4.2812380768
4.312	4.2820807591
4.314	4.2829242007
4.316	4.2837684094
4.318	4.2846133927
4.32	4.2854591587
4.322	4.2863057152
4.324	4.2871530706
4.326	4.2880012331
4.328	4.2888502114
4.33	4.2897000141
4.332	4.2905506502
4.334	4.2914021287
4.336	4.2922544589
4.338	4.2931076504
4.34	4.2939617128
4.342	4.2948166561
4.344	4.2956724903
4.346	4.2965292260
4.348	4.2973868736
4.35	4.2982454441
4.352	4.2991049487
4.354	4.2999653986
4.356	4.3008268056
4.358	4.3016891816
4.36	4.3025525389
4.362	4.3034168901
4.364	4.3042822481
4.366	4.3051486262
4.368	4.3060160378
4.37	4.3068844971
4.372	4.3077540182
4.374	4.3086246160
4.376	4.3094963057
4.378	4.3103691027
4.38	4.3112430232
4.382	4.3121180836
4.384	4.3129943010
4.386	4.3138716928
4.388	4.3147502773
4.39	4.3156300729
4.392	4.3165110990
4.394	4.3173933755
4.396	4.3182769228
4.398	4.3191617621
4.4	4.3200479156
4.402	4.3209354058
4.404	4.3218242564
4.406	4.3227144918
4.408	4.3236061372
4.41	4.3244992191
4.412	4.3253937647
4.414	4.3262898025
4.416	4.3271873621
4.418	4.3280864742
4.42	4.3289871710
4.422	4.3298894861
4.424	4.3307934545
4.426	4.3316991129
4.428	4.3326064996
4.43	4.3335156550
4.432	4.3344266213
4.434	4.3353394431
4.436	4.3362541670
4.438	4.3371708425
4.44	4.3380895217
4.442	4.3390102598
4.444	4.3399331152
4.446	4.3408581502
4.448	4.3417854309
4.45	4.3427150278
4.452	4.3436470164
4.454	4.3445814777
4.456	4.3455184989
4.458	4.3464581739
4.46	4.3474006045
4.462	4.3483459013
4.464	4.3492941851
4.466	4.3502455885
4.468	4.3512002573
4.47	4.3521583535
4.472	4.3531200579
4.474	4.3540855737
4.476	4.3550551315
4.478	4.3560289954
4.48	4.3570074717
4.482	4.3579909203
4.484	4.3589797718
4.486	4.3599745520
4.488	4.3609759206
4.49	4.3619847352
4.492	4.3630021662
4.494	4.3640299308
4.496	4.3650708647
4.498	4.3661309043
4.5	4.3672669220
4.502	4.3684786696
4.504	4.3697090944
4.506	4.3709521912
4.508	4.3722050705
4.51	4.3734659732
4.512	4.3747336928
4.514	4.3760073410
4.516	4.3772862308
4.518	4.3785698119
4.52	4.3798576318
4.522	4.3811493100
4.524	4.3824445220
4.526	4.3837429861
4.528	4.3850444560
4.53	4.3863487134
4.532	4.3876555637
4.534	4.3889648315
4.536	4.3902763588
4.538	4.3915900011
4.54	4.3929056267
4.542	4.3942231143
4.544	4.3955423523
4.546	4.3968632370
4.548	4.3981856724
4.55	4.3995095686
4.552	4.4008348422
4.554	4.4021614144
4.556	4.4034892116
4.558	4.4048181644
4.56	4.4061482074
4.562	4.4074792787
4.564	4.4088113197
4.566	4.4101442749
4.568	4.4114780917
4.57	4.4128127197
4.572	4.4141481113
4.574	4.4154842209
4.576	4.4168210051
4.578	4.4181584222
4.58	4.4194964325
4.582	4.4208349978
4.584	4.4221740817
4.586	4.4235136490
4.588	4.4248536662
4.59	4.4261941008
4.592	4.4275349217
4.594	4.4288760988
4.596	4.4302176034
4.598	4.4315594075
4.6	4.4329014843
4.602	4.4342438078
4.604	4.4355863530
4.606	4.4369290956
4.608	4.4382720122
4.61	4.4396150802
4.612	4.4409582776
4.614	4.4423015831
4.616	4.4436449762
4.618	4.4449884369
4.62	4.4463319458
4.622	4.4476754842
4.624	4.4490190338
4.626	4.4503625768
4.628	4.4517060962
4.63	4.4530495752
4.632	4.4543929975
4.634	4.4557363474
4.636	4.4570796094
4.638	4.4584227687
4.64	4.4597658106
4.642	4.4611087211
4.644	4.4624514862
4.646	4.4637940926
4.648	4.4651365272
4.65	4.4664787772
4.652	4.4678208302
4.654	4.4691626739
4.656	4.4705042966
4.658	4.4718456867
4.66	4.4731868331
4.662	4.4745277245
4.664	4.4758683504
4.666	4.4772087003
4.668	4.4785487638
4.67	4.4798885311
4.672	4.4812279923
4.674	4.4825671379
4.676	4.4839059586
4.678	4.4852444452
4.68	4.4865825888
4.682	4.4879203808
4.684	4.4892578125
4.686	4.4905948757
4.688	4.4919315623
4.69	4.4932678641
4.692	4.4946037735
4.694	4.4959392828
4.696	4.4972743845
4.698	4.4986090713
4.7	4.4999433360
4.702	4.5012771716
4.704	4.5026105714
4.706	4.5039435284
4.708	4.5052760362
4.71	4.5066080882
4.712	4.5079396783
4.714	4.5092708002
4.716	4.5106014477
4.718	4.5119316151
4.72	4.5132612964
4.722	4.5145904860
4.724	4.5159191782
4.726	4.5172473676
4.728	4.5185750488
4.73	4.5199022165
4.732	4.5212288657
4.734	4.5225549911
4.736	4.5238805879
4.738	4.5252056511
4.74	4.5265301761
4.742	4.5278541580
4.744	4.5291775924
4.746	4.5305004747
4.748	4.5318228006
4.75	4.5331445656
4.752	4.5344657655
4.754	4.5357863962
4.756	4.5371064535
4.758	4.5384259335
4.76	4.5397448322
4.762	4.5410631457
4.764	4.5423808703
4.766	4.5436980022
4.768	4.5450145378
4.77	4.5463304735
4.772	4.5476458059
4.774	4.5489605313
4.776	4.5502746465
4.778	4.5515881481
4.78	4.5529010329
4.782	4.5542132977
4.784	4.5555249393
4.786	4.5568359547
4.788	4.5581463408
4.79	4.5594560946
4.792	4.5607652133
4.794	4.5620736940
4.796	4.5633815338
4.798	4.5646887301
4.8	4.5659952801
4.802	4.5673011811
4.804	4.5686064306
4.806	4.5699110260
4.808	4.5712149648
4.81	4.5725182446
4.812	4.5738208628
4.814	4.5751228172
4.816	4.5764241054
4.818	4.5777247251
4.82	4.5790246741
4.822	4.5803239502
4.824	4.5816225512
4.826	4.5829204750
4.828	4.5842177196
4.83	4.5855142828
4.832	4.5868101627
4.834	4.5881053573
4.836	4.5893998647
4.838	4.5906936830
4.84	4.5919868103
4.842	4.5932792448
4.844	4.5945709848
4.846	4.5958620284
4.848	4.5971523740
4.85	4.5984420199
4.852	4.5997309644
4.854	4.6010192059
4.856	4.6023067428
4.858	4.6035935735
4.86	4.6048796966
4.862	4.6061651105
4.864	4.6074498137
4.866	4.6087338048
4.868	4.6100170824
4.87	4.6112996451
4.872	4.6125814915
4.874	4.6138626204
4.876	4.6151430304
4.878	4.6164227201
4.88	4.6177016885
4.882	4.6189799343
4.884	4.6202574561
4.886	4.6215342530
4.888	4.6228103236
4.89	4.6240856670
4.892	4.6253602819
4.894	4.6266341674
4.896	4.6279073223
4.898	4.6291797455
4.9	4.6304514362
4.902	4.6317223933
4.904	4.6329926158
4.906	4.6342621027
4.908	4.6355308532
4.91	4.6367988664
4.912	4.6380661413
4.914	4.6393326770
4.916	4.6405984728
4.918	4.6418635278
4.92	4.6431278412
4.922	4.6443914122
4.924	4.6456542399
4.926	4.6469163238
4.928	4.6481776630
4.93	4.6494382568
4.932	4.6506981044
4.934	4.6519572053
4.936	4.6532155588
4.938	4.6544731642
4.94	4.6557300208
4.942	4.6569861281
4.944	4.6582414854
4.946	4.6594960922
4.948	4.6607499478
4.95	4.6620030518
4.952	4.6632554036
4.954	4.6645070027
4.956	4.6657578485
4.958	4.6670079406
4.96	4.6682572784
4.962	4.6695058616
4.964	4.6707536896
4.966	4.6720007620
4.968	4.6732470784
4.97	4.6744926384
4.972	4.6757374416
4.974	4.6769814876
4.976	4.6782247760
4.978	4.6794673064
4.98	4.6807090786
4.982	4.6819500921
4.984	4.6831903466
4.986	4.6844298419
4.988	4.6856685777
4.99	4.6869065535
4.992	4.6881437693
4.994	4.6893802246
4.996	4.6906159193
4.998	4.6918508531
5.0	4.6930850257
