0.0	4.1547045216
0.0047619047619	4.1550665749
0.00952380952381	4.1554311692
0.0142857142857	4.1557999019
0.0190476190476	4.1561728483
0.0238095238095	4.1565500889
0.0285714285714	4.1569317032
0.0333333333333	4.1573177696
0.0380952380952	4.1577083650
0.0428571428571	4.1581035647
0.047619047619	4.1585034422
0.052380952381	4.1589080689
0.0571428571429	4.1593175137
0.0619047619048	4.1597318434
0.0666666666667	4.1601511216
0.0714285714286	4.1605754091
0.0761904761905	4.1610047634
0.0809523809524	4.1614392384
0.0857142857143	4.1618788842
0.0904761904762	4.1623237468
0.0952380952381	4.1627738680
0.1	4.1632292850
0.104761904762	4.1636900299
0.109523809524	4.1641561299
0.114285714286	4.1646276068
0.119047619048	4.1651044767
0.12380952381	4.1655867497
0.128571428571	4.1660744301
0.133333333333	4.1665675156
0.138095238095	4.1670659972
0.142857142857	4.1675698594
0.147619047619	4.1680790796
0.152380952381	4.1685936280
0.157142857143	4.1691134675
0.161904761905	4.1696385536
0.166666666667	4.1701688340
0.171428571429	4.1707042491
0.17619047619	4.1712447312
0.180952380952	4.1717902050
0.185714285714	4.1723405873
0.190476190476	4.1728957870
0.195238095238	4.1734557054
0.2	4.1740202360
0.204761904762	4.1745892647
0.209523809524	4.1751626698
0.214285714286	4.1757403225
0.219047619048	4.1763220865
0.22380952381	4.1769078190
0.228571428571	4.1774973703
0.233333333333	4.1780905843
0.238095238095	4.1786872990
0.242857142857	4.1792873465
0.247619047619	4.1798905536
0.252380952381	4.1804967423
0.257142857143	4.1811057300
0.261904761905	4.1817173298
0.266666666667	4.1823313514
0.271428571429	4.1829476013
0.27619047619	4.1835658830
0.280952380952	4.1841859984
0.285714285714	4.1848077508
0.290476190476	4.1854309608
0.295238095238	4.1860555397
0.3	4.1866814751
0.304761904762	4.1873087637
0.309523809524	4.1879374066
0.314285714286	4.1885674032
0.319047619048	4.1891987532
0.32380952381	4.1898314555
0.328571428571	4.1904655090
0.333333333333	4.1911009126
0.338095238095	4.1917376651
0.342857142857	4.1923757651
0.347619047619	4.1930152114
0.352380952381	4.1936560026
0.357142857143	4.1942981372
0.361904761905	4.1949416140
0.366666666667	4.1955864315
0.371428571429	4.1962325883
0.37619047619	4.1968800829
0.380952380952	4.1975289140
0.385714285714	4.1981790801
0.390476190476	4.1988305796
0.395238095238	4.1994834112
0.4	4.2001375735
0.404761904762	4.2007930648
0.409523809524	4.2014498838
0.414285714286	4.2021080289
0.419047619048	4.2027674987
0.42380952381	4.2034282917
0.428571428571	4.2040904064
0.433333333333	4.2047538413
0.438095238095	4.2054185948
0.442857142857	4.2060846656
0.447619047619	4.2067520520
0.452380952381	4.2074207525
0.457142857143	4.2080907657
0.461904761905	4.2087620900
0.466666666667	4.2094347238
0.471428571429	4.2101086658
0.47619047619	4.2107839143
0.480952380952	4.2114604678
0.485714285714	4.2121383247
0.490476190476	4.2128174836
0.495238095238	4.2134979429
0.5	4.2141797010
0.504761904762	4.2148627565
0.509523809524	4.2155471077
0.514285714286	4.2162327531
0.519047619048	4.2169196912
0.52380952381	4.2176079204
0.528571428571	4.2182974391
0.533333333333	4.2189882459
0.538095238095	4.2196803390
0.542857142857	4.2203737170
0.547619047619	4.2210683784
0.552380952381	4.2217643214
0.557142857143	4.2224615447
0.561904761905	4.2231600465
0.566666666667	4.2238598253
0.571428571429	4.2245608796
0.57619047619	4.2252632078
0.580952380952	4.2259668082
0.585714285714	4.2266716794
0.590476190476	4.2273778196
0.595238095238	4.2280852275
0.6	4.2287939012
0.604761904762	4.2295038394
0.609523809524	4.2302150403
0.614285714286	4.2309275024
0.619047619048	4.2316412241
0.62380952381	4.2323562038
0.628571428571	4.2330724399
0.633333333333	4.2337899308
0.638095238095	4.2345086750
0.642857142857	4.2352286707
0.647619047619	4.2359499164
0.652380952381	4.2366724105
0.657142857143	4.2373961515
0.661904761905	4.2381211376
0.666666666667	4.2388473672
0.671428571429	4.2395748389
0.67619047619	4.2403035509
0.680952380952	4.2410335017
0.685714285714	4.2417646896
0.690476190476	4.2424971130
0.695238095238	4.2432307703
0.7	4.2439656599
0.704761904762	4.2447017802
0.709523809524	4.2454391295
0.714285714286	4.2461777062
0.719047619048	4.2469175088
0.72380952381	4.2476585355
0.728571428571	4.2484007848
0.733333333333	4.2491442550
0.738095238095	4.2498889446
0.742857142857	4.2506348518
0.747619047619	4.2513819751
0.752380952381	4.2521303128
0.757142857143	4.2528798632
0.761904761905	4.2536306249
0.766666666667	4.2543825961
0.771428571429	4.2551357752
0.77619047619	4.2558901606
0.780952380952	4.2566457506
0.785714285714	4.2574025435
0.790476190476	4.2581605379
0.795238095238	4.2589197320
0.8	4.2596801242
0.804761904762	4.2604417128
0.809523809524	4.2612044963
0.814285714286	4.2619684729
0.819047619048	4.2627336410
0.82380952381	4.2634999991
0.828571428571	4.2642675454
0.833333333333	4.2650362784
0.838095238095	4.2658061963
0.842857142857	4.2665772975
0.847619047619	4.2673495804
0.852380952381	4.2681230434
0.857142857143	4.2688976848
0.861904761905	4.2696735029
0.866666666667	4.2704504961
0.871428571429	4.2712286628
0.87619047619	4.2720080014
0.880952380952	4.2727885101
0.885714285714	4.2735701873
0.890476190476	4.2743530314
0.895238095238	4.2751370408
0.9	4.2759222138
0.904761904762	4.2767085487
0.909523809524	4.2774960439
0.914285714286	4.2782846977
0.919047619048	4.2790745086
0.92380952381	4.2798654748
0.928571428571	4.2806575948
0.933333333333	4.2814508668
0.938095238095	4.2822452892
0.942857142857	4.2830408604
0.947619047619	4.2838375787
0.952380952381	4.2846354424
0.957142857143	4.2854344500
0.961904761905	4.2862345998
0.966666666667	4.2870358901
0.971428571429	4.2878383193
0.97619047619	4.2886418857
0.980952380952	4.2894465877
0.985714285714	4.2902524237
0.990476190476	4.2910593919
0.995238095238	4.2918674908
1.0	4.2926767187
1.00476190476	4.2934870740
1.00952380952	4.2942985549
1.01428571429	4.2951111600
1.01904761905	4.2959248874
1.02380952381	4.2967397356
1.02857142857	4.2975557030
1.03333333333	4.2983727878
1.0380952381	4.2991909885
1.04285714286	4.3000103033
1.04761904762	4.3008307308
1.05238095238	4.3016522691
1.05714285714	4.3024749167
1.0619047619	4.3032986719
1.06666666667	4.3041235332
1.07142857143	4.3049494987
1.07619047619	4.3057765670
1.08095238095	4.3066047364
1.08571428571	4.3074340051
1.09047619048	4.3082643717
1.09523809524	4.3090958344
1.1	4.3099283916
1.10476190476	4.3107620418
1.10952380952	4.3115967831
1.11428571429	4.3124326141
1.11904761905	4.3132695330
1.12380952381	4.3141075383
1.12857142857	4.3149466283
1.13333333333	4.3157868014
1.1380952381	4.3166280559
1.14285714286	4.3174703902
1.14761904762	4.3183138027
1.15238095238	4.3191582918
1.15714285714	4.3200038558
1.1619047619	4.3208504931
1.16666666667	4.3216982021
1.17142857143	4.3225469811
1.17619047619	4.3233968286
1.18095238095	4.3242477429
1.18571428571	4.3250997224
1.19047619048	4.3259527654
1.19523809524	4.3268068704
1.2	4.3276620357
1.20476190476	4.3285182597
1.20952380952	4.3293755408
1.21428571429	4.3302338774
1.21904761905	4.3310932678
1.22380952381	4.3319537105
1.22857142857	4.3328152039
1.23333333333	4.3336777462
1.2380952381	4.3345413360
1.24285714286	4.3354059716
1.24761904762	4.3362716514
1.25238095238	4.3371383738
1.25714285714	4.3380061372
1.2619047619	4.3388749400
1.26666666667	4.3397447806
1.27142857143	4.3406156573
1.27619047619	4.3414875687
1.28095238095	4.3423605130
1.28571428571	4.3432344888
1.29047619048	4.3441094943
1.29523809524	4.3449855280
1.3	4.3458625884
1.30476190476	4.3467406738
1.30952380952	4.3476197826
1.31428571429	4.3484999133
1.31904761905	4.3493810642
1.32380952381	4.3502632339
1.32857142857	4.3511464206
1.33333333333	4.3520306228
1.3380952381	4.3529158390
1.34285714286	4.3538020675
1.34761904762	4.3546893068
1.35238095238	4.3555775553
1.35714285714	4.3564668115
1.3619047619	4.3573570737
1.36666666667	4.3582483404
1.37142857143	4.3591406101
1.37619047619	4.3600338811
1.38095238095	4.3609281518
1.38571428571	4.3618234209
1.39047619048	4.3627196866
1.39523809524	4.3636169474
1.4	4.3645152018
1.40476190476	4.3654144481
1.40952380952	4.3663146850
1.41428571429	4.3672159107
1.41904761905	4.3681181238
1.42380952381	4.3690213226
1.42857142857	4.3699255057
1.43333333333	4.3708306716
1.4380952381	4.3717368186
1.44285714286	4.3726439452
1.44761904762	4.3735520499
1.45238095238	4.3744611312
1.45714285714	4.3753711875
1.4619047619	4.3762822173
1.46666666667	4.3771942191
1.47142857143	4.3781071913
1.47619047619	4.3790211324
1.48095238095	4.3799360408
1.48571428571	4.3808519152
1.49047619048	4.3817687539
1.49523809524	4.3826865554
1.5	4.3836053182
1.50476190476	4.3845250409
1.50952380952	4.3854457218
1.51428571429	4.3863673595
1.51904761905	4.3872899525
1.52380952381	4.3882134993
1.52857142857	4.3891379983
1.53333333333	4.3900634481
1.5380952381	4.3909898472
1.54285714286	4.3919171941
1.54761904762	4.3928454873
1.55238095238	4.3937747252
1.55714285714	4.3947049065
1.5619047619	4.3956360297
1.56666666667	4.3965680931
1.57142857143	4.3975010955
1.57619047619	4.3984350352
1.58095238095	4.3993699109
1.58571428571	4.4003057210
1.59047619048	4.4012424640
1.59523809524	4.4021801386
1.6	4.4031187433
1.60476190476	4.4040582765
1.60952380952	4.4049987368
1.61428571429	4.4059401228
1.61904761905	4.4068824330
1.62380952381	4.4078256660
1.62857142857	4.4087698203
1.63333333333	4.4097148944
1.6380952381	4.4106608870
1.64285714286	4.4116077965
1.64761904762	4.4125556216
1.65238095238	4.4135043608
1.65714285714	4.4144540126
1.6619047619	4.4154045757
1.66666666667	4.4163560487
1.67142857143	4.4173084300
1.67619047619	4.4182617182
1.68095238095	4.4192159120
1.68571428571	4.4201710100
1.69047619048	4.4211270106
1.69523809524	4.4220839126
1.7	4.4230417145
1.70476190476	4.4240004148
1.70952380952	4.4249600123
1.71428571429	4.4259205054
1.71904761905	4.4268818929
1.72380952381	4.4278441732
1.72857142857	4.4288073451
1.73333333333	4.4297714070
1.7380952381	4.4307363578
1.74285714286	4.4317021959
1.74761904762	4.4326689199
1.75238095238	4.4336365286
1.75714285714	4.4346050205
1.7619047619	4.4355743943
1.76666666667	4.4365446485
1.77142857143	4.4375157819
1.77619047619	4.4384877931
1.78095238095	4.4394606807
1.78571428571	4.4404344434
1.79047619048	4.4414090798
1.79523809524	4.4423845885
1.8	4.4433609683
1.80476190476	4.4443382177
1.80952380952	4.4453163355
1.81428571429	4.4462953203
1.81904761905	4.4472751708
1.82380952381	4.4482558857
1.82857142857	4.4492374635
1.83333333333	4.4502199031
1.8380952381	4.4512032031
1.84285714286	4.4521873621
1.84761904762	4.4531723789
1.85238095238	4.4541582522
1.85714285714	4.4551449806
1.8619047619	4.4561325628
1.86666666667	4.4571209976
1.87142857143	4.4581102837
1.87619047619	4.4591004197
1.88095238095	4.4600914044
1.88571428571	4.4610832365
1.89047619048	4.4620759147
1.89523809524	4.4630694378
1.9	4.4640638044
1.90476190476	4.4650590133
1.90952380952	4.4660550632
1.91428571429	4.4670519529
1.91904761905	4.4680496812
1.92380952381	4.4690482466
1.92857142857	4.4700476481
1.93333333333	4.4710478843
1.9380952381	4.4720489540
1.94285714286	4.4730508560
1.94761904762	4.4740535890
1.95238095238	4.4750571517
1.95714285714	4.4760615431
1.9619047619	4.4770667618
1.96666666667	4.4780728066
1.97142857143	4.4790796763
1.97619047619	4.4800873697
1.98095238095	4.4810958855
1.98571428571	4.4821052226
1.99047619048	4.4831153798
1.99523809524	4.4841263558
2.0	4.4851381495
2.00476190476	4.4861507597
2.00952380952	4.4871641851
2.01428571429	4.4881784247
2.01904761905	4.4891934771
2.02380952381	4.4902093413
2.02857142857	4.4912260161
2.03333333333	4.4922435003
2.0380952381	4.4932617927
2.04285714286	4.4942808922
2.04761904762	4.4953007976
2.05238095238	4.4963215077
2.05714285714	4.4973430215
2.0619047619	4.4983653378
2.06666666667	4.4993884554
2.07142857143	4.5004123732
2.07619047619	4.5014370900
2.08095238095	4.5024626048
2.08571428571	4.5034889164
2.09047619048	4.5045160237
2.09523809524	4.5055439256
2.1	4.5065726209
2.10476190476	4.5076021086
2.10952380952	4.5086323876
2.11428571429	4.5096634567
2.11904761905	4.5106953149
2.12380952381	4.5117279610
2.12857142857	4.5127613941
2.13333333333	4.5137956129
2.1380952381	4.5148306165
2.14285714286	4.5158664038
2.14761904762	4.5169029736
2.15238095238	4.5179403249
2.15714285714	4.5189784568
2.1619047619	4.5200173680
2.16666666667	4.5210570576
2.17142857143	4.5220975245
2.17619047619	4.5231387676
2.18095238095	4.5241807861
2.18571428571	4.5252235787
2.19047619048	4.5262671444
2.19523809524	4.5273114824
2.2	4.5283565914
2.20476190476	4.5294024706
2.20952380952	4.5304491189
2.21428571429	4.5314965353
2.21904761905	4.5325447188
2.22380952381	4.5335936684
2.22857142857	4.5346433831
2.23333333333	4.5356938619
2.2380952381	4.5367451039
2.24285714286	4.5377971080
2.24761904762	4.5388498734
2.25238095238	4.5399033989
2.25714285714	4.5409576838
2.2619047619	4.5420127269
2.26666666667	4.5430685274
2.27142857143	4.5441250843
2.27619047619	4.5451823967
2.28095238095	4.5462404636
2.28571428571	4.5472992840
2.29047619048	4.5483588572
2.29523809524	4.5494191821
2.3	4.5504802577
2.30476190476	4.5515420833
2.30952380952	4.5526046579
2.31428571429	4.5536679806
2.31904761905	4.5547320505
2.32380952381	4.5557968667
2.32857142857	4.5568624283
2.33333333333	4.5579287344
2.3380952381	4.5589957842
2.34285714286	4.5600635768
2.34761904762	4.5611321112
2.35238095238	4.5622013867
2.35714285714	4.5632714024
2.3619047619	4.5643421575
2.36666666667	4.5654136510
2.37142857143	4.5664858822
2.37619047619	4.5675588502
2.38095238095	4.5686325542
2.38571428571	4.5697069933
2.39047619048	4.5707821668
2.39523809524	4.5718580738
2.4	4.5729347135
2.40476190476	4.5740120851
2.40952380952	4.5750901878
2.41428571429	4.5761690208
2.41904761905	4.5772485834
2.42380952381	4.5783288747
2.42857142857	4.5794098940
2.43333333333	4.5804916405
2.4380952381	4.5815741135
2.44285714286	4.5826573121
2.44761904762	4.5837412356
2.45238095238	4.5848258833
2.45714285714	4.5859112545
2.4619047619	4.5869973483
2.46666666667	4.5880841641
2.47142857143	4.5891717012
2.47619047619	4.5902599588
2.48095238095	4.5913489362
2.48571428571	4.5924386326
2.49047619048	4.5935290475
2.49523809524	4.5946201801
2.5	4.5957120298
2.50476190476	4.5968045957
2.50952380952	4.5978978773
2.51428571429	4.5989918739
2.51904761905	4.6000865848
2.52380952381	4.6011820094
2.52857142857	4.6022781470
2.53333333333	4.6033749969
2.5380952381	4.6044725586
2.54285714286	4.6055708313
2.54761904762	4.6066698145
2.55238095238	4.6077695075
2.55714285714	4.6088699098
2.5619047619	4.6099710207
2.56666666667	4.6110728395
2.57142857143	4.6121753658
2.57619047619	4.6132785989
2.58095238095	4.6143825383
2.58571428571	4.6154871833
2.59047619048	4.6165925333
2.59523809524	4.6176985880
2.6	4.6188053465
2.60476190476	4.6199128085
2.60952380952	4.6210209734
2.61428571429	4.6221298406
2.61904761905	4.6232394096
2.62380952381	4.6243496799
2.62857142857	4.6254606510
2.63333333333	4.6265723223
2.6380952381	4.6276846933
2.64285714286	4.6287977637
2.64761904762	4.6299115327
2.65238095238	4.6310260001
2.65714285714	4.6321411652
2.6619047619	4.6332570277
2.66666666667	4.6343735871
2.67142857143	4.6354908429
2.67619047619	4.6366087947
2.68095238095	4.6377274419
2.68571428571	4.6388467843
2.69047619048	4.6399668214
2.69523809524	4.6410875527
2.7	4.6422089779
2.70476190476	4.6433310965
2.70952380952	4.6444539082
2.71428571429	4.6455774125
2.71904761905	4.6467016091
2.72380952381	4.6478264975
2.72857142857	4.6489520776
2.73333333333	4.6500783488
2.7380952381	4.6512053108
2.74285714286	4.6523329633
2.74761904762	4.6534613060
2.75238095238	4.6545903384
2.75714285714	4.6557200604
2.7619047619	4.6568504716
2.76666666667	4.6579815716
2.77142857143	4.6591133603
2.77619047619	4.6602458372
2.78095238095	4.6613790022
2.78571428571	4.6625128549
2.79047619048	4.6636473951
2.79523809524	4.6647826225
2.8	4.6659185369
2.80476190476	4.6670551381
2.80952380952	4.6681924258
2.81428571429	4.6693303997
2.81904761905	4.6704690598
2.82380952381	4.6716084057
2.82857142857	4.6727484373
2.83333333333	4.6738891544
2.8380952381	4.6750305568
2.84285714286	4.6761726444
2.84761904762	4.6773154169
2.85238095238	4.6784588743
2.85714285714	4.6796030163
2.8619047619	4.6807478429
2.86666666667	4.6818933540
2.87142857143	4.6830395493
2.87619047619	4.6841864288
2.88095238095	4.6853339925
2.88571428571	4.6864822401
2.89047619048	4.6876311717
2.89523809524	4.6887807871
2.9	4.6899310864
2.90476190476	4.6910820694
2.90952380952	4.6922337361
2.91428571429	4.6933860864
2.91904761905	4.6945391205
2.92380952381	4.6956928381
2.92857142857	4.6968472394
2.93333333333	4.6980023244
2.9380952381	4.6991580930
2.94285714286	4.7003145453
2.94761904762	4.7014716813
2.95238095238	4.7026295011
2.95714285714	4.7037880047
2.9619047619	4.7049471922
2.96666666667	4.7061070637
2.97142857143	4.7072676193
2.97619047619	4.7084288590
2.98095238095	4.7095907829
2.98571428571	4.7107533913
2.99047619048	4.7119166842
2.99523809524	4.7130806617
3.0	4.7142453241
3.00476190476	4.7154106714
3.00952380952	4.7165767039
3.01428571429	4.7177434217
3.01904761905	4.7189108250
3.02380952381	4.7200789141
3.02857142857	4.7212476892
3.03333333333	4.7224171504
3.0380952381	4.7235872981
3.04285714286	4.7247581324
3.04761904762	4.7259296537
3.05238095238	4.7271018623
3.05714285714	4.7282747583
3.0619047619	4.7294483422
3.06666666667	4.7306226142
3.07142857143	4.7317975747
3.07619047619	4.7329732240
3.08095238095	4.7341495624
3.08571428571	4.7353265903
3.09047619048	4.7365043082
3.09523809524	4.7376827163
3.1	4.7388618151
3.10476190476	4.7400416049
3.10952380952	4.7412220863
3.11428571429	4.7424032596
3.11904761905	4.7435851254
3.12380952381	4.7447676840
3.12857142857	4.7459509360
3.13333333333	4.7471348819
3.1380952381	4.7483195221
3.14285714286	4.7495048571
3.14761904762	4.7506908876
3.15238095238	4.7518776141
3.15714285714	4.7530650370
3.1619047619	4.7542531571
3.16666666667	4.7554419749
3.17142857143	4.7566314910
3.17619047619	4.7578217060
3.18095238095	4.7590126205
3.18571428571	4.7602042353
3.19047619048	4.7613965509
3.19523809524	4.7625895681
3.2	4.7637832875
3.20476190476	4.7649777099
3.20952380952	4.7661728359
3.21428571429	4.7673686664
3.21904761905	4.7685652021
3.22380952381	4.7697624438
3.22857142857	4.7709603922
3.23333333333	4.7721590481
3.2380952381	4.7733584124
3.24285714286	4.7745584860
3.24761904762	4.7757592696
3.25238095238	4.7769607642
3.25714285714	4.7781629706
3.2619047619	4.7793658898
3.26666666667	4.7805695226
3.27142857143	4.7817738701
3.27619047619	4.7829789331
3.28095238095	4.7841847127
3.28571428571	4.7853912099
3.29047619048	4.7865984256
3.29523809524	4.7878063609
3.3	4.7890150169
3.30476190476	4.7902243946
3.30952380952	4.7914344951
3.31428571429	4.7926453195
3.31904761905	4.7938568690
3.32380952381	4.7950691446
3.32857142857	4.7962821477
3.33333333333	4.7974958793
3.3380952381	4.7987103406
3.34285714286	4.7999255330
3.34761904762	4.8011414575
3.35238095238	4.8023581156
3.35714285714	4.8035755085
3.3619047619	4.8047936375
3.36666666667	4.8060125040
3.37142857143	4.8072321093
3.37619047619	4.8084524547
3.38095238095	4.8096735417
3.38571428571	4.8108953718
3.39047619048	4.8121179463
3.39523809524	4.8133412667
3.4	4.8145653345
3.40476190476	4.8157901512
3.40952380952	4.8170157184
3.41428571429	4.8182420377
3.41904761905	4.8194691105
3.42380952381	4.8206969386
3.42857142857	4.8219255236
3.43333333333	4.8231548671
3.4380952381	4.8243849708
3.44285714286	4.8256158364
3.44761904762	4.8268474657
3.45238095238	4.8280798604
3.45714285714	4.8293130224
3.4619047619	4.8305469535
3.46666666667	4.8317816554
3.47142857143	4.8330171301
3.47619047619	4.8342533795
3.48095238095	4.8354904055
3.48571428571	4.8367282100
3.49047619048	4.8379667951
3.49523809524	4.8392061628
3.5	4.8404463152
3.50476190476	4.8416872542
3.50952380952	4.8429289821
3.51428571429	4.8441715009
3.51904761905	4.8454148129
3.52380952381	4.8466589201
3.52857142857	4.8479038250
3.53333333333	4.8491495297
3.5380952381	4.8503960366
3.54285714286	4.8516433479
3.54761904762	4.8528914661
3.55238095238	4.8541403935
3.55714285714	4.8553901326
3.5619047619	4.8566406859
3.56666666667	4.8578920559
3.57142857143	4.8591442451
3.57619047619	4.8603972561
3.58095238095	4.8616510915
3.58571428571	4.8629057540
3.59047619048	4.8641612464
3.59523809524	4.8654175712
3.6	4.8666747313
3.60476190476	4.8679327295
3.60952380952	4.8691915687
3.61428571429	4.8704512518
3.61904761905	4.8717117817
3.62380952381	4.8729731613
3.62857142857	4.8742353938
3.63333333333	4.8754984821
3.6380952381	4.8767624295
3.64285714286	4.8780272389
3.64761904762	4.8792929138
3.65238095238	4.8805594572
3.65714285714	4.8818268726
3.6619047619	4.8830951631
3.66666666667	4.8843643324
3.67142857143	4.8856343837
3.67619047619	4.8869053205
3.68095238095	4.8881771465
3.68571428571	4.8894498652
3.69047619048	4.8907234803
3.69523809524	4.8919979954
3.7	4.8932734143
3.70476190476	4.8945497409
3.70952380952	4.8958269789
3.71428571429	4.8971051324
3.71904761905	4.8983842052
3.72380952381	4.8996642015
3.72857142857	4.9009451253
3.73333333333	4.9022269808
3.7380952381	4.9035097723
3.74285714286	4.9047935039
3.74761904762	4.9060781801
3.75238095238	4.9073638052
3.75714285714	4.9086503838
3.7619047619	4.9099379203
3.76666666667	4.9112264195
3.77142857143	4.9125158860
3.77619047619	4.9138063245
3.78095238095	4.9150977398
3.78571428571	4.9163901370
3.79047619048	4.9176835209
3.79523809524	4.9189778966
3.8	4.9202732693
3.80476190476	4.9215696441
3.80952380952	4.9228670264
3.81428571429	4.9241654214
3.81904761905	4.9254648348
3.82380952381	4.9267652720
3.82857142857	4.9280667386
3.83333333333	4.9293692403
3.8380952381	4.9306727831
3.84285714286	4.9319773727
3.84761904762	4.9332830152
3.85238095238	4.9345897167
3.85714285714	4.9358974833
3.8619047619	4.9372063213
3.86666666667	4.9385162372
3.87142857143	4.9398272374
3.87619047619	4.9411393286
3.88095238095	4.9424525173
3.88571428571	4.9437668106
3.89047619048	4.9450822152
3.89523809524	4.9463987383
3.9	4.9477163870
3.90476190476	4.9490351686
3.90952380952	4.9503550905
3.91428571429	4.9516761602
3.91904761905	4.9529983855
3.92380952381	4.9543217741
3.92857142857	4.9556463339
3.93333333333	4.9569720731
3.9380952381	4.9582989998
3.94285714286	4.9596271224
3.94761904762	4.9609564494
3.95238095238	4.9622869894
3.95714285714	4.9636187513
3.9619047619	4.9649517441
3.96666666667	4.9662859768
3.97142857143	4.9676214587
3.97619047619	4.9689581994
3.98095238095	4.9702962085
3.98571428571	4.9716354958
3.99047619048	4.9729760713
3.99523809524	4.9743179453
4.0	4.9756611280
4.00476190476	4.9770056301
4.00952380952	4.9783514624
4.01428571429	4.9796986359
4.01904761905	4.9810471618
4.02380952381	4.9823970515
4.02857142857	4.9837483167
4.03333333333	4.9851009693
4.0380952381	4.9864550215
4.04285714286	4.9878104856
4.04761904762	4.9891673743
4.05238095238	4.9905257005
4.05714285714	4.9918854773
4.0619047619	4.9932467182
4.06666666667	4.9946094369
4.07142857143	4.9959736474
4.07619047619	4.9973393641
4.08095238095	4.9987066016
4.08571428571	5.0000753749
4.09047619048	5.0014456992
4.09523809524	5.0028175902
4.1	5.0041910639
4.10476190476	5.0055661367
4.10952380952	5.0069428252
4.11428571429	5.0083211466
4.11904761905	5.0097011184
4.12380952381	5.0110827585
4.12857142857	5.0124660854
4.13333333333	5.0138511178
4.1380952381	5.0152378750
4.14285714286	5.0166263768
4.14761904762	5.0180166434
4.15238095238	5.0194086956
4.15714285714	5.0208025548
4.1619047619	5.0221982427
4.16666666667	5.0235957818
4.17142857143	5.0249951951
4.17619047619	5.0263965063
4.18095238095	5.0277997397
4.18571428571	5.0292049203
4.19047619048	5.0306120737
4.19523809524	5.0320212264
4.2	5.0334324055
4.20476190476	5.0348456391
4.20952380952	5.0362609558
4.21428571429	5.0376783854
4.21904761905	5.0390979584
4.22380952381	5.0405197064
4.22857142857	5.0419436619
4.23333333333	5.0433698585
4.2380952381	5.0447983307
4.24285714286	5.0462291145
4.24761904762	5.0476622468
4.25238095238	5.0490977658
4.25714285714	5.0505357112
4.2619047619	5.0519761241
4.26666666667	5.0534190468
4.27142857143	5.0548645235
4.27619047619	5.0563125998
4.28095238095	5.0577633233
4.28571428571	5.0592167431
4.29047619048	5.0606729107
4.29523809524	5.0621318793
4.3	5.0635937045
4.30476190476	5.0650584443
4.30952380952	5.0665261592
4.31428571429	5.0679969121
4.31904761905	5.0694707693
4.32380952381	5.0709477997
4.32857142857	5.0724280759
4.33333333333	5.0739116737
4.3380952381	5.0753986729
4.34285714286	5.0768891576
4.34761904762	5.0783832162
4.35238095238	5.0798809419
4.35714285714	5.0813824333
4.3619047619	5.0828877948
4.36666666667	5.0843971371
4.37142857143	5.0859105777
4.37619047619	5.0874282419
4.38095238095	5.0889502632
4.38571428571	5.0904767848
4.39047619048	5.0920079598
4.39523809524	5.0935439532
4.4	5.0950849432
4.40476190476	5.0966311224
4.40952380952	5.0981827005
4.41428571429	5.0997399060
4.41904761905	5.1013029898
4.42380952381	5.1028722283
4.42857142857	5.1044479278
4.43333333333	5.1060304302
4.4380952381	5.1076201197
4.44285714286	5.1092174320
4.44761904762	5.1108228658
4.45238095238	5.1124369989
4.45714285714	5.1140605101
4.4619047619	5.1156942102
4.46666666667	5.1173390885
4.47142857143	5.1189963844
4.47619047619	5.1206677072
4.48095238095	5.1223552494
4.48571428571	5.1240622224
4.49047619048	5.1257939182
4.49523809524	5.1275613903
4.5	5.1294702096
4.50476190476	5.1315200185
4.50952380952	5.1336053658
4.51428571429	5.1357153797
4.51904761905	5.1378447517
4.52380952381	5.1399902415
4.52857142857	5.1421496215
4.53333333333	5.1443212443
4.5380952381	5.1465038294
4.54285714286	5.1486963439
4.54761904762	5.1508979317
4.55238095238	5.1531078664
4.55714285714	5.1553255212
4.5619047619	5.1575503461
4.56666666667	5.1597818528
4.57142857143	5.1620196025
4.57619047619	5.1642631976
4.58095238095	5.1665122739
4.58571428571	5.1687664960
4.59047619048	5.1710255525
4.59523809524	5.1732891526
4.6	5.1755570235
4.60476190476	5.1778289075
4.60952380952	5.1801045606
4.61428571429	5.1823837504
4.61904761905	5.1846662553
4.62380952381	5.1869518626
4.62857142857	5.1892403681
4.63333333333	5.1915315750
4.6380952381	5.1938252929
4.64285714286	5.1961213379
4.64761904762	5.1984195314
4.65238095238	5.2007196998
4.65714285714	5.2030216743
4.6619047619	5.2053252902
4.66666666667	5.2076303870
4.67142857143	5.2099368078
4.67619047619	5.2122443992
4.68095238095	5.2145530113
4.68571428571	5.2168624972
4.69047619048	5.2191727132
4.69523809524	5.2214835184
4.7	5.2237947748
4.70476190476	5.2261063472
4.70952380952	5.2284181032
4.71428571429	5.2307299129
4.71904761905	5.2330416495
4.72380952381	5.2353531888
4.72857142857	5.2376644093
4.73333333333	5.2399751925
4.7380952381	5.2422854229
4.74285714286	5.2445949881
4.74761904762	5.2469037792
4.75238095238	5.2492116907
4.75714285714	5.2515186210
4.7619047619	5.2538244731
4.76666666667	5.2561291544
4.77142857143	5.2584325781
4.77619047619	5.2607346633
4.78095238095	5.2630353364
4.78571428571	5.2653345318
4.79047619048	5.2676321932
4.79523809524	5.2699282715
4.8	5.2722227207
4.80476190476	5.2745154977
4.80952380952	5.2768065613
4.81428571429	5.2790958727
4.81904761905	5.2813833945
4.82380952381	5.2836690912
4.82857142857	5.2859529288
4.83333333333	5.2882348747
4.8380952381	5.2905148975
4.84285714286	5.2927929674
4.84761904762	5.2950690553
4.85238095238	5.2973431337
4.85714285714	5.2996151758
4.8619047619	5.3018851560
4.86666666667	5.3041530497
4.87142857143	5.3064188330
4.87619047619	5.3086824831
4.88095238095	5.3109439778
4.88571428571	5.3132032961
4.89047619048	5.3154604173
4.89523809524	5.3177153217
4.9	5.3199679904
4.90476190476	5.3222184048
4.90952380952	5.3244665473
4.91428571429	5.3267124008
4.91904761905	5.3289559489
4.92380952381	5.3311971757
4.92857142857	5.3334360657
4.93333333333	5.3356726043
4.9380952381	5.3379067772
4.94285714286	5.3401385707
4.94761904762	5.3423679714
4.95238095238	5.3445949666
4.95714285714	5.3468195439
4.9619047619	5.3490416915
4.96666666667	5.3512613979
4.97142857143	5.3534786521
4.97619047619	5.3556934434
4.98095238095	5.3579057615
4.98571428571	5.3601155966
4.99047619048	5.3623229393
4.99523809524	5.3645277802
5.0	5.3667301107
5.00476190476	5.3689299222
5.00952380952	5.3711272066
5.01428571429	5.3733219560
5.01904761905	5.3755141630
5.02380952381	5.3777038203
5.02857142857	5.3798909210
5.03333333333	5.3820754583
5.0380952381	5.3842574260
5.04285714286	5.3864368178
5.04761904762	5.3886136279
5.05238095238	5.3907878508
5.05714285714	5.3929594809
5.0619047619	5.3951285133
5.06666666667	5.3972949430
5.07142857143	5.3994587652
5.07619047619	5.4016199756
5.08095238095	5.4037785700
5.08571428571	5.4059345442
5.09047619048	5.4080878944
5.09523809524	5.4102386170
5.1	5.4123867086
5.10476190476	5.4145321659
5.10952380952	5.4166749857
5.11428571429	5.4188151653
5.11904761905	5.4209527019
5.12380952381	5.4230875928
5.12857142857	5.4252198358
5.13333333333	5.4273494286
5.1380952381	5.4294763690
5.14285714286	5.4316006553
5.14761904762	5.4337222855
5.15238095238	5.4358412581
5.15714285714	5.4379575716
5.1619047619	5.4400712246
5.16666666667	5.4421822159
5.17142857143	5.4442905444
5.17619047619	5.4463962091
5.18095238095	5.4484992092
5.18571428571	5.4505995441
5.19047619048	5.4526972130
5.19523809524	5.4547922155
5.2	5.4568845513
5.20476190476	5.4589742201
5.20952380952	5.4610612217
5.21428571429	5.4631455561
5.21904761905	5.4652272234
5.22380952381	5.4673062237
5.22857142857	5.4693825573
5.23333333333	5.4714562245
5.2380952381	5.4735272258
5.24285714286	5.4755955617
5.24761904762	5.4776612328
5.25238095238	5.4797242399
5.25714285714	5.4817845838
5.2619047619	5.4838422653
5.26666666667	5.4858972855
5.27142857143	5.4879496452
5.27619047619	5.4899993458
5.28095238095	5.4920463883
5.28571428571	5.4940907741
5.29047619048	5.4961325044
5.29523809524	5.4981715807
5.3	5.5002080045
5.30476190476	5.5022417773
5.30952380952	5.5042729007
5.31428571429	5.5063013764
5.31904761905	5.5083272062
5.32380952381	5.5103503918
5.32857142857	5.5123709352
5.33333333333	5.5143888381
5.3380952381	5.5164041026
5.34285714286	5.5184167308
5.34761904762	5.5204267247
5.35238095238	5.5224340864
5.35714285714	5.5244388182
5.3619047619	5.5264409223
5.36666666667	5.5284404009
5.37142857143	5.5304372564
5.37619047619	5.5324314912
5.38095238095	5.5344231078
5.38571428571	5.5364121085
5.39047619048	5.5383984960
5.39523809524	5.5403822727
5.4	5.5423634413
5.40476190476	5.5443420044
5.40952380952	5.5463179647
5.41428571429	5.5482913249
5.41904761905	5.5502620879
5.42380952381	5.5522302563
5.42857142857	5.5541958330
5.43333333333	5.5561588209
5.4380952381	5.5581192229
5.44285714286	5.5600770419
5.44761904762	5.5620322810
5.45238095238	5.5639849430
5.45714285714	5.5659350310
5.4619047619	5.5678825481
5.46666666667	5.5698274974
5.47142857143	5.5717698819
5.47619047619	5.5737097049
5.48095238095	5.5756469696
5.48571428571	5.5775816790
5.49047619048	5.5795138365
5.49523809524	5.5814434453
5.5	5.5833704793
5.50476190476	5.5852940712
5.50952380952	5.5872142306
5.51428571429	5.5891309661
5.51904761905	5.5910442861
5.52380952381	5.5929541989
5.52857142857	5.5948607131
5.53333333333	5.5967638369
5.5380952381	5.5986635789
5.54285714286	5.6005599474
5.54761904762	5.6024529508
5.55238095238	5.6043425977
5.55714285714	5.6062288963
5.5619047619	5.6081118551
5.56666666667	5.6099914826
5.57142857143	5.6118677872
5.57619047619	5.6137407773
5.58095238095	5.6156104614
5.58571428571	5.6174768479
5.59047619048	5.6193399454
5.59523809524	5.6211997624
5.6	5.6230563072
5.60476190476	5.6249095886
5.60952380952	5.6267596149
5.61428571429	5.6286063948
5.61904761905	5.6304499367
5.62380952381	5.6322902494
5.62857142857	5.6341273414
5.63333333333	5.6359612212
5.6380952381	5.6377918976
5.64285714286	5.6396193793
5.64761904762	5.6414436748
5.65238095238	5.6432647929
5.65714285714	5.6450827423
5.6619047619	5.6468975318
5.66666666667	5.6487091700
5.67142857143	5.6505176659
5.67619047619	5.6523230282
5.68095238095	5.6541252658
5.68571428571	5.6559243874
5.69047619048	5.6577204021
5.69523809524	5.6595133186
5.7	5.6613031459
5.70476190476	5.6630898929
5.70952380952	5.6648735687
5.71428571429	5.6666541822
5.71904761905	5.6684317424
5.72380952381	5.6702062583
5.72857142857	5.6719777391
5.73333333333	5.6737461938
5.7380952381	5.6755116315
5.74285714286	5.6772740612
5.74761904762	5.6790334923
5.75238095238	5.6807899337
5.75714285714	5.6825433947
5.7619047619	5.6842938845
5.76666666667	5.6860414122
5.77142857143	5.6877859870
5.77619047619	5.6895276182
5.78095238095	5.6912663149
5.78571428571	5.6930020863
5.79047619048	5.6947349416
5.79523809524	5.6964648898
5.8	5.6981919401
5.80476190476	5.6999161015
5.80952380952	5.7016373829
5.81428571429	5.7033557933
5.81904761905	5.7050713416
5.82380952381	5.7067840366
5.82857142857	5.7084938872
5.83333333333	5.7102009021
5.8380952381	5.7119050901
5.84285714286	5.7136064599
5.84761904762	5.7153050200
5.85238095238	5.7170007792
5.85714285714	5.7186937460
5.8619047619	5.7203839289
5.86666666667	5.7220713365
5.87142857143	5.7237559771
5.87619047619	5.7254378592
5.88095238095	5.7271169912
5.88571428571	5.7287933814
5.89047619048	5.7304670381
5.89523809524	5.7321379696
5.9	5.7338061841
5.90476190476	5.7354716898
5.90952380952	5.7371344948
5.91428571429	5.7387946073
5.91904761905	5.7404520352
5.92380952381	5.7421067868
5.92857142857	5.7437588699
5.93333333333	5.7454082926
5.9380952381	5.7470550627
5.94285714286	5.7486991882
5.94761904762	5.7503406769
5.95238095238	5.7519795367
5.95714285714	5.7536157753
5.9619047619	5.7552494005
5.96666666667	5.7568804200
5.97142857143	5.7585088416
5.97619047619	5.7601346727
5.98095238095	5.7617579212
5.98571428571	5.7633785945
5.99047619048	5.7649967003
5.99523809524	5.7666122459
6.0	5.7682252390
6.00476190476	5.7698356869
6.00952380952	5.7714435971
6.01428571429	5.7730489770
6.01904761905	5.7746518339
6.02380952381	5.7762521751
6.02857142857	5.7778500080
6.03333333333	5.7794453397
6.0380952381	5.7810381776
6.04285714286	5.7826285288
6.04761904762	5.7842164004
6.05238095238	5.7858017997
6.05714285714	5.7873847336
6.0619047619	5.7889652094
6.06666666667	5.7905432339
6.07142857143	5.7921188143
6.07619047619	5.7936919574
6.08095238095	5.7952626704
6.08571428571	5.7968309599
6.09047619048	5.7983968331
6.09523809524	5.7999602966
6.1	5.8015213575
6.10476190476	5.8030800223
6.10952380952	5.8046362980
6.11428571429	5.8061901912
6.11904761905	5.8077417088
6.12380952381	5.8092908573
6.12857142857	5.8108376434
6.13333333333	5.8123820738
6.1380952381	5.8139241550
6.14285714286	5.8154638937
6.14761904762	5.8170012963
6.15238095238	5.8185363694
6.15714285714	5.8200691195
6.1619047619	5.8215995531
6.16666666667	5.8231276765
6.17142857143	5.8246534963
6.17619047619	5.8261770187
6.18095238095	5.8276982501
6.18571428571	5.8292171970
6.19047619048	5.8307338654
6.19523809524	5.8322482619
6.2	5.8337603925
6.20476190476	5.8352702635
6.20952380952	5.8367778812
6.21428571429	5.8382832517
6.21904761905	5.8397863811
6.22380952381	5.8412872755
6.22857142857	5.8427859412
6.23333333333	5.8442823841
6.2380952381	5.8457766102
6.24285714286	5.8472686257
6.24761904762	5.8487584364
6.25238095238	5.8502460485
6.25714285714	5.8517314678
6.2619047619	5.8532147002
6.26666666667	5.8546957517
6.27142857143	5.8561746281
6.27619047619	5.8576513353
6.28095238095	5.8591258791
6.28571428571	5.8605982654
6.29047619048	5.8620684998
6.29523809524	5.8635365883
6.3	5.8650025364
6.30476190476	5.8664663499
6.30952380952	5.8679280345
6.31428571429	5.8693875959
6.31904761905	5.8708450398
6.32380952381	5.8723003716
6.32857142857	5.8737535971
6.33333333333	5.8752047218
6.3380952381	5.8766537513
6.34285714286	5.8781006911
6.34761904762	5.8795455467
6.35238095238	5.8809883235
6.35714285714	5.8824290272
6.3619047619	5.8838676631
6.36666666667	5.8853042366
6.37142857143	5.8867387531
6.37619047619	5.8881712181
6.38095238095	5.8896016369
6.38571428571	5.8910300147
6.39047619048	5.8924563571
6.39523809524	5.8938806691
6.4	5.8953029562
6.40476190476	5.8967232235
6.40952380952	5.8981414763
6.41428571429	5.8995577199
6.41904761905	5.9009719594
6.42380952381	5.9023841999
6.42857142857	5.9037944467
6.43333333333	5.9052027049
6.4380952381	5.9066089796
6.44285714286	5.9080132758
6.44761904762	5.9094155988
6.45238095238	5.9108159534
6.45714285714	5.9122143448
6.4619047619	5.9136107780
6.46666666667	5.9150052579
6.47142857143	5.9163977896
6.47619047619	5.9177883779
6.48095238095	5.9191770280
6.48571428571	5.9205637445
6.49047619048	5.9219485326
6.49523809524	5.9233313970
6.5	5.9247123426
6.50476190476	5.9260913743
6.50952380952	5.9274684969
6.51428571429	5.9288437152
6.51904761905	5.9302170340
6.52380952381	5.9315884580
6.52857142857	5.9329579921
6.53333333333	5.9343256410
6.5380952381	5.9356914093
6.54285714286	5.9370553018
6.54761904762	5.9384173232
6.55238095238	5.9397774781
6.55714285714	5.9411357712
6.5619047619	5.9424922071
6.56666666667	5.9438467904
6.57142857143	5.9451995258
6.57619047619	5.9465504178
6.58095238095	5.9478994709
6.58571428571	5.9492466898
6.59047619048	5.9505920789
6.59523809524	5.9519356428
6.6	5.9532773859
6.60476190476	5.9546173128
6.60952380952	5.9559554279
6.61428571429	5.9572917356
6.61904761905	5.9586262404
6.62380952381	5.9599589467
6.62857142857	5.9612898589
6.63333333333	5.9626189813
6.6380952381	5.9639463184
6.64285714286	5.9652718745
6.64761904762	5.9665956538
6.65238095238	5.9679176609
6.65714285714	5.9692378998
6.6619047619	5.9705563750
6.66666666667	5.9718730906
6.67142857143	5.9731880510
6.67619047619	5.9745012604
6.68095238095	5.9758127231
6.68571428571	5.9771224431
6.69047619048	5.9784304247
6.69523809524	5.9797366722
6.7	5.9810411896
6.70476190476	5.9823439810
6.70952380952	5.9836450508
6.71428571429	5.9849444029
6.71904761905	5.9862420414
6.72380952381	5.9875379705
6.72857142857	5.9888321943
6.73333333333	5.9901247167
6.7380952381	5.9914155418
6.74285714286	5.9927046737
6.74761904762	5.9939921164
6.75238095238	5.9952778739
6.75714285714	5.9965619501
6.7619047619	5.9978443491
6.76666666667	5.9991250748
6.77142857143	6.0004041311
6.77619047619	6.0016815220
6.78095238095	6.0029572514
6.78571428571	6.0042313233
6.79047619048	6.0055037414
6.79523809524	6.0067745097
6.8	6.0080436320
6.80476190476	6.0093111122
6.80952380952	6.0105769541
6.81428571429	6.0118411616
6.81904761905	6.0131037384
6.82380952381	6.0143646884
6.82857142857	6.0156240153
6.83333333333	6.0168817229
6.8380952381	6.0181378150
6.84285714286	6.0193922953
6.84761904762	6.0206451675
6.85238095238	6.0218964354
6.85714285714	6.0231461026
6.8619047619	6.0243941728
6.86666666667	6.0256406498
6.87142857143	6.0268855372
6.87619047619	6.0281288387
6.88095238095	6.0293705578
6.88571428571	6.0306106982
6.89047619048	6.0318492636
6.89523809524	6.0330862575
6.9	6.0343216836
6.90476190476	6.0355555454
6.90952380952	6.0367878464
6.91428571429	6.0380185903
6.91904761905	6.0392477805
6.92380952381	6.0404754207
6.92857142857	6.0417015142
6.93333333333	6.0429260647
6.9380952381	6.0441490757
6.94285714286	6.0453705505
6.94761904762	6.0465904927
6.95238095238	6.0478089058
6.95714285714	6.0490257931
6.9619047619	6.0502411582
6.96666666667	6.0514550044
6.97142857143	6.0526673352
6.97619047619	6.0538781539
6.98095238095	6.0550874640
6.98571428571	6.0562952688
6.99047619048	6.0575015718
6.99523809524	6.0587063761
7.0	6.0599096853
7.00476190476	6.0611115026
7.00952380952	6.0623118314
7.01428571429	6.0635106750
7.01904761905	6.0647080366
7.02380952381	6.0659039195
7.02857142857	6.0670983271
7.03333333333	6.0682912627
7.0380952381	6.0694827293
7.04285714286	6.0706727304
7.04761904762	6.0718612691
7.05238095238	6.0730483487
7.05714285714	6.0742339724
7.0619047619	6.0754181434
7.06666666667	6.0766008649
7.07142857143	6.0777821400
7.07619047619	6.0789619719
7.08095238095	6.0801403639
7.08571428571	6.0813173190
7.09047619048	6.0824928404
7.09523809524	6.0836669312
7.1	6.0848395945
7.10476190476	6.0860108335
7.10952380952	6.0871806513
7.11428571429	6.0883490509
7.11904761905	6.0895160354
7.12380952381	6.0906816079
7.12857142857	6.0918457715
7.13333333333	6.0930085292
7.1380952381	6.0941698840
7.14285714286	6.0953298390
7.14761904762	6.0964883972
7.15238095238	6.0976455616
7.15714285714	6.0988013352
7.1619047619	6.0999557210
7.16666666667	6.1011087220
7.17142857143	6.1022603411
7.17619047619	6.1034105814
7.18095238095	6.1045594458
7.18571428571	6.1057069371
7.19047619048	6.1068530584
7.19523809524	6.1079978126
7.2	6.1091412026
7.20476190476	6.1102832313
7.20952380952	6.1114239016
7.21428571429	6.1125632163
7.21904761905	6.1137011785
7.22380952381	6.1148377908
7.22857142857	6.1159730563
7.23333333333	6.1171069777
7.2380952381	6.1182395579
7.24285714286	6.1193707998
7.24761904762	6.1205007060
7.25238095238	6.1216292796
7.25714285714	6.1227565232
7.2619047619	6.1238824397
7.26666666667	6.1250070319
7.27142857143	6.1261303025
7.27619047619	6.1272522543
7.28095238095	6.1283728901
7.28571428571	6.1294922127
7.29047619048	6.1306102247
7.29523809524	6.1317269289
7.3	6.1328423281
7.30476190476	6.1339564249
7.30952380952	6.1350692222
7.31428571429	6.1361807225
7.31904761905	6.1372909286
7.32380952381	6.1383998432
7.32857142857	6.1395074689
7.33333333333	6.1406138084
7.3380952381	6.1417188644
7.34285714286	6.1428226396
7.34761904762	6.1439251365
7.35238095238	6.1450263578
7.35714285714	6.1461263062
7.3619047619	6.1472249842
7.36666666667	6.1483223946
7.37142857143	6.1494185398
7.37619047619	6.1505134225
7.38095238095	6.1516070453
7.38571428571	6.1526994107
7.39047619048	6.1537905214
7.39523809524	6.1548803798
7.4	6.1559689887
7.40476190476	6.1570563504
7.40952380952	6.1581424675
7.41428571429	6.1592273427
7.41904761905	6.1603109783
7.42380952381	6.1613933770
7.42857142857	6.1624745412
7.43333333333	6.1635544735
7.4380952381	6.1646331763
7.44285714286	6.1657106521
7.44761904762	6.1667869035
7.45238095238	6.1678619328
7.45714285714	6.1689357426
7.4619047619	6.1700083353
7.46666666667	6.1710797134
7.47142857143	6.1721498793
7.47619047619	6.1732188354
7.48095238095	6.1742865842
7.48571428571	6.1753531281
7.49047619048	6.1764184695
7.49523809524	6.1774826108
7.5	6.1785455545
7.50476190476	6.1796073028
7.50952380952	6.1806678583
7.51428571429	6.1817272233
7.51904761905	6.1827854001
7.52380952381	6.1838423911
7.52857142857	6.1848981987
7.53333333333	6.1859528253
7.5380952381	6.1870062731
7.54285714286	6.1880585446
7.54761904762	6.1891096420
7.55238095238	6.1901595676
7.55714285714	6.1912083239
7.5619047619	6.1922559130
7.56666666667	6.1933023374
7.57142857143	6.1943475992
7.57619047619	6.1953917009
7.58095238095	6.1964346446
7.58571428571	6.1974764326
7.59047619048	6.1985170673
7.59523809524	6.1995565508
7.6	6.2005948855
7.60476190476	6.2016320736
7.60952380952	6.2026681173
7.61428571429	6.2037030189
7.61904761905	6.2047367806
7.62380952381	6.2057694046
7.62857142857	6.2068008932
7.63333333333	6.2078312485
7.6380952381	6.2088604727
7.64285714286	6.2098885681
7.64761904762	6.2109155369
7.65238095238	6.2119413812
7.65714285714	6.2129661032
7.6619047619	6.2139897051
7.66666666667	6.2150121891
7.67142857143	6.2160335572
7.67619047619	6.2170538118
7.68095238095	6.2180729548
7.68571428571	6.2190909886
7.69047619048	6.2201079151
7.69523809524	6.2211237365
7.7	6.2221384550
7.70476190476	6.2231520727
7.70952380952	6.2241645916
7.71428571429	6.2251760139
7.71904761905	6.2261863417
7.72380952381	6.2271955771
7.72857142857	6.2282037222
7.73333333333	6.2292107790
7.7380952381	6.2302167496
7.74285714286	6.2312216361
7.74761904762	6.2322254406
7.75238095238	6.2332281651
7.75714285714	6.2342298117
7.7619047619	6.2352303823
7.76666666667	6.2362298792
7.77142857143	6.2372283042
7.77619047619	6.2382256595
7.78095238095	6.2392219470
7.78571428571	6.2402171688
7.79047619048	6.2412113268
7.79523809524	6.2422044231
7.8	6.2431964598
7.80476190476	6.2441874387
7.80952380952	6.2451773618
7.81428571429	6.2461662313
7.81904761905	6.2471540489
7.82380952381	6.2481408168
7.82857142857	6.2491265369
7.83333333333	6.2501112111
7.8380952381	6.2510948413
7.84285714286	6.2520774297
7.84761904762	6.2530589780
7.85238095238	6.2540394883
7.85714285714	6.2550189624
7.8619047619	6.2559974023
7.86666666667	6.2569748100
7.87142857143	6.2579511873
7.87619047619	6.2589265362
7.88095238095	6.2599008585
7.88571428571	6.2608741562
7.89047619048	6.2618464312
7.89523809524	6.2628176853
7.9	6.2637879205
7.90476190476	6.2647571386
7.90952380952	6.2657253416
7.91428571429	6.2666925312
7.91904761905	6.2676587093
7.92380952381	6.2686238779
7.92857142857	6.2695880388
7.93333333333	6.2705511938
7.9380952381	6.2715133447
7.94285714286	6.2724744935
7.94761904762	6.2734346419
7.95238095238	6.2743937918
7.95714285714	6.2753519450
7.9619047619	6.2763091033
7.96666666667	6.2772652686
7.97142857143	6.2782204426
7.97619047619	6.2791746273
7.98095238095	6.2801278242
7.98571428571	6.2810800354
7.99047619048	6.2820312625
7.99523809524	6.2829815074
8.0	6.2839307718
8.00476190476	6.2848790575
8.00952380952	6.2858263662
8.01428571429	6.2867726999
8.01904761905	6.2877180601
8.02380952381	6.2886624488
8.02857142857	6.2896058675
8.03333333333	6.2905483182
8.0380952381	6.2914898024
8.04285714286	6.2924303221
8.04761904762	6.2933698788
8.05238095238	6.2943084744
8.05714285714	6.2952461105
8.0619047619	6.2961827890
8.06666666667	6.2971185114
8.07142857143	6.2980532795
8.07619047619	6.2989870951
8.08095238095	6.2999199597
8.08571428571	6.3008518753
8.09047619048	6.3017828433
8.09523809524	6.3027128655
8.1	6.3036419437
8.10476190476	6.3045700794
8.10952380952	6.3054972743
8.11428571429	6.3064235302
8.11904761905	6.3073488487
8.12380952381	6.3082732315
8.12857142857	6.3091966802
8.13333333333	6.3101191964
8.1380952381	6.3110407819
8.14285714286	6.3119614382
8.14761904762	6.3128811671
8.15238095238	6.3137999701
8.15714285714	6.3147178489
8.1619047619	6.3156348051
8.16666666667	6.3165508404
8.17142857143	6.3174659563
8.17619047619	6.3183801545
8.18095238095	6.3192934366
8.18571428571	6.3202058042
8.19047619048	6.3211172589
8.19523809524	6.3220278023
8.2	6.3229374360
8.20476190476	6.3238461616
8.20952380952	6.3247539806
8.21428571429	6.3256608947
8.21904761905	6.3265669055
8.22380952381	6.3274720145
8.22857142857	6.3283762233
8.23333333333	6.3292795334
8.2380952381	6.3301819464
8.24285714286	6.3310834639
8.24761904762	6.3319840875
8.25238095238	6.3328838186
8.25714285714	6.3337826589
8.2619047619	6.3346806098
8.26666666667	6.3355776730
8.27142857143	6.3364738499
8.27619047619	6.3373691420
8.28095238095	6.3382635510
8.28571428571	6.3391570783
8.29047619048	6.3400497255
8.29523809524	6.3409414940
8.3	6.3418323854
8.30476190476	6.3427224012
8.30952380952	6.3436115429
8.31428571429	6.3444998120
8.31904761905	6.3453872099
8.32380952381	6.3462737383
8.32857142857	6.3471593985
8.33333333333	6.3480441920
8.3380952381	6.3489281204
8.34285714286	6.3498111851
8.34761904762	6.3506933876
8.35238095238	6.3515747294
8.35714285714	6.3524552119
8.3619047619	6.3533348365
8.36666666667	6.3542136048
8.37142857143	6.3550915183
8.37619047619	6.3559685782
8.38095238095	6.3568447862
8.38571428571	6.3577201436
8.39047619048	6.3585946519
8.39523809524	6.3594683126
8.4	6.3603411270
8.40476190476	6.3612130965
8.40952380952	6.3620842227
8.41428571429	6.3629545070
8.41904761905	6.3638239507
8.42380952381	6.3646925553
8.42857142857	6.3655603221
8.43333333333	6.3664272527
8.4380952381	6.3672933484
8.44285714286	6.3681586106
8.44761904762	6.3690230406
8.45238095238	6.3698866400
8.45714285714	6.3707494101
8.4619047619	6.3716113522
8.46666666667	6.3724724678
8.47142857143	6.3733327583
8.47619047619	6.3741922250
8.48095238095	6.3750508692
8.48571428571	6.3759086925
8.49047619048	6.3767656961
8.49523809524	6.3776218814
8.5	6.3784772497
8.50476190476	6.3793318025
8.50952380952	6.3801855410
8.51428571429	6.3810384667
8.51904761905	6.3818905808
8.52380952381	6.3827418848
8.52857142857	6.3835923799
8.53333333333	6.3844420675
8.5380952381	6.3852909490
8.54285714286	6.3861390256
8.54761904762	6.3869862987
8.55238095238	6.3878327696
8.55714285714	6.3886784397
8.5619047619	6.3895233102
8.56666666667	6.3903673825
8.57142857143	6.3912106579
8.57619047619	6.3920531376
8.58095238095	6.3928948231
8.58571428571	6.3937357156
8.59047619048	6.3945758164
8.59523809524	6.3954151267
8.6	6.3962536480
8.60476190476	6.3970913814
8.60952380952	6.3979283284
8.61428571429	6.3987644900
8.61904761905	6.3995998677
8.62380952381	6.4004344627
8.62857142857	6.4012682763
8.63333333333	6.4021013098
8.6380952381	6.4029335644
8.64285714286	6.4037650414
8.64761904762	6.4045957420
8.65238095238	6.4054256675
8.65714285714	6.4062548192
8.6619047619	6.4070831984
8.66666666667	6.4079108062
8.67142857143	6.4087376439
8.67619047619	6.4095637128
8.68095238095	6.4103890141
8.68571428571	6.4112135491
8.69047619048	6.4120373189
8.69523809524	6.4128603249
8.7	6.4136825682
8.70476190476	6.4145040500
8.70952380952	6.4153247717
8.71428571429	6.4161447344
8.71904761905	6.4169639393
8.72380952381	6.4177823877
8.72857142857	6.4186000807
8.73333333333	6.4194170196
8.7380952381	6.4202332056
8.74285714286	6.4210486398
8.74761904762	6.4218633236
8.75238095238	6.4226772580
8.75714285714	6.4234904443
8.7619047619	6.4243028837
8.76666666667	6.4251145773
8.77142857143	6.4259255264
8.77619047619	6.4267357321
8.78095238095	6.4275451957
8.78571428571	6.4283539182
8.79047619048	6.4291619009
8.79523809524	6.4299691449
8.8	6.4307756514
8.80476190476	6.4315814217
8.80952380952	6.4323864567
8.81428571429	6.4331907578
8.81904761905	6.4339943260
8.82380952381	6.4347971626
8.82857142857	6.4355992686
8.83333333333	6.4364006453
8.8380952381	6.4372012937
8.84285714286	6.4380012151
8.84761904762	6.4388004105
8.85238095238	6.4395988812
8.85714285714	6.4403966282
8.8619047619	6.4411936526
8.86666666667	6.4419899557
8.87142857143	6.4427855385
8.87619047619	6.4435804023
8.88095238095	6.4443745480
8.88571428571	6.4451679768
8.89047619048	6.4459606898
8.89523809524	6.4467526883
8.9	6.4475439732
8.90476190476	6.4483345457
8.90952380952	6.4491244068
8.91428571429	6.4499135578
8.91904761905	6.4507019997
8.92380952381	6.4514897336
8.92857142857	6.4522767606
8.93333333333	6.4530630819
8.9380952381	6.4538486984
8.94285714286	6.4546336113
8.94761904762	6.4554178217
8.95238095238	6.4562013307
8.95714285714	6.4569841393
8.9619047619	6.4577662487
8.96666666667	6.4585476598
8.97142857143	6.4593283739
8.97619047619	6.4601083920
8.98095238095	6.4608877150
8.98571428571	6.4616663442
8.99047619048	6.4624442806
8.99523809524	6.4632215253
9.0	6.4639980792
9.00476190476	6.4647739435
9.00952380952	6.4655491192
9.01428571429	6.4663236074
9.01904761905	6.4670974092
9.02380952381	6.4678705255
9.02857142857	6.4686429575
9.03333333333	6.4694147061
9.0380952381	6.4701857725
9.04285714286	6.4709561576
9.04761904762	6.4717258626
9.05238095238	6.4724948884
9.05714285714	6.4732632360
9.0619047619	6.4740309066
9.06666666667	6.4747979011
9.07142857143	6.4755642206
9.07619047619	6.4763298660
9.08095238095	6.4770948385
9.08571428571	6.4778591390
9.09047619048	6.4786227686
9.09523809524	6.4793857282
9.1	6.4801480190
9.10476190476	6.4809096418
9.10952380952	6.4816705977
9.11428571429	6.4824308878
9.11904761905	6.4831905129
9.12380952381	6.4839494742
9.12857142857	6.4847077726
9.13333333333	6.4854654091
9.1380952381	6.4862223847
9.14285714286	6.4869787004
9.14761904762	6.4877343573
9.15238095238	6.4884893562
9.15714285714	6.4892436982
9.1619047619	6.4899973843
9.16666666667	6.4907504154
9.17142857143	6.4915027925
9.17619047619	6.4922545166
9.18095238095	6.4930055888
9.18571428571	6.4937560098
9.19047619048	6.4945057808
9.19523809524	6.4952549027
9.2	6.4960033765
9.20476190476	6.4967512031
9.20952380952	6.4974983835
9.21428571429	6.4982449186
9.21904761905	6.4989908095
9.22380952381	6.4997360570
9.22857142857	6.5004806622
9.23333333333	6.5012246259
9.2380952381	6.5019679492
9.24285714286	6.5027106330
9.24761904762	6.5034526782
9.25238095238	6.5041940857
9.25714285714	6.5049348566
9.2619047619	6.5056749918
9.26666666667	6.5064144921
9.27142857143	6.5071533586
9.27619047619	6.5078915921
9.28095238095	6.5086291937
9.28571428571	6.5093661642
9.29047619048	6.5101025045
9.29523809524	6.5108382156
9.3	6.5115732985
9.30476190476	6.5123077540
9.30952380952	6.5130415830
9.31428571429	6.5137747865
9.31904761905	6.5145073654
9.32380952381	6.5152393206
9.32857142857	6.5159706531
9.33333333333	6.5167013636
9.3380952381	6.5174314532
9.34285714286	6.5181609228
9.34761904762	6.5188897732
9.35238095238	6.5196180053
9.35714285714	6.5203456201
9.3619047619	6.5210726185
9.36666666667	6.5217990013
9.37142857143	6.5225247695
9.37619047619	6.5232499239
9.38095238095	6.5239744655
9.38571428571	6.5246983950
9.39047619048	6.5254217135
9.39523809524	6.5261444218
9.4	6.5268665208
9.40476190476	6.5275880113
9.40952380952	6.5283088942
9.41428571429	6.5290291705
9.41904761905	6.5297488410
9.42380952381	6.5304679066
9.42857142857	6.5311863681
9.43333333333	6.5319042264
9.4380952381	6.5326214825
9.44285714286	6.5333381370
9.44761904762	6.5340541910
9.45238095238	6.5347696453
9.45714285714	6.5354845007
9.4619047619	6.5361987582
9.46666666667	6.5369124184
9.47142857143	6.5376254825
9.47619047619	6.5383379511
9.48095238095	6.5390498251
9.48571428571	6.5397611054
9.49047619048	6.5404717928
9.49523809524	6.5411818882
9.5	6.5418913924
9.50476190476	6.5426003063
9.50952380952	6.5433086307
9.51428571429	6.5440163665
9.51904761905	6.5447235144
9.52380952381	6.5454300754
9.52857142857	6.5461360502
9.53333333333	6.5468414397
9.5380952381	6.5475462448
9.54285714286	6.5482504662
9.54761904762	6.5489541047
9.55238095238	6.5496571613
9.55714285714	6.5503596368
9.5619047619	6.5510615318
9.56666666667	6.5517628474
9.57142857143	6.5524635843
9.57619047619	6.5531637433
9.58095238095	6.5538633252
9.58571428571	6.5545623308
9.59047619048	6.5552607611
9.59523809524	6.5559586167
9.6	6.5566558985
9.60476190476	6.5573526072
9.60952380952	6.5580487438
9.61428571429	6.5587443090
9.61904761905	6.5594393036
9.62380952381	6.5601337283
9.62857142857	6.5608275841
9.63333333333	6.5615208717
9.6380952381	6.5622135919
9.64285714286	6.5629057455
9.64761904762	6.5635973333
9.65238095238	6.5642883561
9.65714285714	6.5649788146
9.6619047619	6.5656687097
9.66666666667	6.5663580421
9.67142857143	6.5670468127
9.67619047619	6.5677350221
9.68095238095	6.5684226713
9.68571428571	6.5691097609
9.69047619048	6.5697962918
9.69523809524	6.5704822648
9.7	6.5711676805
9.70476190476	6.5718525398
9.70952380952	6.5725368435
9.71428571429	6.5732205923
9.71904761905	6.5739037870
9.72380952381	6.5745864283
9.72857142857	6.5752685171
9.73333333333	6.5759500541
9.7380952381	6.5766310400
9.74285714286	6.5773114757
9.74761904762	6.5779913618
9.75238095238	6.5786706991
9.75714285714	6.5793494885
9.7619047619	6.5800277306
9.76666666667	6.5807054262
9.77142857143	6.5813825760
9.77619047619	6.5820591809
9.78095238095	6.5827352415
9.78571428571	6.5834107586
9.79047619048	6.5840857329
9.79523809524	6.5847601653
9.8	6.5854340564
9.80476190476	6.5861074069
9.80952380952	6.5867802177
9.81428571429	6.5874524894
9.81904761905	6.5881242229
9.82380952381	6.5887954187
9.82857142857	6.5894660778
9.83333333333	6.5901362007
9.8380952381	6.5908057882
9.84285714286	6.5914748412
9.84761904762	6.5921433602
9.85238095238	6.5928113460
9.85714285714	6.5934787993
9.8619047619	6.5941457210
9.86666666667	6.5948121116
9.87142857143	6.5954779719
9.87619047619	6.5961433026
9.88095238095	6.5968081045
9.88571428571	6.5974723783
9.89047619048	6.5981361247
9.89523809524	6.5987993443
9.9	6.5994620379
9.90476190476	6.6001242063
9.90952380952	6.6007858501
9.91428571429	6.6014469701
9.91904761905	6.6021075668
9.92380952381	6.6027676412
9.92857142857	6.6034271938
9.93333333333	6.6040862253
9.9380952381	6.6047447365
9.94285714286	6.6054027281
9.94761904762	6.6060602007
9.95238095238	6.6067171551
9.95714285714	6.6073735919
9.9619047619	6.6080295119
9.96666666667	6.6086849158
9.97142857143	6.6093398041
9.97619047619	6.6099941777
9.98095238095	6.6106480372
9.98571428571	6.6113013833
9.99047619048	6.6119542167
9.99523809524	6.6126065381
10.0	6.6132583482
