0.0	3.0635189541
0.00322580645161	3.0641349586
0.00645161290323	3.0647522042
0.00967741935484	3.0653711841
0.0129032258065	3.0659918849
0.0161290322581	3.0666142931
0.0193548387097	3.0672383950
0.0225806451613	3.0678641769
0.0258064516129	3.0684916247
0.0290322580645	3.0691207241
0.0322580645161	3.0697514607
0.0354838709677	3.0703838199
0.0387096774194	3.0710177868
0.041935483871	3.0716533464
0.0451612903226	3.0722904836
0.0483870967742	3.0729291828
0.0516129032258	3.0735694287
0.0548387096774	3.0742112053
0.058064516129	3.0748544968
0.0612903225806	3.0754992872
0.0645161290323	3.0761455601
0.0677419354839	3.0767932993
0.0709677419355	3.0774424880
0.0741935483871	3.0780931097
0.0774193548387	3.0787451474
0.0806451612903	3.0793985842
0.0838709677419	3.0800534030
0.0870967741935	3.0807095864
0.0903225806452	3.0813671171
0.0935483870968	3.0820259776
0.0967741935484	3.0826861503
0.1	3.0833476173
0.103225806452	3.0840103609
0.106451612903	3.0846743630
0.109677419355	3.0853396057
0.112903225806	3.0860060708
0.116129032258	3.0866737400
0.11935483871	3.0873425950
0.122580645161	3.0880126174
0.125806451613	3.0886837889
0.129032258065	3.0893560908
0.132258064516	3.0900295046
0.135483870968	3.0907040117
0.138709677419	3.0913795935
0.141935483871	3.0920562312
0.145161290323	3.0927339064
0.148387096774	3.0934126003
0.151612903226	3.0940922943
0.154838709677	3.0947729700
0.158064516129	3.0954546090
0.161290322581	3.0961371931
0.164516129032	3.0968207041
0.167741935484	3.0975051246
0.170967741935	3.0981904371
0.174193548387	3.0988766249
0.177419354839	3.0995636719
0.18064516129	3.1002515630
0.183870967742	3.1009402841
0.187096774194	3.1016298225
0.190322580645	3.1023201677
0.193548387097	3.1030113114
0.196774193548	3.1037032484
0.2	3.1043959773
0.203225806452	3.1050894971
0.206451612903	3.1057838066
0.209677419355	3.1064789047
0.212903225806	3.1071747902
0.216129032258	3.1078714621
0.21935483871	3.1085689192
0.222580645161	3.1092671604
0.225806451613	3.1099661845
0.229032258065	3.1106659905
0.232258064516	3.1113665772
0.235483870968	3.1120679436
0.238709677419	3.1127700883
0.241935483871	3.1134730105
0.245161290323	3.1141767089
0.248387096774	3.1148811824
0.251612903226	3.1155864299
0.254838709677	3.1162924503
0.258064516129	3.1169992425
0.261290322581	3.1177068054
0.264516129032	3.1184151378
0.267741935484	3.1191242386
0.270967741935	3.1198341068
0.274193548387	3.1205447412
0.277419354839	3.1212561408
0.28064516129	3.1219683043
0.283870967742	3.1226812307
0.287096774194	3.1233949189
0.290322580645	3.1241093678
0.293548387097	3.1248245763
0.296774193548	3.1255405433
0.3	3.1262572676
0.303225806452	3.1269747482
0.306451612903	3.1276929839
0.309677419355	3.1284119738
0.312903225806	3.1291317166
0.316129032258	3.1298522112
0.31935483871	3.1305734567
0.322580645161	3.1312954518
0.325806451613	3.1320181955
0.329032258065	3.1327416867
0.332258064516	3.1334659242
0.335483870968	3.1341909071
0.338709677419	3.1349166342
0.341935483871	3.1356431043
0.345161290323	3.1363703165
0.348387096774	3.1370982696
0.351612903226	3.1378269626
0.354838709677	3.1385563943
0.358064516129	3.1392865637
0.361290322581	3.1400174696
0.364516129032	3.1407491110
0.367741935484	3.1414814869
0.370967741935	3.1422145960
0.374193548387	3.1429484374
0.377419354839	3.1436830100
0.38064516129	3.1444183126
0.383870967742	3.1451543443
0.387096774194	3.1458911038
0.390322580645	3.1466285902
0.393548387097	3.1473668023
0.396774193548	3.1481057391
0.4	3.1488453996
0.403225806452	3.1495857825
0.406451612903	3.1503268869
0.409677419355	3.1510687117
0.412903225806	3.1518112558
0.416129032258	3.1525545182
0.41935483871	3.1532984977
0.422580645161	3.1540431933
0.425806451613	3.1547886039
0.429032258065	3.1555347285
0.432258064516	3.1562815660
0.435483870968	3.1570291154
0.438709677419	3.1577773755
0.441935483871	3.1585263453
0.445161290323	3.1592760237
0.448387096774	3.1600264097
0.451612903226	3.1607775023
0.454838709677	3.1615293003
0.458064516129	3.1622818026
0.461290322581	3.1630350084
0.464516129032	3.1637889164
0.467741935484	3.1645435256
0.470967741935	3.1652988350
0.474193548387	3.1660548435
0.477419354839	3.1668115500
0.48064516129	3.1675689536
0.483870967742	3.1683270531
0.487096774194	3.1690858475
0.490322580645	3.1698453358
0.493548387097	3.1706055169
0.496774193548	3.1713663898
0.5	3.1721279533
0.503225806452	3.1728902065
0.506451612903	3.1736531484
0.509677419355	3.1744167778
0.512903225806	3.1751810937
0.516129032258	3.1759460952
0.51935483871	3.1767117811
0.522580645161	3.1774781504
0.525806451613	3.1782452020
0.529032258065	3.1790129350
0.532258064516	3.1797813483
0.535483870968	3.1805504409
0.538709677419	3.1813202117
0.541935483871	3.1820906596
0.545161290323	3.1828617838
0.548387096774	3.1836335830
0.551612903226	3.1844060564
0.554838709677	3.1851792028
0.558064516129	3.1859530212
0.561290322581	3.1867275106
0.564516129032	3.1875026701
0.567741935484	3.1882784985
0.570967741935	3.1890549948
0.574193548387	3.1898321580
0.577419354839	3.1906099871
0.58064516129	3.1913884810
0.583870967742	3.1921676388
0.587096774194	3.1929474594
0.590322580645	3.1937279418
0.593548387097	3.1945090850
0.596774193548	3.1952908880
0.6	3.1960733497
0.603225806452	3.1968564691
0.606451612903	3.1976402452
0.609677419355	3.1984246771
0.612903225806	3.1992097637
0.616129032258	3.1999955039
0.61935483871	3.2007818968
0.622580645161	3.2015689414
0.625806451613	3.2023566366
0.629032258065	3.2031449815
0.632258064516	3.2039339751
0.635483870968	3.2047236163
0.638709677419	3.2055139041
0.641935483871	3.2063048375
0.645161290323	3.2070964156
0.648387096774	3.2078886374
0.651612903226	3.2086815018
0.654838709677	3.2094750078
0.658064516129	3.2102691544
0.661290322581	3.2110639407
0.664516129032	3.2118593657
0.667741935484	3.2126554283
0.670967741935	3.2134521276
0.674193548387	3.2142494625
0.677419354839	3.2150474322
0.68064516129	3.2158460355
0.683870967742	3.2166452715
0.687096774194	3.2174451393
0.690322580645	3.2182456378
0.693548387097	3.2190467660
0.696774193548	3.2198485230
0.7	3.2206509078
0.703225806452	3.2214539194
0.706451612903	3.2222575568
0.709677419355	3.2230618191
0.712903225806	3.2238667052
0.716129032258	3.2246722142
0.71935483871	3.2254783451
0.722580645161	3.2262850970
0.725806451613	3.2270924688
0.729032258065	3.2279004596
0.732258064516	3.2287090684
0.735483870968	3.2295182942
0.738709677419	3.2303281362
0.741935483871	3.2311385932
0.745161290323	3.2319496644
0.748387096774	3.2327613488
0.751612903226	3.2335736453
0.754838709677	3.2343865532
0.758064516129	3.2352000713
0.761290322581	3.2360141987
0.764516129032	3.2368289345
0.767741935484	3.2376442777
0.770967741935	3.2384602273
0.774193548387	3.2392767824
0.777419354839	3.2400939421
0.78064516129	3.2409117053
0.783870967742	3.2417300712
0.787096774194	3.2425490388
0.790322580645	3.2433686070
0.793548387097	3.2441887750
0.796774193548	3.2450095419
0.8	3.2458309066
0.803225806452	3.2466528683
0.806451612903	3.2474754259
0.809677419355	3.2482985786
0.812903225806	3.2491223254
0.816129032258	3.2499466653
0.81935483871	3.2507715975
0.822580645161	3.2515971209
0.825806451613	3.2524232347
0.829032258065	3.2532499378
0.832258064516	3.2540772295
0.835483870968	3.2549051086
0.838709677419	3.2557335744
0.841935483871	3.2565626258
0.845161290323	3.2573922619
0.848387096774	3.2582224819
0.851612903226	3.2590532847
0.854838709677	3.2598846695
0.858064516129	3.2607166353
0.861290322581	3.2615491811
0.864516129032	3.2623823062
0.867741935484	3.2632160095
0.870967741935	3.2640502901
0.874193548387	3.2648851471
0.877419354839	3.2657205796
0.88064516129	3.2665565867
0.883870967742	3.2673931675
0.887096774194	3.2682303209
0.890322580645	3.2690680462
0.893548387097	3.2699063424
0.896774193548	3.2707452086
0.9	3.2715846439
0.903225806452	3.2724246473
0.906451612903	3.2732652180
0.909677419355	3.2741063551
0.912903225806	3.2749480576
0.916129032258	3.2757903247
0.91935483871	3.2766331554
0.922580645161	3.2774765489
0.925806451613	3.2783205042
0.929032258065	3.2791650205
0.932258064516	3.2800100968
0.935483870968	3.2808557322
0.938709677419	3.2817019259
0.941935483871	3.2825486770
0.945161290323	3.2833959845
0.948387096774	3.2842438476
0.951612903226	3.2850922653
0.954838709677	3.2859412369
0.958064516129	3.2867907613
0.961290322581	3.2876408378
0.964516129032	3.2884914654
0.967741935484	3.2893426432
0.970967741935	3.2901943704
0.974193548387	3.2910466461
0.977419354839	3.2918994693
0.98064516129	3.2927528393
0.983870967742	3.2936067551
0.987096774194	3.2944612159
0.990322580645	3.2953162207
0.993548387097	3.2961717688
0.996774193548	3.2970278591
1.0	3.2978844910
1.00322580645	3.2987416634
1.0064516129	3.2995993756
1.00967741935	3.3004576266
1.01290322581	3.3013164156
1.01612903226	3.3021757417
1.01935483871	3.3030356041
1.02258064516	3.3038960018
1.02580645161	3.3047569341
1.02903225806	3.3056184000
1.03225806452	3.3064803988
1.03548387097	3.3073429295
1.03870967742	3.3082059913
1.04193548387	3.3090695833
1.04516129032	3.3099337047
1.04838709677	3.3107983546
1.05161290323	3.3116635322
1.05483870968	3.3125292366
1.05806451613	3.3133954670
1.06129032258	3.3142622226
1.06451612903	3.3151295024
1.06774193548	3.3159973056
1.07096774194	3.3168656314
1.07419354839	3.3177344790
1.07741935484	3.3186038475
1.08064516129	3.3194737360
1.08387096774	3.3203441438
1.08709677419	3.3212150699
1.09032258065	3.3220865136
1.0935483871	3.3229584740
1.09677419355	3.3238309503
1.1	3.3247039417
1.10322580645	3.3255774472
1.1064516129	3.3264514662
1.10967741935	3.3273259977
1.11290322581	3.3282010409
1.11612903226	3.3290765950
1.11935483871	3.3299526592
1.12258064516	3.3308292327
1.12580645161	3.3317063146
1.12903225806	3.3325839041
1.13225806452	3.3334620004
1.13548387097	3.3343406026
1.13870967742	3.3352197101
1.14193548387	3.3360993218
1.14516129032	3.3369794371
1.14838709677	3.3378600551
1.15161290323	3.3387411750
1.15483870968	3.3396227960
1.15806451613	3.3405049173
1.16129032258	3.3413875380
1.16451612903	3.3422706575
1.16774193548	3.3431542747
1.17096774194	3.3440383891
1.17419354839	3.3449229996
1.17741935484	3.3458081057
1.18064516129	3.3466937064
1.18387096774	3.3475798009
1.18709677419	3.3484663885
1.19032258065	3.3493534684
1.1935483871	3.3502410397
1.19677419355	3.3511291017
1.2	3.3520176536
1.20322580645	3.3529066946
1.2064516129	3.3537962239
1.20967741935	3.3546862407
1.21290322581	3.3555767442
1.21612903226	3.3564677337
1.21935483871	3.3573592083
1.22258064516	3.3582511673
1.22580645161	3.3591436099
1.22903225806	3.3600365353
1.23225806452	3.3609299428
1.23548387097	3.3618238315
1.23870967742	3.3627182006
1.24193548387	3.3636130495
1.24516129032	3.3645083773
1.24838709677	3.3654041833
1.25161290323	3.3663004667
1.25483870968	3.3671972267
1.25806451613	3.3680944626
1.26129032258	3.3689921735
1.26451612903	3.3698903588
1.26774193548	3.3707890176
1.27096774194	3.3716881492
1.27419354839	3.3725877529
1.27741935484	3.3734878278
1.28064516129	3.3743883733
1.28387096774	3.3752893885
1.28709677419	3.3761908727
1.29032258065	3.3770928252
1.2935483871	3.3779952451
1.29677419355	3.3788981318
1.3	3.3798014845
1.30322580645	3.3807053025
1.3064516129	3.3816095849
1.30967741935	3.3825143311
1.31290322581	3.3834195403
1.31612903226	3.3843252118
1.31935483871	3.3852313448
1.32258064516	3.3861379386
1.32580645161	3.3870449924
1.32903225806	3.3879525056
1.33225806452	3.3888604772
1.33548387097	3.3897689068
1.33870967742	3.3906777934
1.34193548387	3.3915871364
1.34516129032	3.3924969350
1.34838709677	3.3934071886
1.35161290323	3.3943178963
1.35483870968	3.3952290574
1.35806451613	3.3961406713
1.36129032258	3.3970527372
1.36451612903	3.3979652543
1.36774193548	3.3988782221
1.37096774194	3.3997916396
1.37419354839	3.4007055063
1.37741935484	3.4016198213
1.38064516129	3.4025345841
1.38387096774	3.4034497938
1.38709677419	3.4043654498
1.39032258065	3.4052815513
1.3935483871	3.4061980976
1.39677419355	3.4071150881
1.4	3.4080325220
1.40322580645	3.4089503986
1.4064516129	3.4098687171
1.40967741935	3.4107874770
1.41290322581	3.4117066775
1.41612903226	3.4126263179
1.41935483871	3.4135463975
1.42258064516	3.4144669156
1.42580645161	3.4153878715
1.42903225806	3.4163092645
1.43225806452	3.4172310939
1.43548387097	3.4181533591
1.43870967742	3.4190760592
1.44193548387	3.4199991937
1.44516129032	3.4209227619
1.44838709677	3.4218467630
1.45161290323	3.4227711964
1.45483870968	3.4236960614
1.45806451613	3.4246213573
1.46129032258	3.4255470835
1.46451612903	3.4264732392
1.46774193548	3.4273998238
1.47096774194	3.4283268365
1.47419354839	3.4292542768
1.47741935484	3.4301821439
1.48064516129	3.4311104373
1.48387096774	3.4320391561
1.48709677419	3.4329682997
1.49032258065	3.4338978675
1.4935483871	3.4348278588
1.49677419355	3.4357582729
1.5	3.4366891092
1.50322580645	3.4376203670
1.5064516129	3.4385520456
1.50967741935	3.4394841445
1.51290322581	3.4404166628
1.51612903226	3.4413496000
1.51935483871	3.4422829554
1.52258064516	3.4432167283
1.52580645161	3.4441509182
1.52903225806	3.4450855243
1.53225806452	3.4460205460
1.53548387097	3.4469559826
1.53870967742	3.4478918336
1.54193548387	3.4488280982
1.54516129032	3.4497647758
1.54838709677	3.4507018658
1.55161290323	3.4516393675
1.55483870968	3.4525772803
1.55806451613	3.4535156035
1.56129032258	3.4544543365
1.56451612903	3.4553934787
1.56774193548	3.4563330295
1.57096774194	3.4572729881
1.57419354839	3.4582133540
1.57741935484	3.4591541266
1.58064516129	3.4600953051
1.58387096774	3.4610368891
1.58709677419	3.4619788777
1.59032258065	3.4629212706
1.5935483871	3.4638640669
1.59677419355	3.4648072661
1.6	3.4657508676
1.60322580645	3.4666948707
1.6064516129	3.4676392749
1.60967741935	3.4685840795
1.61290322581	3.4695292838
1.61612903226	3.4704748874
1.61935483871	3.4714208895
1.62258064516	3.4723672896
1.62580645161	3.4733140870
1.62903225806	3.4742612811
1.63225806452	3.4752088715
1.63548387097	3.4761568573
1.63870967742	3.4771052381
1.64193548387	3.4780540131
1.64516129032	3.4790031820
1.64838709677	3.4799527439
1.65161290323	3.4809026984
1.65483870968	3.4818530448
1.65806451613	3.4828037825
1.66129032258	3.4837549110
1.66451612903	3.4847064296
1.66774193548	3.4856583378
1.67096774194	3.4866106350
1.67419354839	3.4875633205
1.67741935484	3.4885163939
1.68064516129	3.4894698544
1.68387096774	3.4904237016
1.68709677419	3.4913779349
1.69032258065	3.4923325536
1.6935483871	3.4932875572
1.69677419355	3.4942429451
1.7	3.4951987167
1.70322580645	3.4961548715
1.7064516129	3.4971114089
1.70967741935	3.4980683283
1.71290322581	3.4990256292
1.71612903226	3.4999833109
1.71935483871	3.5009413729
1.72258064516	3.5018998147
1.72580645161	3.5028586357
1.72903225806	3.5038178352
1.73225806452	3.5047774128
1.73548387097	3.5057373680
1.73870967742	3.5066977000
1.74193548387	3.5076584084
1.74516129032	3.5086194927
1.74838709677	3.5095809522
1.75161290323	3.5105427864
1.75483870968	3.5115049948
1.75806451613	3.5124675768
1.76129032258	3.5134305319
1.76451612903	3.5143938595
1.76774193548	3.5153575590
1.77096774194	3.5163216300
1.77419354839	3.5172860719
1.77741935484	3.5182508841
1.78064516129	3.5192160661
1.78387096774	3.5201816174
1.78709677419	3.5211475374
1.79032258065	3.5221138256
1.7935483871	3.5230804815
1.79677419355	3.5240475045
1.8	3.5250148941
1.80322580645	3.5259826498
1.8064516129	3.5269507710
1.80967741935	3.5279192572
1.81290322581	3.5288881079
1.81612903226	3.5298573225
1.81935483871	3.5308269007
1.82258064516	3.5317968417
1.82580645161	3.5327671451
1.82903225806	3.5337378104
1.83225806452	3.5347088371
1.83548387097	3.5356802247
1.83870967742	3.5366519726
1.84193548387	3.5376240803
1.84516129032	3.5385965473
1.84838709677	3.5395693732
1.85161290323	3.5405425573
1.85483870968	3.5415160993
1.85806451613	3.5424899985
1.86129032258	3.5434642545
1.86451612903	3.5444388669
1.86774193548	3.5454138350
1.87096774194	3.5463891584
1.87419354839	3.5473648366
1.87741935484	3.5483408691
1.88064516129	3.5493172554
1.88387096774	3.5502939950
1.88709677419	3.5512710874
1.89032258065	3.5522485322
1.8935483871	3.5532263288
1.89677419355	3.5542044768
1.9	3.5551829757
1.90322580645	3.5561618249
1.9064516129	3.5571410241
1.90967741935	3.5581205726
1.91290322581	3.5591004702
1.91612903226	3.5600807162
1.91935483871	3.5610613102
1.92258064516	3.5620422517
1.92580645161	3.5630235403
1.92903225806	3.5640051755
1.93225806452	3.5649871567
1.93548387097	3.5659694836
1.93870967742	3.5669521557
1.94193548387	3.5679351725
1.94516129032	3.5689185335
1.94838709677	3.5699022383
1.95161290323	3.5708862865
1.95483870968	3.5718706775
1.95806451613	3.5728554109
1.96129032258	3.5738404863
1.96451612903	3.5748259031
1.96774193548	3.5758116610
1.97096774194	3.5767977595
1.97419354839	3.5777841981
1.97741935484	3.5787709764
1.98064516129	3.5797580940
1.98387096774	3.5807455504
1.98709677419	3.5817333451
1.99032258065	3.5827214777
1.9935483871	3.5837099478
1.99677419355	3.5846987549
2.0	3.5856878987
2.00322580645	3.5866773786
2.0064516129	3.5876671942
2.00967741935	3.5886573451
2.01290322581	3.5896478309
2.01612903226	3.5906386511
2.01935483871	3.5916298053
2.02258064516	3.5926212930
2.02580645161	3.5936131139
2.02903225806	3.5946052676
2.03225806452	3.5955977535
2.03548387097	3.5965905714
2.03870967742	3.5975837207
2.04193548387	3.5985772010
2.04516129032	3.5995710120
2.04838709677	3.6005651531
2.05161290323	3.6015596241
2.05483870968	3.6025544245
2.05806451613	3.6035495538
2.06129032258	3.6045450118
2.06451612903	3.6055407978
2.06774193548	3.6065369117
2.07096774194	3.6075333529
2.07419354839	3.6085301210
2.07741935484	3.6095272158
2.08064516129	3.6105246366
2.08387096774	3.6115223832
2.08709677419	3.6125204552
2.09032258065	3.6135188522
2.0935483871	3.6145175737
2.09677419355	3.6155166194
2.1	3.6165159889
2.10322580645	3.6175156818
2.1064516129	3.6185156977
2.10967741935	3.6195160363
2.11290322581	3.6205166971
2.11612903226	3.6215176798
2.11935483871	3.6225189839
2.12258064516	3.6235206092
2.12580645161	3.6245225552
2.12903225806	3.6255248216
2.13225806452	3.6265274080
2.13548387097	3.6275303140
2.13870967742	3.6285335392
2.14193548387	3.6295370833
2.14516129032	3.6305409459
2.14838709677	3.6315451266
2.15161290323	3.6325496252
2.15483870968	3.6335544411
2.15806451613	3.6345595741
2.16129032258	3.6355650238
2.16451612903	3.6365707898
2.16774193548	3.6375768719
2.17096774194	3.6385832695
2.17419354839	3.6395899824
2.17741935484	3.6405970103
2.18064516129	3.6416043527
2.18387096774	3.6426120093
2.18709677419	3.6436199798
2.19032258065	3.6446282639
2.1935483871	3.6456368612
2.19677419355	3.6466457713
2.2	3.6476549939
2.20322580645	3.6486645287
2.2064516129	3.6496743753
2.20967741935	3.6506845335
2.21290322581	3.6516950028
2.21612903226	3.6527057829
2.21935483871	3.6537168736
2.22258064516	3.6547282744
2.22580645161	3.6557399851
2.22903225806	3.6567520053
2.23225806452	3.6577643348
2.23548387097	3.6587769731
2.23870967742	3.6597899200
2.24193548387	3.6608031751
2.24516129032	3.6618167382
2.24838709677	3.6628306088
2.25161290323	3.6638447868
2.25483870968	3.6648592718
2.25806451613	3.6658740634
2.26129032258	3.6668891615
2.26451612903	3.6679045655
2.26774193548	3.6689202754
2.27096774194	3.6699362907
2.27419354839	3.6709526112
2.27741935484	3.6719692365
2.28064516129	3.6729861664
2.28387096774	3.6740034005
2.28709677419	3.6750209387
2.29032258065	3.6760387804
2.2935483871	3.6770569256
2.29677419355	3.6780753739
2.3	3.6790941250
2.30322580645	3.6801131786
2.3064516129	3.6811325344
2.30967741935	3.6821521922
2.31290322581	3.6831721516
2.31612903226	3.6841924125
2.31935483871	3.6852129745
2.32258064516	3.6862338373
2.32580645161	3.6872550007
2.32903225806	3.6882764643
2.33225806452	3.6892982280
2.33548387097	3.6903202915
2.33870967742	3.6913426544
2.34193548387	3.6923653166
2.34516129032	3.6933882777
2.34838709677	3.6944115375
2.35161290323	3.6954350957
2.35483870968	3.6964589521
2.35806451613	3.6974831065
2.36129032258	3.6985075585
2.36451612903	3.6995323079
2.36774193548	3.7005573545
2.37096774194	3.7015826980
2.37419354839	3.7026083382
2.37741935484	3.7036342747
2.38064516129	3.7046605075
2.38387096774	3.7056870362
2.38709677419	3.7067138605
2.39032258065	3.7077409804
2.3935483871	3.7087683954
2.39677419355	3.7097961054
2.4	3.7108241102
2.40322580645	3.7118524094
2.4064516129	3.7128810030
2.40967741935	3.7139098906
2.41290322581	3.7149390721
2.41612903226	3.7159685471
2.41935483871	3.7169983155
2.42258064516	3.7180283771
2.42580645161	3.7190587317
2.42903225806	3.7200893789
2.43225806452	3.7211203187
2.43548387097	3.7221515508
2.43870967742	3.7231830749
2.44193548387	3.7242148909
2.44516129032	3.7252469986
2.44838709677	3.7262793978
2.45161290323	3.7273120882
2.45483870968	3.7283450697
2.45806451613	3.7293783420
2.46129032258	3.7304119050
2.46451612903	3.7314457584
2.46774193548	3.7324799021
2.47096774194	3.7335143358
2.47419354839	3.7345490595
2.47741935484	3.7355840728
2.48064516129	3.7366193757
2.48387096774	3.7376549678
2.48709677419	3.7386908491
2.49032258065	3.7397270193
2.4935483871	3.7407634783
2.49677419355	3.7418002259
2.5	3.7428372619
2.50322580645	3.7438745862
2.5064516129	3.7449121985
2.50967741935	3.7459500988
2.51290322581	3.7469882867
2.51612903226	3.7480267623
2.51935483871	3.7490655252
2.52258064516	3.7501045754
2.52580645161	3.7511439126
2.52903225806	3.7521835368
2.53225806452	3.7532234477
2.53548387097	3.7542636453
2.53870967742	3.7553041293
2.54193548387	3.7563448996
2.54516129032	3.7573859560
2.54838709677	3.7584272985
2.55161290323	3.7594689268
2.55483870968	3.7605108409
2.55806451613	3.7615530405
2.56129032258	3.7625955256
2.56451612903	3.7636382960
2.56774193548	3.7646813516
2.57096774194	3.7657246922
2.57419354839	3.7667683177
2.57741935484	3.7678122280
2.58064516129	3.7688564229
2.58387096774	3.7699009024
2.58709677419	3.7709456662
2.59032258065	3.7719907144
2.5935483871	3.7730360467
2.59677419355	3.7740816631
2.6	3.7751275634
2.60322580645	3.7761737475
2.6064516129	3.7772202154
2.60967741935	3.7782669668
2.61290322581	3.7793140018
2.61612903226	3.7803613201
2.61935483871	3.7814089217
2.62258064516	3.7824568066
2.62580645161	3.7835049745
2.62903225806	3.7845534254
2.63225806452	3.7856021593
2.63548387097	3.7866511759
2.63870967742	3.7877004753
2.64193548387	3.7887500573
2.64516129032	3.7897999218
2.64838709677	3.7908500689
2.65161290323	3.7919004983
2.65483870968	3.7929512100
2.65806451613	3.7940022040
2.66129032258	3.7950534802
2.66451612903	3.7961050384
2.66774193548	3.7971568786
2.67096774194	3.7982090008
2.67419354839	3.7992614049
2.67741935484	3.8003140908
2.68064516129	3.8013670585
2.68387096774	3.8024203079
2.68709677419	3.8034738389
2.69032258065	3.8045276515
2.6935483871	3.8055817457
2.69677419355	3.8066361213
2.7	3.8076907784
2.70322580645	3.8087457169
2.7064516129	3.8098009368
2.70967741935	3.8108564379
2.71290322581	3.8119122204
2.71612903226	3.8129682841
2.71935483871	3.8140246290
2.72258064516	3.8150812550
2.72580645161	3.8161381622
2.72903225806	3.8171953506
2.73225806452	3.8182528200
2.73548387097	3.8193105705
2.73870967742	3.8203686021
2.74193548387	3.8214269147
2.74516129032	3.8224855083
2.74838709677	3.8235443829
2.75161290323	3.8246035385
2.75483870968	3.8256629751
2.75806451613	3.8267226927
2.76129032258	3.8277826913
2.76451612903	3.8288429708
2.76774193548	3.8299035313
2.77096774194	3.8309643728
2.77419354839	3.8320254953
2.77741935484	3.8330868988
2.78064516129	3.8341485833
2.78387096774	3.8352105489
2.78709677419	3.8362727954
2.79032258065	3.8373353231
2.7935483871	3.8383981318
2.79677419355	3.8394612216
2.8	3.8405245925
2.80322580645	3.8415882447
2.8064516129	3.8426521779
2.80967741935	3.8437163925
2.81290322581	3.8447808882
2.81612903226	3.8458456653
2.81935483871	3.8469107237
2.82258064516	3.8479760635
2.82580645161	3.8490416848
2.82903225806	3.8501075875
2.83225806452	3.8511737717
2.83548387097	3.8522402375
2.83870967742	3.8533069850
2.84193548387	3.8543740141
2.84516129032	3.8554413251
2.84838709677	3.8565089178
2.85161290323	3.8575767925
2.85483870968	3.8586449491
2.85806451613	3.8597133877
2.86129032258	3.8607821085
2.86451612903	3.8618511114
2.86774193548	3.8629203967
2.87096774194	3.8639899642
2.87419354839	3.8650598143
2.87741935484	3.8661299468
2.88064516129	3.8672003620
2.88387096774	3.8682710599
2.88709677419	3.8693420406
2.89032258065	3.8704133042
2.8935483871	3.8714848508
2.89677419355	3.8725566806
2.9	3.8736287935
2.90322580645	3.8747011899
2.9064516129	3.8757738696
2.90967741935	3.8768468330
2.91290322581	3.8779200800
2.91612903226	3.8789936109
2.91935483871	3.8800674257
2.92258064516	3.8811415246
2.92580645161	3.8822159076
2.92903225806	3.8832905750
2.93225806452	3.8843655269
2.93548387097	3.8854407634
2.93870967742	3.8865162846
2.94193548387	3.8875920908
2.94516129032	3.8886681820
2.94838709677	3.8897445584
2.95161290323	3.8908212201
2.95483870968	3.8918981674
2.95806451613	3.8929754003
2.96129032258	3.8940529191
2.96451612903	3.8951307239
2.96774193548	3.8962088149
2.97096774194	3.8972871922
2.97419354839	3.8983658560
2.97741935484	3.8994448066
2.98064516129	3.9005240440
2.98387096774	3.9016035686
2.98709677419	3.9026833804
2.99032258065	3.9037634796
2.9935483871	3.9048438665
2.99677419355	3.9059245413
3.0	3.9070055041
3.00322580645	3.9080867551
3.0064516129	3.9091682947
3.00967741935	3.9102501229
3.01290322581	3.9113322400
3.01612903226	3.9124146462
3.01935483871	3.9134973418
3.02258064516	3.9145803269
3.02580645161	3.9156636018
3.02903225806	3.9167471668
3.03225806452	3.9178310220
3.03548387097	3.9189151676
3.03870967742	3.9199996041
3.04193548387	3.9210843315
3.04516129032	3.9221693501
3.04838709677	3.9232546602
3.05161290323	3.9243402621
3.05483870968	3.9254261559
3.05806451613	3.9265123420
3.06129032258	3.9275988207
3.06451612903	3.9286855921
3.06774193548	3.9297726566
3.07096774194	3.9308600145
3.07419354839	3.9319476659
3.07741935484	3.9330356113
3.08064516129	3.9341238509
3.08387096774	3.9352123850
3.08709677419	3.9363012139
3.09032258065	3.9373903379
3.0935483871	3.9384797572
3.09677419355	3.9395694723
3.1	3.9406594833
3.10322580645	3.9417497907
3.1064516129	3.9428403947
3.10967741935	3.9439312957
3.11290322581	3.9450224940
3.11612903226	3.9461139899
3.11935483871	3.9472057837
3.12258064516	3.9482978759
3.12580645161	3.9493902666
3.12903225806	3.9504829563
3.13225806452	3.9515759454
3.13548387097	3.9526692341
3.13870967742	3.9537628229
3.14193548387	3.9548567121
3.14516129032	3.9559509020
3.14838709677	3.9570453931
3.15161290323	3.9581401856
3.15483870968	3.9592352801
3.15806451613	3.9603306768
3.16129032258	3.9614263761
3.16451612903	3.9625223785
3.16774193548	3.9636186844
3.17096774194	3.9647152941
3.17419354839	3.9658122080
3.17741935484	3.9669094265
3.18064516129	3.9680069502
3.18387096774	3.9691047792
3.18709677419	3.9702029142
3.19032258065	3.9713013555
3.1935483871	3.9724001036
3.19677419355	3.9734991589
3.2	3.9745985217
3.20322580645	3.9756981927
3.2064516129	3.9767981721
3.20967741935	3.9778984605
3.21290322581	3.9789990584
3.21612903226	3.9800999661
3.21935483871	3.9812011842
3.22258064516	3.9823027131
3.22580645161	3.9834045532
3.22903225806	3.9845067052
3.23225806452	3.9856091694
3.23548387097	3.9867119464
3.23870967742	3.9878150367
3.24193548387	3.9889184407
3.24516129032	3.9900221589
3.24838709677	3.9911261919
3.25161290323	3.9922305402
3.25483870968	3.9933352042
3.25806451613	3.9944401846
3.26129032258	3.9955454819
3.26451612903	3.9966510965
3.26774193548	3.9977570291
3.27096774194	3.9988632801
3.27419354839	3.9999698501
3.27741935484	4.0010767398
3.28064516129	4.0021839495
3.28387096774	4.0032914800
3.28709677419	4.0043993318
3.29032258065	4.0055075054
3.2935483871	4.0066160014
3.29677419355	4.0077248205
3.3	4.0088339631
3.30322580645	4.0099434300
3.3064516129	4.0110532218
3.30967741935	4.0121633389
3.31290322581	4.0132737821
3.31612903226	4.0143845520
3.31935483871	4.0154956491
3.32258064516	4.0166070742
3.32580645161	4.0177188279
3.32903225806	4.0188309108
3.33225806452	4.0199433235
3.33548387097	4.0210560667
3.33870967742	4.0221691412
3.34193548387	4.0232825475
3.34516129032	4.0243962863
3.34838709677	4.0255103583
3.35161290323	4.0266247642
3.35483870968	4.0277395047
3.35806451613	4.0288545805
3.36129032258	4.0299699923
3.36451612903	4.0310857408
3.36774193548	4.0322018267
3.37096774194	4.0333182507
3.37419354839	4.0344350137
3.37741935484	4.0355521162
3.38064516129	4.0366695591
3.38387096774	4.0377873432
3.38709677419	4.0389054690
3.39032258065	4.0400239376
3.3935483871	4.0411427495
3.39677419355	4.0422619056
3.4	4.0433814067
3.40322580645	4.0445012536
3.4064516129	4.0456214470
3.40967741935	4.0467419877
3.41290322581	4.0478628767
3.41612903226	4.0489841146
3.41935483871	4.0501057024
3.42258064516	4.0512276409
3.42580645161	4.0523499308
3.42903225806	4.0534725731
3.43225806452	4.0545955686
3.43548387097	4.0557189182
3.43870967742	4.0568426228
3.44193548387	4.0579666831
3.44516129032	4.0590911002
3.44838709677	4.0602158749
3.45161290323	4.0613410081
3.45483870968	4.0624665007
3.45806451613	4.0635923537
3.46129032258	4.0647185679
3.46451612903	4.0658451444
3.46774193548	4.0669720839
3.47096774194	4.0680993876
3.47419354839	4.0692270564
3.47741935484	4.0703550911
3.48064516129	4.0714834929
3.48387096774	4.0726122627
3.48709677419	4.0737414014
3.49032258065	4.0748709102
3.4935483871	4.0760007899
3.49677419355	4.0771310416
3.5	4.0782616664
3.50322580645	4.0793926653
3.5064516129	4.0805240393
3.50967741935	4.0816557894
3.51290322581	4.0827879168
3.51612903226	4.0839204226
3.51935483871	4.0850533077
3.52258064516	4.0861865734
3.52580645161	4.0873202206
3.52903225806	4.0884542506
3.53225806452	4.0895886643
3.53548387097	4.0907234631
3.53870967742	4.0918586480
3.54193548387	4.0929942201
3.54516129032	4.0941301806
3.54838709677	4.0952665307
3.55161290323	4.0964032716
3.55483870968	4.0975404045
3.55806451613	4.0986779305
3.56129032258	4.0998158509
3.56451612903	4.1009541670
3.56774193548	4.1020928798
3.57096774194	4.1032319907
3.57419354839	4.1043715010
3.57741935484	4.1055114119
3.58064516129	4.1066517247
3.58387096774	4.1077924406
3.58709677419	4.1089335610
3.59032258065	4.1100750872
3.5935483871	4.1112170205
3.59677419355	4.1123593623
3.6	4.1135021138
3.60322580645	4.1146452766
3.6064516129	4.1157888518
3.60967741935	4.1169328409
3.61290322581	4.1180772454
3.61612903226	4.1192220665
3.61935483871	4.1203673058
3.62258064516	4.1215129647
3.62580645161	4.1226590446
3.62903225806	4.1238055469
3.63225806452	4.1249524732
3.63548387097	4.1260998249
3.63870967742	4.1272476036
3.64193548387	4.1283958107
3.64516129032	4.1295444477
3.64838709677	4.1306935163
3.65161290323	4.1318430179
3.65483870968	4.1329929541
3.65806451613	4.1341433266
3.66129032258	4.1352941368
3.66451612903	4.1364453865
3.66774193548	4.1375970772
3.67096774194	4.1387492106
3.67419354839	4.1399017883
3.67741935484	4.1410548120
3.68064516129	4.1422082834
3.68387096774	4.1433622041
3.68709677419	4.1445165760
3.69032258065	4.1456714007
3.6935483871	4.1468266800
3.69677419355	4.1479824157
3.7	4.1491386094
3.70322580645	4.1502952631
3.7064516129	4.1514523785
3.70967741935	4.1526099575
3.71290322581	4.1537680019
3.71612903226	4.1549265136
3.71935483871	4.1560854944
3.72258064516	4.1572449463
3.72580645161	4.1584048711
3.72903225806	4.1595652709
3.73225806452	4.1607261475
3.73548387097	4.1618875030
3.73870967742	4.1630493393
3.74193548387	4.1642116584
3.74516129032	4.1653744623
3.74838709677	4.1665377532
3.75161290323	4.1677015331
3.75483870968	4.1688658040
3.75806451613	4.1700305681
3.76129032258	4.1711958276
3.76451612903	4.1723615844
3.76774193548	4.1735278409
3.77096774194	4.1746945992
3.77419354839	4.1758618615
3.77741935484	4.1770296300
3.78064516129	4.1781979071
3.78387096774	4.1793666950
3.78709677419	4.1805359959
3.79032258065	4.1817058123
3.7935483871	4.1828761464
3.79677419355	4.1840470006
3.8	4.1852183773
3.80322580645	4.1863902790
3.8064516129	4.1875627080
3.80967741935	4.1887356669
3.81290322581	4.1899091581
3.81612903226	4.1910831841
3.81935483871	4.1922577475
3.82258064516	4.1934328509
3.82580645161	4.1946084967
3.82903225806	4.1957846878
3.83225806452	4.1969614266
3.83548387097	4.1981387159
3.83870967742	4.1993165584
3.84193548387	4.2004949568
3.84516129032	4.2016739139
3.84838709677	4.2028534323
3.85161290323	4.2040335151
3.85483870968	4.2052141649
3.85806451613	4.2063953848
3.86129032258	4.2075771774
3.86451612903	4.2087595460
3.86774193548	4.2099424933
3.87096774194	4.2111260223
3.87419354839	4.2123101362
3.87741935484	4.2134948380
3.88064516129	4.2146801307
3.88387096774	4.2158660175
3.88709677419	4.2170525016
3.89032258065	4.2182395861
3.8935483871	4.2194272743
3.89677419355	4.2206155695
3.9	4.2218044750
3.90322580645	4.2229939940
3.9064516129	4.2241841301
3.90967741935	4.2253748865
3.91290322581	4.2265662669
3.91612903226	4.2277582745
3.91935483871	4.2289509131
3.92258064516	4.2301441861
3.92580645161	4.2313380972
3.92903225806	4.2325326500
3.93225806452	4.2337278482
3.93548387097	4.2349236956
3.93870967742	4.2361201960
3.94193548387	4.2373173532
3.94516129032	4.2385151710
3.94838709677	4.2397136533
3.95161290323	4.2409128043
3.95483870968	4.2421126277
3.95806451613	4.2433131278
3.96129032258	4.2445143087
3.96451612903	4.2457161744
3.96774193548	4.2469187291
3.97096774194	4.2481219773
3.97419354839	4.2493259231
3.97741935484	4.2505305709
3.98064516129	4.2517359252
3.98387096774	4.2529419904
3.98709677419	4.2541487711
3.99032258065	4.2553562718
3.9935483871	4.2565644972
3.99677419355	4.2577734520
4.0	4.2589831409
4.00322580645	4.2601935689
4.0064516129	4.2614047406
4.00967741935	4.2626166612
4.01290322581	4.2638293357
4.01612903226	4.2650427690
4.01935483871	4.2662569664
4.02258064516	4.2674719330
4.02580645161	4.2686876742
4.02903225806	4.2699041954
4.03225806452	4.2711215018
4.03548387097	4.2723395991
4.03870967742	4.2735584928
4.04193548387	4.2747781885
4.04516129032	4.2759986921
4.04838709677	4.2772200092
4.05161290323	4.2784421458
4.05483870968	4.2796651079
4.05806451613	4.2808889015
4.06129032258	4.2821135327
4.06451612903	4.2833390079
4.06774193548	4.2845653332
4.07096774194	4.2857925152
4.07419354839	4.2870205602
4.07741935484	4.2882494750
4.08064516129	4.2894792662
4.08387096774	4.2907099406
4.08709677419	4.2919415051
4.09032258065	4.2931739667
4.0935483871	4.2944073325
4.09677419355	4.2956416098
4.1	4.2968768058
4.10322580645	4.2981129280
4.1064516129	4.2993499840
4.10967741935	4.3005879814
4.11290322581	4.3018269280
4.11612903226	4.3030668318
4.11935483871	4.3043077007
4.12258064516	4.3055495430
4.12580645161	4.3067923670
4.12903225806	4.3080361811
4.13225806452	4.3092809939
4.13548387097	4.3105268141
4.13870967742	4.3117736507
4.14193548387	4.3130215126
4.14516129032	4.3142704090
4.14838709677	4.3155203492
4.15161290323	4.3167713428
4.15483870968	4.3180233995
4.15806451613	4.3192765289
4.16129032258	4.3205307413
4.16451612903	4.3217860467
4.16774193548	4.3230424555
4.17096774194	4.3242999783
4.17419354839	4.3255586259
4.17741935484	4.3268184091
4.18064516129	4.3280793393
4.18387096774	4.3293414277
4.18709677419	4.3306046859
4.19032258065	4.3318691258
4.1935483871	4.3331347594
4.19677419355	4.3344015989
4.2	4.3356696570
4.20322580645	4.3369389463
4.2064516129	4.3382094800
4.20967741935	4.3394812713
4.21290322581	4.3407543337
4.21612903226	4.3420286812
4.21935483871	4.3433043279
4.22258064516	4.3445812883
4.22580645161	4.3458595770
4.22903225806	4.3471392093
4.23225806452	4.3484202005
4.23548387097	4.3497025663
4.23870967742	4.3509863229
4.24193548387	4.3522714868
4.24516129032	4.3535580747
4.24838709677	4.3548461041
4.25161290323	4.3561355924
4.25483870968	4.3574265579
4.25806451613	4.3587190189
4.26129032258	4.3600129946
4.26451612903	4.3613085042
4.26774193548	4.3626055678
4.27096774194	4.3639042057
4.27419354839	4.3652044390
4.27741935484	4.3665062891
4.28064516129	4.3678097780
4.28387096774	4.3691149285
4.28709677419	4.3704217638
4.29032258065	4.3717303078
4.2935483871	4.3730405852
4.29677419355	4.3743526211
4.3	4.3756664417
4.30322580645	4.3769820736
4.3064516129	4.3782995444
4.30967741935	4.3796188826
4.31290322581	4.3809401174
4.31612903226	4.3822632790
4.31935483871	4.3835883985
4.32258064516	4.3849155080
4.32580645161	4.3862446407
4.32903225806	4.3875758310
4.33225806452	4.3889091142
4.33548387097	4.3902445271
4.33870967742	4.3915821076
4.34193548387	4.3929218951
4.34516129032	4.3942639303
4.34838709677	4.3956082556
4.35161290323	4.3969549148
4.35483870968	4.3983039535
4.35806451613	4.3996554192
4.36129032258	4.4010093613
4.36451612903	4.4023658310
4.36774193548	4.4037248820
4.37096774194	4.4050865702
4.37419354839	4.4064509540
4.37741935484	4.4078180943
4.38064516129	4.4091880552
4.38387096774	4.4105609035
4.38709677419	4.4119367096
4.39032258065	4.4133155473
4.3935483871	4.4146974941
4.39677419355	4.4160826320
4.4	4.4174710473
4.40322580645	4.4188628313
4.4064516129	4.4202580806
4.40967741935	4.4216568977
4.41290322581	4.4230593916
4.41612903226	4.4244656783
4.41935483871	4.4258758819
4.42258064516	4.4272901350
4.42580645161	4.4287085799
4.42903225806	4.4301313700
4.43225806452	4.4315586707
4.43548387097	4.4329906614
4.43870967742	4.4344275372
4.44193548387	4.4358695111
4.44516129032	4.4373168171
4.44838709677	4.4387697131
4.45161290323	4.4402284854
4.45483870968	4.4416934538
4.45806451613	4.4431649782
4.46129032258	4.4446434672
4.46451612903	4.4461293891
4.46774193548	4.4476232874
4.47096774194	4.4491258014
4.47419354839	4.4506376962
4.47741935484	4.4521599073
4.48064516129	4.4536936088
4.48387096774	4.4552403284
4.48709677419	4.4568021529
4.49032258065	4.4583821467
4.4935483871	4.4599853740
4.49677419355	4.4616224471
4.5	4.4633951746
4.50322580645	4.4653029561
4.5064516129	4.4672435621
4.50967741935	4.4692062254
4.51290322581	4.4711857485
4.51612903226	4.4731789589
4.51935483871	4.4751836777
4.52258064516	4.4771982972
4.52580645161	4.4792215719
4.52903225806	4.4812525022
4.53225806452	4.4832902646
4.53548387097	4.4853341660
4.53870967742	4.4873836134
4.54193548387	4.4894380922
4.54516129032	4.4914971509
4.54838709677	4.4935603891
4.55161290323	4.4956274492
4.55483870968	4.4976980091
4.55806451613	4.4997717770
4.56129032258	4.5018484870
4.56451612903	4.5039278957
4.56774193548	4.5060097789
4.57096774194	4.5080939300
4.57419354839	4.5101801571
4.57741935484	4.5122682820
4.58064516129	4.5143581384
4.58387096774	4.5164495708
4.58709677419	4.5185424334
4.59032258065	4.5206365892
4.5935483871	4.5227319091
4.59677419355	4.5248282713
4.6	4.5269255609
4.60322580645	4.5290236688
4.6064516129	4.5311224917
4.60967741935	4.5332219315
4.61290322581	4.5353218949
4.61612903226	4.5374222931
4.61935483871	4.5395230414
4.62258064516	4.5416240590
4.62580645161	4.5437252687
4.62903225806	4.5458265969
4.63225806452	4.5479279729
4.63548387097	4.5500293293
4.63870967742	4.5521306011
4.64193548387	4.5542317265
4.64516129032	4.5563326457
4.64838709677	4.5584333017
4.65161290323	4.5605336396
4.65483870968	4.5626336065
4.65806451613	4.5647331518
4.66129032258	4.5668322266
4.66451612903	4.5689307842
4.66774193548	4.5710287794
4.67096774194	4.5731261686
4.67419354839	4.5752229102
4.67741935484	4.5773189639
4.68064516129	4.5794142909
4.68387096774	4.5815088538
4.68709677419	4.5836026169
4.69032258065	4.5856955454
4.6935483871	4.5877876060
4.69677419355	4.5898787666
4.7	4.5919689963
4.70322580645	4.5940582650
4.7064516129	4.5961465438
4.70967741935	4.5982338047
4.71290322581	4.6003200205
4.71612903226	4.6024051650
4.71935483871	4.6044892128
4.72258064516	4.6065721392
4.72580645161	4.6086539203
4.72903225806	4.6107345331
4.73225806452	4.6128139550
4.73548387097	4.6148921644
4.73870967742	4.6169691400
4.74193548387	4.6190448615
4.74516129032	4.6211193090
4.74838709677	4.6231924632
4.75161290323	4.6252643054
4.75483870968	4.6273348174
4.75806451613	4.6294039817
4.76129032258	4.6314717810
4.76451612903	4.6335381989
4.76774193548	4.6356032190
4.77096774194	4.6376668258
4.77419354839	4.6397290040
4.77741935484	4.6417897388
4.78064516129	4.6438490159
4.78387096774	4.6459068212
4.78709677419	4.6479631411
4.79032258065	4.6500179625
4.7935483871	4.6520712726
4.79677419355	4.6541230588
4.8	4.6561733091
4.80322580645	4.6582220116
4.8064516129	4.6602691550
4.80967741935	4.6623147281
4.81290322581	4.6643587201
4.81612903226	4.6664011204
4.81935483871	4.6684419188
4.82258064516	4.6704811055
4.82580645161	4.6725186706
4.82903225806	4.6745546049
4.83225806452	4.6765888993
4.83548387097	4.6786215448
4.83870967742	4.6806525328
4.84193548387	4.6826818549
4.84516129032	4.6847095030
4.84838709677	4.6867354692
4.85161290323	4.6887597458
4.85483870968	4.6907823253
4.85806451613	4.6928032005
4.86129032258	4.6948223642
4.86451612903	4.6968398097
4.86774193548	4.6988555303
4.87096774194	4.7008695194
4.87419354839	4.7028817710
4.87741935484	4.7048922787
4.88064516129	4.7069010368
4.88387096774	4.7089080395
4.88709677419	4.7109132812
4.89032258065	4.7129167565
4.8935483871	4.7149184602
4.89677419355	4.7169183871
4.9	4.7189165324
4.90322580645	4.7209128912
4.9064516129	4.7229074590
4.90967741935	4.7249002311
4.91290322581	4.7268912034
4.91612903226	4.7288803715
4.91935483871	4.7308677314
4.92258064516	4.7328532791
4.92580645161	4.7348370108
4.92903225806	4.7368189228
4.93225806452	4.7387990115
4.93548387097	4.7407772735
4.93870967742	4.7427537055
4.94193548387	4.7447283041
4.94516129032	4.7467010664
4.94838709677	4.7486719893
4.95161290323	4.7506410698
4.95483870968	4.7526083053
4.95806451613	4.7545736929
4.96129032258	4.7565372302
4.96451612903	4.7584989147
4.96774193548	4.7604587439
4.97096774194	4.7624167155
4.97419354839	4.7643728274
4.97741935484	4.7663270774
4.98064516129	4.7682794635
4.98387096774	4.7702299837
4.98709677419	4.7721786362
4.99032258065	4.7741254192
4.9935483871	4.7760703310
4.99677419355	4.7780133701
5.0	4.7799545348
5.00322580645	4.7818938236
5.0064516129	4.7838312353
5.00967741935	4.7857667685
5.01290322581	4.7877004220
5.01612903226	4.7896321945
5.01935483871	4.7915620850
5.02258064516	4.7934900924
5.02580645161	4.7954162158
5.02903225806	4.7973404543
5.03225806452	4.7992628070
5.03548387097	4.8011832732
5.03870967742	4.8031018520
5.04193548387	4.8050185430
5.04516129032	4.8069333454
5.04838709677	4.8088462587
5.05161290323	4.8107572824
5.05483870968	4.8126664162
5.05806451613	4.8145736596
5.06129032258	4.8164790122
5.06451612903	4.8183824739
5.06774193548	4.8202840444
5.07096774194	4.8221837236
5.07419354839	4.8240815112
5.07741935484	4.8259774073
5.08064516129	4.8278714118
5.08387096774	4.8297635247
5.08709677419	4.8316537461
5.09032258065	4.8335420761
5.0935483871	4.8354285148
5.09677419355	4.8373130625
5.1	4.8391957194
5.10322580645	4.8410764857
5.1064516129	4.8429553618
5.10967741935	4.8448323480
5.11290322581	4.8467074448
5.11612903226	4.8485806525
5.11935483871	4.8504519717
5.12258064516	4.8523214027
5.12580645161	4.8541889463
5.12903225806	4.8560546030
5.13225806452	4.8579183733
5.13548387097	4.8597802580
5.13870967742	4.8616402576
5.14193548387	4.8634983730
5.14516129032	4.8653546049
5.14838709677	4.8672089540
5.15161290323	4.8690614212
5.15483870968	4.8709120073
5.15806451613	4.8727607131
5.16129032258	4.8746075396
5.16451612903	4.8764524877
5.16774193548	4.8782955583
5.17096774194	4.8801367524
5.17419354839	4.8819760711
5.17741935484	4.8838135154
5.18064516129	4.8856490862
5.18387096774	4.8874827848
5.18709677419	4.8893146122
5.19032258065	4.8911445696
5.1935483871	4.8929726581
5.19677419355	4.8947988789
5.2	4.8966232332
5.20322580645	4.8984457223
5.2064516129	4.9002663473
5.20967741935	4.9020851097
5.21290322581	4.9039020105
5.21612903226	4.9057170513
5.21935483871	4.9075302333
5.22258064516	4.9093415578
5.22580645161	4.9111510263
5.22903225806	4.9129586402
5.23225806452	4.9147644008
5.23548387097	4.9165683096
5.23870967742	4.9183703680
5.24193548387	4.9201705776
5.24516129032	4.9219689398
5.24838709677	4.9237654561
5.25161290323	4.9255601280
5.25483870968	4.9273529571
5.25806451613	4.9291439449
5.26129032258	4.9309330930
5.26451612903	4.9327204030
5.26774193548	4.9345058765
5.27096774194	4.9362895151
5.27419354839	4.9380713204
5.27741935484	4.9398512942
5.28064516129	4.9416294379
5.28387096774	4.9434057534
5.28709677419	4.9451802423
5.29032258065	4.9469529063
5.2935483871	4.9487237472
5.29677419355	4.9504927666
5.3	4.9522599663
5.30322580645	4.9540253480
5.3064516129	4.9557889136
5.30967741935	4.9575506647
5.31290322581	4.9593106033
5.31612903226	4.9610687310
5.31935483871	4.9628250496
5.32258064516	4.9645795612
5.32580645161	4.9663322673
5.32903225806	4.9680831699
5.33225806452	4.9698322709
5.33548387097	4.9715795721
5.33870967742	4.9733250753
5.34193548387	4.9750687825
5.34516129032	4.9768106956
5.34838709677	4.9785508164
5.35161290323	4.9802891468
5.35483870968	4.9820256889
5.35806451613	4.9837604444
5.36129032258	4.9854934154
5.36451612903	4.9872246038
5.36774193548	4.9889540115
5.37096774194	4.9906816405
5.37419354839	4.9924074928
5.37741935484	4.9941315703
5.38064516129	4.9958538750
5.38387096774	4.9975744090
5.38709677419	4.9992931741
5.39032258065	5.0010101725
5.3935483871	5.0027254061
5.39677419355	5.0044388769
5.4	5.0061505870
5.40322580645	5.0078605383
5.4064516129	5.0095687330
5.40967741935	5.0112751731
5.41290322581	5.0129798606
5.41612903226	5.0146827975
5.41935483871	5.0163839859
5.42258064516	5.0180834280
5.42580645161	5.0197811257
5.42903225806	5.0214770811
5.43225806452	5.0231712964
5.43548387097	5.0248637735
5.43870967742	5.0265545146
5.44193548387	5.0282435217
5.44516129032	5.0299307971
5.44838709677	5.0316163427
5.45161290323	5.0333001607
5.45483870968	5.0349822531
5.45806451613	5.0366626222
5.46129032258	5.0383412700
5.46451612903	5.0400181986
5.46774193548	5.0416934102
5.47096774194	5.0433669068
5.47419354839	5.0450386907
5.47741935484	5.0467087640
5.48064516129	5.0483771287
5.48387096774	5.0500437870
5.48709677419	5.0517087412
5.49032258065	5.0533719933
5.4935483871	5.0550335454
5.49677419355	5.0566933998
5.5	5.0583515292
5.50322580645	5.0600073556
5.5064516129	5.0616608852
5.50967741935	5.0633121239
5.51290322581	5.0649610776
5.51612903226	5.0666077521
5.51935483871	5.0682521534
5.52258064516	5.0698942872
5.52580645161	5.0715341594
5.52903225806	5.0731717759
5.53225806452	5.0748071423
5.53548387097	5.0764402645
5.53870967742	5.0780711481
5.54193548387	5.0796997990
5.54516129032	5.0813262227
5.54838709677	5.0829504251
5.55161290323	5.0845724116
5.55483870968	5.0861921880
5.55806451613	5.0878097599
5.56129032258	5.0894251329
5.56451612903	5.0910383125
5.56774193548	5.0926493044
5.57096774194	5.0942581139
5.57419354839	5.0958647468
5.57741935484	5.0974692084
5.58064516129	5.0990715042
5.58387096774	5.1006716397
5.58709677419	5.1022696204
5.59032258065	5.1038654516
5.5935483871	5.1054591387
5.59677419355	5.1070506872
5.6	5.1086401023
5.60322580645	5.1102273895
5.6064516129	5.1118125540
5.60967741935	5.1133956012
5.61290322581	5.1149765364
5.61612903226	5.1165553647
5.61935483871	5.1181320915
5.62258064516	5.1197067220
5.62580645161	5.1212792614
5.62903225806	5.1228497148
5.63225806452	5.1244180876
5.63548387097	5.1259843847
5.63870967742	5.1275486115
5.64193548387	5.1291107729
5.64516129032	5.1306708740
5.64838709677	5.1322289201
5.65161290323	5.1337849161
5.65483870968	5.1353388670
5.65806451613	5.1368907780
5.66129032258	5.1384406540
5.66451612903	5.1399885000
5.66774193548	5.1415343210
5.67096774194	5.1430781219
5.67419354839	5.1446199078
5.67741935484	5.1461596834
5.68064516129	5.1476974537
5.68387096774	5.1492332237
5.68709677419	5.1507669981
5.69032258065	5.1522987818
5.6935483871	5.1538285797
5.69677419355	5.1553563965
5.7	5.1568822371
5.70322580645	5.1584061062
5.7064516129	5.1599280086
5.70967741935	5.1614479490
5.71290322581	5.1629659322
5.71612903226	5.1644819628
5.71935483871	5.1659960456
5.72258064516	5.1675081852
5.72580645161	5.1690183863
5.72903225806	5.1705266534
5.73225806452	5.1720329913
5.73548387097	5.1735374045
5.73870967742	5.1750398976
5.74193548387	5.1765404752
5.74516129032	5.1780391418
5.74838709677	5.1795359020
5.75161290323	5.1810307602
5.75483870968	5.1825237210
5.75806451613	5.1840147888
5.76129032258	5.1855039682
5.76451612903	5.1869912635
5.76774193548	5.1884766792
5.77096774194	5.1899602197
5.77419354839	5.1914418895
5.77741935484	5.1929216929
5.78064516129	5.1943996342
5.78387096774	5.1958757179
5.78709677419	5.1973499482
5.79032258065	5.1988223295
5.7935483871	5.2002928661
5.79677419355	5.2017615623
5.8	5.2032284223
5.80322580645	5.2046934505
5.8064516129	5.2061566510
5.80967741935	5.2076180281
5.81290322581	5.2090775860
5.81612903226	5.2105353289
5.81935483871	5.2119912610
5.82258064516	5.2134453865
5.82580645161	5.2148977095
5.82903225806	5.2163482341
5.83225806452	5.2177969645
5.83548387097	5.2192439047
5.83870967742	5.2206890590
5.84193548387	5.2221324313
5.84516129032	5.2235740257
5.84838709677	5.2250138464
5.85161290323	5.2264518972
5.85483870968	5.2278881823
5.85806451613	5.2293227056
5.86129032258	5.2307554712
5.86451612903	5.2321864830
5.86774193548	5.2336157450
5.87096774194	5.2350432611
5.87419354839	5.2364690353
5.87741935484	5.2378930716
5.88064516129	5.2393153737
5.88387096774	5.2407359457
5.88709677419	5.2421547914
5.89032258065	5.2435719147
5.8935483871	5.2449873195
5.89677419355	5.2464010095
5.9	5.2478129886
5.90322580645	5.2492232607
5.9064516129	5.2506318295
5.90967741935	5.2520386989
5.91290322581	5.2534438725
5.91612903226	5.2548473543
5.91935483871	5.2562491479
5.92258064516	5.2576492570
5.92580645161	5.2590476855
5.92903225806	5.2604444370
5.93225806452	5.2618395152
5.93548387097	5.2632329239
5.93870967742	5.2646246666
5.94193548387	5.2660147471
5.94516129032	5.2674031690
5.94838709677	5.2687899359
5.95161290323	5.2701750516
5.95483870968	5.2715585195
5.95806451613	5.2729403433
5.96129032258	5.2743205267
5.96451612903	5.2756990731
5.96774193548	5.2770759861
5.97096774194	5.2784512693
5.97419354839	5.2798249263
5.97741935484	5.2811969606
5.98064516129	5.2825673756
5.98387096774	5.2839361750
5.98709677419	5.2853033621
5.99032258065	5.2866689406
5.9935483871	5.2880329138
5.99677419355	5.2893952852
6.0	5.2907560583
6.00322580645	5.2921152365
6.0064516129	5.2934728233
6.00967741935	5.2948288220
6.01290322581	5.2961832361
6.01612903226	5.2975360689
6.01935483871	5.2988873239
6.02258064516	5.3002370044
6.02580645161	5.3015851138
6.02903225806	5.3029316554
6.03225806452	5.3042766326
6.03548387097	5.3056200487
6.03870967742	5.3069619070
6.04193548387	5.3083022108
6.04516129032	5.3096409634
6.04838709677	5.3109781682
6.05161290323	5.3123138283
6.05483870968	5.3136479471
6.05806451613	5.3149805277
6.06129032258	5.3163115735
6.06451612903	5.3176410877
6.06774193548	5.3189690735
6.07096774194	5.3202955341
6.07419354839	5.3216204727
6.07741935484	5.3229438925
6.08064516129	5.3242657967
6.08387096774	5.3255861885
6.08709677419	5.3269050710
6.09032258065	5.3282224473
6.0935483871	5.3295383207
6.09677419355	5.3308526942
6.1	5.3321655709
6.10322580645	5.3334769541
6.1064516129	5.3347868467
6.10967741935	5.3360952519
6.11290322581	5.3374021727
6.11612903226	5.3387076123
6.11935483871	5.3400115736
6.12258064516	5.3413140598
6.12580645161	5.3426150738
6.12903225806	5.3439146188
6.13225806452	5.3452126977
6.13548387097	5.3465093136
6.13870967742	5.3478044694
6.14193548387	5.3490981682
6.14516129032	5.3503904130
6.14838709677	5.3516812066
6.15161290323	5.3529705522
6.15483870968	5.3542584525
6.15806451613	5.3555449107
6.16129032258	5.3568299296
6.16451612903	5.3581135122
6.16774193548	5.3593956614
6.17096774194	5.3606763801
6.17419354839	5.3619556712
6.17741935484	5.3632335376
6.18064516129	5.3645099821
6.18387096774	5.3657850078
6.18709677419	5.3670586174
6.19032258065	5.3683308137
6.1935483871	5.3696015998
6.19677419355	5.3708709783
6.2	5.3721389521
6.20322580645	5.3734055241
6.2064516129	5.3746706970
6.20967741935	5.3759344738
6.21290322581	5.3771968571
6.21612903226	5.3784578497
6.21935483871	5.3797174545
6.22258064516	5.3809756742
6.22580645161	5.3822325116
6.22903225806	5.3834879695
6.23225806452	5.3847420505
6.23548387097	5.3859947574
6.23870967742	5.3872460931
6.24193548387	5.3884960601
6.24516129032	5.3897446612
6.24838709677	5.3909918991
6.25161290323	5.3922377765
6.25483870968	5.3934822961
6.25806451613	5.3947254606
6.26129032258	5.3959672727
6.26451612903	5.3972077350
6.26774193548	5.3984468502
6.27096774194	5.3996846209
6.27419354839	5.4009210498
6.27741935484	5.4021561395
6.28064516129	5.4033898927
6.28387096774	5.4046223119
6.28709677419	5.4058533998
6.29032258065	5.4070831589
6.2935483871	5.4083115920
6.29677419355	5.4095387015
6.3	5.4107644901
6.30322580645	5.4119889603
6.3064516129	5.4132121146
6.30967741935	5.4144339557
6.31290322581	5.4156544862
6.31612903226	5.4168737084
6.31935483871	5.4180916251
6.32258064516	5.4193082386
6.32580645161	5.4205235516
6.32903225806	5.4217375665
6.33225806452	5.4229502858
6.33548387097	5.4241617122
6.33870967742	5.4253718479
6.34193548387	5.4265806956
6.34516129032	5.4277882577
6.34838709677	5.4289945366
6.35161290323	5.4301995349
6.35483870968	5.4314032550
6.35806451613	5.4326056993
6.36129032258	5.4338068703
6.36451612903	5.4350067704
6.36774193548	5.4362054021
6.37096774194	5.4374027677
6.37419354839	5.4385988698
6.37741935484	5.4397937106
6.38064516129	5.4409872926
6.38387096774	5.4421796182
6.38709677419	5.4433706897
6.39032258065	5.4445605096
6.3935483871	5.4457490802
6.39677419355	5.4469364039
6.4	5.4481224831
6.40322580645	5.4493073200
6.4064516129	5.4504909171
6.40967741935	5.4516732767
6.41290322581	5.4528544011
6.41612903226	5.4540342926
6.41935483871	5.4552129536
6.42258064516	5.4563903864
6.42580645161	5.4575665932
6.42903225806	5.4587415764
6.43225806452	5.4599153383
6.43548387097	5.4610878812
6.43870967742	5.4622592073
6.44193548387	5.4634293189
6.44516129032	5.4645982183
6.44838709677	5.4657659077
6.45161290323	5.4669323894
6.45483870968	5.4680976657
6.45806451613	5.4692617387
6.46129032258	5.4704246108
6.46451612903	5.4715862841
6.46774193548	5.4727467609
6.47096774194	5.4739060434
6.47419354839	5.4750641338
6.47741935484	5.4762210343
6.48064516129	5.4773767471
6.48387096774	5.4785312744
6.48709677419	5.4796846184
6.49032258065	5.4808367812
6.4935483871	5.4819877651
6.49677419355	5.4831375722
6.5	5.4842862047
6.50322580645	5.4854336647
6.5064516129	5.4865799544
6.50967741935	5.4877250759
6.51290322581	5.4888690313
6.51612903226	5.4900118229
6.51935483871	5.4911534527
6.52258064516	5.4922939228
6.52580645161	5.4934332353
6.52903225806	5.4945713925
6.53225806452	5.4957083963
6.53548387097	5.4968442488
6.53870967742	5.4979789523
6.54193548387	5.4991125086
6.54516129032	5.5002449200
6.54838709677	5.5013761885
6.55161290323	5.5025063162
6.55483870968	5.5036353051
6.55806451613	5.5047631573
6.56129032258	5.5058898749
6.56451612903	5.5070154598
6.56774193548	5.5081399142
6.57096774194	5.5092632400
6.57419354839	5.5103854394
6.57741935484	5.5115065142
6.58064516129	5.5126264667
6.58387096774	5.5137452986
6.58709677419	5.5148630122
6.59032258065	5.5159796093
6.5935483871	5.5170950920
6.59677419355	5.5182094623
6.6	5.5193227221
6.60322580645	5.5204348734
6.6064516129	5.5215459182
6.60967741935	5.5226558586
6.61290322581	5.5237646963
6.61612903226	5.5248724335
6.61935483871	5.5259790721
6.62258064516	5.5270846139
6.62580645161	5.5281890610
6.62903225806	5.5292924153
6.63225806452	5.5303946788
6.63548387097	5.5314958533
6.63870967742	5.5325959408
6.64193548387	5.5336949432
6.64516129032	5.5347928624
6.64838709677	5.5358897004
6.65161290323	5.5369854590
6.65483870968	5.5380801401
6.65806451613	5.5391737457
6.66129032258	5.5402662776
6.66451612903	5.5413577377
6.66774193548	5.5424481278
6.67096774194	5.5435374500
6.67419354839	5.5446257059
6.67741935484	5.5457128976
6.68064516129	5.5467990268
6.68387096774	5.5478840954
6.68709677419	5.5489681053
6.69032258065	5.5500510582
6.6935483871	5.5511329562
6.69677419355	5.5522138009
6.7	5.5532935942
6.70322580645	5.5543723379
6.7064516129	5.5554500339
6.70967741935	5.5565266840
6.71290322581	5.5576022900
6.71612903226	5.5586768537
6.71935483871	5.5597503768
6.72258064516	5.5608228613
6.72580645161	5.5618943088
6.72903225806	5.5629647213
6.73225806452	5.5640341004
6.73548387097	5.5651024479
6.73870967742	5.5661697656
6.74193548387	5.5672360554
6.74516129032	5.5683013189
6.74838709677	5.5693655579
6.75161290323	5.5704287742
6.75483870968	5.5714909695
6.75806451613	5.5725521455
6.76129032258	5.5736123041
6.76451612903	5.5746714470
6.76774193548	5.5757295758
6.77096774194	5.5767866924
6.77419354839	5.5778427984
6.77741935484	5.5788978955
6.78064516129	5.5799519856
6.78387096774	5.5810050702
6.78709677419	5.5820571512
6.79032258065	5.5831082301
6.7935483871	5.5841583088
6.79677419355	5.5852073888
6.8	5.5862554720
6.80322580645	5.5873025599
6.8064516129	5.5883486543
6.80967741935	5.5893937569
6.81290322581	5.5904378693
6.81612903226	5.5914809931
6.81935483871	5.5925231301
6.82258064516	5.5935642819
6.82580645161	5.5946044502
6.82903225806	5.5956436366
6.83225806452	5.5966818427
6.83548387097	5.5977190703
6.83870967742	5.5987553210
6.84193548387	5.5997905963
6.84516129032	5.6008248980
6.84838709677	5.6018582276
6.85161290323	5.6028905868
6.85483870968	5.6039219772
6.85806451613	5.6049524004
6.86129032258	5.6059818580
6.86451612903	5.6070103517
6.86774193548	5.6080378830
6.87096774194	5.6090644536
6.87419354839	5.6100900650
6.87741935484	5.6111147188
6.88064516129	5.6121384166
6.88387096774	5.6131611601
6.88709677419	5.6141829507
6.89032258065	5.6152037901
6.8935483871	5.6162236798
6.89677419355	5.6172426214
6.9	5.6182606165
6.90322580645	5.6192776666
6.9064516129	5.6202937733
6.90967741935	5.6213089382
6.91290322581	5.6223231627
6.91612903226	5.6233364485
6.91935483871	5.6243487970
6.92258064516	5.6253602099
6.92580645161	5.6263706886
6.92903225806	5.6273802347
6.93225806452	5.6283888497
6.93548387097	5.6293965351
6.93870967742	5.6304032925
6.94193548387	5.6314091234
6.94516129032	5.6324140292
6.94838709677	5.6334180116
6.95161290323	5.6344210719
6.95483870968	5.6354232117
6.95806451613	5.6364244325
6.96129032258	5.6374247358
6.96451612903	5.6384241231
6.96774193548	5.6394225958
6.97096774194	5.6404201555
6.97419354839	5.6414168037
6.97741935484	5.6424125417
6.98064516129	5.6434073711
6.98387096774	5.6444012934
6.98709677419	5.6453943099
6.99032258065	5.6463864223
6.9935483871	5.6473776319
6.99677419355	5.6483679401
7.0	5.6493573486
7.00322580645	5.6503458586
7.0064516129	5.6513334716
7.00967741935	5.6523201891
7.01290322581	5.6533060125
7.01612903226	5.6542909433
7.01935483871	5.6552749828
7.02258064516	5.6562581326
7.02580645161	5.6572403940
7.02903225806	5.6582217684
7.03225806452	5.6592022573
7.03548387097	5.6601818621
7.03870967742	5.6611605841
7.04193548387	5.6621384249
7.04516129032	5.6631153858
7.04838709677	5.6640914682
7.05161290323	5.6650666735
7.05483870968	5.6660410030
7.05806451613	5.6670144583
7.06129032258	5.6679870406
7.06451612903	5.6689587514
7.06774193548	5.6699295921
7.07096774194	5.6708995639
7.07419354839	5.6718686684
7.07741935484	5.6728369068
7.08064516129	5.6738042805
7.08387096774	5.6747707910
7.08709677419	5.6757364395
7.09032258065	5.6767012274
7.0935483871	5.6776651561
7.09677419355	5.6786282269
7.1	5.6795904412
7.10322580645	5.6805518003
7.1064516129	5.6815123055
7.10967741935	5.6824719583
7.11290322581	5.6834307599
7.11612903226	5.6843887117
7.11935483871	5.6853458149
7.12258064516	5.6863020710
7.12580645161	5.6872574813
7.12903225806	5.6882120470
7.13225806452	5.6891657695
7.13548387097	5.6901186502
7.13870967742	5.6910706902
7.14193548387	5.6920218910
7.14516129032	5.6929722538
7.14838709677	5.6939217799
7.15161290323	5.6948704707
7.15483870968	5.6958183274
7.15806451613	5.6967653513
7.16129032258	5.6977115438
7.16451612903	5.6986569060
7.16774193548	5.6996014393
7.17096774194	5.7005451451
7.17419354839	5.7014880244
7.17741935484	5.7024300787
7.18064516129	5.7033713092
7.18387096774	5.7043117172
7.18709677419	5.7052513039
7.19032258065	5.7061900706
7.1935483871	5.7071280185
7.19677419355	5.7080651490
7.2	5.7090014633
7.20322580645	5.7099369626
7.2064516129	5.7108716482
7.20967741935	5.7118055213
7.21290322581	5.7127385832
7.21612903226	5.7136708351
7.21935483871	5.7146022782
7.22258064516	5.7155329139
7.22580645161	5.7164627432
7.22903225806	5.7173917676
7.23225806452	5.7183199881
7.23548387097	5.7192474060
7.23870967742	5.7201740225
7.24193548387	5.7210998389
7.24516129032	5.7220248564
7.24838709677	5.7229490761
7.25161290323	5.7238724993
7.25483870968	5.7247951272
7.25806451613	5.7257169611
7.26129032258	5.7266380020
7.26451612903	5.7275582512
7.26774193548	5.7284777100
7.27096774194	5.7293963795
7.27419354839	5.7303142608
7.27741935484	5.7312313552
7.28064516129	5.7321476639
7.28387096774	5.7330631881
7.28709677419	5.7339779289
7.29032258065	5.7348918875
7.2935483871	5.7358050651
7.29677419355	5.7367174628
7.3	5.7376290819
7.30322580645	5.7385399235
7.3064516129	5.7394499888
7.30967741935	5.7403592789
7.31290322581	5.7412677950
7.31612903226	5.7421755383
7.31935483871	5.7430825098
7.32258064516	5.7439887109
7.32580645161	5.7448941425
7.32903225806	5.7457988059
7.33225806452	5.7467027023
7.33548387097	5.7476058326
7.33870967742	5.7485081982
7.34193548387	5.7494098001
7.34516129032	5.7503106394
7.34838709677	5.7512107174
7.35161290323	5.7521100351
7.35483870968	5.7530085936
7.35806451613	5.7539063941
7.36129032258	5.7548034377
7.36451612903	5.7556997256
7.36774193548	5.7565952588
7.37096774194	5.7574900385
7.37419354839	5.7583840657
7.37741935484	5.7592773416
7.38064516129	5.7601698673
7.38387096774	5.7610616439
7.38709677419	5.7619526725
7.39032258065	5.7628429542
7.3935483871	5.7637324902
7.39677419355	5.7646212814
7.4	5.7655093290
7.40322580645	5.7663966341
7.4064516129	5.7672831978
7.40967741935	5.7681690211
7.41290322581	5.7690541052
7.41612903226	5.7699384511
7.41935483871	5.7708220599
7.42258064516	5.7717049327
7.42580645161	5.7725870706
7.42903225806	5.7734684746
7.43225806452	5.7743491458
7.43548387097	5.7752290852
7.43870967742	5.7761082941
7.44193548387	5.7769867733
7.44516129032	5.7778645240
7.44838709677	5.7787415472
7.45161290323	5.7796178440
7.45483870968	5.7804934154
7.45806451613	5.7813682625
7.46129032258	5.7822423864
7.46451612903	5.7831157880
7.46774193548	5.7839884685
7.47096774194	5.7848604289
7.47419354839	5.7857316702
7.47741935484	5.7866021934
7.48064516129	5.7874719996
7.48387096774	5.7883410899
7.48709677419	5.7892094652
7.49032258065	5.7900771266
7.4935483871	5.7909440751
7.49677419355	5.7918103118
7.5	5.7926758376
7.50322580645	5.7935406536
7.5064516129	5.7944047609
7.50967741935	5.7952681603
7.51290322581	5.7961308530
7.51612903226	5.7969928400
7.51935483871	5.7978541222
7.52258064516	5.7987147007
7.52580645161	5.7995745765
7.52903225806	5.8004337505
7.53225806452	5.8012922239
7.53548387097	5.8021499975
7.53870967742	5.8030070724
7.54193548387	5.8038634496
7.54516129032	5.8047191301
7.54838709677	5.8055741148
7.55161290323	5.8064284048
7.55483870968	5.8072820010
7.55806451613	5.8081349045
7.56129032258	5.8089871162
7.56451612903	5.8098386371
7.56774193548	5.8106894681
7.57096774194	5.8115396103
7.57419354839	5.8123890646
7.57741935484	5.8132378320
7.58064516129	5.8140859135
7.58387096774	5.8149333101
7.58709677419	5.8157800226
7.59032258065	5.8166260521
7.5935483871	5.8174713996
7.59677419355	5.8183160659
7.6	5.8191600521
7.60322580645	5.8200033591
7.6064516129	5.8208459879
7.60967741935	5.8216879394
7.61290322581	5.8225292146
7.61612903226	5.8233698144
7.61935483871	5.8242097397
7.62258064516	5.8250489916
7.62580645161	5.8258875710
7.62903225806	5.8267254787
7.63225806452	5.8275627158
7.63548387097	5.8283992831
7.63870967742	5.8292351817
7.64193548387	5.8300704124
7.64516129032	5.8309049762
7.64838709677	5.8317388740
7.65161290323	5.8325721067
7.65483870968	5.8334046753
7.65806451613	5.8342365807
7.66129032258	5.8350678238
7.66451612903	5.8358984055
7.66774193548	5.8367283268
7.67096774194	5.8375575885
7.67419354839	5.8383861916
7.67741935484	5.8392141370
7.68064516129	5.8400414256
7.68387096774	5.8408680583
7.68709677419	5.8416940360
7.69032258065	5.8425193597
7.6935483871	5.8433440302
7.69677419355	5.8441680484
7.7	5.8449914153
7.70322580645	5.8458141316
7.7064516129	5.8466361984
7.70967741935	5.8474576166
7.71290322581	5.8482783869
7.71612903226	5.8490985103
7.71935483871	5.8499179878
7.72258064516	5.8507368201
7.72580645161	5.8515550082
7.72903225806	5.8523725529
7.73225806452	5.8531894551
7.73548387097	5.8540057158
7.73870967742	5.8548213358
7.74193548387	5.8556363159
7.74516129032	5.8564506571
7.74838709677	5.8572643601
7.75161290323	5.8580774260
7.75483870968	5.8588898555
7.75806451613	5.8597016496
7.76129032258	5.8605128090
7.76451612903	5.8613233347
7.76774193548	5.8621332275
7.77096774194	5.8629424883
7.77419354839	5.8637511179
7.77741935484	5.8645591172
7.78064516129	5.8653664871
7.78387096774	5.8661732284
7.78709677419	5.8669793419
7.79032258065	5.8677848285
7.7935483871	5.8685896891
7.79677419355	5.8693939245
7.8	5.8701975356
7.80322580645	5.8710005231
7.8064516129	5.8718028880
7.80967741935	5.8726046310
7.81290322581	5.8734057531
7.81612903226	5.8742062550
7.81935483871	5.8750061376
7.82258064516	5.8758054017
7.82580645161	5.8766040482
7.82903225806	5.8774020779
7.83225806452	5.8781994916
7.83548387097	5.8789962901
7.83870967742	5.8797924743
7.84193548387	5.8805880450
7.84516129032	5.8813830030
7.84838709677	5.8821773491
7.85161290323	5.8829710842
7.85483870968	5.8837642090
7.85806451613	5.8845567245
7.86129032258	5.8853486313
7.86451612903	5.8861399304
7.86774193548	5.8869306225
7.87096774194	5.8877207084
7.87419354839	5.8885101890
7.87741935484	5.8892990650
7.88064516129	5.8900873373
7.88387096774	5.8908750066
7.88709677419	5.8916620738
7.89032258065	5.8924485397
7.8935483871	5.8932344050
7.89677419355	5.8940196706
7.9	5.8948043372
7.90322580645	5.8955884057
7.9064516129	5.8963718768
7.90967741935	5.8971547514
7.91290322581	5.8979370302
7.91612903226	5.8987187139
7.91935483871	5.8994998035
7.92258064516	5.9002802997
7.92580645161	5.9010602032
7.92903225806	5.9018395148
7.93225806452	5.9026182354
7.93548387097	5.9033963657
7.93870967742	5.9041739065
7.94193548387	5.9049508585
7.94516129032	5.9057272225
7.94838709677	5.9065029994
7.95161290323	5.9072781898
7.95483870968	5.9080527946
7.95806451613	5.9088268145
7.96129032258	5.9096002502
7.96451612903	5.9103731026
7.96774193548	5.9111453725
7.97096774194	5.9119170604
7.97419354839	5.9126881674
7.97741935484	5.9134586940
7.98064516129	5.9142286410
7.98387096774	5.9149980093
7.98709677419	5.9157667995
7.99032258065	5.9165350125
7.9935483871	5.9173026489
7.99677419355	5.9180697095
8.0	5.9188361951
8.00322580645	5.9196021064
8.0064516129	5.9203674442
8.00967741935	5.9211322092
8.01290322581	5.9218964021
8.01612903226	5.9226600238
8.01935483871	5.9234230748
8.02258064516	5.9241855561
8.02580645161	5.9249474682
8.02903225806	5.9257088120
8.03225806452	5.9264695882
8.03548387097	5.9272297975
8.03870967742	5.9279894406
8.04193548387	5.9287485184
8.04516129032	5.9295070314
8.04838709677	5.9302649805
8.05161290323	5.9310223663
8.05483870968	5.9317791897
8.05806451613	5.9325354512
8.06129032258	5.9332911517
8.06451612903	5.9340462918
8.06774193548	5.9348008724
8.07096774194	5.9355548940
8.07419354839	5.9363083575
8.07741935484	5.9370612634
8.08064516129	5.9378136127
8.08387096774	5.9385654058
8.08709677419	5.9393166437
8.09032258065	5.9400673270
8.0935483871	5.9408174563
8.09677419355	5.9415670324
8.1	5.9423160561
8.10322580645	5.9430645279
8.1064516129	5.9438124487
8.10967741935	5.9445598191
8.11290322581	5.9453066398
8.11612903226	5.9460529116
8.11935483871	5.9467986350
8.12258064516	5.9475438109
8.12580645161	5.9482884399
8.12903225806	5.9490325227
8.13225806452	5.9497760600
8.13548387097	5.9505190525
8.13870967742	5.9512615009
8.14193548387	5.9520034059
8.14516129032	5.9527447681
8.14838709677	5.9534855883
8.15161290323	5.9542258671
8.15483870968	5.9549656052
8.15806451613	5.9557048034
8.16129032258	5.9564434622
8.16451612903	5.9571815824
8.16774193548	5.9579191647
8.17096774194	5.9586562097
8.17419354839	5.9593927181
8.17741935484	5.9601286905
8.18064516129	5.9608641278
8.18387096774	5.9615990304
8.18709677419	5.9623333992
8.19032258065	5.9630672347
8.1935483871	5.9638005376
8.19677419355	5.9645333087
8.2	5.9652655486
8.20322580645	5.9659972579
8.2064516129	5.9667284373
8.20967741935	5.9674590874
8.21290322581	5.9681892091
8.21612903226	5.9689188028
8.21935483871	5.9696478692
8.22258064516	5.9703764091
8.22580645161	5.9711044230
8.22903225806	5.9718319117
8.23225806452	5.9725588758
8.23548387097	5.9732853159
8.23870967742	5.9740112326
8.24193548387	5.9747366268
8.24516129032	5.9754614989
8.24838709677	5.9761858496
8.25161290323	5.9769096797
8.25483870968	5.9776329896
8.25806451613	5.9783557802
8.26129032258	5.9790780520
8.26451612903	5.9797998056
8.26774193548	5.9805210418
8.27096774194	5.9812417611
8.27419354839	5.9819619642
8.27741935484	5.9826816518
8.28064516129	5.9834008244
8.28387096774	5.9841194827
8.28709677419	5.9848376274
8.29032258065	5.9855552590
8.2935483871	5.9862723782
8.29677419355	5.9869889857
8.3	5.9877050820
8.30322580645	5.9884206679
8.3064516129	5.9891357438
8.30967741935	5.9898503106
8.31290322581	5.9905643687
8.31612903226	5.9912779188
8.31935483871	5.9919909615
8.32258064516	5.9927034975
8.32580645161	5.9934155274
8.32903225806	5.9941270517
8.33225806452	5.9948380712
8.33548387097	5.9955485864
8.33870967742	5.9962585980
8.34193548387	5.9969681065
8.34516129032	5.9976771126
8.34838709677	5.9983856169
8.35161290323	5.9990936200
8.35483870968	5.9998011225
8.35806451613	6.0005081251
8.36129032258	6.0012146283
8.36451612903	6.0019206327
8.36774193548	6.0026261390
8.37096774194	6.0033311477
8.37419354839	6.0040356596
8.37741935484	6.0047396751
8.38064516129	6.0054431948
8.38387096774	6.0061462195
8.38709677419	6.0068487496
8.39032258065	6.0075507858
8.3935483871	6.0082523286
8.39677419355	6.0089533788
8.4	6.0096539368
8.40322580645	6.0103540033
8.4064516129	6.0110535788
8.40967741935	6.0117526640
8.41290322581	6.0124512594
8.41612903226	6.0131493657
8.41935483871	6.0138469834
8.42258064516	6.0145441131
8.42580645161	6.0152407555
8.42903225806	6.0159369110
8.43225806452	6.0166325803
8.43548387097	6.0173277639
8.43870967742	6.0180224626
8.44193548387	6.0187166767
8.44516129032	6.0194104069
8.44838709677	6.0201036539
8.45161290323	6.0207964181
8.45483870968	6.0214887002
8.45806451613	6.0221805007
8.46129032258	6.0228718202
8.46451612903	6.0235626593
8.46774193548	6.0242530186
8.47096774194	6.0249428986
8.47419354839	6.0256322999
8.47741935484	6.0263212231
8.48064516129	6.0270096687
8.48387096774	6.0276976374
8.48709677419	6.0283851297
8.49032258065	6.0290721461
8.4935483871	6.0297586872
8.49677419355	6.0304447536
8.5	6.0311303459
8.50322580645	6.0318154646
8.5064516129	6.0325001103
8.50967741935	6.0331842835
8.51290322581	6.0338679848
8.51612903226	6.0345512148
8.51935483871	6.0352339741
8.52258064516	6.0359162631
8.52580645161	6.0365980824
8.52903225806	6.0372794327
8.53225806452	6.0379603144
8.53548387097	6.0386407281
8.53870967742	6.0393206744
8.54193548387	6.0400001538
8.54516129032	6.0406791668
8.54838709677	6.0413577141
8.55161290323	6.0420357961
8.55483870968	6.0427134135
8.55806451613	6.0433905667
8.56129032258	6.0440672563
8.56451612903	6.0447434829
8.56774193548	6.0454192470
8.57096774194	6.0460945491
8.57419354839	6.0467693898
8.57741935484	6.0474437697
8.58064516129	6.0481176892
8.58387096774	6.0487911489
8.58709677419	6.0494641494
8.59032258065	6.0501366911
8.5935483871	6.0508087747
8.59677419355	6.0514804007
8.6	6.0521515695
8.60322580645	6.0528222818
8.6064516129	6.0534925381
8.60967741935	6.0541623388
8.61290322581	6.0548316846
8.61612903226	6.0555005760
8.61935483871	6.0561690134
8.62258064516	6.0568369975
8.62580645161	6.0575045287
8.62903225806	6.0581716076
8.63225806452	6.0588382347
8.63548387097	6.0595044105
8.63870967742	6.0601701356
8.64193548387	6.0608354105
8.64516129032	6.0615002357
8.64838709677	6.0621646117
8.65161290323	6.0628285391
8.65483870968	6.0634920183
8.65806451613	6.0641550499
8.66129032258	6.0648176344
8.66451612903	6.0654797723
8.66774193548	6.0661414642
8.67096774194	6.0668027106
8.67419354839	6.0674635119
8.67741935484	6.0681238687
8.68064516129	6.0687837815
8.68387096774	6.0694432508
8.68709677419	6.0701022771
8.69032258065	6.0707608610
8.6935483871	6.0714190029
8.69677419355	6.0720767034
8.7	6.0727339630
8.70322580645	6.0733907821
8.7064516129	6.0740471613
8.70967741935	6.0747031010
8.71290322581	6.0753586019
8.71612903226	6.0760136643
8.71935483871	6.0766682889
8.72258064516	6.0773224760
8.72580645161	6.0779762263
8.72903225806	6.0786295401
8.73225806452	6.0792824181
8.73548387097	6.0799348606
8.73870967742	6.0805868682
8.74193548387	6.0812384415
8.74516129032	6.0818895808
8.74838709677	6.0825402867
8.75161290323	6.0831905597
8.75483870968	6.0838404003
8.75806451613	6.0844898089
8.76129032258	6.0851387861
8.76451612903	6.0857873324
8.76774193548	6.0864354482
8.77096774194	6.0870831340
8.77419354839	6.0877303904
8.77741935484	6.0883772178
8.78064516129	6.0890236167
8.78387096774	6.0896695875
8.78709677419	6.0903151308
8.79032258065	6.0909602471
8.7935483871	6.0916049369
8.79677419355	6.0922492005
8.8	6.0928930386
8.80322580645	6.0935364515
8.8064516129	6.0941794399
8.80967741935	6.0948220041
8.81290322581	6.0954641446
8.81612903226	6.0961058619
8.81935483871	6.0967471565
8.82258064516	6.0973880289
8.82580645161	6.0980284795
8.82903225806	6.0986685088
8.83225806452	6.0993081173
8.83548387097	6.0999473055
8.83870967742	6.1005860739
8.84193548387	6.1012244228
8.84516129032	6.1018623529
8.84838709677	6.1024998644
8.85161290323	6.1031369581
8.85483870968	6.1037736342
8.85806451613	6.1044098932
8.86129032258	6.1050457357
8.86451612903	6.1056811621
8.86774193548	6.1063161729
8.87096774194	6.1069507685
8.87419354839	6.1075849494
8.87741935484	6.1082187161
8.88064516129	6.1088520689
8.88387096774	6.1094850085
8.88709677419	6.1101175352
8.89032258065	6.1107496495
8.8935483871	6.1113813519
8.89677419355	6.1120126429
8.9	6.1126435228
8.90322580645	6.1132739921
8.9064516129	6.1139040514
8.90967741935	6.1145337010
8.91290322581	6.1151629414
8.91612903226	6.1157917732
8.91935483871	6.1164201966
8.92258064516	6.1170482122
8.92580645161	6.1176758205
8.92903225806	6.1183030218
8.93225806452	6.1189298167
8.93548387097	6.1195562055
8.93870967742	6.1201821888
8.94193548387	6.1208077670
8.94516129032	6.1214329405
8.94838709677	6.1220577098
8.95161290323	6.1226820753
8.95483870968	6.1233060375
8.95806451613	6.1239295969
8.96129032258	6.1245527538
8.96451612903	6.1251755087
8.96774193548	6.1257978620
8.97096774194	6.1264198143
8.97419354839	6.1270413659
8.97741935484	6.1276625173
8.98064516129	6.1282832689
8.98387096774	6.1289036212
8.98709677419	6.1295235746
8.99032258065	6.1301431295
8.9935483871	6.1307622864
8.99677419355	6.1313810457
9.0	6.1319994078
9.00322580645	6.1326173733
9.0064516129	6.1332349425
9.00967741935	6.1338521158
9.01290322581	6.1344688937
9.01612903226	6.1350852767
9.01935483871	6.1357012651
9.02258064516	6.1363168594
9.02580645161	6.1369320600
9.02903225806	6.1375468674
9.03225806452	6.1381612819
9.03548387097	6.1387753041
9.03870967742	6.1393889343
9.04193548387	6.1400021730
9.04516129032	6.1406150205
9.04838709677	6.1412274774
9.05161290323	6.1418395440
9.05483870968	6.1424512208
9.05806451613	6.1430625082
9.06129032258	6.1436734066
9.06451612903	6.1442839164
9.06774193548	6.1448940381
9.07096774194	6.1455037721
9.07419354839	6.1461131188
9.07741935484	6.1467220786
9.08064516129	6.1473306520
9.08387096774	6.1479388393
9.08709677419	6.1485466410
9.09032258065	6.1491540575
9.0935483871	6.1497610892
9.09677419355	6.1503677366
9.1	6.1509740000
9.10322580645	6.1515798798
9.1064516129	6.1521853766
9.10967741935	6.1527904906
9.11290322581	6.1533952223
9.11612903226	6.1539995722
9.11935483871	6.1546035406
9.12258064516	6.1552071279
9.12580645161	6.1558103345
9.12903225806	6.1564131610
9.13225806452	6.1570156076
9.13548387097	6.1576176748
9.13870967742	6.1582193629
9.14193548387	6.1588206725
9.14516129032	6.1594216038
9.14838709677	6.1600221574
9.15161290323	6.1606223335
9.15483870968	6.1612221327
9.15806451613	6.1618215553
9.16129032258	6.1624206018
9.16451612903	6.1630192724
9.16774193548	6.1636175677
9.17096774194	6.1642154880
9.17419354839	6.1648130337
9.17741935484	6.1654102053
9.18064516129	6.1660070031
9.18387096774	6.1666034275
9.18709677419	6.1671994790
9.19032258065	6.1677951579
9.1935483871	6.1683904646
9.19677419355	6.1689853995
9.2	6.1695799631
9.20322580645	6.1701741556
9.2064516129	6.1707679776
9.20967741935	6.1713614294
9.21290322581	6.1719545113
9.21612903226	6.1725472239
9.21935483871	6.1731395674
9.22258064516	6.1737315423
9.22580645161	6.1743231490
9.22903225806	6.1749143878
9.23225806452	6.1755052591
9.23548387097	6.1760957634
9.23870967742	6.1766859010
9.24193548387	6.1772756723
9.24516129032	6.1778650778
9.24838709677	6.1784541177
9.25161290323	6.1790427924
9.25483870968	6.1796311025
9.25806451613	6.1802190481
9.26129032258	6.1808066298
9.26451612903	6.1813938479
9.26774193548	6.1819807028
9.27096774194	6.1825671949
9.27419354839	6.1831533245
9.27741935484	6.1837390921
9.28064516129	6.1843244980
9.28387096774	6.1849095426
9.28709677419	6.1854942263
9.29032258065	6.1860785494
9.2935483871	6.1866625124
9.29677419355	6.1872461156
9.3	6.1878293594
9.30322580645	6.1884122442
9.3064516129	6.1889947703
9.30967741935	6.1895769381
9.31290322581	6.1901587481
9.31612903226	6.1907402005
9.31935483871	6.1913212958
9.32258064516	6.1919020343
9.32580645161	6.1924824163
9.32903225806	6.1930624424
9.33225806452	6.1936421128
9.33548387097	6.1942214279
9.33870967742	6.1948003881
9.34193548387	6.1953789938
9.34516129032	6.1959572452
9.34838709677	6.1965351429
9.35161290323	6.1971126871
9.35483870968	6.1976898783
9.35806451613	6.1982667167
9.36129032258	6.1988432028
9.36451612903	6.1994193370
9.36774193548	6.1999951195
9.37096774194	6.2005705508
9.37419354839	6.2011456313
9.37741935484	6.2017203612
9.38064516129	6.2022947409
9.38387096774	6.2028687709
9.38709677419	6.2034424515
9.39032258065	6.2040157830
9.3935483871	6.2045887658
9.39677419355	6.2051614003
9.4	6.2057336868
9.40322580645	6.2063056256
9.4064516129	6.2068772173
9.40967741935	6.2074484620
9.41290322581	6.2080193602
9.41612903226	6.2085899121
9.41935483871	6.2091601183
9.42258064516	6.2097299790
9.42580645161	6.2102994946
9.42903225806	6.2108686654
9.43225806452	6.2114374919
9.43548387097	6.2120059743
9.43870967742	6.2125741129
9.44193548387	6.2131419083
9.44516129032	6.2137093606
9.44838709677	6.2142764704
9.45161290323	6.2148432378
9.45483870968	6.2154096633
9.45806451613	6.2159757472
9.46129032258	6.2165414899
9.46451612903	6.2171068918
9.46774193548	6.2176719530
9.47096774194	6.2182366741
9.47419354839	6.2188010554
9.47741935484	6.2193650972
9.48064516129	6.2199287998
9.48387096774	6.2204921637
9.48709677419	6.2210551890
9.49032258065	6.2216178763
9.4935483871	6.2221802259
9.49677419355	6.2227422380
9.5	6.2233039131
9.50322580645	6.2238652514
9.5064516129	6.2244262533
9.50967741935	6.2249869192
9.51290322581	6.2255472495
9.51612903226	6.2261072443
9.51935483871	6.2266669042
9.52258064516	6.2272262293
9.52580645161	6.2277852202
9.52903225806	6.2283438770
9.53225806452	6.2289022002
9.53548387097	6.2294601901
9.53870967742	6.2300178470
9.54193548387	6.2305751712
9.54516129032	6.2311321632
9.54838709677	6.2316888232
9.55161290323	6.2322451515
9.55483870968	6.2328011486
9.55806451613	6.2333568147
9.56129032258	6.2339121501
9.56451612903	6.2344671553
9.56774193548	6.2350218305
9.57096774194	6.2355761761
9.57419354839	6.2361301925
9.57741935484	6.2366838798
9.58064516129	6.2372372385
9.58387096774	6.2377902689
9.58709677419	6.2383429714
9.59032258065	6.2388953462
9.5935483871	6.2394473937
9.59677419355	6.2399991143
9.6	6.2405505082
9.60322580645	6.2411015757
9.6064516129	6.2416523173
9.60967741935	6.2422027332
9.61290322581	6.2427528238
9.61612903226	6.2433025894
9.61935483871	6.2438520303
9.62258064516	6.2444011468
9.62580645161	6.2449499393
9.62903225806	6.2454984080
9.63225806452	6.2460465534
9.63548387097	6.2465943758
9.63870967742	6.2471418753
9.64193548387	6.2476890525
9.64516129032	6.2482359076
9.64838709677	6.2487824409
9.65161290323	6.2493286528
9.65483870968	6.2498745435
9.65806451613	6.2504201134
9.66129032258	6.2509653628
9.66451612903	6.2515102921
9.66774193548	6.2520549015
9.67096774194	6.2525991913
9.67419354839	6.2531431620
9.67741935484	6.2536868137
9.68064516129	6.2542301469
9.68387096774	6.2547731618
9.68709677419	6.2553158588
9.69032258065	6.2558582381
9.6935483871	6.2564003001
9.69677419355	6.2569420451
9.7	6.2574834734
9.70322580645	6.2580245854
9.7064516129	6.2585653813
9.70967741935	6.2591058614
9.71290322581	6.2596460261
9.71612903226	6.2601858757
9.71935483871	6.2607254105
9.72258064516	6.2612646308
9.72580645161	6.2618035368
9.72903225806	6.2623421290
9.73225806452	6.2628804077
9.73548387097	6.2634183731
9.73870967742	6.2639560255
9.74193548387	6.2644933653
9.74516129032	6.2650303927
9.74838709677	6.2655671082
9.75161290323	6.2661035119
9.75483870968	6.2666396042
9.75806451613	6.2671753854
9.76129032258	6.2677108558
9.76451612903	6.2682460157
9.76774193548	6.2687808654
9.77096774194	6.2693154052
9.77419354839	6.2698496355
9.77741935484	6.2703835565
9.78064516129	6.2709171685
9.78387096774	6.2714504718
9.78709677419	6.2719834668
9.79032258065	6.2725161537
9.7935483871	6.2730485329
9.79677419355	6.2735806045
9.8	6.2741123691
9.80322580645	6.2746438267
9.8064516129	6.2751749778
9.80967741935	6.2757058227
9.81290322581	6.2762363616
9.81612903226	6.2767665948
9.81935483871	6.2772965226
9.82258064516	6.2778261454
9.82580645161	6.2783554634
9.82903225806	6.2788844770
9.83225806452	6.2794131864
9.83548387097	6.2799415918
9.83870967742	6.2804696938
9.84193548387	6.2809974924
9.84516129032	6.2815249880
9.84838709677	6.2820521809
9.85161290323	6.2825790714
9.85483870968	6.2831056599
9.85806451613	6.2836319465
9.86129032258	6.2841579315
9.86451612903	6.2846836154
9.86774193548	6.2852089983
9.87096774194	6.2857340805
9.87419354839	6.2862588624
9.87741935484	6.2867833442
9.88064516129	6.2873075263
9.88387096774	6.2878314088
9.88709677419	6.2883549922
9.89032258065	6.2888782766
9.8935483871	6.2894012625
9.89677419355	6.2899239500
9.9	6.2904463394
9.90322580645	6.2909684312
9.9064516129	6.2914902254
9.90967741935	6.2920117225
9.91290322581	6.2925329226
9.91612903226	6.2930538262
9.91935483871	6.2935744334
9.92258064516	6.2940947446
9.92580645161	6.2946147601
9.92903225806	6.2951344800
9.93225806452	6.2956539048
9.93548387097	6.2961730347
9.93870967742	6.2966918700
9.94193548387	6.2972104109
9.94516129032	6.2977286578
9.94838709677	6.2982466110
9.95161290323	6.2987642706
9.95483870968	6.2992816370
9.95806451613	6.2997987105
9.96129032258	6.3003154914
9.96451612903	6.3008319798
9.96774193548	6.3013481762
9.97096774194	6.3018640808
9.97419354839	6.3023796939
9.97741935484	6.3028950157
9.98064516129	6.3034100466
9.98387096774	6.3039247867
9.98709677419	6.3044392364
9.99032258065	6.3049533960
9.9935483871	6.3054672658
9.99677419355	6.3059808459
10.0	6.3064941368
