0.0	2.9091196405
0.005	2.9101815955
0.01	2.9112816587
0.015	2.9123545198
0.02	2.9134551120
0.025	2.9145343523
0.03	2.9156366130
0.035	2.9167212228
0.04	2.9178256818
0.045	2.9189151869
0.05	2.9200221566
0.055	2.9211162721
0.06	2.9222259591
0.065	2.9233244907
0.07	2.9244370411
0.075	2.9255398458
0.08	2.9266553672
0.085	2.9277623338
0.09	2.9288809078
0.095	2.9299919466
0.1	2.9311136360
0.105	2.9322286725
0.11	2.9333535264
0.115	2.9344724970
0.12	2.9356005537
0.125	2.9367234034
0.13	2.9378546931
0.135	2.9389813733
0.14	2.9401159193
0.145	2.9412463865
0.15	2.9423842068
0.155	2.9435184217
0.16	2.9446595300
0.165	2.9457974566
0.17	2.9469418628
0.175	2.9480834679
0.18	2.9492311788
0.185	2.9503764315
0.19	2.9515274511
0.195	2.9526763225
0.2	2.9538306529
0.205	2.9549831156
0.21	2.9561407568
0.215	2.9572967847
0.22	2.9584577351
0.225	2.9596173036
0.23	2.9607815600
0.235	2.9619446454
0.24	2.9631122035
0.245	2.9642787829
0.25	2.9654496373
0.255	2.9666196887
0.26	2.9677938329
0.265	2.9689673349
0.27	2.9701447617
0.275	2.9713216937
0.28	2.9725023950
0.285	2.9736827366
0.29	2.9748667039
0.295	2.9760504354
0.3	2.9772376593
0.305	2.9784247613
0.31	2.9796152320
0.315	2.9808056858
0.32	2.9819993930
0.325	2.9831931798
0.33	2.9843901129
0.335	2.9855872145
0.34	2.9867873624
0.345	2.9879877607
0.35	2.9891911120
0.355	2.9903947892
0.36	2.9916013323
0.365	2.9928082710
0.37	2.9940179937
0.375	2.9952281766
0.38	2.9964410669
0.385	2.9976544767
0.39	2.9988705221
0.395	3.0000871420
0.4	3.0013063299
0.405	3.0025261430
0.41	3.0037484607
0.415	3.0049714505
0.42	3.0061968850
0.425	3.0074230349
0.43	3.0086515731
0.435	3.0098808668
0.44	3.0111124957
0.445	3.0123449169
0.45	3.0135796230
0.455	3.0148151557
0.46	3.0160529257
0.465	3.0172915539
0.47	3.0185323743
0.475	3.0197740820
0.48	3.0210179393
0.485	3.0222627109
0.49	3.0235095914
0.495	3.0247574111
0.5	3.0260073012
0.505	3.0272581534
0.51	3.0285110395
0.515	3.0297649087
0.52	3.0310207769
0.525	3.0322776477
0.53	3.0335364843
0.535	3.0347963413
0.54	3.0360581325
0.545	3.0373209606
0.55	3.0385856926
0.555	3.0398514764
0.56	3.0411191354
0.565	3.0423878600
0.57	3.0436584320
0.575	3.0449300823
0.58	3.0462035536
0.585	3.0474781147
0.59	3.0487544714
0.595	3.0500319283
0.6	3.0513111566
0.605	3.0525914946
0.61	3.0538735806
0.615	3.0551567849
0.62	3.0564417148
0.625	3.0577277709
0.63	3.0590155309
0.635	3.0603044239
0.64	3.0615950002
0.645	3.0628867159
0.65	3.0641800947
0.655	3.0654746184
0.66	3.0667707859
0.665	3.0680681033
0.67	3.0693670459
0.675	3.0706671426
0.68	3.0719688466
0.685	3.0732717083
0.69	3.0745761600
0.695	3.0758817725
0.7	3.0771889582
0.705	3.0784973075
0.71	3.0798072136
0.715	3.0811182855
0.72	3.0824308985
0.725	3.0837446790
0.73	3.0850599852
0.735	3.0863764604
0.74	3.0876944465
0.745	3.0890136025
0.75	3.0903342549
0.755	3.0916560778
0.76	3.0929793832
0.765	3.0943038592
0.77	3.0956298042
0.775	3.0969569197
0.78	3.0982854909
0.785	3.0996152323
0.79	3.1009464164
0.795	3.1022787701
0.8	3.1036125539
0.805	3.1049475063
0.81	3.1062838766
0.815	3.1076214144
0.82	3.1089603580
0.825	3.1103004677
0.83	3.1116419716
0.835	3.1129846399
0.84	3.1143286910
0.845	3.1156739047
0.85	3.1170204899
0.855	3.1183682358
0.86	3.1197173422
0.865	3.1210676071
0.87	3.1224192220
0.875	3.1237719928
0.88	3.1251261031
0.885	3.1264813669
0.89	3.1278379599
0.895	3.1291957037
0.9	3.1305547667
0.905	3.1319149777
0.91	3.1332764979
0.915	3.1346391632
0.92	3.1360031281
0.925	3.1373682349
0.93	3.1387346319
0.935	3.1401021676
0.94	3.1414709842
0.945	3.1428409361
0.95	3.1442121598
0.955	3.1455845154
0.96	3.1469581338
0.965	3.1483328805
0.97	3.1497088813
0.975	3.1510860068
0.98	3.1524643776
0.985	3.1538438695
0.99	3.1552245982
0.995	3.1566064441
1.0	3.1579895184
1.005	3.1593737062
1.01	3.1607591141
1.015	3.1621456315
1.02	3.1635333609
1.025	3.1649221959
1.03	3.1663122348
1.035	3.1677033753
1.04	3.1690957117
1.045	3.1704891457
1.05	3.1718837679
1.055	3.1732794834
1.06	3.1746763795
1.065	3.1760743648
1.07	3.1774735230
1.075	3.1788737662
1.08	3.1802751749
1.085	3.1816776643
1.09	3.1830813119
1.095	3.1844860358
1.1	3.1858919106
1.105	3.1872988576
1.11	3.1887069481
1.115	3.1901161065
1.12	3.1915264014
1.125	3.1929377596
1.13	3.1943502475
1.135	3.1957637943
1.14	3.1971784638
1.145	3.1985941879
1.15	3.2000110277
1.155	3.2014289177
1.16	3.2028479168
1.165	3.2042679615
1.17	3.2056891087
1.175	3.2071112970
1.18	3.2085345812
1.185	3.2099589020
1.19	3.2113843122
1.195	3.2128107546
1.2	3.2142382798
1.205	3.2156668327
1.21	3.2170964621
1.215	3.2185271148
1.22	3.2199588376
1.225	3.2213915792
1.23	3.2228253846
1.235	3.2242602043
1.24	3.2256960817
1.245	3.2271329689
1.25	3.2285709077
1.255	3.2300098517
1.26	3.2314498413
1.265	3.2328908316
1.27	3.2343328615
1.275	3.2357758876
1.28	3.2372199474
1.285	3.2386649990
1.29	3.2401110783
1.295	3.2415581449
1.3	3.2430062335
1.305	3.2444553048
1.31	3.2459053924
1.315	3.2473564583
1.32	3.2488085348
1.325	3.2502615851
1.33	3.2517156404
1.335	3.2531706650
1.34	3.2546266890
1.345	3.2560836779
1.35	3.2575416607
1.355	3.2590006039
1.36	3.2604605355
1.365	3.2619214233
1.37	3.2633832939
1.375	3.2648461163
1.38	3.2663099162
1.385	3.2677746634
1.39	3.2692403829
1.395	3.2707070454
1.4	3.2721746748
1.405	3.2736432428
1.41	3.2751127726
1.415	3.2765832366
1.42	3.2780546572
1.425	3.2795270078
1.43	3.2810003098
1.435	3.2824745375
1.44	3.2839497116
1.445	3.2854258070
1.45	3.2869028438
1.455	3.2883807977
1.46	3.2898596880
1.465	3.2913394911
1.47	3.2928202257
1.475	3.2943018689
1.48	3.2957844387
1.485	3.2972679129
1.49	3.2987523089
1.495	3.3002376050
1.5	3.3017238182
1.505	3.3032109274
1.51	3.3046989488
1.515	3.3061878621
1.52	3.3076776830
1.525	3.3091683916
1.53	3.3106600031
1.535	3.3121524983
1.54	3.3136458917
1.545	3.3151401647
1.55	3.3166353315
1.555	3.3181313738
1.56	3.3196283052
1.565	3.3211261082
1.57	3.3226247958
1.575	3.3241243510
1.58	3.3256247863
1.585	3.3271260853
1.59	3.3286282600
1.595	3.3301312945
1.6	3.3316352002
1.605	3.3331399618
1.61	3.3346455904
1.615	3.3361520709
1.62	3.3376594141
1.625	3.3391676053
1.63	3.3406766551
1.635	3.3421865490
1.64	3.3436972973
1.645	3.3452088859
1.65	3.3467213246
1.655	3.3482345999
1.66	3.3497487212
1.665	3.3512636753
1.67	3.3527794714
1.675	3.3542960966
1.68	3.3558135596
1.685	3.3573318480
1.69	3.3588509703
1.695	3.3603709143
1.7	3.3618916882
1.705	3.3634132801
1.71	3.3649356981
1.715	3.3664589304
1.72	3.3679829849
1.725	3.3695078502
1.73	3.3710335337
1.735	3.3725600246
1.74	3.3740873298
1.745	3.3756154389
1.75	3.3771443585
1.755	3.3786740785
1.76	3.3802046053
1.765	3.3817359289
1.77	3.3832680558
1.775	3.3848009759
1.78	3.3863346957
1.785	3.3878692053
1.79	3.3894045109
1.795	3.3909406031
1.8	3.3924774875
1.805	3.3940151552
1.81	3.3955536117
1.815	3.3970928480
1.82	3.3986328696
1.825	3.4001736679
1.83	3.4017152479
1.835	3.4032576012
1.84	3.4048007329
1.845	3.4063446348
1.85	3.4078893115
1.855	3.4094347552
1.86	3.4109809705
1.865	3.4125279496
1.87	3.4140756969
1.875	3.4156242048
1.88	3.4171734777
1.885	3.4187235081
1.89	3.4202743003
1.895	3.4218258469
1.9	3.4233781520
1.905	3.4249312085
1.91	3.4264850203
1.915	3.4280395806
1.92	3.4295948930
1.925	3.4311509509
1.93	3.4327077578
1.935	3.4342653072
1.94	3.4358236027
1.945	3.4373826377
1.95	3.4389424157
1.955	3.4405029305
1.96	3.4420641852
1.965	3.4436261737
1.97	3.4451888993
1.975	3.4467523560
1.98	3.4483165468
1.985	3.4498814658
1.99	3.4514471160
1.995	3.4530134918
2.0	3.4545805960
2.005	3.4561484230
2.01	3.4577169755
2.015	3.4592862482
2.02	3.4608562437
2.025	3.4624269566
2.03	3.4639983897
2.035	3.4655705376
2.04	3.4671434028
2.045	3.4687169804
2.05	3.4702912727
2.055	3.4718662747
2.06	3.4734419888
2.065	3.4750184101
2.07	3.4765955409
2.075	3.4781733765
2.08	3.4797519190
2.085	3.4813311639
2.09	3.4829111132
2.095	3.4844917624
2.1	3.4860731135
2.105	3.4876551622
2.11	3.4892379103
2.115	3.4908213537
2.12	3.4924054942
2.125	3.4939903276
2.13	3.4955758558
2.135	3.4971620745
2.14	3.4987489857
2.145	3.5003365853
2.15	3.5019248750
2.155	3.5035138509
2.16	3.5051035146
2.165	3.5066938624
2.17	3.5082848959
2.175	3.5098766113
2.18	3.5114690101
2.185	3.5130620888
2.19	3.5146558488
2.195	3.5162502865
2.2	3.5178454035
2.205	3.5194411963
2.21	3.5210376662
2.215	3.5226348099
2.22	3.5242326287
2.225	3.5258311194
2.23	3.5274302832
2.235	3.5290301169
2.24	3.5306306218
2.245	3.5322317948
2.25	3.5338336370
2.255	3.5354361455
2.26	3.5370393213
2.265	3.5386431616
2.27	3.5402476675
2.275	3.5418528360
2.28	3.5434586683
2.285	3.5450651615
2.29	3.5466723168
2.295	3.5482801313
2.3	3.5498886061
2.305	3.5514977385
2.31	3.5531075295
2.315	3.5547179765
2.32	3.5563290806
2.325	3.5579408390
2.33	3.5595532528
2.335	3.5611663195
2.34	3.5627800401
2.345	3.5643944120
2.35	3.5660094363
2.355	3.5676251104
2.36	3.5692414355
2.365	3.5708584090
2.37	3.5724760319
2.375	3.5740943020
2.38	3.5757132201
2.385	3.5773327840
2.39	3.5789529945
2.395	3.5805738496
2.4	3.5821953500
2.405	3.5838174936
2.41	3.5854402813
2.415	3.5870637110
2.42	3.5886877835
2.425	3.5903124969
2.43	3.5919378519
2.435	3.5935638466
2.44	3.5951904818
2.445	3.5968177557
2.45	3.5984456689
2.455	3.6000742197
2.46	3.6017034088
2.465	3.6033332345
2.47	3.6049636974
2.475	3.6065947959
2.48	3.6082265308
2.485	3.6098589003
2.49	3.6114919052
2.495	3.6131255438
2.5	3.6147598170
2.505	3.6163947230
2.51	3.6180302627
2.515	3.6196664346
2.52	3.6213032392
2.525	3.6229406753
2.53	3.6245787434
2.535	3.6262174422
2.54	3.6278567723
2.545	3.6294967324
2.55	3.6311373232
2.555	3.6327785434
2.56	3.6344203936
2.565	3.6360628727
2.57	3.6377059812
2.575	3.6393497179
2.58	3.6409940836
2.585	3.6426390771
2.59	3.6442846991
2.595	3.6459309483
2.6	3.6475778256
2.605	3.6492253298
2.61	3.6508734617
2.615	3.6525222201
2.62	3.6541716058
2.625	3.6558216178
2.63	3.6574722568
2.635	3.6591235218
2.64	3.6607754135
2.645	3.6624279310
2.65	3.6640810751
2.655	3.6657348448
2.66	3.6673892409
2.665	3.6690442626
2.67	3.6706999105
2.675	3.6723561840
2.68	3.6740130836
2.685	3.6756706088
2.69	3.6773287601
2.695	3.6789875370
2.7	3.6806469402
2.705	3.6823069689
2.71	3.6839676241
2.715	3.6856289049
2.72	3.6872908124
2.725	3.6889533457
2.73	3.6906165058
2.735	3.6922802921
2.74	3.6939447054
2.745	3.6956097451
2.75	3.6972754122
2.755	3.6989417061
2.76	3.7006086277
2.765	3.7022761765
2.77	3.7039443534
2.775	3.7056131581
2.78	3.7072825913
2.785	3.7089526527
2.79	3.7106233432
2.795	3.7122946625
2.8	3.7139666115
2.805	3.7156391900
2.81	3.7173123987
2.815	3.7189862376
2.82	3.7206607075
2.825	3.7223358083
2.83	3.7240115408
2.835	3.7256879051
2.84	3.7273649019
2.845	3.7290425313
2.85	3.7307207941
2.855	3.7323996904
2.86	3.7340792212
2.865	3.7357593863
2.87	3.7374401869
2.875	3.7391216230
2.88	3.7408036956
2.885	3.7424864048
2.89	3.7441697516
2.895	3.7458537361
2.9	3.7475383595
2.905	3.7492236218
2.91	3.7509095243
2.915	3.7525960670
2.92	3.7542832511
2.925	3.7559710768
2.93	3.7576595454
2.935	3.7593486570
2.94	3.7610384128
2.945	3.7627288133
2.95	3.7644198595
2.955	3.7661115518
2.96	3.7678038915
2.965	3.7694968790
2.97	3.7711905154
2.975	3.7728848014
2.98	3.7745797381
2.985	3.7762753261
2.99	3.7779715666
2.995	3.7796684603
3.0	3.7813660084
3.005	3.7830642115
3.01	3.7847630710
3.015	3.7864625875
3.02	3.7881627625
3.025	3.7898635965
3.03	3.7915650911
3.035	3.7932672470
3.04	3.7949700655
3.045	3.7966735475
3.05	3.7983776945
3.055	3.8000825073
3.06	3.8017879874
3.065	3.8034941357
3.07	3.8052009537
3.075	3.8069084424
3.08	3.8086166033
3.085	3.8103254375
3.09	3.8120349464
3.095	3.8137451313
3.1	3.8154559936
3.105	3.8171675345
3.11	3.8188797557
3.115	3.8205926582
3.12	3.8223062439
3.125	3.8240205139
3.13	3.8257354700
3.135	3.8274511133
3.14	3.8291674458
3.145	3.8308844686
3.15	3.8326021837
3.155	3.8343205923
3.16	3.8360396964
3.165	3.8377594973
3.17	3.8394799970
3.175	3.8412011969
3.18	3.8429230991
3.185	3.8446457049
3.19	3.8463690164
3.195	3.8480930351
3.2	3.8498177633
3.205	3.8515432023
3.21	3.8532693544
3.215	3.8549962213
3.22	3.8567238050
3.225	3.8584521074
3.23	3.8601811306
3.235	3.8619108765
3.24	3.8636413472
3.245	3.8653725447
3.25	3.8671044712
3.255	3.8688371287
3.26	3.8705705195
3.265	3.8723046456
3.27	3.8740395095
3.275	3.8757751132
3.28	3.8775114591
3.285	3.8792485494
3.29	3.8809863865
3.295	3.8827249728
3.3	3.8844643107
3.305	3.8862044025
3.31	3.8879452509
3.315	3.8896868581
3.32	3.8914292269
3.325	3.8931723597
3.33	3.8949162593
3.335	3.8966609280
3.34	3.8984063688
3.345	3.9001525841
3.35	3.9018995770
3.355	3.9036473499
3.36	3.9053959059
3.365	3.9071452476
3.37	3.9088953781
3.375	3.9106463001
3.38	3.9123980168
3.385	3.9141505310
3.39	3.9159038459
3.395	3.9176579644
3.4	3.9194128898
3.405	3.9211686251
3.41	3.9229251736
3.415	3.9246825384
3.42	3.9264407229
3.425	3.9281997304
3.43	3.9299595642
3.435	3.9317202278
3.44	3.9334817246
3.445	3.9352440581
3.45	3.9370072319
3.455	3.9387712494
3.46	3.9405361144
3.465	3.9423018306
3.47	3.9440684016
3.475	3.9458358312
3.48	3.9476041234
3.485	3.9493732818
3.49	3.9511433105
3.495	3.9529142133
3.5	3.9546859945
3.505	3.9564586579
3.51	3.9582322079
3.515	3.9600066484
3.52	3.9617819838
3.525	3.9635582183
3.53	3.9653353564
3.535	3.9671134023
3.54	3.9688923606
3.545	3.9706722357
3.55	3.9724530324
3.555	3.9742347551
3.56	3.9760174086
3.565	3.9778009977
3.57	3.9795855271
3.575	3.9813710018
3.58	3.9831574267
3.585	3.9849448067
3.59	3.9867331471
3.595	3.9885224529
3.6	3.9903127295
3.605	3.9921039819
3.61	3.9938962156
3.615	3.9956894361
3.62	3.9974836488
3.625	3.9992788593
3.63	4.0010750732
3.635	4.0028722963
3.64	4.0046705344
3.645	4.0064697934
3.65	4.0082700792
3.655	4.0100713978
3.66	4.0118737554
3.665	4.0136771582
3.67	4.0154816125
3.675	4.0172871246
3.68	4.0190937011
3.685	4.0209013485
3.69	4.0227100734
3.695	4.0245198826
3.7	4.0263307830
3.705	4.0281427814
3.71	4.0299558849
3.715	4.0317701005
3.72	4.0335854357
3.725	4.0354018976
3.73	4.0372194938
3.735	4.0390382317
3.74	4.0408581190
3.745	4.0426791635
3.75	4.0445013731
3.755	4.0463247558
3.76	4.0481493196
3.765	4.0499750728
3.77	4.0518020238
3.775	4.0536301810
3.78	4.0554595531
3.785	4.0572901487
3.79	4.0591219767
3.795	4.0609550462
3.8	4.0627893662
3.805	4.0646249461
3.81	4.0664617952
3.815	4.0682999231
3.82	4.0701393395
3.825	4.0719800543
3.83	4.0738220775
3.835	4.0756654192
3.84	4.0775100898
3.845	4.0793560998
3.85	4.0812034599
3.855	4.0830521808
3.86	4.0849022737
3.865	4.0867537496
3.87	4.0886066200
3.875	4.0904608964
3.88	4.0923165906
3.885	4.0941737145
3.89	4.0960322802
3.895	4.0978923002
3.9	4.0997537870
3.905	4.1016167533
3.91	4.1034812121
3.915	4.1053471767
3.92	4.1072146606
3.925	4.1090836773
3.93	4.1109542410
3.935	4.1128263655
3.94	4.1147000656
3.945	4.1165753558
3.95	4.1184522510
3.955	4.1203307666
3.96	4.1222109180
3.965	4.1240927210
3.97	4.1259761917
3.975	4.1278613465
3.98	4.1297482022
3.985	4.1316367756
3.99	4.1335270843
3.995	4.1354191459
4.0	4.1373129784
4.005	4.1392086003
4.01	4.1411060302
4.015	4.1430052874
4.02	4.1449063914
4.025	4.1468093620
4.03	4.1487142197
4.035	4.1506209852
4.04	4.1525296798
4.045	4.1544403249
4.05	4.1563529429
4.055	4.1582675562
4.06	4.1601841880
4.065	4.1621028618
4.07	4.1640236019
4.075	4.1659464328
4.08	4.1678713798
4.085	4.1697984686
4.09	4.1717277258
4.095	4.1736591782
4.1	4.1755928537
4.105	4.1775287805
4.11	4.1794669876
4.115	4.1814075048
4.12	4.1833503625
4.125	4.1852955920
4.13	4.1872432253
4.135	4.1891932953
4.14	4.1911458356
4.145	4.1931008808
4.15	4.1950584666
4.155	4.1970186293
4.16	4.1989814064
4.165	4.2009468365
4.17	4.2029149591
4.175	4.2048858150
4.18	4.2068594461
4.185	4.2088358955
4.19	4.2108152077
4.195	4.2127974285
4.2	4.2147826049
4.205	4.2167707857
4.21	4.2187620211
4.215	4.2207563628
4.22	4.2227538642
4.225	4.2247545808
4.23	4.2267585695
4.235	4.2287658896
4.24	4.2307766020
4.245	4.2327907703
4.25	4.2348084599
4.255	4.2368297390
4.26	4.2388546781
4.265	4.2408833506
4.27	4.2429158327
4.275	4.2449522035
4.28	4.2469925455
4.285	4.2490369447
4.29	4.2510854905
4.295	4.2531382764
4.3	4.2551954000
4.305	4.2572569633
4.31	4.2593230732
4.315	4.2613938416
4.32	4.2634693859
4.325	4.2655498295
4.33	4.2676353021
4.335	4.2697259404
4.34	4.2718218884
4.345	4.2739232986
4.35	4.2760303319
4.355	4.2781431593
4.36	4.2802619621
4.365	4.2823869335
4.37	4.2845182794
4.375	4.2866562200
4.38	4.2888009912
4.385	4.2909528466
4.39	4.2931120594
4.395	4.2952789253
4.4	4.2974537648
4.405	4.2996369272
4.41	4.3018287947
4.415	4.3040297872
4.42	4.3062403685
4.425	4.3084610543
4.43	4.3106924214
4.435	4.3129351200
4.44	4.3151898892
4.445	4.3174575781
4.45	4.3197391733
4.455	4.3220358379
4.46	4.3243489661
4.465	4.3266802655
4.47	4.3290318845
4.475	4.3314066236
4.48	4.3338083172
4.485	4.3362426086
4.49	4.3387188488
4.495	4.3412566864
4.5	4.3440454359
4.505	4.3470831547
4.51	4.3501790279
4.515	4.3533128229
4.52	4.3564747744
4.525	4.3596589165
4.53	4.3628611514
4.535	4.3660784557
4.54	4.3693084905
4.545	4.3725493809
4.55	4.3757995860
4.555	4.3790578116
4.56	4.3823229545
4.565	4.3855940599
4.57	4.3888702940
4.575	4.3921509199
4.58	4.3954352828
4.585	4.3987227954
4.59	4.4020129290
4.595	4.4053052038
4.6	4.4085991837
4.605	4.4118944693
4.61	4.4151906947
4.615	4.4184875224
4.62	4.4217846414
4.625	4.4250817631
4.63	4.4283786199
4.635	4.4316749626
4.64	4.4349705591
4.645	4.4382651922
4.65	4.4415586591
4.655	4.4448507692
4.66	4.4481413442
4.665	4.4514302157
4.67	4.4547172261
4.675	4.4580022261
4.68	4.4612850755
4.685	4.4645656414
4.69	4.4678437988
4.695	4.4711194287
4.7	4.4743924193
4.705	4.4776626638
4.71	4.4809300618
4.715	4.4841945175
4.72	4.4874559403
4.725	4.4907142438
4.73	4.4939693464
4.735	4.4972211701
4.74	4.5004696412
4.745	4.5037146890
4.75	4.5069562469
4.755	4.5101942510
4.76	4.5134286407
4.765	4.5166593582
4.77	4.5198863487
4.775	4.5231095595
4.78	4.5263289411
4.785	4.5295444457
4.79	4.5327560282
4.795	4.5359636453
4.8	4.5391672560
4.805	4.5423668211
4.81	4.5455623035
4.815	4.5487536674
4.82	4.5519408793
4.825	4.5551239067
4.83	4.5583027191
4.835	4.5614772873
4.84	4.5646475836
4.845	4.5678135815
4.85	4.5709752561
4.855	4.5741325833
4.86	4.5772855408
4.865	4.5804341067
4.87	4.5835782610
4.875	4.5867179840
4.88	4.5898532577
4.885	4.5929840646
4.89	4.5961103884
4.895	4.5992322134
4.9	4.6023495252
4.905	4.6054623098
4.91	4.6085705544
4.915	4.6116742466
4.92	4.6147733752
4.925	4.6178679291
4.93	4.6209578985
4.935	4.6240432738
4.94	4.6271240465
4.945	4.6302002082
4.95	4.6332717515
4.955	4.6363386694
4.96	4.6394009556
4.965	4.6424586040
4.97	4.6455116094
4.975	4.6485599669
4.98	4.6516036721
4.985	4.6546427211
4.99	4.6576771105
4.995	4.6607068372
5.0	4.6637318986
5.005	4.6667522925
5.01	4.6697680171
5.015	4.6727790709
5.02	4.6757854529
5.025	4.6787871622
5.03	4.6817841987
5.035	4.6847765622
5.04	4.6877642529
5.045	4.6907472715
5.05	4.6937256188
5.055	4.6966992959
5.06	4.6996683044
5.065	4.7026326459
5.07	4.7055923224
5.075	4.7085473361
5.08	4.7114976894
5.085	4.7144433851
5.09	4.7173844262
5.095	4.7203208156
5.1	4.7232525568
5.105	4.7261796534
5.11	4.7291021091
5.115	4.7320199279
5.12	4.7349331139
5.125	4.7378416714
5.13	4.7407456051
5.135	4.7436449194
5.14	4.7465396193
5.145	4.7494297097
5.15	4.7523151958
5.155	4.7551960828
5.16	4.7580723763
5.165	4.7609440817
5.17	4.7638112049
5.175	4.7666737515
5.18	4.7695317276
5.185	4.7723851392
5.19	4.7752339926
5.195	4.7780782940
5.2	4.7809180499
5.205	4.7837532668
5.21	4.7865839513
5.215	4.7894101102
5.22	4.7922317502
5.225	4.7950488782
5.23	4.7978615014
5.235	4.8006696266
5.24	4.8034732612
5.245	4.8062724123
5.25	4.8090670873
5.255	4.8118572935
5.26	4.8146430385
5.265	4.8174243297
5.27	4.8202011748
5.275	4.8229735814
5.28	4.8257415573
5.285	4.8285051101
5.29	4.8312642479
5.295	4.8340189783
5.3	4.8367693096
5.305	4.8395152495
5.31	4.8422568061
5.315	4.8449939876
5.32	4.8477268021
5.325	4.8504552577
5.33	4.8531793627
5.335	4.8558991254
5.34	4.8586145539
5.345	4.8613256567
5.35	4.8640324422
5.355	4.8667349187
5.36	4.8694330946
5.365	4.8721269784
5.37	4.8748165787
5.375	4.8775019038
5.38	4.8801829624
5.385	4.8828597631
5.39	4.8855323143
5.395	4.8882006248
5.4	4.8908647031
5.405	4.8935245579
5.41	4.8961801978
5.415	4.8988316316
5.42	4.9014788680
5.425	4.9041219156
5.43	4.9067607833
5.435	4.9093954796
5.44	4.9120260134
5.445	4.9146523935
5.45	4.9172746286
5.455	4.9198927276
5.46	4.9225066991
5.465	4.9251165520
5.47	4.9277222952
5.475	4.9303239374
5.48	4.9329214874
5.485	4.9355149541
5.49	4.9381043463
5.495	4.9406896727
5.5	4.9432708958
5.505	4.9458465732
5.51	4.9484167295
5.515	4.9509813884
5.52	4.9535405738
5.525	4.9560943094
5.53	4.9586426187
5.535	4.9611855250
5.54	4.9637230513
5.545	4.9662552206
5.55	4.9687820559
5.555	4.9713035795
5.56	4.9738198142
5.565	4.9763307820
5.57	4.9788365053
5.575	4.9813370060
5.58	4.9838323059
5.585	4.9863224266
5.59	4.9888073898
5.595	4.9912872167
5.6	4.9937619287
5.605	4.9962315468
5.61	4.9986960919
5.615	5.0011555847
5.62	5.0036100460
5.625	5.0060594962
5.63	5.0085039557
5.635	5.0109434447
5.64	5.0133779832
5.645	5.0158075913
5.65	5.0182322887
5.655	5.0206520951
5.66	5.0230670301
5.665	5.0254771130
5.67	5.0278823631
5.675	5.0302827997
5.68	5.0326784416
5.685	5.0350693079
5.69	5.0374554173
5.695	5.0398367885
5.7	5.0422134399
5.705	5.0445853901
5.71	5.0469526573
5.715	5.0493152597
5.72	5.0516732153
5.725	5.0540265421
5.73	5.0563752580
5.735	5.0587193806
5.74	5.0610589275
5.745	5.0633939163
5.75	5.0657243644
5.755	5.0680502889
5.76	5.0703717071
5.765	5.0726886361
5.77	5.0750010927
5.775	5.0773090939
5.78	5.0796126564
5.785	5.0819117967
5.79	5.0842065316
5.795	5.0864968774
5.8	5.0887828504
5.805	5.0910644669
5.81	5.0933417430
5.815	5.0956146948
5.82	5.0978833382
5.825	5.1001476890
5.83	5.1024077631
5.835	5.1046635760
5.84	5.1069151434
5.845	5.1091624807
5.85	5.1114056034
5.855	5.1136445266
5.86	5.1158792656
5.865	5.1181098355
5.87	5.1203362514
5.875	5.1225585281
5.88	5.1247766806
5.885	5.1269907235
5.89	5.1292006716
5.895	5.1314065394
5.9	5.1336083416
5.905	5.1358060924
5.91	5.1379998062
5.915	5.1401894973
5.92	5.1423751799
5.925	5.1445568681
5.93	5.1467345759
5.935	5.1489083171
5.94	5.1510781058
5.945	5.1532439556
5.95	5.1554058804
5.955	5.1575638936
5.96	5.1597180089
5.965	5.1618682396
5.97	5.1640145994
5.975	5.1661571014
5.98	5.1682957589
5.985	5.1704305851
5.99	5.1725615931
5.995	5.1746887959
6.0	5.1768122065
6.005	5.1789318379
6.01	5.1810477027
6.015	5.1831598138
6.02	5.1852681839
6.025	5.1873728256
6.03	5.1894737514
6.035	5.1915709737
6.04	5.1936645051
6.045	5.1957543579
6.05	5.1978405443
6.055	5.1999230765
6.06	5.2020019668
6.065	5.2040772271
6.07	5.2061488696
6.075	5.2082169061
6.08	5.2102813487
6.085	5.2123422090
6.09	5.2143994989
6.095	5.2164532300
6.1	5.2185034141
6.105	5.2205500627
6.11	5.2225931874
6.115	5.2246327995
6.12	5.2266689106
6.125	5.2287015320
6.13	5.2307306749
6.135	5.2327563506
6.14	5.2347785703
6.145	5.2367973450
6.15	5.2388126859
6.155	5.2408246039
6.16	5.2428331101
6.165	5.2448382152
6.17	5.2468399301
6.175	5.2488382657
6.18	5.2508332326
6.185	5.2528248415
6.19	5.2548131031
6.195	5.2567980278
6.2	5.2587796263
6.205	5.2607579090
6.21	5.2627328862
6.215	5.2647045684
6.22	5.2666729659
6.225	5.2686380889
6.23	5.2705999476
6.235	5.2725585522
6.24	5.2745139127
6.245	5.2764660393
6.25	5.2784149420
6.255	5.2803606307
6.26	5.2823031153
6.265	5.2842424057
6.27	5.2861785117
6.275	5.2881114430
6.28	5.2900412094
6.285	5.2919678206
6.29	5.2938912861
6.295	5.2958116157
6.3	5.2977288187
6.305	5.2996429047
6.31	5.3015538831
6.315	5.3034617633
6.32	5.3053665548
6.325	5.3072682667
6.33	5.3091669083
6.335	5.3110624890
6.34	5.3129550177
6.345	5.3148445038
6.35	5.3167309563
6.355	5.3186143841
6.36	5.3204947965
6.365	5.3223722022
6.37	5.3242466102
6.375	5.3261180294
6.38	5.3279864687
6.385	5.3298519368
6.39	5.3317144425
6.395	5.3335739945
6.4	5.3354306016
6.405	5.3372842722
6.41	5.3391350151
6.415	5.3409828388
6.42	5.3428277518
6.425	5.3446697626
6.43	5.3465088796
6.435	5.3483451113
6.44	5.3501784659
6.445	5.3520089519
6.45	5.3538365775
6.455	5.3556613510
6.46	5.3574832806
6.465	5.3593023745
6.47	5.3611186407
6.475	5.3629320875
6.48	5.3647427229
6.485	5.3665505549
6.49	5.3683555915
6.495	5.3701578407
6.5	5.3719573104
6.505	5.3737540085
6.51	5.3755479428
6.515	5.3773391213
6.52	5.3791275516
6.525	5.3809132415
6.53	5.3826961987
6.535	5.3844764310
6.54	5.3862539460
6.545	5.3880287512
6.55	5.3898008544
6.555	5.3915702629
6.56	5.3933369844
6.565	5.3951010264
6.57	5.3968623962
6.575	5.3986211014
6.58	5.4003771492
6.585	5.4021305472
6.59	5.4038813025
6.595	5.4056294225
6.6	5.4073749145
6.605	5.4091177856
6.61	5.4108580431
6.615	5.4125956942
6.62	5.4143307460
6.625	5.4160632056
6.63	5.4177930801
6.635	5.4195203765
6.64	5.4212451019
6.645	5.4229672632
6.65	5.4246868675
6.655	5.4264039216
6.66	5.4281184325
6.665	5.4298304070
6.67	5.4315398519
6.675	5.4332467742
6.68	5.4349511805
6.685	5.4366530777
6.69	5.4383524724
6.695	5.4400493714
6.7	5.4417437814
6.705	5.4434357090
6.71	5.4451251608
6.715	5.4468121434
6.72	5.4484966634
6.725	5.4501787273
6.73	5.4518583417
6.735	5.4535355130
6.74	5.4552102477
6.745	5.4568825522
6.75	5.4585524330
6.755	5.4602198963
6.76	5.4618849487
6.765	5.4635475963
6.77	5.4652078455
6.775	5.4668657027
6.78	5.4685211739
6.785	5.4701742656
6.79	5.4718249838
6.795	5.4734733347
6.8	5.4751193246
6.805	5.4767629595
6.81	5.4784042455
6.815	5.4800431888
6.82	5.4816797953
6.825	5.4833140712
6.83	5.4849460224
6.835	5.4865756548
6.84	5.4882029746
6.845	5.4898279875
6.85	5.4914506995
6.855	5.4930711166
6.86	5.4946892445
6.865	5.4963050892
6.87	5.4979186564
6.875	5.4995299519
6.88	5.5011389815
6.885	5.5027457510
6.89	5.5043502662
6.895	5.5059525326
6.9	5.5075525560
6.905	5.5091503421
6.91	5.5107458965
6.915	5.5123392248
6.92	5.5139303326
6.925	5.5155192256
6.93	5.5171059092
6.935	5.5186903890
6.94	5.5202726705
6.945	5.5218527592
6.95	5.5234306606
6.955	5.5250063801
6.96	5.5265799232
6.965	5.5281512952
6.97	5.5297205016
6.975	5.5312875476
6.98	5.5328524388
6.985	5.5344151804
6.99	5.5359757776
6.995	5.5375342359
7.0	5.5390905604
7.005	5.5406447564
7.01	5.5421968292
7.015	5.5437467838
7.02	5.5452946257
7.025	5.5468403598
7.03	5.5483839914
7.035	5.5499255255
7.04	5.5514649674
7.045	5.5530023220
7.05	5.5545375946
7.055	5.5560707900
7.06	5.5576019134
7.065	5.5591309697
7.07	5.5606579640
7.075	5.5621829013
7.08	5.5637057865
7.085	5.5652266245
7.09	5.5667454204
7.095	5.5682621789
7.1	5.5697769050
7.105	5.5712896035
7.11	5.5728002794
7.115	5.5743089374
7.12	5.5758155824
7.125	5.5773202192
7.13	5.5788228525
7.135	5.5803234871
7.14	5.5818221278
7.145	5.5833187793
7.15	5.5848134463
7.155	5.5863061335
7.16	5.5877968456
7.165	5.5892855873
7.17	5.5907723632
7.175	5.5922571779
7.18	5.5937400361
7.185	5.5952209423
7.19	5.5966999012
7.195	5.5981769172
7.2	5.5996519951
7.205	5.6011251392
7.21	5.6025963541
7.215	5.6040656443
7.22	5.6055330142
7.225	5.6069984685
7.23	5.6084620114
7.235	5.6099236475
7.24	5.6113833812
7.245	5.6128412168
7.25	5.6142971588
7.255	5.6157512115
7.26	5.6172033794
7.265	5.6186536667
7.27	5.6201020777
7.275	5.6215486169
7.28	5.6229932884
7.285	5.6244360966
7.29	5.6258770458
7.295	5.6273161402
7.3	5.6287533840
7.305	5.6301887814
7.31	5.6316223368
7.315	5.6330540542
7.32	5.6344839378
7.325	5.6359119919
7.33	5.6373382206
7.335	5.6387626280
7.34	5.6401852182
7.345	5.6416059954
7.35	5.6430249636
7.355	5.6444421269
7.36	5.6458574895
7.365	5.6472710553
7.37	5.6486828284
7.375	5.6500928128
7.38	5.6515010125
7.385	5.6529074316
7.39	5.6543120740
7.395	5.6557149437
7.4	5.6571160447
7.405	5.6585153809
7.41	5.6599129561
7.415	5.6613087745
7.42	5.6627028398
7.425	5.6640951560
7.43	5.6654857268
7.435	5.6668745563
7.44	5.6682616483
7.445	5.6696470065
7.45	5.6710306349
7.455	5.6724125372
7.46	5.6737927173
7.465	5.6751711789
7.47	5.6765479258
7.475	5.6779229618
7.48	5.6792962906
7.485	5.6806679160
7.49	5.6820378417
7.495	5.6834060714
7.5	5.6847726089
7.505	5.6861374578
7.51	5.6875006217
7.515	5.6888621044
7.52	5.6902219096
7.525	5.6915800408
7.53	5.6929365017
7.535	5.6942912959
7.54	5.6956444270
7.545	5.6969958986
7.55	5.6983457144
7.555	5.6996938778
7.56	5.7010403924
7.565	5.7023852619
7.57	5.7037284896
7.575	5.7050700792
7.58	5.7064100342
7.585	5.7077483581
7.59	5.7090850543
7.595	5.7104201263
7.6	5.7117535777
7.605	5.7130854119
7.61	5.7144156322
7.615	5.7157442423
7.62	5.7170712454
7.625	5.7183966450
7.63	5.7197204445
7.635	5.7210426474
7.64	5.7223632569
7.645	5.7236822764
7.65	5.7249997094
7.655	5.7263155591
7.66	5.7276298290
7.665	5.7289425223
7.67	5.7302536423
7.675	5.7315631924
7.68	5.7328711759
7.685	5.7341775960
7.69	5.7354824560
7.695	5.7367857592
7.7	5.7380875089
7.705	5.7393877083
7.71	5.7406863606
7.715	5.7419834690
7.72	5.7432790369
7.725	5.7445730673
7.73	5.7458655635
7.735	5.7471565286
7.74	5.7484459659
7.745	5.7497338785
7.75	5.7510202695
7.755	5.7523051422
7.76	5.7535884996
7.765	5.7548703449
7.77	5.7561506812
7.775	5.7574295115
7.78	5.7587068391
7.785	5.7599826670
7.79	5.7612569982
7.795	5.7625298358
7.8	5.7638011830
7.805	5.7650710427
7.81	5.7663394179
7.815	5.7676063119
7.82	5.7688717274
7.825	5.7701356676
7.83	5.7713981355
7.835	5.7726591340
7.84	5.7739186662
7.845	5.7751767350
7.85	5.7764333434
7.855	5.7776884943
7.86	5.7789421908
7.865	5.7801944357
7.87	5.7814452319
7.875	5.7826945825
7.88	5.7839424903
7.885	5.7851889582
7.89	5.7864339891
7.895	5.7876775860
7.9	5.7889197516
7.905	5.7901604889
7.91	5.7913998007
7.915	5.7926376899
7.92	5.7938741593
7.925	5.7951092118
7.93	5.7963428502
7.935	5.7975750773
7.94	5.7988058959
7.945	5.8000353088
7.95	5.8012633189
7.955	5.8024899288
7.96	5.8037151415
7.965	5.8049389596
7.97	5.8061613859
7.975	5.8073824233
7.98	5.8086020743
7.985	5.8098203418
7.99	5.8110372285
7.995	5.8122527371
8.0	5.8134668704
8.005	5.8146796310
8.01	5.8158910216
8.015	5.8171010449
8.02	5.8183097036
8.025	5.8195170005
8.03	5.8207229380
8.035	5.8219275190
8.04	5.8231307461
8.045	5.8243326218
8.05	5.8255331489
8.055	5.8267323299
8.06	5.8279301676
8.065	5.8291266644
8.07	5.8303218230
8.075	5.8315156461
8.08	5.8327081361
8.085	5.8338992957
8.09	5.8350891275
8.095	5.8362776340
8.1	5.8374648178
8.105	5.8386506814
8.11	5.8398352274
8.115	5.8410184583
8.12	5.8422003767
8.125	5.8433809850
8.13	5.8445602859
8.135	5.8457382817
8.14	5.8469149751
8.145	5.8480903685
8.15	5.8492644643
8.155	5.8504372651
8.16	5.8516087734
8.165	5.8527789916
8.17	5.8539479222
8.175	5.8551155676
8.18	5.8562819303
8.185	5.8574470127
8.19	5.8586108172
8.195	5.8597733463
8.2	5.8609346025
8.205	5.8620945880
8.21	5.8632533053
8.215	5.8644107569
8.22	5.8655669450
8.225	5.8667218722
8.23	5.8678755407
8.235	5.8690279529
8.24	5.8701791113
8.245	5.8713290181
8.25	5.8724776757
8.255	5.8736250865
8.26	5.8747712528
8.265	5.8759161770
8.27	5.8770598613
8.275	5.8782023080
8.28	5.8793435196
8.285	5.8804834983
8.29	5.8816222463
8.295	5.8827597661
8.3	5.8838960599
8.305	5.8850311299
8.31	5.8861649784
8.315	5.8872976078
8.32	5.8884290202
8.325	5.8895592180
8.33	5.8906882033
8.335	5.8918159785
8.34	5.8929425457
8.345	5.8940679072
8.35	5.8951920653
8.355	5.8963150221
8.36	5.8974367798
8.365	5.8985573407
8.37	5.8996767069
8.375	5.9007948807
8.38	5.9019118643
8.385	5.9030276598
8.39	5.9041422694
8.395	5.9052556953
8.4	5.9063679396
8.405	5.9074790045
8.41	5.9085888922
8.415	5.9096976048
8.42	5.9108051445
8.425	5.9119115133
8.43	5.9130167135
8.435	5.9141207471
8.44	5.9152236163
8.445	5.9163253232
8.45	5.9174258698
8.455	5.9185252584
8.46	5.9196234909
8.465	5.9207205696
8.47	5.9218164964
8.475	5.9229112734
8.48	5.9240049028
8.485	5.9250973865
8.49	5.9261887267
8.495	5.9272789254
8.5	5.9283679847
8.505	5.9294559066
8.51	5.9305426932
8.515	5.9316283465
8.52	5.9327128684
8.525	5.9337962612
8.53	5.9348785267
8.535	5.9359596670
8.54	5.9370396840
8.545	5.9381185799
8.55	5.9391963566
8.555	5.9402730161
8.56	5.9413485604
8.565	5.9424229914
8.57	5.9434963112
8.575	5.9445685217
8.58	5.9456396249
8.585	5.9467096227
8.59	5.9477785172
8.595	5.9488463102
8.6	5.9499130037
8.605	5.9509785997
8.61	5.9520431000
8.615	5.9531065067
8.62	5.9541688216
8.625	5.9552300467
8.63	5.9562901839
8.635	5.9573492351
8.64	5.9584072022
8.645	5.9594640871
8.65	5.9605198917
8.655	5.9615746179
8.66	5.9626282676
8.665	5.9636808427
8.67	5.9647323450
8.675	5.9657827764
8.68	5.9668321389
8.685	5.9678804342
8.69	5.9689276642
8.695	5.9699738308
8.7	5.9710189358
8.705	5.9720629810
8.71	5.9731059684
8.715	5.9741478997
8.72	5.9751887768
8.725	5.9762286015
8.73	5.9772673756
8.735	5.9783051009
8.74	5.9793417793
8.745	5.9803774125
8.75	5.9814120024
8.755	5.9824455508
8.76	5.9834780594
8.765	5.9845095300
8.77	5.9855399645
8.775	5.9865693645
8.78	5.9875977320
8.785	5.9886250686
8.79	5.9896513761
8.795	5.9906766563
8.8	5.9917009109
8.805	5.9927241417
8.81	5.9937463505
8.815	5.9947675389
8.82	5.9957877088
8.825	5.9968068619
8.83	5.9978249998
8.835	5.9988421243
8.84	5.9998582372
8.845	6.0008733402
8.85	6.0018874349
8.855	6.0029005231
8.86	6.0039126066
8.865	6.0049236869
8.87	6.0059337658
8.875	6.0069428450
8.88	6.0079509261
8.885	6.0089580110
8.89	6.0099641011
8.895	6.0109691983
8.9	6.0119733042
8.905	6.0129764204
8.91	6.0139785487
8.915	6.0149796906
8.92	6.0159798479
8.925	6.0169790221
8.93	6.0179772150
8.935	6.0189744282
8.94	6.0199706633
8.945	6.0209659220
8.95	6.0219602058
8.955	6.0229535165
8.96	6.0239458556
8.965	6.0249372248
8.97	6.0259276256
8.975	6.0269170597
8.98	6.0279055287
8.985	6.0288930343
8.99	6.0298795779
8.995	6.0308651612
9.0	6.0318497858
9.005	6.0328334533
9.01	6.0338161653
9.015	6.0347979233
9.02	6.0357787289
9.025	6.0367585837
9.03	6.0377374892
9.035	6.0387154471
9.04	6.0396924589
9.045	6.0406685261
9.05	6.0416436504
9.055	6.0426178332
9.06	6.0435910760
9.065	6.0445633806
9.07	6.0455347483
9.075	6.0465051807
9.08	6.0474746794
9.085	6.0484432458
9.09	6.0494108816
9.095	6.0503775882
9.1	6.0513433671
9.105	6.0523082199
9.11	6.0532721480
9.115	6.0542351530
9.12	6.0551972364
9.125	6.0561583997
9.13	6.0571186443
9.135	6.0580779718
9.14	6.0590363836
9.145	6.0599938813
9.15	6.0609504663
9.155	6.0619061401
9.16	6.0628609042
9.165	6.0638147600
9.17	6.0647677090
9.175	6.0657197527
9.18	6.0666708925
9.185	6.0676211299
9.19	6.0685704664
9.195	6.0695189033
9.2	6.0704664422
9.205	6.0714130845
9.21	6.0723588317
9.215	6.0733036850
9.22	6.0742476461
9.225	6.0751907163
9.23	6.0761328971
9.235	6.0770741898
9.24	6.0780145960
9.245	6.0789541169
9.25	6.0798927541
9.255	6.0808305090
9.26	6.0817673829
9.265	6.0827033772
9.27	6.0836384934
9.275	6.0845727328
9.28	6.0855060969
9.285	6.0864385870
9.29	6.0873702045
9.295	6.0883009508
9.3	6.0892308274
9.305	6.0901598354
9.31	6.0910879765
9.315	6.0920152518
9.32	6.0929416628
9.325	6.0938672109
9.33	6.0947918973
9.335	6.0957157236
9.34	6.0966386909
9.345	6.0975608007
9.35	6.0984820544
9.355	6.0994024532
9.36	6.1003219986
9.365	6.1012406917
9.37	6.1021585341
9.375	6.1030755270
9.38	6.1039916718
9.385	6.1049069698
9.39	6.1058214222
9.395	6.1067350305
9.4	6.1076477960
9.405	6.1085597199
9.41	6.1094708036
9.415	6.1103810483
9.42	6.1112904555
9.425	6.1121990264
9.43	6.1131067623
9.435	6.1140136645
9.44	6.1149197343
9.445	6.1158249730
9.45	6.1167293818
9.455	6.1176329622
9.46	6.1185357152
9.465	6.1194376424
9.47	6.1203387448
9.475	6.1212390238
9.48	6.1221384806
9.485	6.1230371166
9.49	6.1239349330
9.495	6.1248319310
9.5	6.1257281119
9.505	6.1266234771
9.51	6.1275180276
9.515	6.1284117648
9.52	6.1293046900
9.525	6.1301968043
9.53	6.1310881091
9.535	6.1319786055
9.54	6.1328682948
9.545	6.1337571783
9.55	6.1346452571
9.555	6.1355325326
9.56	6.1364190058
9.565	6.1373046781
9.57	6.1381895507
9.575	6.1390736248
9.58	6.1399569016
9.585	6.1408393823
9.59	6.1417210681
9.595	6.1426019603
9.6	6.1434820601
9.605	6.1443613686
9.61	6.1452398870
9.615	6.1461176166
9.62	6.1469945585
9.625	6.1478707140
9.63	6.1487460842
9.635	6.1496206704
9.64	6.1504944736
9.645	6.1513674951
9.65	6.1522397361
9.655	6.1531111977
9.66	6.1539818811
9.665	6.1548517875
9.67	6.1557209181
9.675	6.1565892740
9.68	6.1574568564
9.685	6.1583236664
9.69	6.1591897053
9.695	6.1600549741
9.7	6.1609194740
9.705	6.1617832062
9.71	6.1626461718
9.715	6.1635083720
9.72	6.1643698078
9.725	6.1652304806
9.73	6.1660903913
9.735	6.1669495411
9.74	6.1678079312
9.745	6.1686655628
9.75	6.1695224368
9.755	6.1703785545
9.76	6.1712339169
9.765	6.1720885252
9.77	6.1729423806
9.775	6.1737954841
9.78	6.1746478368
9.785	6.1754994399
9.79	6.1763502945
9.795	6.1772004016
9.8	6.1780497625
9.805	6.1788983781
9.81	6.1797462496
9.815	6.1805933780
9.82	6.1814397646
9.825	6.1822854103
9.83	6.1831303163
9.835	6.1839744837
9.84	6.1848179134
9.845	6.1856606068
9.85	6.1865025647
9.855	6.1873437883
9.86	6.1881842786
9.865	6.1890240368
9.87	6.1898630639
9.875	6.1907013610
9.88	6.1915389292
9.885	6.1923757694
9.89	6.1932118828
9.895	6.1940472705
9.9	6.1948819335
9.905	6.1957158728
9.91	6.1965490895
9.915	6.1973815847
9.92	6.1982133594
9.925	6.1990444147
9.93	6.1998747515
9.935	6.2007043711
9.94	6.2015332743
9.945	6.2023614622
9.95	6.2031889359
9.955	6.2040156964
9.96	6.2048417448
9.965	6.2056670820
9.97	6.2064917091
9.975	6.2073156271
9.98	6.2081388371
9.985	6.2089613400
9.99	6.2097831369
9.995	6.2106042288
10.0	6.2114246168
