0.0	9.686	101.0
0.0063	9.683	286.0
0.0125	9.684	293.7
0.0188	9.689	319.4
0.025	9.694	375.5
0.0312	9.698	390.2
0.0375	9.703	417.4
0.0438	9.707	459.3
0.05	9.712	499.6
0.0563	9.717	551.2
0.0625	9.72	607.5
0.0688	9.723	672.0
0.075	9.726	740.1
0.0813	9.728	812.4
0.0875	9.731	890.7
0.0938	9.734	970.4
0.1	9.736	1056.0
0.1063	9.739	1148.0
0.1125	9.735	1241.0
0.1188	9.725	1335.0
0.125	9.714	1438.0
0.1313	9.704	1539.0
0.1375	9.694	1639.0
0.1438	9.684	1738.0
0.15	9.673	1863.0
0.1562	9.663	1993.0
0.1625	9.662	2119.0
0.1688	9.67	2247.0
0.175	9.677	2374.0
0.1813	9.684	2509.0
0.1875	9.692	2639.0
0.1938	9.699	2771.0
0.2	9.707	2908.0
0.2063	9.714	3046.0
0.2125	9.707	3184.0
0.2188	9.688	3322.0
0.225	9.668	3457.0
0.2313	9.649	3593.0
0.2375	9.629	3729.0
0.2438	9.609	3860.0
0.25	9.59	3994.0
0.2563	9.57	4127.0
0.2625	9.558	4248.0
0.2687	9.553	4369.0
0.275	9.548	4508.0
0.2812	9.543	4634.0
0.2875	9.537	4753.0
0.2938	9.532	4882.0
0.3	9.527	5004.0
0.3063	9.522	5120.0
0.3125	9.524	5242.0
0.3188	9.533	5361.0
0.325	9.543	5463.0
0.3313	9.552	5566.0
0.3375	9.561	5670.0
0.3438	9.571	5766.0
0.35	9.58	5859.0
0.3563	9.589	5952.0
0.3625	9.586	6044.0
0.3688	9.571	6130.0
0.375	9.556	6208.0
0.3813	9.54	6287.0
0.3875	9.525	6361.0
0.3938	9.51	6436.0
0.4	9.495	6504.0
0.4062	9.48	6565.0
0.4125	9.479	6622.0
0.4188	9.493	6680.0
0.425	9.506	6736.0
0.4313	9.52	6785.0
0.4375	9.533	6830.0
0.4438	9.547	6868.0
0.45	9.56	6929.0
0.4563	9.574	6966.0
0.4625	9.576	6992.0
0.4688	9.566	7034.0
0.475	9.557	7059.0
0.4813	9.548	7081.0
0.4875	9.539	7107.0
0.4938	9.53	7131.0
0.5	9.521	7149.0
0.5062	9.512	7165.0
0.5125	9.514	7181.0
0.5188	9.526	7196.0
0.525	9.538	7208.0
0.5312	9.55	7218.0
0.5375	9.562	7225.0
0.5438	9.574	7232.0
0.55	9.586	7239.0
0.5563	9.598	7243.0
0.5625	9.608	7245.0
0.5687	9.616	7246.0
0.575	9.624	7247.0
0.5813	9.632	7248.0
0.5875	9.641	7249.0
0.5938	9.649	7248.0
0.6	9.657	7246.0
0.6063	9.665	7245.0
0.6125	9.67	7245.0
0.6188	9.671	7242.0
0.625	9.672	7239.0
0.6313	9.674	7235.0
0.6375	9.675	7232.0
0.6438	9.676	7230.0
0.65	9.677	7227.0
0.6562	9.679	7222.0
0.6625	9.68	7217.0
0.6688	9.681	7213.0
0.675	9.682	7211.0
0.6813	9.683	7209.0
0.6875	9.685	7204.0
0.6938	9.686	7202.0
0.7	9.687	7202.0
0.7063	9.688	7198.0
0.7125	9.683	7197.0
0.7188	9.672	7200.0
0.725	9.662	7200.0
0.7313	9.651	7199.0
0.7375	9.64	7199.0
0.7438	9.63	7198.0
0.75	9.619	7198.0
0.7563	9.608	7196.0
0.7625	9.602	7192.0
0.7688	9.598	7187.0
0.775	9.595	7184.0
0.7812	9.592	7182.0
0.7875	9.589	7177.0
0.7938	9.585	7173.0
0.8	9.582	7171.0
0.8063	9.579	7169.0
0.8125	9.58	7167.0
0.8188	9.585	7167.0
0.825	9.59	7167.0
0.8313	9.595	7166.0
0.8375	9.6	7166.0
0.8438	9.605	7167.0
0.85	9.61	7167.0
0.8563	9.615	7167.0
0.8625	9.613	7165.0
0.8688	9.605	7165.0
0.875	9.596	7163.0
0.8813	9.587	7164.0
0.8875	9.579	7168.0
0.8938	9.57	7170.0
0.9	9.562	7171.0
0.9062	9.553	7169.0
0.9125	9.545	7172.0
0.9188	9.538	7178.0
0.925	9.531	7181.0
0.9313	9.523	7185.0
0.9375	9.516	7187.0
0.9438	9.509	7190.0
0.95	9.501	7196.0
0.9563	9.494	7201.0
0.9625	9.493	7206.0
0.9688	9.497	7211.0
0.975	9.501	7213.0
0.9813	9.505	7216.0
0.9875	9.509	7219.0
0.9938	9.513	7222.0
1.0	9.517	7232.0
1.0063	9.521	7243.0
1.0125	9.524	7242.0
1.0188	9.525	7239.0
1.025	9.526	7242.0
1.0312	9.527	7243.0
1.0375	9.528	7243.0
1.0437	9.53	7244.0
1.05	9.531	7239.0
1.0563	9.532	7241.0
1.0625	9.534	7249.0
1.0688	9.536	7253.0
1.075	9.538	7258.0
1.0813	9.541	7265.0
1.0875	9.543	7272.0
1.0938	9.545	7279.0
1.1	9.548	7286.0
1.1062	9.55	7291.0
1.1125	9.555	7295.0
1.1188	9.563	7300.0
1.125	9.57	7304.0
1.1313	9.578	7309.0
1.1375	9.586	7316.0
1.1438	9.593	7327.0
1.15	9.601	7336.0
1.1562	9.609	7337.0
1.1625	9.613	7339.0
1.1687	9.615	7343.0
1.175	9.616	7350.0
1.1813	9.618	7356.0
1.1875	9.62	7359.0
1.1938	9.621	7364.0
1.2	9.623	7371.0
1.2063	9.625	7377.0
1.2125	9.621	7383.0
1.2188	9.613	7387.0
1.225	9.604	7391.0
1.2313	9.596	7393.0
1.2375	9.588	7388.0
1.2438	9.579	7390.0
1.25	9.571	7403.0
1.2563	9.563	7414.0
1.2625	9.554	7423.0
1.2688	9.545	7433.0
1.275	9.537	7442.0
1.2812	9.528	7453.0
1.2875	9.519	7462.0
1.2938	9.51	7470.0
1.3	9.501	7478.0
1.3063	9.492	7485.0
1.3125	9.481	7494.0
1.3188	9.468	7504.0
1.325	9.454	7517.0
1.3313	9.44	7531.0
1.3375	9.427	7543.0
1.3438	9.413	7549.0
1.35	9.4	7559.0
1.3563	9.386	7571.0
1.3625	9.38	7581.0
1.3688	9.379	7599.0
1.375	9.379	7615.0
1.3813	9.379	7626.0
1.3875	9.378	7634.0
1.3938	9.378	7637.0
1.4	9.378	7647.0
1.4062	9.377	7658.0
1.4125	9.376	7663.0
1.4188	9.375	7672.0
1.425	9.374	7680.0
1.4313	9.372	7689.0
1.4375	9.371	7712.0
1.4438	9.37	7729.0
1.45	9.368	7739.0
1.4563	9.367	7751.0
1.4625	9.365	7764.0
1.4688	9.362	7778.0
1.475	9.359	7791.0
1.4813	9.356	7804.0
1.4875	9.353	7817.0
1.4938	9.35	7831.0
1.5	9.347	7847.0
1.5063	9.344	7862.0
1.5125	9.342	7874.0
1.5188	9.34	7884.0
1.525	9.338	7894.0
1.5312	9.336	7900.0
1.5375	9.335	7908.0
1.5438	9.333	7917.0
1.55	9.331	7924.0
1.5563	9.329	7934.0
1.5625	9.329	7945.0
1.5688	9.331	7956.0
1.575	9.332	7969.0
1.5813	9.334	7980.0
1.5875	9.335	7985.0
1.5938	9.337	7989.0
1.6	9.339	7997.0
1.6063	9.34	8005.0
1.6125	9.34	8008.0
1.6188	9.338	8011.0
1.625	9.336	8020.0
1.6313	9.333	8034.0
1.6375	9.331	8041.0
1.6438	9.329	8049.0
1.65	9.327	8062.0
1.6562	9.324	8076.0
1.6625	9.314	8086.0
1.6688	9.295	8097.0
1.675	9.276	8108.0
1.6813	9.257	8118.0
1.6875	9.238	8122.0
1.6938	9.219	8125.0
1.7	9.201	8137.0
1.7063	9.182	8144.0
1.7125	9.173	8142.0
1.7188	9.172	8145.0
1.725	9.172	8150.0
1.7313	9.172	8151.0
1.7375	9.172	8151.0
1.7438	9.171	8157.0
1.75	9.171	8159.0
1.7563	9.171	8158.0
1.7625	9.174	8160.0
1.7688	9.179	8161.0
1.775	9.184	8162.0
1.7812	9.19	8165.0
1.7875	9.195	8164.0
1.7938	9.201	8161.0
1.8	9.206	8164.0
1.8063	9.212	8166.0
1.8125	9.219	8167.0
1.8188	9.226	8168.0
1.825	9.234	8169.0
1.8313	9.242	8170.0
1.8375	9.25	8170.0
1.8438	9.257	8172.0
1.85	9.265	8169.0
1.8563	9.273	8166.0
1.8625	9.274	8167.0
1.8688	9.269	8170.0
1.875	9.265	8166.0
1.8813	9.26	8158.0
1.8875	9.255	8162.0
1.8938	9.25	8170.0
1.9	9.246	8174.0
1.9062	9.241	8174.0
1.9125	9.245	8175.0
1.9188	9.258	8178.0
1.925	9.271	8178.0
1.9313	9.284	8174.0
1.9375	9.297	8178.0
1.9438	9.31	8178.0
1.95	9.323	8176.0
1.9563	9.336	8175.0
1.9625	9.342	8178.0
1.9688	9.342	8185.0
1.975	9.341	8187.0
1.9813	9.341	8178.0
1.9875	9.34	8178.0
1.9938	9.34	8183.0
2.0	9.339	8184.0
2.0063	9.339	8181.0
2.0125	9.336	8176.0
2.0188	9.332	8177.0
2.025	9.328	8182.0
2.0312	9.324	8182.0
2.0375	9.32	8179.0
2.0438	9.316	8178.0
2.05	9.312	8176.0
2.0562	9.308	8173.0
2.0625	9.299	8169.0
2.0688	9.285	8163.0
2.075	9.27	8156.0
2.0813	9.256	8151.0
2.0875	9.242	8144.0
2.0938	9.228	8135.0
2.1	9.214	8123.0
2.1063	9.199	8115.0
2.1125	9.19	8114.0
2.1187	9.186	8106.0
2.125	9.182	8092.0
2.1313	9.178	8084.0
2.1375	9.173	8076.0
2.1438	9.169	8072.0
2.15	9.165	8057.0
2.1562	9.161	8033.0
2.1625	9.161	8020.0
2.1688	9.165	8016.0
2.175	9.17	8004.0
2.1812	9.174	7985.0
2.1875	9.179	7958.0
2.1938	9.183	7941.0
2.2	9.188	7939.0
2.2063	9.193	7924.0
2.2125	9.193	7897.0
2.2188	9.188	7880.0
2.225	9.184	7874.0
2.2313	9.18	7866.0
2.2375	9.176	7847.0
2.2437	9.172	7823.0
2.25	9.167	7812.0
2.2563	9.163	7808.0
2.2625	9.161	7792.0
2.2688	9.162	7772.0
2.275	9.162	7758.0
2.2812	9.162	7747.0
2.2875	9.163	7736.0
2.2938	9.163	7720.0
2.3	9.163	7706.0
2.3062	9.164	7695.0
2.3125	9.164	7683.0
2.3188	9.164	7673.0
2.325	9.165	7661.0
2.3313	9.165	7645.0
2.3375	9.166	7632.0
2.3438	9.166	7622.0
2.35	9.166	7609.0
2.3563	9.167	7597.0
2.3625	9.162	7585.0
2.3687	9.153	7574.0
2.375	9.145	7565.0
2.3813	9.136	7554.0
2.3875	9.127	7545.0
2.3938	9.118	7540.0
2.4	9.109	7534.0
2.4062	9.1	7523.0
2.4125	9.111	7513.0
2.4188	9.141	7501.0
2.425	9.171	7495.0
2.4313	9.201	7487.0
2.4375	9.231	7480.0
2.4438	9.26	7473.0
2.45	9.29	7464.0
2.4563	9.32	7453.0
2.4625	9.334	7448.0
2.4688	9.335	7449.0
2.475	9.336	7441.0
2.4813	9.336	7424.0
2.4875	9.337	7412.0
2.4938	9.337	7404.0
2.5	9.338	7398.0
2.5063	9.338	7398.0
2.5125	9.329	7384.0
2.5188	9.31	7372.0
2.525	9.292	7368.0
2.5312	9.273	7363.0
2.5375	9.255	7358.0
2.5438	9.236	7356.0
2.55	9.218	7350.0
2.5563	9.199	7341.0
2.5625	9.201	7336.0
2.5688	9.221	7336.0
2.575	9.242	7339.0
2.5813	9.262	7341.0
2.5875	9.282	7342.0
2.5938	9.303	7330.0
2.6	9.323	7321.0
2.6063	9.344	7330.0
2.6125	9.352	7337.0
2.6188	9.351	7336.0
2.625	9.349	7334.0
2.6313	9.347	7332.0
2.6375	9.345	7333.0
2.6438	9.344	7335.0
2.65	9.342	7336.0
2.6562	9.34	7333.0
2.6625	9.338	7330.0
2.6688	9.335	7328.0
2.675	9.332	7327.0
2.6813	9.329	7328.0
2.6875	9.326	7331.0
2.6938	9.323	7331.0
2.7	9.32	7325.0
2.7063	9.317	7323.0
2.7125	9.314	7325.0
2.7188	9.313	7325.0
2.725	9.311	7323.0
2.7313	9.309	7319.0
2.7375	9.308	7312.0
2.7438	9.306	7311.0
2.75	9.304	7318.0
2.7563	9.303	7316.0
2.7625	9.297	7311.0
2.7688	9.287	7311.0
2.775	9.278	7309.0
2.7812	9.268	7302.0
2.7875	9.258	7301.0
2.7938	9.248	7301.0
2.8	9.239	7296.0
2.8063	9.229	7292.0
2.8125	9.226	7285.0
2.8188	9.228	7276.0
2.825	9.23	7273.0
2.8313	9.232	7274.0
2.8375	9.234	7267.0
2.8438	9.236	7255.0
2.85	9.238	7243.0
2.8563	9.241	7234.0
2.8625	9.241	7226.0
2.8688	9.239	7217.0
2.875	9.238	7216.0
2.8813	9.236	7219.0
2.8875	9.235	7207.0
2.8938	9.233	7190.0
2.9	9.232	7179.0
2.9062	9.231	7170.0
2.9125	9.224	7162.0
2.9188	9.212	7154.0
2.925	9.201	7144.0
2.9313	9.189	7134.0
2.9375	9.177	7120.0
2.9438	9.166	7112.0
2.95	9.154	7109.0
2.9563	9.143	7100.0
2.9625	9.136	7089.0
2.9688	9.133	7080.0
2.975	9.131	7065.0
2.9813	9.128	7051.0
2.9875	9.126	7053.0
2.9938	9.123	7039.0
3.0	9.12	7030.0
3.0063	9.118	7022.0
3.0125	9.124	7010.0
3.0188	9.138	6997.0
3.025	9.153	6979.0
3.0312	9.167	6969.0
3.0375	9.181	6964.0
3.0438	9.196	6952.0
3.05	9.21	6940.0
3.0563	9.224	6931.0
3.0625	9.232	6920.0
3.0688	9.235	6910.0
3.075	9.237	6901.0
3.0813	9.239	6888.0
3.0875	9.241	6877.0
3.0938	9.243	6865.0
3.1	9.246	6853.0
3.1063	9.248	6842.0
3.1125	9.253	6831.0
3.1188	9.262	6819.0
3.125	9.271	6816.0
3.1313	9.279	6808.0
3.1375	9.288	6788.0
3.1438	9.297	6772.0
3.15	9.306	6760.0
3.1562	9.314	6747.0
3.1625	9.317	6735.0
3.1688	9.314	6722.0
3.175	9.311	6704.0
3.1813	9.308	6690.0
3.1875	9.305	6681.0
3.1938	9.302	6674.0
3.2	9.299	6665.0
3.2063	9.296	6657.0
3.2125	9.298	6649.0
3.2188	9.304	6642.0
3.225	9.309	6635.0
3.2313	9.315	6625.0
3.2375	9.321	6616.0
3.2438	9.327	6612.0
3.25	9.333	6607.0
3.2563	9.339	6602.0
3.2625	9.338	6596.0
3.2688	9.331	6589.0
3.275	9.323	6582.0
3.2812	9.316	6573.0
3.2875	9.309	6565.0
3.2938	9.302	6562.0
3.3	9.295	6560.0
3.3063	9.287	6556.0
3.3125	9.283	6551.0
3.3188	9.281	6545.0
3.325	9.279	6542.0
3.3313	9.277	6536.0
3.3375	9.274	6534.0
3.3438	9.272	6537.0
3.35	9.27	6535.0
3.3563	9.268	6530.0
3.3625	9.273	6528.0
3.3688	9.285	6526.0
3.375	9.297	6525.0
3.3813	9.31	6522.0
3.3875	9.322	6527.0
3.3938	9.334	6530.0
3.4	9.346	6526.0
3.4062	9.358	6523.0
3.4125	9.369	6523.0
3.4188	9.379	6525.0
3.425	9.388	6526.0
3.4313	9.398	6525.0
3.4375	9.408	6530.0
3.4438	9.418	6534.0
3.45	9.428	6525.0
3.4563	9.438	6521.0
3.4625	9.446	6523.0
3.4688	9.452	6523.0
3.475	9.459	6524.0
3.4813	9.465	6524.0
3.4875	9.471	6526.0
3.4938	9.478	6527.0
3.5	9.484	6526.0
3.5063	9.49	6529.0
3.5125	9.49	6532.0
3.5188	9.483	6535.0
3.525	9.476	6537.0
3.5312	9.468	6539.0
3.5375	9.461	6540.0
3.5438	9.454	6540.0
3.55	9.447	6541.0
3.5563	9.44	6545.0
3.5625	9.433	6548.0
3.5688	9.426	6549.0
3.575	9.42	6549.0
3.5813	9.413	6550.0
3.5875	9.407	6550.0
3.5938	9.4	6552.0
3.6	9.394	6557.0
3.6063	9.387	6562.0
3.6125	9.387	6564.0
3.6188	9.391	6566.0
3.625	9.395	6572.0
3.6313	9.4	6578.0
3.6375	9.404	6582.0
3.6438	9.409	6589.0
3.65	9.413	6596.0
3.6562	9.417	6598.0
3.6625	9.418	6600.0
3.6688	9.414	6611.0
3.675	9.41	6622.0
3.6813	9.406	6628.0
3.6875	9.403	6635.0
3.6938	9.399	6643.0
3.7	9.395	6649.0
3.7063	9.392	6656.0
3.7125	9.391	6665.0
3.7188	9.393	6675.0
3.725	9.395	6681.0
3.7313	9.397	6685.0
3.7375	9.399	6690.0
3.7438	9.401	6698.0
3.75	9.404	6706.0
3.7563	9.406	6713.0
3.7625	9.408	6722.0
3.7688	9.409	6729.0
3.775	9.411	6734.0
3.7812	9.412	6742.0
3.7875	9.414	6751.0
3.7938	9.415	6758.0
3.8	9.417	6766.0
3.8063	9.419	6776.0
3.8125	9.421	6784.0
3.8188	9.424	6790.0
3.825	9.427	6797.0
3.8313	9.431	6805.0
3.8375	9.434	6814.0
3.8438	9.437	6822.0
3.85	9.44	6830.0
3.8563	9.443	6840.0
3.8625	9.449	6850.0
3.8688	9.458	6857.0
3.875	9.467	6865.0
3.8813	9.476	6873.0
3.8875	9.485	6881.0
3.8938	9.493	6888.0
3.9	9.502	6896.0
3.9062	9.511	6906.0
3.9125	9.519	6912.0
3.9188	9.526	6916.0
3.925	9.534	6921.0
3.9313	9.541	6927.0
3.9375	9.549	6933.0
3.9438	9.556	6945.0
3.95	9.563	6955.0
3.9563	9.571	6952.0
3.9625	9.571	6952.0
3.9688	9.566	6960.0
3.975	9.561	6965.0
3.9813	9.555	6970.0
3.9875	9.55	6975.0
3.9938	9.545	6980.0
4.0	9.539	6984.0
4.0063	9.534	6986.0
4.0125	9.536	6995.0
4.0187	9.544	7005.0
4.025	9.552	7009.0
4.0312	9.56	7016.0
4.0375	9.568	7024.0
4.0438	9.576	7031.0
4.05	9.584	7036.0
4.0563	9.592	7039.0
4.0625	9.601	7044.0
4.0688	9.611	7052.0
4.075	9.621	7058.0
4.0812	9.631	7062.0
4.0875	9.641	7069.0
4.0938	9.651	7077.0
4.1	9.661	7083.0
4.1063	9.671	7087.0
4.1125	9.671	7093.0
4.1188	9.663	7103.0
4.125	9.654	7111.0
4.1313	9.645	7114.0
4.1375	9.636	7119.0
4.1437	9.627	7126.0
4.15	9.618	7135.0
4.1562	9.609	7143.0
4.1625	9.603	7148.0
4.1688	9.6	7156.0
4.175	9.597	7166.0
4.1813	9.593	7176.0
4.1875	9.59	7183.0
4.1938	9.587	7191.0
4.2	9.584	7201.0
4.2062	9.58	7209.0
4.2125	9.577	7218.0
4.2188	9.575	7230.0
4.225	9.572	7243.0
4.2313	9.569	7254.0
4.2375	9.566	7263.0
4.2438	9.564	7272.0
4.25	9.561	7287.0
4.2563	9.558	7301.0
4.2625	9.561	7312.0
4.2687	9.568	7328.0
4.275	9.575	7344.0
4.2812	9.582	7356.0
4.2875	9.59	7369.0
4.2938	9.597	7384.0
4.3	9.604	7400.0
4.3063	9.611	7415.0
4.3125	9.615	7429.0
4.3188	9.615	7441.0
4.325	9.615	7453.0
4.3312	9.615	7468.0
4.3375	9.614	7482.0
4.3438	9.614	7494.0
4.35	9.614	7506.0
4.3563	9.614	7518.0
4.3625	9.618	7531.0
4.3688	9.626	7545.0
4.375	9.634	7560.0
4.3813	9.641	7574.0
4.3875	9.649	7590.0
4.3937	9.657	7609.0
4.4	9.664	7628.0
4.4062	9.672	7643.0
4.4125	9.675	7662.0
4.4188	9.674	7681.0
4.425	9.673	7696.0
4.4313	9.671	7711.0
4.4375	9.67	7727.0
4.4438	9.669	7742.0
4.45	9.668	7758.0
4.4562	9.667	7773.0
4.4625	9.665	7790.0
4.4688	9.664	7808.0
4.475	9.663	7824.0
4.4813	9.662	7843.0
4.4875	9.661	7862.0
4.4938	9.659	7879.0
4.5	9.658	7896.0
4.5063	9.657	7914.0
4.5125	9.656	7931.0
4.5187	9.656	7946.0
4.525	9.656	7960.0
4.5312	9.655	7974.0
4.5375	9.655	7988.0
4.5438	9.655	8001.0
4.55	9.654	8015.0
4.5563	9.654	8029.0
4.5625	9.665	8042.0
4.5688	9.686	8055.0
4.575	9.707	8070.0
4.5812	9.729	8084.0
4.5875	9.75	8097.0
4.5938	9.771	8109.0
4.6	9.792	8119.0
4.6063	9.813	8131.0
4.6125	9.825	8142.0
4.6188	9.828	8153.0
4.625	9.832	8164.0
4.6313	9.835	8175.0
4.6375	9.838	8184.0
4.6437	9.842	8194.0
4.65	9.845	8204.0
4.6562	9.848	8212.0
4.6625	9.854	8222.0
4.6688	9.861	8230.0
4.675	9.868	8237.0
4.6813	9.875	8244.0
4.6875	9.882	8250.0
4.6938	9.889	8256.0
4.7	9.896	8254.0
4.7062	9.903	8253.0
4.7125	9.906	8263.0
4.7188	9.907	8272.0
4.725	9.908	8276.0
4.7313	9.909	8279.0
4.7375	9.909	8282.0
4.7438	9.91	8286.0
4.75	9.911	8288.0
4.7563	9.912	8298.0
4.7625	9.913	8309.0
4.7687	9.915	8305.0
4.775	9.916	8298.0
4.7812	9.918	8295.0
4.7875	9.92	8293.0
4.7938	9.922	8292.0
4.8	9.924	8291.0
4.8063	9.925	8290.0
4.8125	9.922	8281.0
4.8188	9.914	8271.0
4.825	9.906	8273.0
4.8313	9.898	8280.0
4.8375	9.891	8281.0
4.8438	9.883	8283.0
4.85	9.875	8287.0
4.8563	9.867	8290.0
4.8625	9.865	8291.0
4.8688	9.869	8291.0
4.875	9.874	8291.0
4.8813	9.878	8289.0
4.8875	9.882	8290.0
4.8938	9.886	8292.0
4.9	9.89	8292.0
4.9062	9.894	8292.0
4.9125	9.896	8295.0
4.9188	9.896	8300.0
4.925	9.896	8304.0
4.9313	9.896	8312.0
4.9375	9.896	8316.0
4.9438	9.896	8319.0
4.95	9.896	8323.0
4.9563	9.896	8325.0
4.9625	9.896	8329.0
4.9688	9.894	8333.0
4.975	9.893	8337.0
4.9813	9.892	8341.0
4.9875	9.89	8347.0
4.9938	9.889	8354.0
5.0	9.887	8357.0
5.0063	9.886	8365.0
5.0125	9.887	8371.0
5.0188	9.889	8374.0
5.025	9.892	8380.0
5.0312	9.895	8389.0
5.0375	9.898	8397.0
5.0438	9.9	8407.0
5.05	9.903	8413.0
5.0563	9.906	8421.0
5.0625	9.911	8434.0
5.0688	9.918	8447.0
5.075	9.924	8457.0
5.0813	9.931	8468.0
5.0875	9.938	8482.0
5.0938	9.945	8496.0
5.1	9.952	8509.0
5.1063	9.958	8520.0
5.1125	9.965	8524.0
5.1188	9.972	8536.0
5.125	9.979	8546.0
5.1313	9.986	8548.0
5.1375	9.993	8551.0
5.1438	10.0	8560.0
5.15	10.01	8568.0
5.1562	10.01	8568.0
5.1625	10.03	8577.0
5.1688	10.04	8592.0
5.175	10.06	8597.0
5.1813	10.08	8605.0
5.1875	10.1	8616.0
5.1938	10.11	8623.0
5.2	10.13	8628.0
5.2063	10.15	8635.0
5.2125	10.16	8642.0
5.2188	10.18	8650.0
5.225	10.19	8658.0
5.2313	10.2	8665.0
5.2375	10.21	8671.0
5.2438	10.22	8673.0
5.25	10.23	8676.0
5.2563	10.24	8683.0
5.2625	10.26	8686.0
5.2688	10.28	8687.0
5.275	10.31	8689.0
5.2812	10.33	8689.0
5.2875	10.35	8687.0
5.2938	10.38	8690.0
5.3	10.4	8692.0
5.3063	10.42	8687.0
5.3125	10.43	8683.0
5.3188	10.42	8682.0
5.325	10.42	8678.0
5.3313	10.41	8672.0
5.3375	10.4	8670.0
5.3438	10.4	8665.0
5.35	10.39	8656.0
5.3563	10.38	8652.0
5.3625	10.37	8651.0
5.3688	10.35	8645.0
5.375	10.32	8642.0
5.3813	10.3	8641.0
5.3875	10.28	8637.0
5.3938	10.26	8631.0
5.4	10.23	8629.0
5.4062	10.21	8628.0
5.4125	10.2	8625.0
5.4188	10.2	8624.0
5.425	10.19	8622.0
5.4313	10.19	8613.0
5.4375	10.18	8609.0
5.4438	10.18	8610.0
5.45	10.18	8609.0
5.4563	10.17	8603.0
5.4625	10.17	8600.0
5.4688	10.17	8599.0
5.475	10.17	8600.0
5.4813	10.16	8603.0
5.4875	10.16	8602.0
5.4938	10.16	8602.0
5.5	10.16	8600.0
5.5063	10.15	8601.0
5.5125	10.15	8608.0
5.5188	10.15	8613.0
5.525	10.15	8614.0
5.5312	10.15	8620.0
5.5375	10.14	8627.0
5.5438	10.14	8634.0
5.55	10.14	8646.0
5.5563	10.14	8655.0
5.5625	10.14	8656.0
5.5688	10.14	8667.0
5.575	10.14	8682.0
5.5813	10.14	8684.0
5.5875	10.15	8688.0
5.5938	10.15	8696.0
5.6	10.15	8705.0
5.6063	10.16	8714.0
5.6125	10.17	8723.0
5.6188	10.19	8729.0
5.625	10.21	8734.0
5.6313	10.23	8746.0
5.6375	10.25	8758.0
5.6438	10.27	8764.0
5.65	10.29	8768.0
5.6562	10.31	8775.0
5.6625	10.32	8783.0
5.6688	10.34	8791.0
5.675	10.35	8798.0
5.6813	10.36	8802.0
5.6875	10.37	8806.0
5.6938	10.38	8810.0
5.7	10.39	8812.0
5.7063	10.41	8813.0
5.7125	10.41	8817.0
5.7188	10.39	8818.0
5.725	10.38	8816.0
5.7313	10.37	8816.0
5.7375	10.36	8817.0
5.7438	10.35	8817.0
5.75	10.34	8818.0
5.7563	10.32	8815.0
5.7625	10.32	8809.0
5.7688	10.31	8804.0
5.775	10.31	8801.0
5.7812	10.31	8795.0
5.7875	10.31	8787.0
5.7938	10.3	8777.0
5.8	10.3	8766.0
5.8063	10.3	8760.0
5.8125	10.29	8755.0
5.8188	10.29	8743.0
5.825	10.28	8730.0
5.8313	10.28	8730.0
5.8375	10.27	8727.0
5.8438	10.27	8720.0
5.85	10.26	8712.0
5.8563	10.26	8695.0
5.8625	10.26	8678.0
5.8688	10.26	8664.0
5.875	10.26	8651.0
5.8813	10.26	8632.0
5.8875	10.26	8616.0
5.8938	10.26	8608.0
5.9	10.26	8597.0
5.9062	10.26	8578.0
5.9125	10.26	8562.0
5.9188	10.27	8553.0
5.925	10.28	8538.0
5.9313	10.29	8521.0
5.9375	10.3	8508.0
5.9438	10.3	8500.0
5.95	10.31	8488.0
5.9563	10.32	8471.0
5.9625	10.32	8457.0
5.9688	10.31	8447.0
5.975	10.31	8436.0
5.9813	10.3	8424.0
5.9875	10.29	8409.0
5.9938	10.29	8393.0
6.0	10.28	8385.0
6.0063	10.27	8382.0
6.0125	10.27	8371.0
6.0188	10.26	8361.0
6.025	10.26	8358.0
6.0312	10.25	8354.0
6.0375	10.25	8348.0
6.0438	10.25	8342.0
6.05	10.24	8338.0
6.0563	10.24	8334.0
6.0625	10.23	8329.0
6.0688	10.23	8324.0
6.075	10.23	8320.0
6.0813	10.23	8314.0
6.0875	10.23	8309.0
6.0938	10.22	8305.0
6.1	10.22	8303.0
6.1063	10.22	8298.0
6.1125	10.22	8292.0
6.1188	10.23	8292.0
6.125	10.23	8291.0
6.1313	10.24	8288.0
6.1375	10.24	8287.0
6.1438	10.25	8287.0
6.15	10.25	8286.0
6.1562	10.26	8287.0
6.1625	10.26	8288.0
6.1688	10.27	8288.0
6.175	10.27	8289.0
6.1813	10.28	8292.0
6.1875	10.28	8291.0
6.1938	10.28	8289.0
6.2	10.29	8290.0
6.2063	10.29	8292.0
6.2125	10.29	8289.0
6.2188	10.29	8285.0
6.225	10.29	8285.0
6.2313	10.29	8285.0
6.2375	10.29	8281.0
6.2438	10.29	8276.0
6.25	10.29	8274.0
6.2563	10.29	8272.0
6.2625	10.3	8267.0
6.2688	10.31	8262.0
6.275	10.32	8254.0
6.2812	10.33	8246.0
6.2875	10.34	8244.0
6.2938	10.35	8239.0
6.3	10.35	8230.0
6.3063	10.36	8228.0
6.3125	10.38	8229.0
6.3188	10.39	8223.0
6.325	10.41	8220.0
6.3313	10.43	8216.0
6.3375	10.44	8210.0
6.3438	10.46	8207.0
6.35	10.47	8201.0
6.3563	10.49	8191.0
6.3625	10.48	8187.0
6.3688	10.45	8179.0
6.375	10.42	8163.0
6.3813	10.39	8152.0
6.3875	10.36	8149.0
6.3938	10.33	8140.0
6.4	10.3	8131.0
6.4062	10.27	8122.0
6.4125	10.26	8114.0
6.4188	10.26	8110.0
6.425	10.26	8102.0
6.4313	10.26	8089.0
6.4375	10.26	8081.0
6.4438	10.26	8075.0
6.45	10.26	8068.0
6.4563	10.26	8059.0
6.4625	10.27	8049.0
6.4688	10.29	8041.0
6.475	10.3	8033.0
6.4813	10.32	8026.0
6.4875	10.33	8019.0
6.4938	10.35	8013.0
6.5	10.36	8009.0
6.5063	10.38	8003.0
6.5125	10.39	7999.0
6.5188	10.39	7997.0
6.525	10.39	7994.0
6.5312	10.39	7988.0
6.5375	10.39	7984.0
6.5438	10.39	7985.0
6.55	10.39	7982.0
6.5563	10.39	7978.0
6.5625	10.39	7976.0
6.5688	10.4	7974.0
6.575	10.41	7971.0
6.5813	10.41	7972.0
6.5875	10.42	7973.0
6.5938	10.43	7975.0
6.6	10.44	7978.0
6.6063	10.44	7979.0
6.6125	10.44	7979.0
6.6188	10.43	7983.0
6.625	10.43	7990.0
6.6313	10.42	7996.0
6.6375	10.41	8002.0
6.6438	10.4	8009.0
6.65	10.4	8013.0
6.6562	10.39	8023.0
6.6625	10.38	8035.0
6.6688	10.38	8037.0
6.675	10.37	8039.0
6.6813	10.37	8045.0
6.6875	10.36	8047.0
6.6938	10.36	8050.0
6.7	10.35	8054.0
6.7063	10.35	8058.0
6.7125	10.34	8060.0
6.7188	10.32	8059.0
6.725	10.31	8061.0
6.7313	10.29	8066.0
6.7375	10.28	8069.0
6.7438	10.26	8074.0
6.75	10.25	8077.0
6.7563	10.23	8079.0
6.7625	10.22	8082.0
6.7688	10.22	8085.0
6.775	10.21	8088.0
6.7812	10.21	8091.0
6.7875	10.21	8093.0
6.7938	10.2	8094.0
6.8	10.2	8095.0
6.8063	10.19	8099.0
6.8125	10.19	8105.0
6.8188	10.2	8109.0
6.825	10.2	8112.0
6.8313	10.2	8116.0
6.8375	10.2	8120.0
6.8438	10.21	8127.0
6.85	10.21	8132.0
6.8563	10.21	8132.0
6.8625	10.21	8134.0
6.8688	10.21	8140.0
6.875	10.21	8144.0
6.8813	10.21	8148.0
6.8875	10.21	8153.0
6.8938	10.21	8157.0
6.9	10.2	8163.0
6.9062	10.2	8171.0
6.9125	10.2	8178.0
6.9188	10.21	8184.0
6.925	10.22	8188.0
6.9313	10.23	8190.0
6.9375	10.24	8191.0
6.9438	10.25	8196.0
6.95	10.26	8204.0
6.9563	10.26	8209.0
6.9625	10.25	8214.0
6.9688	10.23	8220.0
6.975	10.21	8230.0
6.9813	10.18	8245.0
6.9875	10.16	8253.0
6.9938	10.13	8252.0
7.0	10.11	8256.0
7.0063	10.08	8263.0
7.0125	10.07	8266.0
7.0188	10.08	8272.0
7.025	10.08	8281.0
7.0312	10.08	8288.0
7.0375	10.08	8294.0
7.0438	10.09	8301.0
7.05	10.09	8309.0
7.0563	10.09	8319.0
7.0625	10.1	8326.0
7.0688	10.11	8330.0
7.075	10.13	8338.0
7.0813	10.14	8349.0
7.0875	10.16	8360.0
7.0938	10.17	8369.0
7.1	10.18	8377.0
7.1063	10.2	8386.0
7.1125	10.21	8393.0
7.1188	10.21	8402.0
7.125	10.22	8412.0
7.1313	10.22	8424.0
7.1375	10.23	8433.0
7.1438	10.23	8442.0
7.15	10.24	8456.0
7.1562	10.24	8470.0
7.1625	10.24	8482.0
7.1688	10.23	8493.0
7.175	10.22	8496.0
7.1813	10.21	8498.0
7.1875	10.2	8504.0
7.1938	10.19	8505.0
7.2	10.18	8506.0
7.2063	10.18	8511.0
7.2125	10.16	8516.0
7.2188	10.14	8526.0
7.225	10.12	8538.0
7.2313	10.11	8544.0
7.2375	10.09	8547.0
7.2438	10.07	8548.0
7.25	10.05	8554.0
7.2563	10.03	8557.0
7.2625	10.03	8561.0
7.2688	10.03	8571.0
7.275	10.03	8582.0
7.2812	10.03	8593.0
7.2875	10.04	8608.0
7.2938	10.04	8610.0
7.3	10.04	8615.0
7.3063	10.05	8626.0
7.3125	10.04	8608.0
7.3188	10.03	8595.0
7.325	10.01	8598.0
7.3313	9.997	8594.0
7.3375	9.983	8598.0
7.3438	9.968	8598.0
7.35	9.954	8593.0
7.3563	9.94	8601.0
7.3625	9.931	8611.0
7.3688	9.927	8609.0
7.375	9.923	8610.0
7.3813	9.919	8609.0
7.3875	9.915	8607.0
7.3938	9.911	8608.0
7.4	9.907	8601.0
7.4062	9.903	8591.0
7.4125	9.902	8584.0
7.4188	9.906	8577.0
7.425	9.909	8574.0
7.4313	9.913	8573.0
7.4375	9.917	8567.0
7.4438	9.92	8563.0
7.45	9.924	8564.0
7.4563	9.927	8561.0
7.4625	9.928	8557.0
7.4688	9.926	8556.0
7.475	9.924	8553.0
7.4813	9.922	8547.0
7.4875	9.921	8544.0
7.4938	9.919	8543.0
7.5	9.917	8540.0
7.5063	9.915	8539.0
7.5125	9.928	8535.0
7.5188	9.955	8527.0
7.525	9.982	8519.0
7.5312	10.01	8509.0
7.5375	10.04	8502.0
7.5438	10.06	8492.0
7.55	10.09	8480.0
7.5563	10.12	8473.0
7.5625	10.13	8469.0
7.5688	10.13	8463.0
7.575	10.13	8455.0
7.5813	10.13	8451.0
7.5875	10.13	8450.0
7.5938	10.13	8443.0
7.6	10.13	8431.0
7.6063	10.14	8421.0
7.6125	10.13	8412.0
7.6188	10.13	8401.0
7.625	10.12	8392.0
7.6313	10.11	8380.0
7.6375	10.11	8367.0
7.6438	10.1	8359.0
7.65	10.1	8352.0
7.6562	10.09	8343.0
7.6625	10.09	8331.0
7.6688	10.09	8321.0
7.675	10.1	8314.0
7.6813	10.1	8305.0
7.6875	10.1	8296.0
7.6938	10.11	8287.0
7.7	10.11	8279.0
7.7063	10.11	8268.0
7.7125	10.11	8258.0
7.7188	10.11	8253.0
7.725	10.11	8245.0
7.7313	10.11	8233.0
7.7375	10.11	8225.0
7.7438	10.1	8215.0
7.75	10.1	8207.0
7.7563	10.1	8199.0
7.7625	10.09	8190.0
7.7688	10.07	8182.0
7.775	10.05	8173.0
7.7812	10.04	8158.0
7.7875	10.02	8150.0
7.7938	10.0	8148.0
7.8	9.984	8147.0
7.8063	9.966	8131.0
7.8125	9.956	8119.0
7.8188	9.953	8117.0
7.825	9.951	8117.0
7.8313	9.948	8110.0
7.8375	9.945	8098.0
7.8438	9.942	8088.0
7.85	9.94	8087.0
7.8563	9.937	8085.0
7.8625	9.941	8078.0
7.8688	9.953	8074.0
7.875	9.964	8068.0
7.8813	9.975	8057.0
7.8875	9.986	8052.0
7.8938	9.997	8049.0
7.9	10.01	8042.0
7.9062	10.02	8032.0
7.9125	10.03	8025.0
7.9188	10.04	8023.0
7.925	10.05	8019.0
7.9313	10.05	8015.0
7.9375	10.06	8010.0
7.9438	10.07	8009.0
7.95	10.08	8007.0
7.9563	10.09	8006.0
7.9625	10.09	8007.0
7.9688	10.08	8008.0
7.975	10.07	8005.0
7.9813	10.07	7999.0
7.9875	10.06	7995.0
7.9938	10.05	7993.0
8.0	10.04	7990.0
8.0062	10.04	7984.0
8.0125	10.03	7976.0
8.0188	10.03	7973.0
8.025	10.03	7975.0
8.0312	10.03	7973.0
8.0375	10.03	7961.0
8.0438	10.03	7953.0
8.05	10.03	7955.0
8.0563	10.03	7953.0
8.0625	10.04	7942.0
8.0687	10.06	7934.0
8.075	10.08	7927.0
8.0813	10.09	7926.0
8.0875	10.11	7922.0
8.0938	10.13	7909.0
8.1	10.14	7900.0
8.1063	10.16	7895.0
8.1125	10.17	7887.0
8.1188	10.17	7882.0
8.125	10.16	7874.0
8.1312	10.16	7864.0
8.1375	10.16	7859.0
8.1438	10.15	7855.0
8.15	10.15	7850.0
8.1562	10.15	7843.0
8.1625	10.15	7836.0
8.1688	10.17	7827.0
8.175	10.19	7820.0
8.1813	10.2	7817.0
8.1875	10.22	7814.0
8.1937	10.23	7807.0
8.2	10.25	7801.0
8.2063	10.27	7799.0
8.2125	10.27	7796.0
8.2188	10.26	7790.0
8.225	10.25	7778.0
8.2313	10.24	7770.0
8.2375	10.23	7767.0
8.2438	10.22	7760.0
8.25	10.21	7750.0
8.2562	10.21	7742.0
8.2625	10.2	7732.0
8.2688	10.2	7729.0
8.275	10.2	7725.0
8.2812	10.21	7716.0
8.2875	10.21	7710.0
8.2938	10.21	7705.0
8.3	10.21	7700.0
8.3063	10.21	7695.0
8.3125	10.21	7683.0
8.3187	10.21	7674.0
8.325	10.21	7670.0
8.3313	10.21	7664.0
8.3375	10.21	7656.0
8.3438	10.21	7648.0
8.35	10.22	7637.0
8.3563	10.22	7632.0
8.3625	10.2	7635.0
8.3688	10.18	7634.0
8.375	10.16	7632.0
8.3812	10.14	7631.0
8.3875	10.11	7628.0
8.3938	10.09	7624.0
8.4	10.07	7623.0
8.4062	10.04	7621.0
8.4125	10.03	7619.0
8.4188	10.01	7617.0
8.425	10.0	7614.0
8.4313	9.99	7611.0
8.4375	9.978	7609.0
8.4437	9.966	7609.0
8.45	9.954	7610.0
8.4563	9.942	7608.0
8.4625	9.935	7605.0
8.4688	9.933	7602.0
8.475	9.931	7600.0
8.4813	9.929	7598.0
8.4875	9.927	7597.0
8.4938	9.925	7599.0
8.5	9.923	7594.0
8.5062	9.921	7590.0
8.5125	9.927	7587.0
8.5188	9.942	7586.0
8.525	9.956	7586.0
8.5312	9.97	7586.0
8.5375	9.985	7591.0
8.5438	9.999	7590.0
8.55	10.01	7585.0
8.5563	10.03	7582.0
8.5625	10.04	7583.0
8.5687	10.05	7584.0
8.575	10.07	7582.0
8.5813	10.08	7581.0
8.5875	10.09	7574.0
8.5938	10.1	7576.0
8.6	10.11	7577.0
8.6063	10.13	7573.0
8.6125	10.14	7571.0
8.6188	10.14	7565.0
8.625	10.15	7556.0
8.6312	10.16	7545.0
8.6375	10.17	7531.0
8.6438	10.17	7530.0
8.65	10.18	7527.0
8.6562	10.19	7518.0
8.6625	10.18	7512.0
8.6688	10.17	7506.0
8.675	10.16	7496.0
8.6813	10.14	7492.0
8.6875	10.13	7493.0
8.6937	10.12	7482.0
8.7	10.1	7469.0
8.7063	10.09	7457.0
8.7125	10.08	7445.0
8.7188	10.07	7435.0
8.725	10.06	7424.0
8.7313	10.05	7412.0
8.7375	10.04	7404.0
8.7438	10.03	7390.0
8.75	10.02	7373.0
8.7562	10.01	7360.0
8.7625	10.0	7349.0
8.7688	9.993	7335.0
8.775	9.984	7321.0
8.7812	9.976	7307.0
8.7875	9.968	7294.0
8.7938	9.96	7281.0
8.8	9.952	7268.0
8.8063	9.944	7256.0
8.8125	9.937	7244.0
8.8187	9.93	7231.0
8.825	9.923	7220.0
8.8313	9.916	7208.0
8.8375	9.909	7192.0
8.8438	9.902	7180.0
8.85	9.895	7173.0
8.8563	9.888	7164.0
8.8625	9.89	7156.0
8.8688	9.9	7148.0
8.875	9.91	7139.0
8.8812	9.919	7132.0
8.8875	9.929	7125.0
8.8938	9.939	7119.0
8.9	9.949	7115.0
8.9062	9.958	7112.0
8.9125	9.964	7108.0
8.9188	9.966	7102.0
8.925	9.968	7099.0
8.9313	9.97	7097.0
8.9375	9.971	7096.0
8.9437	9.973	7098.0
8.95	9.975	7101.0
8.9563	9.977	7102.0
8.9625	9.991	7103.0
8.9688	10.02	7109.0
8.975	10.04	7114.0
8.9813	10.07	7121.0
8.9875	10.09	7129.0
8.9938	10.12	7139.0
9.0	10.14	7146.0
9.0062	10.17	7148.0
9.0125	10.19	7155.0
9.0188	10.2	7166.0
9.025	10.21	7177.0
9.0312	10.22	7188.0
9.0375	10.23	7197.0
9.0438	10.25	7207.0
9.05	10.26	7213.0
9.0563	10.27	7222.0
9.0625	10.28	7236.0
9.0687	10.28	7253.0
9.075	10.28	7267.0
9.0813	10.29	7279.0
9.0875	10.29	7289.0
9.0938	10.29	7300.0
9.1	10.3	7307.0
9.1063	10.3	7313.0
9.1125	10.3	7336.0
9.1188	10.29	7355.0
9.125	10.28	7362.0
9.1312	10.27	7370.0
9.1375	10.26	7382.0
9.1438	10.25	7393.0
9.15	10.24	7405.0
9.1562	10.24	7418.0
9.1625	10.24	7433.0
9.1688	10.24	7438.0
9.175	10.25	7441.0
9.1813	10.26	7449.0
9.1875	10.26	7459.0
9.1937	10.27	7468.0
9.2	10.28	7477.0
9.2063	10.29	7486.0
9.2125	10.28	7496.0
9.2188	10.26	7499.0
9.225	10.25	7501.0
9.2313	10.23	7506.0
9.2375	10.21	7511.0
9.2438	10.19	7517.0
9.25	10.18	7522.0
9.2562	10.16	7523.0
9.2625	10.14	7525.0
9.2688	10.13	7527.0
9.275	10.12	7524.0
9.2812	10.11	7523.0
9.2875	10.09	7528.0
9.2938	10.08	7529.0
9.3	10.07	7527.0
9.3063	10.06	7525.0
9.3125	10.05	7521.0
9.3187	10.04	7517.0
9.325	10.02	7515.0
9.3313	10.01	7520.0
9.3375	10.0	7521.0
9.3438	9.993	7516.0
9.35	9.982	7514.0
9.3563	9.971	7513.0
9.3625	9.97	7513.0
9.3688	9.978	7515.0
9.375	9.986	7513.0
9.3812	9.994	7510.0
9.3875	10.0	7511.0
9.3938	10.01	7511.0
9.4	10.02	7512.0
9.4062	10.03	7513.0
9.4125	10.03	7513.0
9.4188	10.03	7512.0
9.425	10.02	7512.0
9.4313	10.02	7514.0
9.4375	10.02	7515.0
9.4437	10.02	7515.0
9.45	10.02	7516.0
9.4563	10.01	7517.0
9.4625	10.01	7516.0
9.4688	10.01	7517.0
9.475	10.0	7518.0
9.4813	10.0	7520.0
9.4875	9.997	7522.0
9.4938	9.994	7524.0
9.5	9.991	7525.0
9.5062	9.988	7527.0
9.5125	9.987	7530.0
9.5188	9.987	7534.0
9.525	9.988	7537.0
9.5312	9.989	7539.0
9.5375	9.989	7543.0
9.5438	9.99	7549.0
9.55	9.991	7555.0
9.5563	9.991	7558.0
9.5625	9.998	7560.0
9.5687	10.01	7565.0
9.575	10.02	7571.0
9.5813	10.03	7576.0
9.5875	10.04	7580.0
9.5938	10.06	7584.0
9.6	10.07	7589.0
9.6063	10.08	7592.0
9.6125	10.08	7596.0
9.6188	10.08	7601.0
9.625	10.08	7605.0
9.6313	10.08	7608.0
9.6375	10.08	7611.0
9.6438	10.08	7615.0
9.65	10.08	7618.0
9.6562	10.07	7620.0
9.6625	10.07	7622.0
9.6688	10.07	7627.0
9.675	10.07	7631.0
9.6813	10.06	7633.0
9.6875	10.06	7636.0
9.6938	10.06	7639.0
9.7	10.06	7644.0
9.7063	10.05	7648.0
9.7125	10.06	7652.0
9.7188	10.08	7656.0
9.725	10.09	7658.0
9.7313	10.11	7662.0
9.7375	10.13	7666.0
9.7438	10.14	7669.0
9.75	10.16	7672.0
9.7563	10.18	7675.0
9.7625	10.2	7678.0
9.7688	10.21	7680.0
9.775	10.23	7680.0
9.7812	10.25	7683.0
9.7875	10.27	7687.0
9.7938	10.29	7688.0
9.8	10.31	7690.0
9.8063	10.33	7696.0
9.8125	10.33	7698.0
9.8188	10.31	7695.0
9.825	10.29	7695.0
9.8313	10.27	7703.0
9.8375	10.26	7708.0
9.8438	10.24	7707.0
9.85	10.22	7709.0
9.8563	10.2	7714.0
9.8625	10.19	7718.0
9.8688	10.18	7726.0
9.875	10.16	7730.0
9.8813	10.15	7730.0
9.8875	10.14	7736.0
9.8938	10.13	7744.0
9.9	10.12	7746.0
9.9062	10.11	7746.0
9.9125	10.11	7748.0
9.9188	10.12	7753.0
9.925	10.13	7756.0
9.9313	10.13	7756.0
9.9375	10.14	7762.0
9.9438	10.15	7770.0
9.95	10.16	7774.0
9.9563	10.17	7781.0
9.9625	10.18	7791.0
9.9688	10.19	7799.0
9.975	10.21	7808.0
9.9813	10.22	7819.0
9.9875	10.24	7828.0
9.9938	10.25	7836.0
10.0	10.27	7844.0
10.0063	10.28	7854.0
10.0125	10.29	7862.0
10.0188	10.28	7869.0
10.025	10.28	7877.0
10.0312	10.27	7886.0
10.0375	10.27	7897.0
10.0438	10.26	7907.0
10.05	10.26	7915.0
10.0563	10.25	7921.0
10.0625	10.25	7927.0
10.0688	10.25	7935.0
10.075	10.25	7937.0
10.0813	10.25	7939.0
10.0875	10.24	7943.0
10.0938	10.24	7948.0
10.1	10.24	7952.0
10.1063	10.24	7950.0
10.1125	10.24	7945.0
10.1188	10.24	7951.0
10.125	10.25	7960.0
10.1313	10.25	7970.0
10.1375	10.25	7985.0
10.1438	10.25	7995.0
10.15	10.26	8003.0
10.1562	10.26	8013.0
10.1625	10.26	8021.0
10.1688	10.25	8031.0
10.175	10.24	8044.0
10.1813	10.24	8054.0
10.1875	10.23	8060.0
10.1938	10.23	8063.0
10.2	10.22	8068.0
10.2063	10.22	8074.0
10.2125	10.22	8080.0
10.2188	10.22	8086.0
10.225	10.22	8090.0
10.2313	10.23	8097.0
10.2375	10.23	8108.0
10.2438	10.24	8117.0
10.25	10.24	8120.0
10.2563	10.25	8124.0
10.2625	10.24	8131.0
10.2688	10.21	8137.0
10.275	10.19	8146.0
10.2812	10.17	8153.0
10.2875	10.15	8160.0
10.2938	10.12	8165.0
10.3	10.1	8169.0
10.3063	10.08	8180.0
10.3125	10.06	8193.0
10.3188	10.05	8203.0
10.325	10.04	8213.0
10.3313	10.03	8222.0
10.3375	10.02	8233.0
10.3438	10.01	8242.0
10.35	10.0	8253.0
10.3563	9.992	8264.0
10.3625	9.98	8274.0
10.3688	9.964	8281.0
10.375	9.948	8289.0
10.3813	9.933	8295.0
10.3875	9.917	8302.0
10.3938	9.902	8308.0
10.4	9.886	8313.0
10.4062	9.871	8320.0
10.4125	9.871	8328.0
10.4188	9.886	8335.0
10.425	9.901	8343.0
10.4313	9.916	8349.0
10.4375	9.93	8354.0
10.4438	9.945	8362.0
10.45	9.96	8370.0
10.4563	9.975	8375.0
10.4625	9.977	8380.0
10.4688	9.968	8387.0
10.475	9.958	8393.0
10.4813	9.949	8402.0
10.4875	9.939	8411.0
10.4938	9.929	8420.0
10.5	9.92	8429.0
10.5063	9.91	8438.0
10.5125	9.9	8446.0
10.5188	9.888	8454.0
10.525	9.877	8464.0
10.5312	9.865	8474.0
10.5375	9.853	8480.0
10.5438	9.842	8486.0
10.55	9.83	8494.0
10.5563	9.819	8501.0
10.5625	9.822	8507.0
10.5688	9.839	8513.0
10.575	9.855	8519.0
10.5813	9.872	8524.0
10.5875	9.889	8530.0
10.5938	9.906	8536.0
10.6	9.923	8543.0
10.6063	9.939	8552.0
10.6125	9.948	8559.0
10.6188	9.948	8568.0
10.625	9.948	8578.0
10.6313	9.948	8585.0
10.6375	9.948	8593.0
10.6438	9.948	8603.0
10.65	9.948	8610.0
10.6562	9.948	8618.0
10.6625	9.948	8627.0
10.6688	9.948	8633.0
10.675	9.948	8639.0
10.6813	9.948	8645.0
10.6875	9.948	8654.0
10.6938	9.948	8666.0
10.7	9.948	8670.0
10.7063	9.949	8677.0
10.7125	9.952	8682.0
10.7188	9.958	8683.0
10.725	9.964	8686.0
10.7313	9.97	8691.0
10.7375	9.976	8692.0
10.7438	9.982	8695.0
10.75	9.988	8698.0
10.7563	9.994	8698.0
10.7625	9.995	8700.0
10.7688	9.991	8701.0
10.775	9.987	8702.0
10.7812	9.983	8702.0
10.7875	9.979	8701.0
10.7938	9.976	8700.0
10.8	9.972	8698.0
10.8063	9.968	8699.0
10.8125	9.965	8701.0
10.8188	9.961	8700.0
10.825	9.958	8699.0
10.8313	9.955	8699.0
10.8375	9.951	8699.0
10.8438	9.948	8698.0
10.85	9.945	8693.0
10.8563	9.942	8686.0
10.8625	9.943	8686.0
10.8688	9.948	8685.0
10.875	9.953	8683.0
10.8813	9.958	8681.0
10.8875	9.963	8677.0
10.8938	9.968	8672.0
10.9	9.973	8667.0
10.9062	9.978	8666.0
10.9125	9.977	8665.0
10.9188	9.969	8660.0
10.925	9.962	8655.0
10.9313	9.955	8651.0
10.9375	9.947	8647.0
10.9438	9.94	8644.0
10.95	9.932	8641.0
10.9563	9.925	8635.0
10.9625	9.922	8630.0
10.9688	9.922	8629.0
10.975	9.923	8627.0
10.9813	9.924	8623.0
10.9875	9.924	8622.0
10.9938	9.925	8622.0
11.0	9.926	8622.0
11.0063	9.926	8623.0
11.0125	9.924	8626.0
11.0188	9.92	8626.0
11.025	9.915	8624.0
11.0312	9.911	8627.0
11.0375	9.906	8629.0
11.0438	9.902	8629.0
11.05	9.897	8630.0
11.0563	9.893	8634.0
11.0625	9.897	8638.0
11.0688	9.908	8641.0
11.075	9.919	8643.0
11.0813	9.931	8647.0
11.0875	9.942	8653.0
11.0938	9.953	8657.0
11.1	9.965	8661.0
11.1063	9.976	8666.0
11.1125	9.985	8674.0
11.1188	9.991	8681.0
11.125	9.997	8685.0
11.1313	10.0	8690.0
11.1375	10.01	8697.0
11.1438	10.02	8704.0
11.15	10.02	8710.0
11.1562	10.03	8717.0
11.1625	10.03	8720.0
11.1688	10.01	8725.0
11.175	10.0	8739.0
11.1813	9.99	8750.0
11.1875	9.978	8757.0
11.1938	9.967	8767.0
11.2	9.955	8779.0
11.2063	9.943	8789.0
11.2125	9.941	8795.0
11.2188	9.947	8802.0
11.225	9.953	8820.0
11.2313	9.959	8832.0
11.2375	9.965	8837.0
11.2438	9.971	8848.0
11.25	9.977	8864.0
11.2563	9.983	8876.0
11.2625	9.984	8886.0
11.2688	9.98	8896.0
11.275	9.975	8904.0
11.2812	9.971	8915.0
11.2875	9.966	8927.0
11.2938	9.962	8938.0
11.3	9.958	8944.0
11.3063	9.953	8953.0
11.3125	9.952	8975.0
11.3188	9.953	8990.0
11.325	9.955	8986.0
11.3313	9.956	8994.0
11.3375	9.958	9008.0
11.3438	9.959	9007.0
11.35	9.961	9004.0
11.3563	9.962	9004.0
11.3625	9.957	9003.0
11.3688	9.946	9007.0
11.375	9.935	9014.0
11.3813	9.924	9014.0
11.3875	9.913	9012.0
11.3938	9.902	9017.0
11.4	9.892	9025.0
11.4062	9.881	9028.0
11.4125	9.871	9027.0
11.4188	9.863	9029.0
11.425	9.854	9034.0
11.4313	9.846	9036.0
11.4375	9.838	9038.0
11.4438	9.829	9039.0
11.45	9.821	9040.0
11.4563	9.812	9037.0
11.4625	9.806	9034.0
11.4688	9.801	9038.0
11.475	9.797	9041.0
11.4813	9.792	9038.0
11.4875	9.788	9038.0
11.4938	9.783	9041.0
11.5	9.778	9042.0
11.5063	9.774	9036.0
11.5125	9.769	9034.0
11.5188	9.763	9039.0
11.525	9.757	9041.0
11.5312	9.752	9039.0
11.5375	9.746	9039.0
11.5438	9.741	9038.0
11.55	9.735	9042.0
11.5563	9.73	9046.0
11.5625	9.723	9044.0
11.5688	9.716	9037.0
11.575	9.71	9038.0
11.5813	9.703	9037.0
11.5875	9.696	9033.0
11.5938	9.689	9029.0
11.6	9.682	9028.0
11.6063	9.675	9029.0
11.6125	9.679	9026.0
11.6188	9.692	9023.0
11.625	9.706	9023.0
11.6313	9.72	9023.0
11.6375	9.734	9023.0
11.6438	9.748	9020.0
11.65	9.761	9015.0
11.6562	9.775	9013.0
11.6625	9.777	9018.0
11.6688	9.769	9018.0
11.675	9.76	9016.0
11.6813	9.752	9019.0
11.6875	9.743	9021.0
11.6938	9.734	9030.0
11.7	9.726	9036.0
11.7063	9.717	9030.0
11.7125	9.717	9026.0
11.7188	9.725	9029.0
11.725	9.734	9026.0
11.7313	9.742	9019.0
11.7375	9.75	9014.0
11.7438	9.758	9005.0
11.75	9.766	9000.0
11.7563	9.774	9001.0
11.7625	9.787	8994.0
11.7688	9.805	8987.0
11.775	9.823	8986.0
11.7812	9.84	8984.0
11.7875	9.858	8978.0
11.7938	9.875	8971.0
11.8	9.893	8969.0
11.8063	9.91	8966.0
11.8125	9.923	8961.0
11.8188	9.932	8958.0
11.825	9.94	8955.0
11.8313	9.949	8952.0
11.8375	9.957	8949.0
11.8438	9.966	8944.0
11.85	9.974	8938.0
11.8563	9.982	8933.0
11.8625	9.984	8923.0
11.8688	9.979	8911.0
11.875	9.974	8902.0
11.8813	9.97	8895.0
11.8875	9.965	8887.0
11.8938	9.96	8874.0
11.9	9.955	8862.0
11.9062	9.951	8853.0
11.9125	9.95	8843.0
11.9188	9.953	8832.0
11.925	9.956	8820.0
11.9313	9.958	8807.0
11.9375	9.961	8795.0
11.9438	9.964	8781.0
11.95	9.967	8768.0
11.9563	9.97	8757.0
11.9625	9.968	8745.0
11.9688	9.96	8734.0
11.975	9.952	8721.0
11.9813	9.945	8706.0
11.9875	9.937	8698.0
11.9938	9.93	8693.0
12.0	9.922	8687.0
12.0063	9.915	8677.0
12.0125	9.916	8671.0
12.0188	9.925	8670.0
12.025	9.933	8668.0
12.0312	9.942	8662.0
12.0375	9.951	8655.0
12.0438	9.96	8647.0
12.05	9.969	8641.0
12.0563	9.977	8632.0
12.0625	9.984	8625.0
12.0688	9.989	8619.0
12.075	9.995	8608.0
12.0813	10.0	8598.0
12.0875	10.0	8592.0
12.0938	10.01	8586.0
12.1	10.01	8577.0
12.1063	10.02	8570.0
12.1125	10.01	8567.0
12.1188	10.0	8562.0
12.125	9.986	8553.0
12.1313	9.971	8546.0
12.1375	9.957	8543.0
12.1438	9.942	8538.0
12.15	9.928	8533.0
12.1562	9.913	8525.0
12.1625	9.908	8512.0
12.1688	9.91	8515.0
12.175	9.913	8513.0
12.1813	9.916	8513.0
12.1875	9.919	8517.0
12.1938	9.921	8518.0
12.2	9.924	8520.0
12.2063	9.927	8522.0
12.2125	9.931	8524.0
12.2188	9.936	8527.0
12.225	9.942	8531.0
12.2313	9.947	8534.0
12.2375	9.953	8535.0
12.2438	9.958	8537.0
12.25	9.964	8540.0
12.2563	9.969	8541.0
12.2625	9.97	8543.0
12.2688	9.967	8543.0
12.275	9.963	8544.0
12.2812	9.959	8544.0
12.2875	9.956	8544.0
12.2938	9.952	8544.0
12.3	9.949	8546.0
12.3063	9.945	8545.0
12.3125	9.945	8546.0
12.3188	9.948	8546.0
12.325	9.951	8546.0
12.3313	9.954	8546.0
12.3375	9.957	8554.0
12.3438	9.96	8561.0
12.35	9.963	8558.0
12.3563	9.967	8558.0
12.3625	9.966	8560.0
12.3688	9.963	8562.0
12.375	9.96	8565.0
12.3813	9.957	8560.0
12.3875	9.954	8558.0
12.3938	9.951	8568.0
12.4	9.948	8577.0
12.4062	9.945	8583.0
12.4125	9.939	8589.0
12.4188	9.93	8595.0
12.425	9.92	8598.0
12.4313	9.911	8601.0
12.4375	9.902	8607.0
12.4438	9.893	8612.0
12.45	9.884	8616.0
12.4563	9.874	8620.0
12.4625	9.877	8625.0
12.4688	9.891	8627.0
12.475	9.904	8631.0
12.4813	9.918	8635.0
12.4875	9.931	8638.0
12.4938	9.945	8641.0
12.5	9.959	8644.0
12.5063	9.972	8647.0
12.5125	9.989	8651.0
12.5188	10.01	8656.0
12.525	10.03	8661.0
12.5312	10.05	8666.0
12.5375	10.07	8670.0
12.5438	10.09	8676.0
12.55	10.11	8682.0
12.5563	10.13	8690.0
12.5625	10.13	8697.0
12.5688	10.13	8702.0
12.575	10.12	8700.0
12.5813	10.11	8701.0
12.5875	10.11	8706.0
12.5938	10.1	8707.0
12.6	10.09	8708.0
12.6063	10.08	8711.0
12.6125	10.08	8715.0
12.6188	10.08	8722.0
12.625	10.08	8727.0
12.6313	10.08	8731.0
12.6375	10.08	8736.0
12.6438	10.08	8737.0
12.65	10.07	8738.0
12.6562	10.07	8739.0
12.6625	10.07	8747.0
12.6688	10.07	8752.0
12.675	10.06	8757.0
12.6813	10.06	8765.0
12.6875	10.05	8768.0
12.6938	10.05	8767.0
12.7	10.04	8768.0
12.7063	10.04	8765.0
12.7125	10.05	8757.0
12.7188	10.06	8748.0
12.725	10.08	8743.0
12.7313	10.09	8740.0
12.7375	10.11	8737.0
12.7438	10.13	8735.0
12.75	10.14	8736.0
12.7563	10.16	8737.0
12.7625	10.17	8737.0
12.7688	10.18	8740.0
12.775	10.19	8740.0
12.7812	10.19	8737.0
12.7875	10.2	8736.0
12.7938	10.21	8732.0
12.8	10.22	8726.0
12.8063	10.23	8721.0
12.8125	10.23	8715.0
12.8188	10.22	8709.0
12.825	10.22	8706.0
12.8313	10.21	8698.0
12.8375	10.2	8690.0
12.8438	10.2	8691.0
12.85	10.19	8689.0
12.8563	10.19	8683.0
12.8625	10.19	8679.0
12.8688	10.2	8679.0
12.875	10.21	8679.0
12.8813	10.22	8675.0
12.8875	10.23	8672.0
12.8938	10.24	8670.0
12.9	10.25	8667.0
12.9062	10.25	8664.0
12.9125	10.26	8663.0
12.9188	10.26	8660.0
12.925	10.26	8656.0
12.9313	10.26	8652.0
12.9375	10.26	8647.0
12.9438	10.26	8642.0
12.95	10.26	8640.0
12.9563	10.26	8639.0
12.9625	10.27	8634.0
12.9688	10.28	8628.0
12.975	10.29	8624.0
12.9813	10.31	8617.0
12.9875	10.32	8613.0
12.9938	10.33	8606.0
13.0	10.35	8594.0
13.0063	10.36	8587.0
13.0125	10.37	8578.0
13.0188	10.37	8571.0
13.025	10.37	8562.0
13.0312	10.38	8548.0
13.0375	10.38	8542.0
13.0438	10.38	8534.0
13.05	10.38	8522.0
13.0563	10.39	8510.0
13.0625	10.38	8497.0
13.0688	10.36	8487.0
13.075	10.34	8478.0
13.0813	10.33	8464.0
13.0875	10.31	8449.0
13.0938	10.29	8434.0
13.1	10.28	8420.0
13.1063	10.26	8408.0
13.1125	10.25	8391.0
13.1188	10.25	8372.0
13.125	10.25	8355.0
13.1313	10.25	8339.0
13.1375	10.25	8323.0
13.1438	10.25	8309.0
13.15	10.25	8294.0
13.1562	10.25	8277.0
13.1625	10.25	8260.0
13.1688	10.26	8244.0
13.175	10.27	8227.0
13.1813	10.28	8213.0
13.1875	10.28	8195.0
13.1938	10.29	8173.0
13.2	10.3	8155.0
13.2063	10.31	8145.0
13.2125	10.31	8128.0
13.2188	10.31	8107.0
13.225	10.32	8090.0
13.2313	10.32	8072.0
13.2375	10.32	8059.0
13.2438	10.32	8046.0
13.25	10.33	8023.0
13.2563	10.33	8003.0
13.2625	10.33	7989.0
13.2688	10.33	7974.0
13.275	10.33	7958.0
13.2812	10.32	7939.0
13.2875	10.32	7922.0
13.2938	10.32	7916.0
13.3	10.32	7905.0
13.3063	10.32	7888.0
13.3125	10.32	7875.0
13.3188	10.31	7866.0
13.325	10.31	7858.0
13.3313	10.31	7853.0
13.3375	10.31	7839.0
13.3438	10.3	7825.0
13.35	10.3	7817.0
13.3563	10.3	7809.0
13.3625	10.3	7802.0
13.3688	10.31	7799.0
13.375	10.32	7787.0
13.3813	10.33	7774.0
13.3875	10.34	7773.0
13.3938	10.34	7773.0
13.4	10.35	7768.0
13.4062	10.36	7761.0
13.4125	10.36	7753.0
13.4188	10.36	7748.0
13.425	10.35	7746.0
13.4313	10.35	7744.0
13.4375	10.34	7731.0
13.4438	10.34	7722.0
13.45	10.33	7720.0
13.4563	10.33	7717.0
13.4625	10.32	7713.0
13.4688	10.32	7714.0
13.475	10.31	7715.0
13.4813	10.31	7713.0
13.4875	10.31	7713.0
13.4938	10.3	7712.0
13.5	10.3	7710.0
13.5063	10.3	7709.0
13.5125	10.3	7708.0
13.5188	10.3	7706.0
13.525	10.3	7704.0
13.5312	10.3	7704.0
13.5375	10.3	7709.0
13.5438	10.31	7712.0
13.55	10.31	7710.0
13.5563	10.31	7708.0
13.5625	10.31	7704.0
13.5688	10.32	7705.0
13.575	10.33	7712.0
13.5813	10.33	7709.0
13.5875	10.34	7710.0
13.5938	10.35	7714.0
13.6	10.35	7714.0
13.6063	10.36	7718.0
13.6125	10.35	7726.0
13.6188	10.34	7723.0
13.625	10.32	7722.0
13.6313	10.3	7722.0
13.6375	10.29	7724.0
13.6438	10.27	7727.0
13.65	10.25	7727.0
13.6562	10.24	7726.0
13.6625	10.24	7726.0
13.6688	10.25	7724.0
13.675	10.26	7722.0
13.6813	10.27	7722.0
13.6875	10.28	7720.0
13.6938	10.29	7718.0
13.7	10.3	7717.0
13.7063	10.31	7716.0
13.7125	10.32	7712.0
13.7188	10.33	7712.0
13.725	10.34	7710.0
13.7313	10.34	7707.0
13.7375	10.35	7705.0
13.7438	10.36	7702.0
13.75	10.37	7693.0
13.7563	10.37	7691.0
13.7625	10.38	7687.0
13.7688	10.39	7681.0
13.775	10.4	7679.0
13.7812	10.41	7675.0
13.7875	10.41	7671.0
13.7938	10.42	7669.0
13.8	10.43	7665.0
13.8063	10.44	7658.0
13.8125	10.44	7656.0
13.8188	10.45	7653.0
13.825	10.45	7646.0
13.8313	10.45	7639.0
13.8375	10.45	7631.0
13.8438	10.45	7626.0
13.85	10.46	7621.0
13.8563	10.46	7616.0
13.8625	10.46	7606.0
13.8688	10.45	7595.0
13.875	10.44	7588.0
13.8813	10.43	7580.0
13.8875	10.43	7573.0
13.8938	10.42	7566.0
13.9	10.41	7561.0
13.9062	10.4	7553.0
13.9125	10.39	7546.0
13.9188	10.39	7540.0
13.925	10.38	7534.0
13.9313	10.37	7529.0
13.9375	10.36	7523.0
13.9438	10.35	7520.0
13.95	10.34	7511.0
13.9563	10.33	7504.0
13.9625	10.32	7501.0
13.9688	10.31	7496.0
13.975	10.31	7490.0
13.9813	10.3	7485.0
13.9875	10.29	7479.0
13.9938	10.29	7472.0
14.0	10.28	7474.0
14.0063	10.27	7467.0
14.0125	10.28	7458.0
14.0188	10.3	7453.0
14.025	10.31	7449.0
14.0312	10.33	7444.0
14.0375	10.35	7435.0
14.0438	10.37	7427.0
14.05	10.39	7420.0
14.0563	10.4	7412.0
14.0625	10.41	7411.0
14.0688	10.4	7413.0
14.075	10.39	7405.0
14.0813	10.38	7401.0
14.0875	10.38	7401.0
14.0938	10.37	7394.0
14.1	10.36	7382.0
14.1063	10.35	7383.0
14.1125	10.34	7380.0
14.1188	10.33	7373.0
14.125	10.31	7370.0
14.1313	10.3	7367.0
14.1375	10.29	7362.0
14.1438	10.27	7362.0
14.15	10.26	7364.0
14.1562	10.24	7353.0
14.1625	10.24	7345.0
14.1688	10.24	7343.0
14.175	10.24	7338.0
14.1813	10.25	7333.0
14.1875	10.25	7327.0
14.1938	10.26	7315.0
14.2	10.26	7309.0
14.2063	10.26	7308.0
14.2125	10.26	7306.0
14.2188	10.24	7301.0
14.225	10.23	7295.0
14.2313	10.22	7290.0
14.2375	10.2	7285.0
14.2438	10.19	7281.0
14.25	10.17	7277.0
14.2563	10.16	7274.0
14.2625	10.15	7268.0
14.2688	10.14	7262.0
14.275	10.14	7257.0
14.2812	10.13	7253.0
14.2875	10.12	7249.0
14.2938	10.12	7246.0
14.3	10.11	7247.0
14.3063	10.1	7244.0
14.3125	10.1	7238.0
14.3188	10.1	7233.0
14.325	10.11	7229.0
14.3313	10.11	7226.0
14.3375	10.11	7224.0
14.3438	10.11	7223.0
14.35	10.12	7227.0
14.3563	10.12	7227.0
14.3625	10.13	7223.0
14.3688	10.14	7223.0
14.375	10.16	7226.0
14.3813	10.18	7230.0
14.3875	10.19	7233.0
14.3938	10.21	7237.0
14.4	10.22	7243.0
14.4062	10.24	7246.0
14.4125	10.25	7248.0
14.4188	10.25	7252.0
14.425	10.25	7258.0
14.4313	10.26	7264.0
14.4375	10.26	7270.0
14.4438	10.26	7275.0
14.45	10.26	7278.0
14.4563	10.26	7280.0
14.4625	10.26	7289.0
14.4688	10.26	7303.0
14.475	10.26	7313.0
14.4813	10.26	7321.0
14.4875	10.26	7328.0
14.4938	10.26	7337.0
14.5	10.26	7347.0
14.5063	10.26	7357.0
14.5125	10.26	7368.0
14.5188	10.26	7376.0
14.525	10.27	7383.0
14.5312	10.27	7392.0
14.5375	10.27	7402.0
14.5438	10.28	7412.0
14.55	10.28	7422.0
14.5563	10.28	7433.0
14.5625	10.29	7445.0
14.5688	10.29	7452.0
14.575	10.3	7458.0
14.5813	10.31	7466.0
14.5875	10.32	7476.0
14.5938	10.32	7485.0
14.6	10.33	7492.0
14.6063	10.34	7498.0
14.6125	10.33	7505.0
14.6188	10.31	7507.0
14.625	10.29	7511.0
14.6313	10.27	7519.0
14.6375	10.25	7527.0
14.6438	10.22	7531.0
14.65	10.2	7534.0
14.6562	10.18	7537.0
14.6625	10.17	7540.0
14.6688	10.15	7539.0
14.675	10.14	7538.0
14.6813	10.13	7544.0
14.6875	10.12	7546.0
14.6938	10.1	7544.0
14.7	10.09	7542.0
14.7063	10.08	7542.0
14.7125	10.08	7543.0
14.7188	10.11	7542.0
14.725	10.13	7542.0
14.7313	10.15	7540.0
14.7375	10.17	7532.0
14.7438	10.19	7527.0
14.75	10.21	7524.0
14.7563	10.23	7519.0
14.7625	10.23	7515.0
14.7688	10.22	7512.0
14.775	10.21	7506.0
14.7812	10.2	7497.0
14.7875	10.18	7491.0
14.7938	10.17	7489.0
14.8	10.16	7485.0
14.8063	10.15	7480.0
14.8125	10.14	7476.0
14.8188	10.15	7470.0
14.825	10.16	7464.0
14.8313	10.17	7458.0
14.8375	10.18	7453.0
14.8438	10.18	7449.0
14.85	10.19	7447.0
14.8563	10.2	7443.0
14.8625	10.2	7436.0
14.8688	10.19	7431.0
14.875	10.18	7427.0
14.8813	10.17	7423.0
14.8875	10.16	7422.0
14.8938	10.16	7421.0
14.9	10.15	7415.0
14.9062	10.14	7411.0
14.9125	10.12	7410.0
14.9188	10.11	7409.0
14.925	10.09	7408.0
14.9313	10.07	7404.0
14.9375	10.05	7404.0
14.9438	10.04	7406.0
14.95	10.02	7409.0
14.9563	10.0	7412.0
14.9625	9.995	7413.0
14.9688	10.0	7413.0
14.975	10.01	7419.0
14.9813	10.02	7425.0
14.9875	10.02	7430.0
14.9938	10.03	7437.0
15.0	10.04	7438.0
15.0063	10.04	7437.0
15.0125	10.05	7447.0
15.0188	10.05	7458.0
15.025	10.05	7469.0
15.0312	10.05	7476.0
15.0375	10.05	7480.0
15.0438	10.05	7486.0
15.05	10.05	7493.0
15.0563	10.05	7505.0
15.0625	10.06	7517.0
15.0688	10.06	7520.0
15.075	10.07	7525.0
15.0813	10.08	7533.0
15.0875	10.09	7541.0
15.0938	10.1	7549.0
15.1	10.11	7554.0
15.1063	10.12	7561.0
15.1125	10.12	7572.0
15.1188	10.12	7583.0
15.125	10.12	7588.0
15.1313	10.11	7594.0
15.1375	10.11	7602.0
15.1438	10.11	7609.0
15.15	10.11	7618.0
15.1562	10.1	7626.0
15.1625	10.09	7632.0
15.1688	10.07	7640.0
15.175	10.05	7648.0
15.1813	10.02	7654.0
15.1875	10.0	7666.0
15.1938	9.98	7677.0
15.2	9.959	7682.0
15.2063	9.937	7686.0
15.2125	9.924	7697.0
15.2188	9.92	7707.0
15.225	9.915	7715.0
15.2313	9.911	7722.0
15.2375	9.907	7734.0
15.2438	9.903	7748.0
15.25	9.898	7754.0
15.2563	9.894	7763.0
15.2625	9.896	7773.0
15.2688	9.903	7783.0
15.275	9.909	7793.0
15.2812	9.916	7801.0
15.2875	9.923	7807.0
15.2938	9.93	7817.0
15.3	9.937	7827.0
15.3063	9.944	7835.0
15.3125	9.952	7844.0
15.3188	9.959	7853.0
15.325	9.967	7863.0
15.3313	9.975	7872.0
15.3375	9.982	7882.0
15.3438	9.99	7895.0
15.35	9.998	7907.0
15.3563	10.01	7916.0
15.3625	10.02	7930.0
15.3688	10.04	7946.0
15.375	10.06	7959.0
15.3813	10.08	7974.0
15.3875	10.1	7989.0
15.3938	10.12	8005.0
15.4	10.14	8019.0
15.4062	10.16	8034.0
15.4125	10.17	8051.0
15.4188	10.15	8066.0
15.425	10.14	8081.0
15.4313	10.13	8095.0
15.4375	10.11	8106.0
15.4438	10.1	8116.0
15.45	10.09	8130.0
15.4563	10.07	8143.0
15.4625	10.07	8154.0
15.4688	10.07	8176.0
15.475	10.07	8195.0
15.4813	10.08	8211.0
15.4875	10.08	8226.0
15.4938	10.08	8239.0
15.5	10.09	8254.0
15.5063	10.09	8272.0
15.5125	10.09	8288.0
15.5188	10.09	8301.0
15.525	10.09	8308.0
15.5312	10.08	8315.0
15.5375	10.08	8326.0
15.5438	10.08	8337.0
15.55	10.08	8348.0
15.5563	10.08	8358.0
15.5625	10.08	8369.0
15.5688	10.08	8381.0
15.575	10.08	8391.0
15.5813	10.08	8400.0
15.5875	10.08	8410.0
15.5938	10.08	8418.0
15.6	10.08	8426.0
15.6063	10.07	8434.0
15.6125	10.08	8441.0
15.6188	10.08	8448.0
15.625	10.08	8456.0
15.6313	10.08	8463.0
15.6375	10.08	8470.0
15.6438	10.08	8473.0
15.65	10.09	8477.0
15.6562	10.09	8481.0
15.6625	10.09	8485.0
15.6688	10.09	8490.0
15.675	10.08	8493.0
15.6813	10.08	8496.0
15.6875	10.08	8496.0
15.6938	10.08	8498.0
15.7	10.08	8502.0
15.7063	10.08	8505.0
15.7125	10.07	8507.0
15.7188	10.08	8509.0
15.725	10.08	8510.0
15.7313	10.08	8511.0
15.7375	10.08	8511.0
15.7438	10.08	8507.0
15.75	10.08	8503.0
15.7563	10.08	8504.0
15.7625	10.08	8503.0
15.7688	10.07	8500.0
15.775	10.06	8498.0
15.7812	10.05	8493.0
15.7875	10.04	8490.0
15.7938	10.03	8486.0
15.8	10.03	8482.0
15.8063	10.02	8476.0
15.8125	10.01	8469.0
15.8188	10.01	8462.0
15.825	10.0	8457.0
15.8313	9.999	8451.0
15.8375	9.996	8444.0
15.8438	9.992	8439.0
15.85	9.988	8432.0
15.8563	9.985	8427.0
15.8625	9.992	8428.0
15.8688	10.01	8422.0
15.875	10.03	8412.0
15.8813	10.04	8405.0
15.8875	10.06	8394.0
15.8938	10.08	8385.0
15.9	10.09	8378.0
15.9062	10.11	8367.0
15.9125	10.12	8357.0
15.9188	10.12	8351.0
15.925	10.13	8341.0
15.9313	10.13	8329.0
15.9375	10.14	8320.0
15.9438	10.14	8310.0
15.95	10.14	8298.0
15.9563	10.15	8286.0
15.9625	10.15	8276.0
15.9688	10.15	8262.0
15.975	10.15	8249.0
15.9813	10.15	8237.0
15.9875	10.16	8227.0
15.9938	10.16	8223.0
16.0	10.16	8215.0
16.0063	10.16	8208.0
16.0125	10.16	8204.0
16.0188	10.16	8199.0
16.025	10.16	8193.0
16.0312	10.16	8186.0
16.0375	10.16	8179.0
16.0437	10.17	8171.0
16.05	10.17	8164.0
16.0563	10.17	8156.0
16.0625	10.17	8146.0
16.0688	10.18	8138.0
16.075	10.19	8131.0
16.0813	10.2	8126.0
16.0875	10.21	8117.0
16.0938	10.22	8111.0
16.1	10.23	8106.0
16.1062	10.24	8098.0
16.1125	10.24	8090.0
16.1188	10.22	8086.0
16.125	10.21	8077.0
16.1313	10.19	8066.0
16.1375	10.18	8056.0
16.1438	10.16	8049.0
16.15	10.15	8041.0
16.1562	10.14	8031.0
16.1625	10.12	8023.0
16.1687	10.12	8014.0
16.175	10.11	8004.0
16.1813	10.1	7995.0
16.1875	10.09	7985.0
16.1938	10.08	7974.0
16.2	10.07	7966.0
16.2063	10.06	7958.0
16.2125	10.07	7949.0
16.2188	10.07	7943.0
16.225	10.08	7938.0
16.2312	10.09	7931.0
16.2375	10.1	7923.0
16.2438	10.11	7916.0
16.25	10.12	7911.0
16.2563	10.13	7905.0
16.2625	10.13	7898.0
16.2688	10.12	7891.0
16.275	10.1	7885.0
16.2812	10.09	7879.0
16.2875	10.08	7873.0
16.2937	10.06	7866.0
16.3	10.05	7861.0
16.3063	10.04	7856.0
16.3125	10.04	7852.0
16.3188	10.05	7849.0
16.325	10.07	7845.0
16.3313	10.08	7841.0
16.3375	10.1	7839.0
16.3438	10.11	7838.0
16.35	10.13	7840.0
16.3562	10.14	7840.0
16.3625	10.15	7835.0
16.3688	10.14	7832.0
16.375	10.13	7833.0
16.3813	10.13	7832.0
16.3875	10.12	7830.0
16.3938	10.11	7828.0
16.4	10.11	7826.0
16.4062	10.1	7823.0
16.4125	10.1	7824.0
16.4187	10.1	7830.0
16.425	10.1	7832.0
16.4313	10.1	7833.0
16.4375	10.11	7838.0
16.4438	10.11	7844.0
16.45	10.11	7850.0
16.4563	10.11	7865.0
16.4625	10.11	7880.0
16.4688	10.1	7875.0
16.475	10.1	7875.0
16.4812	10.09	7890.0
16.4875	10.09	7897.0
16.4938	10.08	7898.0
16.5	10.07	7902.0
16.5063	10.07	7906.0
16.5125	10.06	7909.0
16.5188	10.05	7917.0
16.525	10.04	7928.0
16.5312	10.02	7934.0
16.5375	10.01	7941.0
16.5437	9.998	7954.0
16.55	9.985	7965.0
16.5563	9.973	7976.0
16.5625	9.961	7987.0
16.5688	9.948	7997.0
16.575	9.936	8004.0
16.5813	9.923	8015.0
16.5875	9.911	8026.0
16.5938	9.899	8033.0
16.6	9.886	8042.0
16.6062	9.874	8049.0
16.6125	9.865	8053.0
16.6188	9.86	8060.0
16.625	9.855	8074.0
16.6313	9.85	8083.0
16.6375	9.844	8086.0
16.6438	9.839	8095.0
16.65	9.834	8108.0
16.6562	9.829	8119.0
16.6625	9.826	8129.0
16.6687	9.825	8137.0
16.675	9.824	8142.0
16.6813	9.823	8150.0
16.6875	9.823	8160.0
16.6938	9.822	8167.0
16.7	9.821	8169.0
16.7063	9.82	8173.0
16.7125	9.825	8176.0
16.7188	9.834	8178.0
16.725	9.843	8185.0
16.7312	9.852	8188.0
16.7375	9.861	8186.0
16.7438	9.871	8189.0
16.75	9.88	8197.0
16.7563	9.889	8202.0
16.7625	9.886	8202.0
16.7688	9.873	8203.0
16.775	9.859	8206.0
16.7812	9.845	8209.0
16.7875	9.832	8212.0
16.7937	9.818	8213.0
16.8	9.805	8213.0
16.8063	9.791	8213.0
16.8125	9.785	8216.0
16.8188	9.785	8217.0
16.825	9.786	8219.0
16.8313	9.786	8219.0
16.8375	9.787	8219.0
16.8438	9.788	8220.0
16.85	9.788	8221.0
16.8562	9.789	8226.0
16.8625	9.792	8233.0
16.8688	9.799	8232.0
16.875	9.805	8227.0
16.8813	9.811	8229.0
16.8875	9.817	8231.0
16.8938	9.824	8231.0
16.9	9.83	8231.0
16.9062	9.836	8227.0
16.9125	9.84	8224.0
16.9187	9.841	8231.0
16.925	9.842	8240.0
16.9313	9.843	8243.0
16.9375	9.845	8246.0
16.9438	9.846	8252.0
16.95	9.847	8259.0
16.9563	9.848	8274.0
16.9625	9.853	8286.0
16.9688	9.86	8283.0
16.975	9.867	8288.0
16.9812	9.874	8298.0
16.9875	9.881	8305.0
16.9938	9.888	8307.0
17.0	9.895	8310.0
17.0063	9.902	8311.0
17.0125	9.902	8316.0
17.0188	9.897	8329.0
17.025	9.892	8331.0
17.0312	9.887	8337.0
17.0375	9.882	8350.0
17.0437	9.877	8360.0
17.05	9.872	8365.0
17.0563	9.867	8374.0
17.0625	9.861	8385.0
17.0688	9.856	8395.0
17.075	9.851	8403.0
17.0813	9.847	8411.0
17.0875	9.842	8418.0
17.0938	9.837	8428.0
17.1	9.832	8440.0
17.1062	9.827	8447.0
17.1125	9.82	8451.0
17.1188	9.811	8459.0
17.125	9.803	8466.0
17.1313	9.795	8470.0
17.1375	9.786	8475.0
17.1438	9.778	8480.0
17.15	9.77	8486.0
17.1562	9.761	8491.0
17.1625	9.757	8498.0
17.1687	9.756	8505.0
17.175	9.755	8510.0
17.1813	9.755	8514.0
17.1875	9.754	8519.0
17.1938	9.753	8523.0
17.2	9.753	8527.0
17.2063	9.752	8529.0
17.2125	9.751	8531.0
17.2188	9.749	8534.0
17.225	9.747	8537.0
17.2312	9.745	8539.0
17.2375	9.743	8540.0
17.2438	9.742	8541.0
17.25	9.74	8544.0
17.2563	9.738	8545.0
17.2625	9.733	8546.0
17.2688	9.725	8548.0
17.275	9.717	8548.0
17.2812	9.709	8550.0
17.2875	9.7	8552.0
17.2937	9.692	8552.0
17.3	9.684	8552.0
17.3063	9.676	8552.0
17.3125	9.674	8549.0
17.3188	9.678	8546.0
17.325	9.682	8545.0
17.3313	9.685	8540.0
17.3375	9.689	8535.0
17.3438	9.693	8535.0
17.35	9.696	8536.0
17.3562	9.7	8534.0
17.3625	9.698	8530.0
17.3688	9.691	8527.0
17.375	9.684	8531.0
17.3813	9.677	8533.0
17.3875	9.67	8528.0
17.3938	9.663	8521.0
17.4	9.656	8519.0
17.4062	9.649	8517.0
17.4125	9.642	8514.0
17.4187	9.635	8510.0
17.425	9.628	8508.0
17.4313	9.621	8509.0
17.4375	9.614	8508.0
17.4438	9.607	8507.0
17.45	9.6	8508.0
17.4563	9.592	8508.0
17.4625	9.581	8508.0
17.4688	9.566	8507.0
17.475	9.552	8510.0
17.4812	9.537	8510.0
17.4875	9.522	8511.0
17.4938	9.507	8514.0
17.5	9.492	8513.0
17.5063	9.477	8515.0
17.5125	9.471	8513.0
17.5188	9.472	8508.0
17.525	9.474	8510.0
17.5312	9.475	8511.0
17.5375	9.477	8512.0
17.5437	9.478	8519.0
17.55	9.48	8523.0
17.5563	9.482	8529.0
17.5625	9.487	8541.0
17.5688	9.496	8542.0
17.575	9.505	8544.0
17.5813	9.514	8544.0
17.5875	9.523	8543.0
17.5938	9.533	8543.0
17.6	9.542	8538.0
17.6062	9.551	8529.0
17.6125	9.55	8532.0
17.6188	9.539	8535.0
17.625	9.529	8538.0
17.6313	9.519	8541.0
17.6375	9.508	8543.0
17.6438	9.498	8549.0
17.65	9.488	8560.0
17.6562	9.477	8564.0
17.6625	9.47	8560.0
17.6687	9.464	8557.0
17.675	9.458	8554.0
17.6813	9.453	8551.0
17.6875	9.447	8544.0
17.6938	9.441	8534.0
17.7	9.436	8531.0
17.7063	9.43	8531.0
17.7125	9.424	8532.0
17.7188	9.417	8530.0
17.725	9.41	8527.0
17.7312	9.403	8527.0
17.7375	9.396	8531.0
17.7438	9.389	8530.0
17.75	9.382	8523.0
17.7563	9.375	8517.0
17.7625	9.376	8511.0
17.7688	9.385	8506.0
17.775	9.393	8502.0
17.7812	9.402	8488.0
17.7875	9.41	8483.0
17.7937	9.419	8489.0
17.8	9.427	8488.0
17.8063	9.435	8485.0
17.8125	9.441	8484.0
17.8188	9.443	8481.0
17.825	9.445	8483.0
17.8313	9.447	8481.0
17.8375	9.449	8474.0
17.8438	9.452	8466.0
17.85	9.454	8458.0
17.8562	9.456	8451.0
17.8625	9.459	8445.0
17.8688	9.464	8440.0
17.875	9.469	8435.0
17.8813	9.473	8428.0
17.8875	9.478	8423.0
17.8938	9.483	8420.0
17.9	9.487	8415.0
17.9062	9.492	8409.0
17.9125	9.496	8403.0
17.9187	9.498	8400.0
17.925	9.501	8397.0
17.9313	9.503	8394.0
17.9375	9.505	8390.0
17.9438	9.508	8386.0
17.95	9.51	8384.0
17.9563	9.513	8381.0
17.9625	9.515	8377.0
17.9688	9.518	8374.0
17.975	9.52	8371.0
17.9812	9.523	8369.0
17.9875	9.525	8369.0
17.9938	9.527	8371.0
18.0	9.53	8370.0
18.0063	9.532	8371.0
18.0125	9.536	8369.0
18.0188	9.542	8364.0
18.025	9.548	8362.0
18.0312	9.553	8362.0
18.0375	9.559	8361.0
18.0437	9.564	8361.0
18.05	9.57	8362.0
18.0563	9.576	8364.0
18.0625	9.584	8364.0
18.0688	9.596	8362.0
18.075	9.607	8355.0
18.0813	9.619	8354.0
18.0875	9.63	8362.0
18.0938	9.642	8364.0
18.1	9.654	8366.0
18.1062	9.665	8373.0
18.1125	9.67	8382.0
18.1188	9.67	8387.0
18.125	9.669	8387.0
18.1313	9.668	8387.0
18.1375	9.668	8390.0
18.1438	9.667	8394.0
18.15	9.666	8394.0
18.1562	9.666	8392.0
18.1625	9.662	8395.0
18.1687	9.655	8400.0
18.175	9.649	8403.0
18.1813	9.642	8404.0
18.1875	9.636	8407.0
18.1938	9.629	8414.0
18.2	9.623	8417.0
18.2063	9.616	8419.0
18.2125	9.604	8420.0
18.2188	9.587	8416.0
18.225	9.569	8414.0
18.2312	9.552	8411.0
18.2375	9.534	8401.0
18.2438	9.517	8395.0
18.25	9.499	8390.0
18.2563	9.482	8386.0
18.2625	9.473	8386.0
18.2688	9.472	8385.0
18.275	9.471	8380.0
18.2812	9.471	8377.0
18.2875	9.47	8374.0
18.2937	9.469	8368.0
18.3	9.468	8363.0
18.3063	9.468	8360.0
18.3125	9.47	8355.0
18.3188	9.475	8348.0
18.325	9.48	8342.0
18.3313	9.485	8337.0
18.3375	9.491	8333.0
18.3438	9.496	8325.0
18.35	9.501	8315.0
18.3562	9.506	8309.0
18.3625	9.509	8298.0
18.3688	9.51	8289.0
18.375	9.511	8285.0
18.3813	9.512	8273.0
18.3875	9.513	8266.0
18.3938	9.514	8261.0
18.4	9.515	8252.0
18.4062	9.516	8244.0
18.4125	9.518	8234.0
18.4187	9.521	8229.0
18.425	9.523	8222.0
18.4313	9.526	8211.0
18.4375	9.529	8198.0
18.4438	9.531	8187.0
18.45	9.534	8181.0
18.4563	9.537	8167.0
18.4625	9.547	8150.0
18.4688	9.565	8143.0
18.475	9.583	8126.0
18.4812	9.6	8112.0
18.4875	9.618	8098.0
18.4938	9.636	8088.0
18.5	9.653	8084.0
18.5063	9.671	8068.0
18.5125	9.673	8049.0
18.5188	9.66	8041.0
18.525	9.646	8034.0
18.5312	9.633	8022.0
18.5375	9.62	8014.0
18.5437	9.607	8003.0
18.55	9.594	7995.0
18.5563	9.581	7991.0
18.5625	9.56	7985.0
18.5688	9.533	7976.0
18.575	9.506	7971.0
18.5813	9.479	7962.0
18.5875	9.452	7952.0
18.5938	9.424	7943.0
18.6	9.397	7938.0
18.6062	9.37	7930.0
18.6125	9.357	7918.0
18.6188	9.358	7906.0
18.625	9.358	7897.0
18.6313	9.359	7891.0
18.6375	9.36	7880.0
18.6438	9.36	7867.0
18.65	9.361	7859.0
18.6562	9.361	7853.0
18.6625	9.354	7846.0
18.6687	9.34	7841.0
18.675	9.325	7833.0
18.6813	9.31	7827.0
18.6875	9.296	7820.0
18.6938	9.281	7813.0
18.7	9.267	7809.0
18.7063	9.252	7802.0
18.7125	9.238	7794.0
18.7188	9.223	7792.0
18.725	9.209	7787.0
18.7312	9.194	7782.0
18.7375	9.18	7774.0
18.7438	9.165	7770.0
18.75	9.151	7765.0
18.7563	9.136	7750.0
18.7625	9.138	7734.0
18.7688	9.156	7727.0
18.775	9.173	7721.0
18.7812	9.191	7713.0
18.7875	9.208	7701.0
18.7937	9.226	7694.0
18.8	9.243	7688.0
18.8063	9.261	7680.0
18.8125	9.262	7673.0
18.8188	9.248	7664.0
18.825	9.235	7654.0
18.8313	9.221	7649.0
18.8375	9.208	7644.0
18.8438	9.194	7637.0
18.85	9.18	7629.0
18.8562	9.167	7622.0
18.8625	9.156	7612.0
18.8688	9.147	7604.0
18.875	9.138	7601.0
18.8813	9.129	7594.0
18.8875	9.12	7587.0
18.8938	9.11	7580.0
18.9	9.101	7570.0
18.9062	9.092	7560.0
18.9125	9.081	7555.0
18.9187	9.068	7546.0
18.925	9.054	7536.0
18.9313	9.041	7524.0
18.9375	9.028	7512.0
18.9438	9.014	7502.0
18.95	9.001	7491.0
18.9563	8.988	7488.0
18.9625	8.98	7482.0
18.9688	8.976	7463.0
18.975	8.973	7449.0
18.9812	8.969	7440.0
18.9875	8.966	7431.0
18.9938	8.962	7422.0
19.0	8.959	7411.0
19.0063	8.955	7401.0
19.0125	8.951	7389.0
19.0188	8.945	7384.0
19.025	8.939	7378.0
19.0312	8.933	7369.0
19.0375	8.928	7363.0
19.0437	8.922	7355.0
19.05	8.916	7344.0
19.0563	8.91	7335.0
19.0625	8.905	7329.0
19.0688	8.9	7324.0
19.075	8.896	7317.0
19.0813	8.891	7308.0
19.0875	8.886	7302.0
19.0938	8.882	7298.0
19.1	8.877	7293.0
19.1062	8.872	7286.0
19.1125	8.881	7278.0
19.1188	8.901	7272.0
19.125	8.922	7267.0
19.1313	8.942	7260.0
19.1375	8.963	7253.0
19.1438	8.983	7250.0
19.15	9.004	7248.0
19.1562	9.024	7242.0
19.1625	9.038	7234.0
19.1687	9.045	7226.0
19.175	9.052	7219.0
19.1813	9.059	7213.0
19.1875	9.067	7208.0
19.1938	9.074	7199.0
19.2	9.081	7192.0
19.2063	9.088	7188.0
19.2125	9.081	7185.0
19.2188	9.061	7180.0
19.225	9.04	7173.0
19.2313	9.019	7168.0
19.2375	8.999	7164.0
19.2438	8.978	7158.0
19.25	8.958	7152.0
19.2563	8.937	7146.0
19.2625	8.931	7142.0
19.2688	8.937	7138.0
19.275	8.943	7134.0
19.2812	8.949	7130.0
19.2875	8.956	7128.0
19.2938	8.962	7125.0
19.3	8.968	7121.0
19.3063	8.974	7117.0
19.3125	8.978	7113.0
19.3188	8.981	7108.0
19.325	8.983	7102.0
19.3313	8.985	7098.0
19.3375	8.987	7092.0
19.3438	8.99	7088.0
19.35	8.992	7085.0
19.3563	8.994	7080.0
19.3625	8.991	7078.0
19.3688	8.982	7074.0
19.375	8.973	7069.0
19.3813	8.965	7065.0
19.3875	8.956	7057.0
19.3938	8.947	7053.0
19.4	8.939	7051.0
19.4062	8.93	7046.0
19.4125	8.925	7040.0
19.4188	8.925	7035.0
19.425	8.924	7033.0
19.4313	8.924	7028.0
19.4375	8.923	7025.0
19.4438	8.922	7016.0
19.45	8.922	7000.0
19.4563	8.921	6994.0
19.4625	8.927	6989.0
19.4688	8.94	6986.0
19.475	8.953	6978.0
19.4813	8.965	6970.0
19.4875	8.978	6967.0
19.4938	8.991	6960.0
19.5	9.004	6952.0
19.5063	9.016	6946.0
19.5125	9.032	6940.0
19.5188	9.05	6934.0
19.525	9.067	6928.0
19.5312	9.085	6922.0
19.5375	9.103	6914.0
19.5438	9.121	6909.0
19.55	9.138	6906.0
19.5563	9.156	6899.0
19.5625	9.16	6893.0
19.5688	9.152	6888.0
19.575	9.144	6880.0
19.5813	9.135	6873.0
19.5875	9.127	6866.0
19.5938	9.119	6856.0
19.6	9.11	6849.0
19.6063	9.102	6846.0
19.6125	9.099	6839.0
19.6188	9.1	6831.0
19.625	9.101	6825.0
19.6313	9.103	6818.0
19.6375	9.104	6811.0
19.6438	9.106	6805.0
19.65	9.107	6799.0
19.6562	9.108	6794.0
19.6625	9.114	6790.0
19.6688	9.125	6785.0
19.675	9.135	6781.0
19.6813	9.146	6778.0
19.6875	9.156	6775.0
19.6938	9.167	6775.0
19.7	9.177	6774.0
19.7063	9.188	6769.0
19.7125	9.195	6765.0
19.7188	9.197	6765.0
19.725	9.2	6764.0
19.7313	9.203	6763.0
19.7375	9.206	6763.0
19.7438	9.209	6765.0
19.75	9.211	6766.0
19.7563	9.214	6770.0
19.7625	9.203	6769.0
19.7688	9.179	6770.0
19.775	9.156	6773.0
19.7812	9.132	6775.0
19.7875	9.108	6778.0
19.7938	9.084	6782.0
19.8	9.061	6783.0
19.8063	9.037	6783.0
19.8125	9.031	6788.0
19.8188	9.042	6794.0
19.825	9.053	6798.0
19.8313	9.064	6802.0
19.8375	9.075	6807.0
19.8438	9.085	6811.0
19.85	9.096	6815.0
19.8563	9.107	6821.0
19.8625	9.113	6827.0
19.8688	9.115	6834.0
19.875	9.117	6842.0
19.8813	9.119	6849.0
19.8875	9.121	6855.0
19.8938	9.123	6863.0
19.9	9.125	6870.0
19.9062	9.127	6877.0
19.9125	9.127	6883.0
19.9188	9.125	6890.0
19.925	9.123	6897.0
19.9313	9.121	6906.0
19.9375	9.119	6913.0
19.9438	9.117	6919.0
19.95	9.115	6924.0
19.9563	9.113	6930.0
19.9625	9.098	6935.0
19.9688	9.071	6941.0
19.975	9.043	6952.0
19.9813	9.016	6959.0
19.9875	8.989	6962.0
19.9938	8.961	6964.0
20.0	8.934	6969.0
