0.0	9.813	101.0
0.0063	9.793	324.1
0.0125	9.776	37.48
0.0188	9.762	303.3
0.025	9.748	307.7
0.0312	9.734	292.2
0.0375	9.72	301.5
0.0438	9.706	345.7
0.05	9.692	368.4
0.0563	9.678	408.5
0.0625	9.683	450.0
0.0688	9.706	488.7
0.075	9.729	545.7
0.0813	9.751	615.0
0.0875	9.774	683.5
0.0938	9.796	753.5
0.1	9.819	832.8
0.1063	9.841	916.7
0.1125	9.867	1004.0
0.1188	9.895	1100.0
0.125	9.923	1187.0
0.1313	9.951	1274.0
0.1375	9.979	1364.0
0.1438	10.01	1451.0
0.15	10.04	1560.0
0.1562	10.06	1670.0
0.1625	10.06	1755.0
0.1688	10.04	1870.0
0.175	10.01	2000.0
0.1813	9.984	2124.0
0.1875	9.957	2249.0
0.1938	9.931	2377.0
0.2	9.904	2511.0
0.2063	9.878	2648.0
0.2125	9.867	2774.0
0.2188	9.872	2909.0
0.225	9.876	3054.0
0.2313	9.881	3189.0
0.2375	9.885	3325.0
0.2438	9.89	3467.0
0.25	9.894	3605.0
0.2563	9.899	3745.0
0.2625	9.914	3881.0
0.2687	9.94	4017.0
0.275	9.966	4161.0
0.2812	9.993	4306.0
0.2875	10.02	4443.0
0.2938	10.04	4579.0
0.3	10.07	4718.0
0.3063	10.1	4853.0
0.3125	10.12	4991.0
0.3188	10.15	5126.0
0.325	10.17	5242.0
0.3313	10.2	5357.0
0.3375	10.22	5476.0
0.3438	10.25	5589.0
0.35	10.27	5693.0
0.3563	10.3	5800.0
0.3625	10.31	5903.0
0.3688	10.32	6006.0
0.375	10.32	6100.0
0.3813	10.33	6191.0
0.3875	10.33	6282.0
0.3938	10.34	6368.0
0.4	10.35	6453.0
0.4062	10.35	6531.0
0.4125	10.34	6617.0
0.4188	10.3	6689.0
0.425	10.27	6746.0
0.4313	10.24	6794.0
0.4375	10.2	6857.0
0.4438	10.17	6896.0
0.45	10.14	6939.0
0.4563	10.1	6961.0
0.4625	10.11	6972.0
0.4688	10.16	7001.0
0.475	10.2	7024.0
0.4813	10.24	7047.0
0.4875	10.29	7070.0
0.4938	10.33	7088.0
0.5	10.38	7097.0
0.5062	10.42	7105.0
0.5125	10.45	7113.0
0.5188	10.45	7118.0
0.525	10.46	7117.0
0.5312	10.47	7117.0
0.5375	10.48	7114.0
0.5438	10.49	7108.0
0.55	10.49	7099.0
0.5563	10.5	7079.0
0.5625	10.5	7060.0
0.5687	10.48	7049.0
0.575	10.47	7030.0
0.5813	10.45	7009.0
0.5875	10.44	6989.0
0.5938	10.42	6968.0
0.6	10.41	6952.0
0.6063	10.4	6941.0
0.6125	10.39	6920.0
0.6188	10.39	6894.0
0.625	10.4	6871.0
0.6313	10.4	6849.0
0.6375	10.41	6830.0
0.6438	10.41	6803.0
0.65	10.42	6776.0
0.6562	10.42	6756.0
0.6625	10.43	6736.0
0.6688	10.46	6715.0
0.675	10.48	6697.0
0.6813	10.51	6679.0
0.6875	10.53	6661.0
0.6938	10.55	6644.0
0.7	10.58	6631.0
0.7063	10.6	6627.0
0.7125	10.62	6614.0
0.7188	10.63	6591.0
0.725	10.65	6576.0
0.7313	10.66	6560.0
0.7375	10.68	6548.0
0.7438	10.69	6539.0
0.75	10.71	6526.0
0.7563	10.72	6517.0
0.7625	10.73	6512.0
0.7688	10.74	6511.0
0.775	10.75	6507.0
0.7812	10.75	6514.0
0.7875	10.76	6514.0
0.7938	10.77	6515.0
0.8	10.77	6522.0
0.8063	10.78	6532.0
0.8125	10.77	6530.0
0.8188	10.75	6522.0
0.825	10.73	6530.0
0.8313	10.7	6530.0
0.8375	10.68	6530.0
0.8438	10.66	6532.0
0.85	10.64	6529.0
0.8563	10.62	6533.0
0.8625	10.58	6532.0
0.8688	10.55	6535.0
0.875	10.51	6533.0
0.8813	10.47	6526.0
0.8875	10.43	6523.0
0.8938	10.39	6518.0
0.9	10.35	6510.0
0.9062	10.31	6505.0
0.9125	10.3	6501.0
0.9188	10.3	6496.0
0.925	10.31	6489.0
0.9313	10.31	6480.0
0.9375	10.32	6471.0
0.9438	10.32	6462.0
0.95	10.33	6460.0
0.9563	10.33	6456.0
0.9625	10.34	6448.0
0.9688	10.35	6437.0
0.975	10.36	6430.0
0.9813	10.37	6419.0
0.9875	10.38	6411.0
0.9938	10.39	6400.0
1.0	10.41	6385.0
1.0063	10.42	6369.0
1.0125	10.42	6349.0
1.0188	10.42	6328.0
1.025	10.42	6309.0
1.0312	10.43	6291.0
1.0375	10.43	6269.0
1.0437	10.43	6216.0
1.05	10.43	6191.0
1.0563	10.43	6183.0
1.0625	10.43	6168.0
1.0688	10.43	6161.0
1.075	10.42	6154.0
1.0813	10.42	6150.0
1.0875	10.42	6149.0
1.0938	10.41	6147.0
1.1	10.41	6128.0
1.1062	10.41	6109.0
1.1125	10.42	6095.0
1.1188	10.44	6075.0
1.125	10.47	6054.0
1.1313	10.5	6040.0
1.1375	10.52	6023.0
1.1438	10.55	6008.0
1.15	10.57	5990.0
1.1562	10.6	5972.0
1.1625	10.61	5956.0
1.1687	10.62	5944.0
1.175	10.64	5932.0
1.1813	10.65	5920.0
1.1875	10.66	5908.0
1.1938	10.67	5893.0
1.2	10.68	5881.0
1.2063	10.69	5869.0
1.2125	10.69	5853.0
1.2188	10.69	5838.0
1.225	10.7	5822.0
1.2313	10.7	5802.0
1.2375	10.7	5795.0
1.2438	10.7	5792.0
1.25	10.7	5787.0
1.2563	10.7	5781.0
1.2625	10.68	5779.0
1.2688	10.65	5781.0
1.275	10.61	5769.0
1.2812	10.57	5765.0
1.2875	10.54	5771.0
1.2938	10.5	5779.0
1.3	10.46	5786.0
1.3063	10.43	5785.0
1.3125	10.42	5792.0
1.3188	10.43	5818.0
1.325	10.45	5817.0
1.3313	10.47	5812.0
1.3375	10.48	5803.0
1.3438	10.5	5788.0
1.35	10.51	5781.0
1.3563	10.53	5774.0
1.3625	10.54	5742.0
1.3688	10.55	5730.0
1.375	10.56	5720.0
1.3813	10.57	5725.0
1.3875	10.58	5738.0
1.3938	10.59	5740.0
1.4	10.6	5747.0
1.4062	10.61	5756.0
1.4125	10.62	5752.0
1.4188	10.62	5755.0
1.425	10.61	5751.0
1.4313	10.61	5739.0
1.4375	10.61	5731.0
1.4438	10.61	5708.0
1.45	10.61	5702.0
1.4563	10.61	5709.0
1.4625	10.6	5717.0
1.4688	10.6	5723.0
1.475	10.59	5726.0
1.4813	10.59	5746.0
1.4875	10.58	5758.0
1.4938	10.58	5753.0
1.5	10.57	5750.0
1.5063	10.56	5743.0
1.5125	10.59	5730.0
1.5188	10.63	5721.0
1.525	10.68	5718.0
1.5312	10.72	5715.0
1.5375	10.77	5707.0
1.5438	10.81	5698.0
1.55	10.86	5681.0
1.5563	10.9	5668.0
1.5625	10.92	5651.0
1.5688	10.91	5635.0
1.575	10.9	5636.0
1.5813	10.89	5635.0
1.5875	10.88	5650.0
1.5938	10.87	5644.0
1.6	10.87	5654.0
1.6063	10.86	5655.0
1.6125	10.83	5645.0
1.6188	10.78	5638.0
1.625	10.73	5638.0
1.6313	10.68	5628.0
1.6375	10.64	5641.0
1.6438	10.59	5647.0
1.65	10.54	5647.0
1.6562	10.49	5654.0
1.6625	10.47	5663.0
1.6688	10.46	5669.0
1.675	10.45	5668.0
1.6813	10.44	5680.0
1.6875	10.43	5685.0
1.6938	10.42	5679.0
1.7	10.41	5696.0
1.7063	10.4	5707.0
1.7125	10.4	5715.0
1.7188	10.41	5728.0
1.725	10.41	5725.0
1.7313	10.41	5729.0
1.7375	10.42	5744.0
1.7438	10.42	5751.0
1.75	10.43	5748.0
1.7563	10.43	5755.0
1.7625	10.45	5764.0
1.7688	10.47	5763.0
1.775	10.49	5764.0
1.7812	10.51	5770.0
1.7875	10.54	5770.0
1.7938	10.56	5772.0
1.8	10.58	5777.0
1.8063	10.61	5790.0
1.8125	10.6	5805.0
1.8188	10.57	5819.0
1.825	10.54	5824.0
1.8313	10.5	5829.0
1.8375	10.47	5843.0
1.8438	10.44	5860.0
1.85	10.41	5871.0
1.8563	10.38	5881.0
1.8625	10.37	5893.0
1.8688	10.37	5905.0
1.875	10.37	5922.0
1.8813	10.38	5932.0
1.8875	10.38	5937.0
1.8938	10.39	5951.0
1.9	10.39	5957.0
1.9062	10.4	5961.0
1.9125	10.42	5973.0
1.9188	10.47	5975.0
1.925	10.52	5983.0
1.9313	10.57	5993.0
1.9375	10.62	5996.0
1.9438	10.67	5994.0
1.95	10.72	5992.0
1.9563	10.77	5988.0
1.9625	10.77	6000.0
1.9688	10.73	6006.0
1.975	10.69	6000.0
1.9813	10.65	6008.0
1.9875	10.61	6019.0
1.9938	10.57	6031.0
2.0	10.52	6037.0
2.0063	10.48	6031.0
2.0125	10.47	6030.0
2.0188	10.48	6061.0
2.025	10.5	6072.0
2.0312	10.51	6067.0
2.0375	10.52	6066.0
2.0438	10.54	6070.0
2.05	10.55	6069.0
2.0562	10.56	6069.0
2.0625	10.58	6059.0
2.0688	10.59	6053.0
2.075	10.6	6055.0
2.0813	10.62	6053.0
2.0875	10.63	6047.0
2.0938	10.64	6043.0
2.1	10.66	6041.0
2.1063	10.67	6030.0
2.1125	10.68	6020.0
2.1187	10.69	6016.0
2.125	10.69	6026.0
2.1313	10.7	6027.0
2.1375	10.71	6012.0
2.1438	10.72	5998.0
2.15	10.72	6009.0
2.1562	10.73	6015.0
2.1625	10.72	6010.0
2.1688	10.68	6004.0
2.175	10.65	5996.0
2.1812	10.61	5998.0
2.1875	10.58	6002.0
2.1938	10.55	6009.0
2.2	10.51	6001.0
2.2063	10.48	5990.0
2.2125	10.45	5987.0
2.2188	10.43	5980.0
2.225	10.4	5980.0
2.2313	10.38	5986.0
2.2375	10.35	5971.0
2.2437	10.33	5944.0
2.25	10.3	5937.0
2.2563	10.28	5929.0
2.2625	10.24	5905.0
2.2688	10.19	5899.0
2.275	10.15	5898.0
2.2812	10.1	5888.0
2.2875	10.06	5896.0
2.2938	10.01	5889.0
2.3	9.963	5894.0
2.3062	9.917	5902.0
2.3125	9.88	5902.0
2.3188	9.852	5891.0
2.325	9.823	5873.0
2.3313	9.795	5884.0
2.3375	9.766	5888.0
2.3438	9.738	5886.0
2.35	9.709	5892.0
2.3563	9.681	5892.0
2.3625	9.664	5884.0
2.3687	9.657	5877.0
2.375	9.651	5873.0
2.3813	9.645	5874.0
2.3875	9.638	5868.0
2.3938	9.632	5858.0
2.4	9.626	5854.0
2.4062	9.619	5855.0
2.4125	9.627	5850.0
2.4188	9.647	5836.0
2.425	9.667	5826.0
2.4313	9.687	5826.0
2.4375	9.707	5818.0
2.4438	9.727	5799.0
2.45	9.747	5786.0
2.4563	9.767	5776.0
2.4625	9.773	5769.0
2.4688	9.766	5773.0
2.475	9.759	5754.0
2.4813	9.752	5729.0
2.4875	9.745	5714.0
2.4938	9.738	5702.0
2.5	9.732	5697.0
2.5063	9.725	5697.0
2.5125	9.749	5656.0
2.5188	9.802	5637.0
2.525	9.855	5631.0
2.5312	9.908	5607.0
2.5375	9.961	5593.0
2.5438	10.01	5588.0
2.55	10.07	5561.0
2.5563	10.12	5557.0
2.5625	10.14	5536.0
2.5688	10.14	5520.0
2.575	10.13	5519.0
2.5813	10.13	5512.0
2.5875	10.12	5504.0
2.5938	10.12	5478.0
2.6	10.11	5451.0
2.6063	10.11	5462.0
2.6125	10.11	5466.0
2.6188	10.11	5460.0
2.625	10.12	5453.0
2.6313	10.12	5448.0
2.6375	10.13	5448.0
2.6438	10.14	5442.0
2.65	10.14	5430.0
2.6562	10.15	5410.0
2.6625	10.13	5403.0
2.6688	10.09	5392.0
2.675	10.04	5364.0
2.6813	10.0	5341.0
2.6875	9.961	5329.0
2.6938	9.919	5314.0
2.7	9.878	5311.0
2.7063	9.836	5289.0
2.7125	9.814	5264.0
2.7188	9.81	5255.0
2.725	9.806	5245.0
2.7313	9.801	5230.0
2.7375	9.797	5233.0
2.7438	9.793	5216.0
2.75	9.789	5195.0
2.7563	9.785	5183.0
2.7625	9.773	5176.0
2.7688	9.753	5164.0
2.775	9.734	5150.0
2.7812	9.714	5158.0
2.7875	9.695	5138.0
2.7938	9.675	5120.0
2.8	9.655	5111.0
2.8063	9.636	5097.0
2.8125	9.61	5083.0
2.8188	9.578	5076.0
2.825	9.547	5067.0
2.8313	9.515	5059.0
2.8375	9.483	5060.0
2.8438	9.452	5046.0
2.85	9.42	5039.0
2.8563	9.389	5041.0
2.8625	9.374	5036.0
2.8688	9.375	5034.0
2.875	9.377	5022.0
2.8813	9.378	5021.0
2.8875	9.379	5024.0
2.8938	9.381	5025.0
2.9	9.382	5027.0
2.9062	9.383	5028.0
2.9125	9.38	5030.0
2.9188	9.372	5041.0
2.925	9.364	5046.0
2.9313	9.357	5040.0
2.9375	9.349	5045.0
2.9438	9.342	5058.0
2.95	9.334	5065.0
2.9563	9.326	5071.0
2.9625	9.325	5078.0
2.9688	9.33	5084.0
2.975	9.335	5092.0
2.9813	9.34	5102.0
2.9875	9.344	5106.0
2.9938	9.349	5109.0
3.0	9.354	5117.0
3.0063	9.359	5123.0
3.0125	9.366	5125.0
3.0188	9.376	5122.0
3.025	9.385	5116.0
3.0312	9.395	5116.0
3.0375	9.404	5121.0
3.0438	9.414	5122.0
3.05	9.423	5122.0
3.0563	9.433	5131.0
3.0625	9.447	5142.0
3.0688	9.465	5156.0
3.075	9.483	5166.0
3.0813	9.501	5171.0
3.0875	9.52	5165.0
3.0938	9.538	5161.0
3.1	9.556	5162.0
3.1063	9.574	5160.0
3.1125	9.582	5160.0
3.1188	9.579	5161.0
3.125	9.576	5162.0
3.1313	9.573	5155.0
3.1375	9.57	5152.0
3.1438	9.567	5152.0
3.15	9.564	5149.0
3.1562	9.561	5147.0
3.1625	9.554	5141.0
3.1688	9.544	5138.0
3.175	9.534	5135.0
3.1813	9.524	5129.0
3.1875	9.515	5122.0
3.1938	9.505	5116.0
3.2	9.495	5111.0
3.2063	9.485	5105.0
3.2125	9.51	5100.0
3.2188	9.567	5098.0
3.225	9.623	5104.0
3.2313	9.68	5100.0
3.2375	9.737	5086.0
3.2438	9.794	5080.0
3.25	9.851	5076.0
3.2563	9.908	5070.0
3.2625	9.927	5068.0
3.2688	9.911	5065.0
3.275	9.895	5057.0
3.2812	9.88	5054.0
3.2875	9.864	5059.0
3.2938	9.848	5060.0
3.3	9.832	5064.0
3.3063	9.816	5068.0
3.3125	9.825	5068.0
3.3188	9.856	5068.0
3.325	9.888	5064.0
3.3313	9.92	5059.0
3.3375	9.951	5066.0
3.3438	9.983	5078.0
3.35	10.01	5083.0
3.3563	10.05	5088.0
3.3625	10.07	5095.0
3.3688	10.08	5102.0
3.375	10.09	5110.0
3.3813	10.1	5123.0
3.3875	10.11	5137.0
3.3938	10.12	5142.0
3.4	10.13	5148.0
3.4062	10.14	5157.0
3.4125	10.15	5165.0
3.4188	10.15	5173.0
3.425	10.15	5182.0
3.4313	10.16	5202.0
3.4375	10.16	5222.0
3.4438	10.16	5219.0
3.45	10.16	5214.0
3.4563	10.17	5219.0
3.4625	10.15	5224.0
3.4688	10.11	5225.0
3.475	10.08	5228.0
3.4813	10.04	5231.0
3.4875	10.01	5238.0
3.4938	9.971	5228.0
3.5	9.936	5229.0
3.5063	9.9	5233.0
3.5125	9.865	5238.0
3.5188	9.831	5245.0
3.525	9.796	5250.0
3.5312	9.762	5254.0
3.5375	9.728	5264.0
3.5438	9.693	5270.0
3.55	9.659	5269.0
3.5563	9.625	5276.0
3.5625	9.597	5293.0
3.5688	9.576	5302.0
3.575	9.555	5308.0
3.5813	9.534	5314.0
3.5875	9.513	5321.0
3.5938	9.492	5316.0
3.6	9.47	5317.0
3.6063	9.449	5345.0
3.6125	9.436	5359.0
3.6188	9.431	5360.0
3.625	9.426	5369.0
3.6313	9.421	5377.0
3.6375	9.415	5384.0
3.6438	9.41	5392.0
3.65	9.405	5407.0
3.6562	9.4	5417.0
3.6625	9.403	5416.0
3.6688	9.414	5418.0
3.675	9.425	5421.0
3.6813	9.437	5426.0
3.6875	9.448	5432.0
3.6938	9.459	5440.0
3.7	9.47	5460.0
3.7063	9.481	5481.0
3.7125	9.485	5486.0
3.7188	9.482	5486.0
3.725	9.478	5497.0
3.7313	9.475	5513.0
3.7375	9.472	5526.0
3.7438	9.468	5541.0
3.75	9.465	5558.0
3.7563	9.462	5574.0
3.7625	9.47	5583.0
3.7688	9.489	5591.0
3.775	9.508	5611.0
3.7812	9.527	5627.0
3.7875	9.546	5646.0
3.7938	9.565	5672.0
3.8	9.584	5692.0
3.8063	9.603	5706.0
3.8125	9.601	5705.0
3.8188	9.58	5704.0
3.825	9.558	5735.0
3.8313	9.537	5764.0
3.8375	9.515	5792.0
3.8438	9.494	5815.0
3.85	9.472	5828.0
3.8563	9.451	5840.0
3.8625	9.414	5853.0
3.8688	9.361	5867.0
3.875	9.309	5884.0
3.8813	9.257	5930.0
3.8875	9.205	5957.0
3.8938	9.153	5956.0
3.9	9.101	5956.0
3.9062	9.048	5975.0
3.9125	9.006	5995.0
3.9188	8.974	6014.0
3.925	8.941	6054.0
3.9313	8.908	6088.0
3.9375	8.876	6072.0
3.9438	8.843	6067.0
3.95	8.81	6086.0
3.9563	8.778	6104.0
3.9625	8.792	6122.0
3.9688	8.85	6135.0
3.975	8.908	6144.0
3.9813	8.966	6141.0
3.9875	9.025	6137.0
3.9938	9.083	6164.0
4.0	9.141	6190.0
4.0063	9.199	6204.0
4.0125	9.244	6218.0
4.0187	9.279	6227.0
4.025	9.313	6238.0
4.0312	9.347	6253.0
4.0375	9.381	6271.0
4.0438	9.415	6291.0
4.05	9.449	6298.0
4.0563	9.483	6301.0
4.0625	9.489	6312.0
4.0688	9.469	6323.0
4.075	9.449	6332.0
4.0812	9.43	6343.0
4.0875	9.41	6353.0
4.0938	9.39	6359.0
4.1	9.37	6365.0
4.1063	9.35	6377.0
4.1125	9.361	6395.0
4.1188	9.4	6402.0
4.125	9.439	6406.0
4.1313	9.478	6412.0
4.1375	9.518	6415.0
4.1437	9.557	6424.0
4.15	9.596	6427.0
4.1562	9.636	6424.0
4.1625	9.649	6425.0
4.1688	9.638	6427.0
4.175	9.627	6435.0
4.1813	9.616	6438.0
4.1875	9.606	6434.0
4.1938	9.595	6430.0
4.2	9.584	6430.0
4.2062	9.573	6435.0
4.2125	9.557	6446.0
4.2188	9.535	6451.0
4.225	9.514	6440.0
4.2313	9.492	6437.0
4.2375	9.471	6436.0
4.2438	9.449	6435.0
4.25	9.428	6436.0
4.2563	9.406	6436.0
4.2625	9.382	6437.0
4.2687	9.357	6429.0
4.275	9.331	6425.0
4.2812	9.305	6427.0
4.2875	9.279	6425.0
4.2938	9.253	6420.0
4.3	9.228	6421.0
4.3063	9.202	6416.0
4.3125	9.185	6409.0
4.3188	9.176	6407.0
4.325	9.167	6406.0
4.3312	9.158	6405.0
4.3375	9.15	6399.0
4.3438	9.141	6396.0
4.35	9.132	6396.0
4.3563	9.123	6400.0
4.3625	9.113	6402.0
4.3688	9.102	6399.0
4.375	9.091	6399.0
4.3813	9.08	6406.0
4.3875	9.069	6412.0
4.3937	9.057	6406.0
4.4	9.046	6397.0
4.4062	9.035	6393.0
4.4125	9.027	6393.0
4.4188	9.021	6394.0
4.425	9.016	6390.0
4.4313	9.01	6389.0
4.4375	9.005	6388.0
4.4438	8.999	6383.0
4.45	8.993	6379.0
4.4562	8.988	6383.0
4.4625	8.991	6381.0
4.4688	9.002	6372.0
4.475	9.012	6369.0
4.4813	9.023	6366.0
4.4875	9.034	6357.0
4.4938	9.045	6348.0
4.5	9.055	6344.0
4.5063	9.066	6340.0
4.5125	9.071	6332.0
4.5187	9.07	6328.0
4.525	9.069	6325.0
4.5312	9.067	6322.0
4.5375	9.066	6316.0
4.5438	9.065	6312.0
4.55	9.064	6312.0
4.5563	9.063	6306.0
4.5625	9.077	6304.0
4.5688	9.105	6305.0
4.575	9.132	6306.0
4.5812	9.16	6301.0
4.5875	9.188	6292.0
4.5938	9.215	6284.0
4.6	9.243	6273.0
4.6063	9.271	6269.0
4.6125	9.273	6255.0
4.6188	9.251	6237.0
4.625	9.229	6240.0
4.6313	9.207	6240.0
4.6375	9.185	6229.0
4.6437	9.163	6222.0
4.65	9.141	6220.0
4.6562	9.119	6220.0
4.6625	9.12	6215.0
4.6688	9.141	6213.0
4.675	9.163	6216.0
4.6813	9.184	6195.0
4.6875	9.206	6174.0
4.6938	9.227	6168.0
4.7	9.248	6160.0
4.7062	9.27	6145.0
4.7125	9.282	6131.0
4.7188	9.286	6122.0
4.725	9.29	6117.0
4.7313	9.294	6108.0
4.7375	9.298	6115.0
4.7438	9.302	6125.0
4.75	9.306	6124.0
4.7563	9.309	6122.0
4.7625	9.309	6121.0
4.7687	9.304	6129.0
4.775	9.3	6138.0
4.7812	9.295	6134.0
4.7875	9.29	6127.0
4.7938	9.286	6112.0
4.8	9.281	6098.0
4.8063	9.276	6091.0
4.8125	9.266	6087.0
4.8188	9.25	6083.0
4.825	9.234	6079.0
4.8313	9.218	6082.0
4.8375	9.203	6084.0
4.8438	9.187	6087.0
4.85	9.171	6085.0
4.8563	9.155	6080.0
4.8625	9.144	6080.0
4.8688	9.138	6083.0
4.875	9.131	6086.0
4.8813	9.125	6089.0
4.8875	9.118	6086.0
4.8938	9.112	6059.0
4.9	9.105	6054.0
4.9062	9.098	6087.0
4.9125	9.076	6111.0
4.9188	9.04	6123.0
4.925	9.003	6138.0
4.9313	8.966	6153.0
4.9375	8.929	6168.0
4.9438	8.892	6183.0
4.95	8.856	6197.0
4.9563	8.819	6217.0
4.9625	8.802	6238.0
4.9688	8.803	6250.0
4.975	8.805	6262.0
4.9813	8.806	6274.0
4.9875	8.807	6284.0
4.9938	8.808	6299.0
5.0	8.81	6314.0
5.0063	8.811	6327.0
5.0125	8.798	6342.0
5.0188	8.772	6356.0
5.025	8.747	6375.0
5.0312	8.721	6396.0
5.0375	8.695	6415.0
5.0438	8.67	6432.0
5.05	8.644	6453.0
5.0563	8.618	6476.0
5.0625	8.615	6495.0
5.0688	8.633	6507.0
5.075	8.651	6520.0
5.0813	8.669	6534.0
5.0875	8.686	6547.0
5.0938	8.704	6562.0
5.1	8.722	6577.0
5.1063	8.74	6591.0
5.1125	8.749	6615.0
5.1188	8.75	6646.0
5.125	8.751	6649.0
5.1313	8.752	6646.0
5.1375	8.753	6646.0
5.1438	8.754	6646.0
5.15	8.755	6645.0
5.1562	8.756	6642.0
5.1625	8.764	6638.0
5.1688	8.779	6633.0
5.175	8.793	6626.0
5.1813	8.808	6631.0
5.1875	8.823	6631.0
5.1938	8.838	6634.0
5.2	8.852	6639.0
5.2063	8.867	6640.0
5.2125	8.894	6644.0
5.2188	8.932	6641.0
5.225	8.971	6636.0
5.2313	9.009	6637.0
5.2375	9.048	6642.0
5.2438	9.086	6641.0
5.25	9.124	6642.0
5.2563	9.163	6645.0
5.2625	9.178	6645.0
5.2688	9.171	6640.0
5.275	9.165	6630.0
5.2812	9.159	6625.0
5.2875	9.152	6635.0
5.2938	9.146	6645.0
5.3	9.139	6649.0
5.3063	9.133	6657.0
5.3125	9.103	6665.0
5.3188	9.053	6675.0
5.325	9.002	6691.0
5.3313	8.951	6704.0
5.3375	8.9	6709.0
5.3438	8.849	6716.0
5.35	8.798	6724.0
5.3563	8.747	6732.0
5.3625	8.721	6743.0
5.3688	8.716	6754.0
5.375	8.712	6773.0
5.3813	8.708	6794.0
5.3875	8.703	6807.0
5.3938	8.699	6826.0
5.4	8.695	6835.0
5.4062	8.69	6848.0
5.4125	8.701	6870.0
5.4188	8.724	6880.0
5.425	8.748	6886.0
5.4313	8.772	6903.0
5.4375	8.795	6925.0
5.4438	8.819	6941.0
5.45	8.843	6955.0
5.4563	8.867	6975.0
5.4625	8.906	7000.0
5.4688	8.961	7023.0
5.475	9.016	7040.0
5.4813	9.071	7062.0
5.4875	9.126	7087.0
5.4938	9.181	7107.0
5.5	9.236	7126.0
5.5063	9.29	7146.0
5.5125	9.33	7165.0
5.5188	9.356	7185.0
5.525	9.382	7205.0
5.5312	9.408	7225.0
5.5375	9.433	7245.0
5.5438	9.459	7255.0
5.55	9.485	7271.0
5.5563	9.511	7291.0
5.5625	9.501	7304.0
5.5688	9.457	7320.0
5.575	9.414	7331.0
5.5813	9.37	7333.0
5.5875	9.327	7345.0
5.5938	9.283	7362.0
5.6	9.24	7366.0
5.6063	9.196	7372.0
5.6125	9.181	7384.0
5.6188	9.192	7389.0
5.625	9.203	7393.0
5.6313	9.214	7388.0
5.6375	9.225	7383.0
5.6438	9.235	7389.0
5.65	9.246	7389.0
5.6562	9.257	7385.0
5.6625	9.262	7378.0
5.6688	9.262	7368.0
5.675	9.261	7357.0
5.6813	9.261	7346.0
5.6875	9.26	7336.0
5.6938	9.26	7328.0
5.7	9.259	7309.0
5.7063	9.259	7294.0
5.7125	9.263	7280.0
5.7188	9.27	7271.0
5.725	9.277	7264.0
5.7313	9.285	7251.0
5.7375	9.292	7241.0
5.7438	9.299	7221.0
5.75	9.307	7198.0
5.7563	9.314	7184.0
5.7625	9.313	7163.0
5.7688	9.304	7136.0
5.775	9.295	7113.0
5.7812	9.286	7094.0
5.7875	9.278	7075.0
5.7938	9.269	7052.0
5.8	9.26	7030.0
5.8063	9.251	7009.0
5.8125	9.246	6991.0
5.8188	9.245	6973.0
5.825	9.244	6954.0
5.8313	9.243	6938.0
5.8375	9.242	6926.0
5.8438	9.241	6910.0
5.85	9.24	6892.0
5.8563	9.239	6882.0
5.8625	9.245	6868.0
5.8688	9.256	6849.0
5.875	9.267	6838.0
5.8813	9.279	6825.0
5.8875	9.29	6807.0
5.8938	9.301	6798.0
5.9	9.312	6792.0
5.9062	9.324	6782.0
5.9125	9.346	6776.0
5.9188	9.379	6771.0
5.925	9.413	6764.0
5.9313	9.446	6762.0
5.9375	9.479	6763.0
5.9438	9.512	6758.0
5.95	9.545	6752.0
5.9563	9.579	6750.0
5.9625	9.59	6749.0
5.9688	9.58	6750.0
5.975	9.571	6752.0
5.9813	9.561	6771.0
5.9875	9.552	6789.0
5.9938	9.542	6778.0
6.0	9.533	6772.0
6.0063	9.523	6787.0
6.0125	9.528	6790.0
6.0188	9.545	6783.0
6.025	9.563	6782.0
6.0312	9.58	6773.0
6.0375	9.598	6764.0
6.0438	9.615	6783.0
6.05	9.633	6797.0
6.0563	9.651	6789.0
6.0625	9.641	6793.0
6.0688	9.606	6808.0
6.075	9.571	6824.0
6.0813	9.537	6817.0
6.0875	9.502	6810.0
6.0938	9.467	6832.0
6.1	9.432	6849.0
6.1063	9.398	6868.0
6.1125	9.392	6886.0
6.1188	9.413	6897.0
6.125	9.435	6912.0
6.1313	9.456	6923.0
6.1375	9.478	6933.0
6.1438	9.499	6934.0
6.15	9.521	6939.0
6.1562	9.542	6947.0
6.1625	9.548	6948.0
6.1688	9.54	6943.0
6.175	9.532	6939.0
6.1813	9.524	6955.0
6.1875	9.516	6964.0
6.1938	9.507	6940.0
6.2	9.499	6929.0
6.2063	9.491	6928.0
6.2125	9.471	6917.0
6.2188	9.439	6902.0
6.225	9.406	6884.0
6.2313	9.374	6859.0
6.2375	9.342	6847.0
6.2438	9.31	6852.0
6.25	9.278	6833.0
6.2563	9.246	6815.0
6.2625	9.248	6808.0
6.2688	9.281	6800.0
6.275	9.314	6786.0
6.2812	9.347	6779.0
6.2875	9.38	6772.0
6.2938	9.413	6751.0
6.3	9.447	6746.0
6.3063	9.48	6729.0
6.3125	9.49	6707.0
6.3188	9.479	6694.0
6.325	9.468	6682.0
6.3313	9.458	6658.0
6.3375	9.447	6632.0
6.3438	9.436	6613.0
6.35	9.425	6592.0
6.3563	9.415	6574.0
6.3625	9.367	6553.0
6.3688	9.285	6536.0
6.375	9.204	6515.0
6.3813	9.122	6494.0
6.3875	9.041	6480.0
6.3938	8.959	6464.0
6.4	8.878	6442.0
6.4062	8.796	6430.0
6.4125	8.758	6421.0
6.4188	8.76	6408.0
6.425	8.763	6396.0
6.4313	8.765	6383.0
6.4375	8.767	6376.0
6.4438	8.77	6370.0
6.45	8.772	6363.0
6.4563	8.774	6361.0
6.4625	8.763	6348.0
6.4688	8.74	6341.0
6.475	8.716	6353.0
6.4813	8.693	6352.0
6.4875	8.67	6344.0
6.4938	8.646	6355.0
6.5	8.623	6348.0
6.5063	8.599	6341.0
6.5125	8.591	6343.0
6.5188	8.598	6344.0
6.525	8.605	6335.0
6.5312	8.612	6339.0
6.5375	8.619	6347.0
6.5438	8.626	6353.0
6.55	8.632	6368.0
6.5563	8.639	6381.0
6.5625	8.643	6389.0
6.5688	8.645	6406.0
6.575	8.647	6423.0
6.5813	8.648	6437.0
6.5875	8.65	6443.0
6.5938	8.652	6457.0
6.6	8.653	6479.0
6.6063	8.655	6503.0
6.6125	8.632	6516.0
6.6188	8.585	6531.0
6.625	8.538	6557.0
6.6313	8.492	6579.0
6.6375	8.445	6597.0
6.6438	8.398	6608.0
6.65	8.352	6620.0
6.6562	8.305	6643.0
6.6625	8.267	6657.0
6.6688	8.237	6662.0
6.675	8.208	6670.0
6.6813	8.178	6676.0
6.6875	8.148	6670.0
6.6938	8.119	6669.0
6.7	8.089	6668.0
6.7063	8.059	6664.0
6.7125	8.03	6666.0
6.7188	8.0	6680.0
6.725	7.97	6675.0
6.7313	7.94	6684.0
6.7375	7.91	6672.0
6.7438	7.88	6653.0
6.75	7.85	6651.0
6.7563	7.82	6631.0
6.7625	7.814	6617.0
6.7688	7.831	6607.0
6.775	7.848	6588.0
6.7812	7.866	6573.0
6.7875	7.883	6559.0
6.7938	7.9	6541.0
6.8	7.917	6526.0
6.8063	7.934	6506.0
6.8125	7.955	6482.0
6.8188	7.979	6461.0
6.825	8.003	6426.0
6.8313	8.027	6408.0
6.8375	8.051	6380.0
6.8438	8.076	6348.0
6.85	8.1	6327.0
6.8563	8.124	6297.0
6.8625	8.123	6273.0
6.8688	8.1	6252.0
6.875	8.076	6227.0
6.8813	8.052	6196.0
6.8875	8.029	6169.0
6.8938	8.005	6141.0
6.9	7.981	6115.0
6.9062	7.958	6088.0
6.9125	7.949	6058.0
6.9188	7.953	6032.0
6.925	7.957	6015.0
6.9313	7.962	5991.0
6.9375	7.966	5973.0
6.9438	7.97	5956.0
6.95	7.974	5937.0
6.9563	7.979	5924.0
6.9625	7.974	5901.0
6.9688	7.961	5889.0
6.975	7.948	5883.0
6.9813	7.936	5875.0
6.9875	7.923	5868.0
6.9938	7.91	5863.0
7.0	7.897	5871.0
7.0063	7.884	5883.0
7.0125	7.848	5879.0
7.0188	7.79	5881.0
7.025	7.733	5877.0
7.0312	7.675	5877.0
7.0375	7.617	5873.0
7.0438	7.559	5865.0
7.05	7.501	5866.0
7.0563	7.444	5872.0
7.0625	7.429	5876.0
7.0688	7.455	5881.0
7.075	7.481	5887.0
7.0813	7.507	5903.0
7.0875	7.533	5914.0
7.0938	7.558	5922.0
7.1	7.584	5935.0
7.1063	7.61	5950.0
7.1125	7.618	5966.0
7.1188	7.608	5982.0
7.125	7.599	5999.0
7.1313	7.589	6017.0
7.1375	7.58	6036.0
7.1438	7.57	6066.0
7.15	7.561	6089.0
7.1562	7.551	6107.0
7.1625	7.533	6128.0
7.1688	7.507	6147.0
7.175	7.481	6165.0
7.1813	7.455	6178.0
7.1875	7.429	6179.0
7.1938	7.403	6191.0
7.2	7.377	6215.0
7.2063	7.351	6238.0
7.2125	7.325	6262.0
7.2188	7.299	6287.0
7.225	7.273	6310.0
7.2313	7.247	6335.0
7.2375	7.221	6363.0
7.2438	7.195	6386.0
7.25	7.169	6406.0
7.2563	7.143	6425.0
7.2625	7.116	6442.0
7.2688	7.087	6459.0
7.275	7.059	6476.0
7.2812	7.031	6501.0
7.2875	7.003	6515.0
7.2938	6.975	6529.0
7.3	6.946	6542.0
7.3063	6.918	6555.0
7.3125	6.9	6576.0
7.3188	6.892	6592.0
7.325	6.885	6597.0
7.3313	6.877	6612.0
7.3375	6.869	6632.0
7.3438	6.861	6648.0
7.35	6.853	6663.0
7.3563	6.845	6681.0
7.3625	6.868	6699.0
7.3688	6.921	6730.0
7.375	6.974	6745.0
7.3813	7.027	6750.0
7.3875	7.08	6753.0
7.3938	7.133	6761.0
7.4	7.186	6770.0
7.4062	7.239	6762.0
7.4125	7.26	6731.0
7.4188	7.25	6735.0
7.425	7.24	6748.0
7.4313	7.231	6771.0
7.4375	7.221	6795.0
7.4438	7.212	6802.0
7.45	7.202	6827.0
7.4563	7.193	6873.0
7.4625	7.202	6889.0
7.4688	7.228	6873.0
7.475	7.254	6852.0
7.4813	7.281	6844.0
7.4875	7.307	6839.0
7.4938	7.333	6815.0
7.5	7.36	6796.0
7.5063	7.386	6801.0
7.5125	7.376	6804.0
7.5188	7.333	6808.0
7.525	7.289	6813.0
7.5312	7.245	6814.0
7.5375	7.202	6809.0
7.5438	7.158	6806.0
7.55	7.115	6805.0
7.5563	7.071	6800.0
7.5625	7.05	6796.0
7.5688	7.05	6795.0
7.575	7.051	6783.0
7.5813	7.051	6778.0
7.5875	7.051	6792.0
7.5938	7.051	6797.0
7.6	7.051	6796.0
7.6063	7.052	6794.0
7.6125	7.051	6799.0
7.6188	7.048	6804.0
7.625	7.046	6792.0
7.6313	7.044	6783.0
7.6375	7.042	6781.0
7.6438	7.04	6780.0
7.65	7.038	6778.0
7.6562	7.035	6779.0
7.6625	7.043	6782.0
7.6688	7.059	6781.0
7.675	7.075	6783.0
7.6813	7.092	6793.0
7.6875	7.108	6805.0
7.6938	7.124	6810.0
7.7	7.141	6814.0
7.7063	7.157	6831.0
7.7125	7.166	6846.0
7.7188	7.169	6863.0
7.725	7.171	6864.0
7.7313	7.174	6875.0
7.7375	7.177	6892.0
7.7438	7.179	6892.0
7.75	7.182	6892.0
7.7563	7.185	6897.0
7.7625	7.18	6902.0
7.7688	7.168	6909.0
7.775	7.156	6918.0
7.7812	7.144	6924.0
7.7875	7.132	6926.0
7.7938	7.12	6931.0
7.8	7.108	6935.0
7.8063	7.096	6940.0
7.8125	7.103	6959.0
7.8188	7.126	6974.0
7.825	7.149	6981.0
7.8313	7.172	7009.0
7.8375	7.196	7027.0
7.8438	7.219	7049.0
7.85	7.242	7068.0
7.8563	7.266	7071.0
7.8625	7.301	7078.0
7.8688	7.347	7101.0
7.875	7.394	7107.0
7.8813	7.44	7098.0
7.8875	7.487	7090.0
7.8938	7.533	7096.0
7.9	7.579	7113.0
7.9062	7.626	7123.0
7.9125	7.655	7120.0
7.9188	7.67	7129.0
7.925	7.684	7142.0
7.9313	7.698	7146.0
7.9375	7.713	7147.0
7.9438	7.727	7139.0
7.95	7.741	7142.0
7.9563	7.756	7141.0
7.9625	7.79	7136.0
7.9688	7.844	7137.0
7.975	7.898	7131.0
7.9813	7.952	7123.0
7.9875	8.005	7122.0
7.9938	8.059	7117.0
8.0	8.113	7113.0
8.0062	8.167	7100.0
8.0125	8.168	7081.0
8.0188	8.121	7087.0
8.025	8.074	7084.0
8.0312	8.027	7072.0
8.0375	7.98	7063.0
8.0438	7.933	7055.0
8.05	7.886	7069.0
8.0563	7.839	7062.0
8.0625	7.816	7033.0
8.0687	7.815	7024.0
8.075	7.815	7014.0
8.0813	7.814	7002.0
8.0875	7.813	6998.0
8.0938	7.813	6981.0
8.1	7.812	6970.0
8.1063	7.811	6966.0
8.1125	7.834	6964.0
8.1188	7.878	6959.0
8.125	7.923	6948.0
8.1312	7.967	6940.0
8.1375	8.012	6937.0
8.1438	8.056	6933.0
8.15	8.101	6928.0
8.1562	8.145	6925.0
8.1625	8.173	6921.0
8.1688	8.185	6918.0
8.175	8.197	6915.0
8.1813	8.209	6909.0
8.1875	8.222	6904.0
8.1937	8.234	6903.0
8.2	8.246	6899.0
8.2063	8.258	6896.0
8.2125	8.238	6894.0
8.2188	8.187	6893.0
8.225	8.136	6896.0
8.2313	8.085	6901.0
8.2375	8.034	6899.0
8.2438	7.983	6890.0
8.25	7.932	6890.0
8.2562	7.881	6884.0
8.2625	7.86	6879.0
8.2688	7.866	6884.0
8.275	7.871	6889.0
8.2812	7.877	6892.0
8.2875	7.883	6893.0
8.2938	7.889	6902.0
8.3	7.894	6908.0
8.3063	7.9	6914.0
8.3125	7.907	6922.0
8.3187	7.916	6928.0
8.325	7.924	6933.0
8.3313	7.933	6934.0
8.3375	7.941	6935.0
8.3438	7.95	6950.0
8.35	7.958	6953.0
8.3563	7.967	6952.0
8.3625	7.987	6954.0
8.3688	8.018	6952.0
8.375	8.049	6962.0
8.3812	8.08	6951.0
8.3875	8.111	6942.0
8.3938	8.142	6938.0
8.4	8.173	6925.0
8.4062	8.204	6914.0
8.4125	8.21	6916.0
8.4188	8.194	6914.0
8.425	8.178	6914.0
8.4313	8.161	6900.0
8.4375	8.145	6891.0
8.4437	8.129	6892.0
8.45	8.112	6888.0
8.4563	8.096	6869.0
8.4625	8.089	6843.0
8.4688	8.091	6826.0
8.475	8.093	6820.0
8.4813	8.096	6807.0
8.4875	8.098	6793.0
8.4938	8.1	6778.0
8.5	8.102	6760.0
8.5062	8.104	6747.0
8.5125	8.086	6734.0
8.5188	8.051	6723.0
8.525	8.015	6707.0
8.5312	7.979	6689.0
8.5375	7.943	6675.0
8.5438	7.907	6659.0
8.55	7.871	6637.0
8.5563	7.835	6624.0
8.5625	7.812	6607.0
8.5687	7.8	6584.0
8.575	7.788	6562.0
8.5813	7.776	6537.0
8.5875	7.764	6514.0
8.5938	7.752	6496.0
8.6	7.74	6483.0
8.6063	7.728	6466.0
8.6125	7.717	6449.0
8.6188	7.706	6424.0
8.625	7.696	6407.0
8.6312	7.686	6402.0
8.6375	7.676	6392.0
8.6438	7.665	6376.0
8.65	7.655	6357.0
8.6562	7.645	6327.0
8.6625	7.641	6324.0
8.6688	7.645	6321.0
8.675	7.648	6302.0
8.6813	7.651	6286.0
8.6875	7.655	6271.0
8.6937	7.658	6235.0
8.7	7.661	6239.0
8.7063	7.665	6240.0
8.7125	7.644	6228.0
8.7188	7.601	6214.0
8.725	7.558	6196.0
8.7313	7.515	6188.0
8.7375	7.472	6182.0
8.7438	7.429	6178.0
8.75	7.386	6168.0
8.7562	7.343	6145.0
8.7625	7.326	6135.0
8.7688	7.331	6133.0
8.775	7.337	6131.0
8.7812	7.343	6123.0
8.7875	7.349	6150.0
8.7938	7.355	6128.0
8.8	7.361	6125.0
8.8063	7.366	6125.0
8.8125	7.359	6113.0
8.8187	7.339	6112.0
8.825	7.318	6110.0
8.8313	7.298	6108.0
8.8375	7.278	6112.0
8.8438	7.258	6128.0
8.85	7.238	6114.0
8.8563	7.218	6108.0
8.8625	7.217	6110.0
8.8688	7.235	6106.0
8.875	7.254	6104.0
8.8812	7.272	6106.0
8.8875	7.29	6091.0
8.8938	7.308	6090.0
8.9	7.326	6094.0
8.9062	7.344	6093.0
8.9125	7.346	6096.0
8.9188	7.333	6100.0
8.925	7.32	6103.0
8.9313	7.307	6110.0
8.9375	7.295	6117.0
8.9437	7.282	6109.0
8.95	7.269	6102.0
8.9563	7.256	6106.0
8.9625	7.226	6109.0
8.9688	7.18	6109.0
8.975	7.135	6107.0
8.9813	7.089	6077.0
8.9875	7.043	6082.0
8.9938	6.997	6092.0
9.0	6.952	6099.0
9.0062	6.906	6111.0
9.0125	6.869	6113.0
9.0188	6.841	6116.0
9.025	6.814	6118.0
9.0312	6.786	6105.0
9.0375	6.758	6118.0
9.0438	6.73	6125.0
9.05	6.702	6124.0
9.0563	6.674	6127.0
9.0625	6.675	6123.0
9.0687	6.702	6121.0
9.075	6.729	6115.0
9.0813	6.757	6123.0
9.0875	6.784	6126.0
9.0938	6.811	6120.0
9.1	6.839	6116.0
9.1063	6.866	6110.0
9.1125	6.857	6105.0
9.1188	6.816	6102.0
9.125	6.775	6107.0
9.1312	6.733	6122.0
9.1375	6.692	6119.0
9.1438	6.651	6101.0
9.15	6.609	6083.0
9.1562	6.568	6071.0
9.1625	6.56	6062.0
9.1688	6.583	6064.0
9.175	6.605	6067.0
9.1813	6.628	6082.0
9.1875	6.651	6064.0
9.1937	6.674	6040.0
9.2	6.696	6026.0
9.2063	6.719	6015.0
9.2125	6.734	6007.0
9.2188	6.742	5997.0
9.225	6.749	5997.0
9.2313	6.757	6006.0
9.2375	6.765	5991.0
9.2438	6.772	5963.0
9.25	6.78	5949.0
9.2562	6.788	5936.0
9.2625	6.783	5919.0
9.2688	6.768	5905.0
9.275	6.753	5886.0
9.2812	6.738	5855.0
9.2875	6.722	5865.0
9.2938	6.707	5855.0
9.3	6.692	5834.0
9.3063	6.676	5828.0
9.3125	6.66	5817.0
9.3187	6.644	5803.0
9.325	6.628	5785.0
9.3313	6.612	5742.0
9.3375	6.596	5726.0
9.3438	6.58	5725.0
9.35	6.563	5720.0
9.3563	6.547	5716.0
9.3625	6.55	5701.0
9.3688	6.571	5686.0
9.375	6.591	5673.0
9.3812	6.612	5684.0
9.3875	6.633	5654.0
9.3938	6.653	5631.0
9.4	6.674	5615.0
9.4062	6.694	5588.0
9.4125	6.706	5573.0
9.4188	6.71	5560.0
9.425	6.714	5547.0
9.4313	6.718	5538.0
9.4375	6.721	5555.0
9.4437	6.725	5540.0
9.45	6.729	5495.0
9.4563	6.733	5474.0
9.4625	6.73	5463.0
9.4688	6.721	5446.0
9.475	6.713	5425.0
9.4813	6.704	5403.0
9.4875	6.695	5376.0
9.4938	6.687	5359.0
9.5	6.678	5347.0
9.5062	6.67	5340.0
9.5125	6.68	5330.0
9.5188	6.707	5315.0
9.525	6.734	5301.0
9.5312	6.761	5284.0
9.5375	6.788	5282.0
9.5438	6.815	5264.0
9.55	6.842	5253.0
9.5563	6.87	5244.0
9.5625	6.882	5229.0
9.5687	6.88	5218.0
9.575	6.878	5208.0
9.5813	6.876	5201.0
9.5875	6.874	5186.0
9.5938	6.872	5168.0
9.6	6.87	5174.0
9.6063	6.868	5167.0
9.6125	6.848	5159.0
9.6188	6.811	5158.0
9.625	6.774	5154.0
9.6313	6.737	5149.0
9.6375	6.7	5143.0
9.6438	6.663	5144.0
9.65	6.626	5145.0
9.6562	6.589	5144.0
9.6625	6.578	5148.0
9.6688	6.591	5152.0
9.675	6.604	5155.0
9.6813	6.617	5159.0
9.6875	6.63	5169.0
9.6938	6.643	5192.0
9.7	6.656	5208.0
9.7063	6.669	5222.0
9.7125	6.669	5232.0
9.7188	6.657	5237.0
9.725	6.644	5258.0
9.7313	6.631	5284.0
9.7375	6.619	5305.0
9.7438	6.606	5330.0
9.75	6.594	5353.0
9.7563	6.581	5381.0
9.7625	6.58	5403.0
9.7688	6.59	5430.0
9.775	6.6	5471.0
9.7812	6.609	5508.0
9.7875	6.619	5543.0
9.7938	6.629	5578.0
9.8	6.638	5612.0
9.8063	6.648	5648.0
9.8125	6.659	5680.0
9.8188	6.672	5722.0
9.825	6.685	5765.0
9.8313	6.697	5802.0
9.8375	6.71	5842.0
9.8438	6.723	5880.0
9.85	6.736	5917.0
9.8563	6.749	5953.0
9.8625	6.727	5992.0
9.8688	6.675	6034.0
9.875	6.622	6075.0
9.8813	6.569	6117.0
9.8875	6.516	6152.0
9.8938	6.464	6181.0
9.9	6.411	6211.0
9.9062	6.358	6244.0
9.9125	6.321	6277.0
9.9188	6.299	6314.0
9.925	6.276	6351.0
9.9313	6.254	6377.0
9.9375	6.231	6391.0
9.9438	6.209	6413.0
9.95	6.186	6437.0
9.9563	6.164	6462.0
9.9625	6.162	6486.0
9.9688	6.178	6506.0
9.975	6.195	6518.0
9.9813	6.212	6521.0
9.9875	6.228	6533.0
9.9938	6.245	6546.0
10.0	6.261	6558.0
10.0063	6.278	6567.0
10.0125	6.296	6574.0
10.0188	6.316	6576.0
10.025	6.335	6576.0
10.0312	6.355	6577.0
10.0375	6.374	6571.0
10.0438	6.394	6568.0
10.05	6.413	6561.0
10.0563	6.433	6549.0
10.0625	6.422	6537.0
10.0688	6.384	6522.0
10.075	6.347	6508.0
10.0813	6.309	6492.0
10.0875	6.271	6471.0
10.0938	6.233	6441.0
10.1	6.195	6419.0
10.1063	6.157	6394.0
10.1125	6.126	6370.0
10.1188	6.101	6343.0
10.125	6.075	6315.0
10.1313	6.05	6283.0
10.1375	6.025	6250.0
10.1438	6.0	6222.0
10.15	5.975	6195.0
10.1562	5.95	6165.0
10.1625	5.917	6135.0
10.1688	5.878	6103.0
10.175	5.84	6069.0
10.1813	5.801	6040.0
10.1875	5.762	6013.0
10.1938	5.723	5980.0
10.2	5.684	5946.0
10.2063	5.645	5910.0
10.2125	5.622	5876.0
10.2188	5.614	5845.0
10.225	5.605	5816.0
10.2313	5.596	5783.0
10.2375	5.588	5752.0
10.2438	5.579	5719.0
10.25	5.57	5690.0
10.2563	5.562	5665.0
10.2625	5.57	5639.0
10.2688	5.593	5615.0
10.275	5.617	5591.0
10.2812	5.64	5570.0
10.2875	5.663	5547.0
10.2938	5.687	5527.0
10.3	5.71	5506.0
10.3063	5.734	5487.0
10.3125	5.736	5468.0
10.3188	5.719	5452.0
10.325	5.703	5442.0
10.3313	5.686	5424.0
10.3375	5.669	5409.0
10.3438	5.652	5397.0
10.35	5.636	5383.0
10.3563	5.619	5369.0
10.3625	5.619	5356.0
10.3688	5.636	5343.0
10.375	5.652	5329.0
10.3813	5.669	5323.0
10.3875	5.685	5313.0
10.3938	5.702	5293.0
10.4	5.718	5280.0
10.4062	5.735	5269.0
10.4125	5.746	5263.0
10.4188	5.752	5252.0
10.425	5.758	5241.0
10.4313	5.764	5233.0
10.4375	5.77	5218.0
10.4438	5.776	5202.0
10.45	5.783	5202.0
10.4563	5.789	5198.0
10.4625	5.778	5194.0
10.4688	5.752	5176.0
10.475	5.726	5178.0
10.4813	5.701	5183.0
10.4875	5.675	5180.0
10.4938	5.649	5180.0
10.5	5.623	5199.0
10.5063	5.597	5188.0
10.5125	5.577	5174.0
10.5188	5.563	5168.0
10.525	5.549	5176.0
10.5312	5.535	5173.0
10.5375	5.52	5148.0
10.5438	5.506	5130.0
10.55	5.492	5117.0
10.5563	5.478	5104.0
10.5625	5.48	5095.0
10.5688	5.498	5087.0
10.575	5.516	5078.0
10.5813	5.533	5067.0
10.5875	5.551	5056.0
10.5938	5.568	5046.0
10.6	5.586	5040.0
10.6063	5.604	5027.0
10.6125	5.625	5014.0
10.6188	5.649	5008.0
10.625	5.673	4995.0
10.6313	5.698	4982.0
10.6375	5.722	4976.0
10.6438	5.746	4966.0
10.65	5.771	4955.0
10.6562	5.795	4947.0
10.6625	5.804	4941.0
10.6688	5.799	4940.0
10.675	5.793	4935.0
10.6813	5.788	4931.0
10.6875	5.783	4928.0
10.6938	5.777	4928.0
10.7	5.772	4927.0
10.7063	5.767	4924.0
10.7125	5.759	4923.0
10.7188	5.749	4922.0
10.725	5.739	4921.0
10.7313	5.729	4921.0
10.7375	5.719	4920.0
10.7438	5.71	4919.0
10.75	5.7	4917.0
10.7563	5.69	4915.0
10.7625	5.684	4916.0
10.7688	5.681	4920.0
10.775	5.679	4924.0
10.7812	5.676	4931.0
10.7875	5.673	4936.0
10.7938	5.671	4948.0
10.8	5.668	4953.0
10.8063	5.666	4962.0
10.8125	5.663	4971.0
10.8188	5.66	4971.0
10.825	5.657	4975.0
10.8313	5.655	4983.0
10.8375	5.652	4996.0
10.8438	5.649	5007.0
10.85	5.646	5014.0
10.8563	5.644	5024.0
10.8625	5.636	5037.0
10.8688	5.625	5054.0
10.875	5.614	5075.0
10.8813	5.602	5097.0
10.8875	5.591	5117.0
10.8938	5.579	5137.0
10.9	5.568	5154.0
10.9062	5.557	5159.0
10.9125	5.575	5172.0
10.9188	5.622	5196.0
10.925	5.668	5217.0
10.9313	5.715	5240.0
10.9375	5.761	5264.0
10.9438	5.808	5285.0
10.95	5.855	5306.0
10.9563	5.901	5325.0
10.9625	5.915	5344.0
10.9688	5.9	5385.0
10.975	5.885	5416.0
10.9813	5.869	5428.0
10.9875	5.854	5435.0
10.9938	5.838	5435.0
11.0	5.823	5447.0
11.0063	5.808	5463.0
11.0125	5.808	5479.0
11.0188	5.824	5493.0
11.025	5.839	5510.0
11.0312	5.854	5532.0
11.0375	5.87	5547.0
11.0438	5.885	5558.0
11.05	5.9	5571.0
11.0563	5.916	5582.0
11.0625	5.917	5593.0
11.0688	5.904	5605.0
11.075	5.892	5614.0
11.0813	5.88	5623.0
11.0875	5.868	5614.0
11.0938	5.856	5620.0
11.1	5.843	5633.0
11.1063	5.831	5644.0
11.1125	5.832	5653.0
11.1188	5.843	5663.0
11.125	5.855	5672.0
11.1313	5.867	5681.0
11.1375	5.879	5690.0
11.1438	5.891	5678.0
11.15	5.903	5678.0
11.1562	5.915	5697.0
11.1625	5.935	5709.0
11.1688	5.964	5723.0
11.175	5.992	5735.0
11.1813	6.02	5741.0
11.1875	6.049	5746.0
11.1938	6.077	5759.0
11.2	6.105	5800.0
11.2063	6.133	5822.0
11.2125	6.12	5812.0
11.2188	6.068	5804.0
11.225	6.017	5799.0
11.2313	5.965	5788.0
11.2375	5.913	5782.0
11.2438	5.862	5780.0
11.25	5.81	5770.0
11.2563	5.758	5748.0
11.2625	5.727	5746.0
11.2688	5.715	5739.0
11.275	5.702	5754.0
11.2812	5.69	5759.0
11.2875	5.678	5769.0
11.2938	5.666	5793.0
11.3	5.653	5804.0
11.3063	5.641	5824.0
11.3125	5.656	5856.0
11.3188	5.697	5867.0
11.325	5.738	5876.0
11.3313	5.779	5887.0
11.3375	5.82	5887.0
11.3438	5.861	5893.0
11.35	5.902	5892.0
11.3563	5.943	5891.0
11.3625	5.965	5890.0
11.3688	5.969	5889.0
11.375	5.974	5895.0
11.3813	5.978	5901.0
11.3875	5.983	5910.0
11.3938	5.987	5915.0
11.4	5.991	5926.0
11.4062	5.996	5937.0
11.4125	6.001	5943.0
11.4188	6.006	5946.0
11.425	6.012	5947.0
11.4313	6.017	5965.0
11.4375	6.023	5981.0
11.4438	6.028	5986.0
11.45	6.034	6003.0
11.4563	6.04	6018.0
11.4625	6.055	6025.0
11.4688	6.078	6053.0
11.475	6.102	6081.0
11.4813	6.126	6090.0
11.4875	6.149	6094.0
11.4938	6.173	6104.0
11.5	6.197	6120.0
11.5063	6.22	6129.0
11.5125	6.242	6137.0
11.5188	6.263	6145.0
11.525	6.284	6144.0
11.5312	6.304	6151.0
11.5375	6.325	6162.0
11.5438	6.345	6172.0
11.55	6.366	6179.0
11.5563	6.387	6190.0
11.5625	6.393	6206.0
11.5688	6.387	6221.0
11.575	6.38	6230.0
11.5813	6.373	6238.0
11.5875	6.367	6254.0
11.5938	6.36	6266.0
11.6	6.353	6273.0
11.6063	6.347	6283.0
11.6125	6.345	6295.0
11.6188	6.347	6306.0
11.625	6.35	6326.0
11.6313	6.352	6357.0
11.6375	6.355	6364.0
11.6438	6.357	6363.0
11.65	6.359	6365.0
11.6562	6.362	6364.0
11.6625	6.366	6361.0
11.6688	6.372	6359.0
11.675	6.379	6358.0
11.6813	6.385	6354.0
11.6875	6.391	6351.0
11.6938	6.397	6355.0
11.7	6.403	6361.0
11.7063	6.409	6361.0
11.7125	6.415	6365.0
11.7188	6.42	6374.0
11.725	6.426	6378.0
11.7313	6.431	6378.0
11.7375	6.437	6380.0
11.7438	6.442	6383.0
11.75	6.447	6382.0
11.7563	6.453	6378.0
11.7625	6.44	6372.0
11.7688	6.41	6370.0
11.775	6.38	6374.0
11.7812	6.35	6376.0
11.7875	6.32	6379.0
11.7938	6.29	6384.0
11.8	6.26	6387.0
11.8063	6.231	6387.0
11.8125	6.213	6390.0
11.8188	6.207	6390.0
11.825	6.2	6388.0
11.8313	6.194	6380.0
11.8375	6.188	6365.0
11.8438	6.181	6368.0
11.85	6.175	6375.0
11.8563	6.169	6361.0
11.8625	6.186	6367.0
11.8688	6.225	6376.0
11.875	6.264	6378.0
11.8813	6.303	6379.0
11.8875	6.343	6402.0
11.8938	6.382	6412.0
11.9	6.421	6404.0
11.9062	6.46	6415.0
11.9125	6.484	6420.0
11.9188	6.492	6421.0
11.925	6.501	6427.0
11.9313	6.509	6438.0
11.9375	6.518	6435.0
11.9438	6.526	6432.0
11.95	6.535	6436.0
11.9563	6.543	6437.0
11.9625	6.533	6446.0
11.9688	6.506	6453.0
11.975	6.479	6451.0
11.9813	6.452	6450.0
11.9875	6.425	6436.0
11.9938	6.397	6442.0
12.0	6.37	6463.0
12.0063	6.343	6466.0
12.0125	6.345	6460.0
12.0188	6.373	6469.0
12.025	6.401	6481.0
12.0312	6.429	6488.0
12.0375	6.457	6503.0
12.0438	6.485	6517.0
12.05	6.513	6513.0
12.0563	6.541	6513.0
12.0625	6.564	6527.0
12.0688	6.583	6532.0
12.075	6.601	6530.0
12.0813	6.62	6528.0
12.0875	6.638	6527.0
12.0938	6.657	6527.0
12.1	6.675	6533.0
12.1063	6.694	6536.0
12.1125	6.709	6533.0
12.1188	6.722	6528.0
12.125	6.735	6530.0
12.1313	6.747	6535.0
12.1375	6.76	6541.0
12.1438	6.773	6543.0
12.15	6.785	6535.0
12.1562	6.798	6527.0
12.1625	6.784	6532.0
12.1688	6.746	6537.0
12.175	6.707	6533.0
12.1813	6.669	6529.0
12.1875	6.631	6525.0
12.1938	6.592	6523.0
12.2	6.554	6523.0
12.2063	6.516	6523.0
12.2125	6.496	6519.0
12.2188	6.492	6513.0
12.225	6.489	6515.0
12.2313	6.485	6517.0
12.2375	6.482	6537.0
12.2438	6.479	6567.0
12.25	6.475	6545.0
12.2563	6.472	6505.0
12.2625	6.476	6508.0
12.2688	6.486	6504.0
12.275	6.496	6486.0
12.2812	6.506	6472.0
12.2875	6.516	6455.0
12.2938	6.526	6445.0
12.3	6.536	6446.0
12.3063	6.546	6443.0
12.3125	6.543	6430.0
12.3188	6.528	6425.0
12.325	6.513	6426.0
12.3313	6.497	6426.0
12.3375	6.482	6404.0
12.3438	6.467	6392.0
12.35	6.452	6396.0
12.3563	6.437	6393.0
12.3625	6.437	6387.0
12.3688	6.453	6385.0
12.375	6.468	6383.0
12.3813	6.484	6379.0
12.3875	6.499	6385.0
12.3938	6.514	6379.0
12.4	6.53	6369.0
12.4062	6.545	6367.0
12.4125	6.555	6362.0
12.4188	6.559	6354.0
12.425	6.564	6346.0
12.4313	6.569	6338.0
12.4375	6.573	6328.0
12.4438	6.578	6323.0
12.45	6.582	6314.0
12.4563	6.587	6300.0
12.4625	6.588	6293.0
12.4688	6.586	6290.0
12.475	6.584	6287.0
12.4813	6.582	6278.0
12.4875	6.58	6267.0
12.4938	6.578	6266.0
12.5	6.576	6268.0
12.5063	6.574	6271.0
12.5125	6.578	6262.0
12.5188	6.588	6259.0
12.525	6.598	6260.0
12.5312	6.608	6269.0
12.5375	6.618	6270.0
12.5438	6.628	6267.0
12.55	6.638	6268.0
12.5563	6.649	6277.0
12.5625	6.646	6283.0
12.5688	6.632	6285.0
12.575	6.618	6289.0
12.5813	6.604	6301.0
12.5875	6.589	6311.0
12.5938	6.575	6321.0
12.6	6.561	6329.0
12.6063	6.547	6337.0
12.6125	6.528	6347.0
12.6188	6.504	6360.0
12.625	6.48	6375.0
12.6313	6.456	6388.0
12.6375	6.432	6405.0
12.6438	6.408	6422.0
12.65	6.384	6438.0
12.6562	6.36	6456.0
12.6625	6.355	6474.0
12.6688	6.366	6495.0
12.675	6.377	6514.0
12.6813	6.388	6524.0
12.6875	6.399	6542.0
12.6938	6.411	6558.0
12.7	6.422	6570.0
12.7063	6.433	6590.0
12.7125	6.443	6610.0
12.7188	6.453	6623.0
12.725	6.462	6645.0
12.7313	6.472	6665.0
12.7375	6.481	6680.0
12.7438	6.491	6703.0
12.75	6.501	6714.0
12.7563	6.51	6717.0
12.7625	6.518	6730.0
12.7688	6.524	6747.0
12.775	6.531	6759.0
12.7812	6.537	6760.0
12.7875	6.544	6768.0
12.7938	6.55	6782.0
12.8	6.557	6775.0
12.8063	6.563	6772.0
12.8125	6.571	6781.0
12.8188	6.581	6775.0
12.825	6.59	6764.0
12.8313	6.6	6769.0
12.8375	6.609	6764.0
12.8438	6.618	6768.0
12.85	6.628	6769.0
12.8563	6.637	6765.0
12.8625	6.646	6772.0
12.8688	6.653	6782.0
12.875	6.66	6784.0
12.8813	6.667	6785.0
12.8875	6.674	6794.0
12.8938	6.681	6787.0
12.9	6.688	6781.0
12.9062	6.695	6775.0
12.9125	6.705	6759.0
12.9188	6.719	6738.0
12.925	6.733	6730.0
12.9313	6.746	6709.0
12.9375	6.76	6698.0
12.9438	6.773	6686.0
12.95	6.787	6662.0
12.9563	6.8	6653.0
12.9625	6.801	6638.0
12.9688	6.791	6614.0
12.975	6.78	6596.0
12.9813	6.769	6578.0
12.9875	6.759	6556.0
12.9938	6.748	6530.0
13.0	6.737	6513.0
13.0063	6.726	6494.0
13.0125	6.73	6468.0
13.0188	6.748	6448.0
13.025	6.765	6428.0
13.0312	6.782	6410.0
13.0375	6.8	6390.0
13.0438	6.817	6364.0
13.05	6.834	6339.0
13.0563	6.851	6316.0
13.0625	6.851	6292.0
13.0688	6.834	6267.0
13.075	6.818	6245.0
13.0813	6.801	6213.0
13.0875	6.784	6189.0
13.0938	6.767	6167.0
13.1	6.751	6142.0
13.1063	6.734	6106.0
13.1125	6.733	6074.0
13.1188	6.748	6063.0
13.125	6.762	6040.0
13.1313	6.777	6028.0
13.1375	6.792	6018.0
13.1438	6.806	6007.0
13.15	6.821	6006.0
13.1562	6.835	6004.0
13.1625	6.832	6001.0
13.1688	6.813	5993.0
13.175	6.794	5986.0
13.1813	6.775	5984.0
13.1875	6.756	5987.0
13.1938	6.738	5993.0
13.2	6.719	6008.0
13.2063	6.7	6020.0
13.2125	6.703	6021.0
13.2188	6.726	6015.0
13.225	6.75	6012.0
13.2313	6.774	6007.0
13.2375	6.797	6004.0
13.2438	6.821	6006.0
13.25	6.845	6009.0
13.2563	6.868	6012.0
13.2625	6.894	6016.0
13.2688	6.921	6024.0
13.275	6.949	6031.0
13.2812	6.977	6042.0
13.2875	7.004	6049.0
13.2938	7.032	6040.0
13.3	7.06	6053.0
13.3063	7.087	6079.0
13.3125	7.076	6101.0
13.3188	7.029	6127.0
13.325	6.982	6152.0
13.3313	6.935	6179.0
13.3375	6.888	6216.0
13.3438	6.841	6245.0
13.35	6.795	6263.0
13.3563	6.748	6282.0
13.3625	6.74	6299.0
13.3688	6.769	6317.0
13.375	6.799	6340.0
13.3813	6.828	6361.0
13.3875	6.857	6377.0
13.3938	6.886	6398.0
13.4	6.915	6423.0
13.4062	6.944	6445.0
13.4125	6.958	6465.0
13.4188	6.958	6485.0
13.425	6.957	6508.0
13.4313	6.957	6535.0
13.4375	6.957	6556.0
13.4438	6.956	6565.0
13.45	6.956	6574.0
13.4563	6.955	6583.0
13.4625	6.95	6595.0
13.4688	6.939	6609.0
13.475	6.929	6621.0
13.4813	6.918	6637.0
13.4875	6.908	6657.0
13.4938	6.897	6675.0
13.5	6.887	6697.0
13.5063	6.877	6717.0
13.5125	6.871	6742.0
13.5188	6.87	6782.0
13.525	6.869	6808.0
13.5312	6.868	6817.0
13.5375	6.867	6823.0
13.5438	6.866	6831.0
13.55	6.866	6844.0
13.5563	6.865	6854.0
13.5625	6.87	6850.0
13.5688	6.883	6855.0
13.575	6.895	6873.0
13.5813	6.907	6896.0
13.5875	6.919	6909.0
13.5938	6.931	6917.0
13.6	6.943	6932.0
13.6063	6.956	6947.0
13.6125	6.984	6954.0
13.6188	7.028	6960.0
13.625	7.072	6967.0
13.6313	7.115	6975.0
13.6375	7.159	6982.0
13.6438	7.203	6987.0
13.65	7.247	6991.0
13.6562	7.291	7004.0
13.6625	7.328	7014.0
13.6688	7.36	7019.0
13.675	7.392	7032.0
13.6813	7.424	7044.0
13.6875	7.456	7039.0
13.6938	7.488	7022.0
13.7	7.52	7026.0
13.7063	7.552	7024.0
13.7125	7.571	7054.0
13.7188	7.578	7095.0
13.725	7.584	7109.0
13.7313	7.591	7144.0
13.7375	7.598	7190.0
13.7438	7.604	7214.0
13.75	7.611	7228.0
13.7563	7.617	7225.0
13.7625	7.622	7206.0
13.7688	7.623	7208.0
13.775	7.625	7223.0
13.7812	7.627	7221.0
13.7875	7.629	7210.0
13.7938	7.631	7206.0
13.8	7.632	7208.0
13.8063	7.634	7201.0
13.8125	7.618	7189.0
13.8188	7.585	7195.0
13.825	7.552	7208.0
13.8313	7.519	7204.0
13.8375	7.486	7201.0
13.8438	7.452	7205.0
13.85	7.419	7191.0
13.8563	7.386	7160.0
13.8625	7.374	7150.0
13.8688	7.382	7135.0
13.875	7.39	7144.0
13.8813	7.398	7143.0
13.8875	7.406	7129.0
13.8938	7.414	7167.0
13.9	7.422	7201.0
13.9062	7.43	7202.0
13.9125	7.456	7223.0
13.9188	7.499	7228.0
13.925	7.542	7229.0
13.9313	7.586	7241.0
13.9375	7.629	7235.0
13.9438	7.672	7212.0
13.95	7.715	7207.0
13.9563	7.758	7199.0
13.9625	7.78	7198.0
13.9688	7.781	7198.0
13.975	7.783	7186.0
13.9813	7.785	7181.0
13.9875	7.786	7192.0
13.9938	7.788	7199.0
14.0	7.79	7201.0
14.0063	7.791	7192.0
14.0125	7.783	7178.0
14.0188	7.765	7178.0
14.025	7.748	7183.0
14.0312	7.73	7166.0
14.0375	7.712	7159.0
14.0438	7.695	7152.0
14.05	7.677	7161.0
14.0563	7.659	7179.0
14.0625	7.631	7169.0
14.0688	7.594	7161.0
14.075	7.556	7185.0
14.0813	7.519	7200.0
14.0875	7.481	7223.0
14.0938	7.444	7231.0
14.1	7.406	7219.0
14.1063	7.369	7223.0
14.1125	7.357	7246.0
14.1188	7.368	7239.0
14.125	7.38	7216.0
14.1313	7.392	7217.0
14.1375	7.404	7205.0
14.1438	7.415	7190.0
14.15	7.427	7188.0
14.1562	7.439	7172.0
14.1625	7.468	7177.0
14.1688	7.514	7175.0
14.175	7.56	7148.0
14.1813	7.606	7164.0
14.1875	7.652	7183.0
14.1938	7.698	7192.0
14.2	7.744	7182.0
14.2063	7.79	7181.0
14.2125	7.838	7217.0
14.2188	7.889	7229.0
14.225	7.94	7232.0
14.2313	7.991	7244.0
14.2375	8.041	7255.0
14.2438	8.092	7256.0
14.25	8.143	7246.0
14.2563	8.194	7250.0
14.2625	8.207	7273.0
14.2688	8.185	7270.0
14.275	8.163	7261.0
14.2812	8.141	7256.0
14.2875	8.12	7252.0
14.2938	8.098	7259.0
14.3	8.076	7251.0
14.3063	8.054	7230.0
14.3125	8.032	7221.0
14.3188	8.011	7209.0
14.325	7.989	7190.0
14.3313	7.968	7178.0
14.3375	7.946	7171.0
14.3438	7.925	7160.0
14.35	7.903	7130.0
14.3563	7.882	7119.0
14.3625	7.888	7116.0
14.3688	7.921	7101.0
14.375	7.953	7091.0
14.3813	7.985	7072.0
14.3875	8.018	7054.0
14.3938	8.05	7048.0
14.4	8.082	7034.0
14.4062	8.115	7016.0
14.4125	8.129	7003.0
14.4188	8.127	6986.0
14.425	8.126	6974.0
14.4313	8.124	6975.0
14.4375	8.122	6966.0
14.4438	8.12	6946.0
14.45	8.118	6933.0
14.4563	8.116	6925.0
14.4625	8.113	6909.0
14.4688	8.108	6886.0
14.475	8.103	6855.0
14.4813	8.098	6834.0
14.4875	8.094	6823.0
14.4938	8.089	6802.0
14.5	8.084	6775.0
14.5063	8.079	6751.0
14.5125	8.095	6729.0
14.5188	8.129	6709.0
14.525	8.164	6688.0
14.5312	8.199	6665.0
14.5375	8.233	6638.0
14.5438	8.268	6619.0
14.55	8.302	6600.0
14.5563	8.337	6574.0
14.5625	8.337	6555.0
14.5688	8.307	6548.0
14.575	8.276	6536.0
14.5813	8.246	6521.0
14.5875	8.215	6497.0
14.5938	8.184	6488.0
14.6	8.154	6486.0
14.6063	8.123	6482.0
14.6125	8.079	6476.0
14.6188	8.023	6471.0
14.625	7.966	6464.0
14.6313	7.909	6455.0
14.6375	7.853	6444.0
14.6438	7.796	6435.0
14.65	7.74	6433.0
14.6562	7.683	6435.0
14.6625	7.648	6427.0
14.6688	7.633	6418.0
14.675	7.618	6426.0
14.6813	7.603	6423.0
14.6875	7.588	6404.0
14.6938	7.573	6394.0
14.7	7.558	6395.0
14.7063	7.543	6397.0
14.7125	7.533	6402.0
14.7188	7.528	6390.0
14.725	7.522	6386.0
14.7313	7.517	6399.0
14.7375	7.511	6395.0
14.7438	7.506	6384.0
14.75	7.5	6383.0
14.7563	7.495	6362.0
14.7625	7.486	6365.0
14.7688	7.475	6364.0
14.775	7.465	6347.0
14.7812	7.454	6336.0
14.7875	7.443	6320.0
14.7938	7.432	6302.0
14.8	7.421	6290.0
14.8063	7.41	6286.0
14.8125	7.392	6271.0
14.8188	7.368	6256.0
14.825	7.344	6245.0
14.8313	7.319	6235.0
14.8375	7.295	6231.0
14.8438	7.271	6238.0
14.85	7.247	6230.0
14.8563	7.223	6200.0
14.8625	7.214	6198.0
14.8688	7.218	6193.0
14.875	7.223	6185.0
14.8813	7.228	6178.0
14.8875	7.233	6162.0
14.8938	7.238	6132.0
14.9	7.243	6124.0
14.9062	7.248	6114.0
14.9125	7.265	6099.0
14.9188	7.294	6086.0
14.925	7.322	6066.0
14.9313	7.351	6045.0
14.9375	7.38	6030.0
14.9438	7.408	6008.0
14.95	7.437	5980.0
14.9563	7.466	5964.0
14.9625	7.504	5938.0
14.9688	7.552	5912.0
14.975	7.6	5889.0
14.9813	7.648	5866.0
14.9875	7.696	5836.0
14.9938	7.743	5829.0
15.0	7.791	5816.0
15.0063	7.839	5797.0
15.0125	7.853	5782.0
15.0188	7.835	5768.0
15.025	7.817	5756.0
15.0312	7.799	5740.0
15.0375	7.781	5732.0
15.0438	7.763	5720.0
15.05	7.745	5705.0
15.0563	7.727	5697.0
15.0625	7.732	5688.0
15.0688	7.759	5678.0
15.075	7.786	5670.0
15.0813	7.813	5684.0
15.0875	7.84	5670.0
15.0938	7.867	5660.0
15.1	7.894	5656.0
15.1063	7.92	5649.0
15.1125	7.935	5648.0
15.1188	7.937	5648.0
15.125	7.94	5646.0
15.1313	7.943	5635.0
15.1375	7.946	5646.0
15.1438	7.948	5651.0
15.15	7.951	5655.0
15.1562	7.954	5666.0
15.1625	7.948	5675.0
15.1688	7.934	5678.0
15.175	7.92	5686.0
15.1813	7.907	5691.0
15.1875	7.893	5704.0
15.1938	7.879	5713.0
15.2	7.865	5721.0
15.2063	7.851	5731.0
15.2125	7.81	5739.0
15.2188	7.745	5745.0
15.225	7.679	5756.0
15.2313	7.613	5763.0
15.2375	7.547	5772.0
15.2438	7.481	5780.0
15.25	7.415	5782.0
15.2563	7.349	5781.0
15.2625	7.316	5785.0
15.2688	7.312	5788.0
15.275	7.309	5777.0
15.2812	7.305	5787.0
15.2875	7.302	5790.0
15.2938	7.298	5787.0
15.3	7.295	5791.0
15.3063	7.291	5795.0
15.3125	7.293	5793.0
15.3188	7.299	5791.0
15.325	7.305	5804.0
15.3313	7.311	5795.0
15.3375	7.316	5787.0
15.3438	7.322	5785.0
15.35	7.328	5773.0
15.3563	7.334	5767.0
15.3625	7.326	5751.0
15.3688	7.303	5742.0
15.375	7.281	5731.0
15.3813	7.259	5725.0
15.3875	7.237	5709.0
15.3938	7.215	5703.0
15.4	7.193	5696.0
15.4062	7.171	5681.0
15.4125	7.162	5673.0
15.4188	7.165	5664.0
15.425	7.169	5652.0
15.4313	7.173	5630.0
15.4375	7.176	5631.0
15.4438	7.18	5625.0
15.45	7.183	5615.0
15.4563	7.187	5609.0
15.4625	7.168	5600.0
15.4688	7.128	5593.0
15.475	7.088	5580.0
15.4813	7.048	5595.0
15.4875	7.008	5587.0
15.4938	6.968	5570.0
15.5	6.929	5565.0
15.5063	6.889	5565.0
15.5125	6.88	5565.0
15.5188	6.9	5561.0
15.525	6.92	5566.0
15.5312	6.94	5560.0
15.5375	6.961	5547.0
15.5438	6.981	5551.0
15.55	7.001	5558.0
15.5563	7.021	5557.0
15.5625	7.008	5557.0
15.5688	6.963	5559.0
15.575	6.919	5560.0
15.5813	6.874	5562.0
15.5875	6.83	5574.0
15.5938	6.785	5578.0
15.6	6.741	5575.0
15.6063	6.696	5576.0
15.6125	6.686	5578.0
15.6188	6.707	5583.0
15.625	6.728	5591.0
15.6313	6.749	5593.0
15.6375	6.771	5602.0
15.6438	6.792	5615.0
15.65	6.813	5621.0
15.6562	6.834	5628.0
15.6625	6.864	5638.0
15.6688	6.901	5652.0
15.675	6.938	5662.0
15.6813	6.975	5669.0
15.6875	7.013	5683.0
15.6938	7.05	5690.0
15.7	7.087	5693.0
15.7063	7.124	5702.0
15.7125	7.155	5711.0
15.7188	7.179	5718.0
15.725	7.203	5723.0
15.7313	7.227	5729.0
15.7375	7.251	5733.0
15.7438	7.275	5734.0
15.75	7.299	5742.0
15.7563	7.323	5746.0
15.7625	7.323	5749.0
15.7688	7.301	5754.0
15.775	7.279	5756.0
15.7812	7.257	5757.0
15.7875	7.235	5763.0
15.7938	7.213	5767.0
15.8	7.191	5769.0
15.8063	7.169	5767.0
15.8125	7.141	5767.0
15.8188	7.108	5768.0
15.825	7.075	5769.0
15.8313	7.042	5768.0
15.8375	7.009	5765.0
15.8438	6.976	5757.0
15.85	6.943	5754.0
15.8563	6.909	5754.0
15.8625	6.883	5762.0
15.8688	6.864	5761.0
15.875	6.844	5756.0
15.8813	6.825	5756.0
15.8875	6.805	5754.0
15.8938	6.786	5747.0
15.9	6.766	5734.0
15.9062	6.747	5736.0
15.9125	6.751	5731.0
15.9188	6.778	5723.0
15.925	6.804	5723.0
15.9313	6.831	5717.0
15.9375	6.857	5712.0
15.9438	6.884	5713.0
15.95	6.91	5714.0
15.9563	6.936	5724.0
15.9625	6.951	5718.0
15.9688	6.955	5716.0
15.975	6.959	5714.0
15.9813	6.963	5712.0
15.9875	6.967	5715.0
15.9938	6.971	5714.0
16.0	6.975	5720.0
16.0063	6.979	5723.0
16.0125	6.979	5711.0
16.0188	6.976	5708.0
16.025	6.973	5706.0
16.0312	6.97	5708.0
16.0375	6.967	5713.0
16.0437	6.964	5711.0
16.05	6.961	5709.0
16.0563	6.958	5703.0
16.0625	6.96	5697.0
16.0688	6.967	5699.0
16.075	6.974	5708.0
16.0813	6.982	5708.0
16.0875	6.989	5708.0
16.0938	6.996	5711.0
16.1	7.004	5715.0
16.1062	7.011	5719.0
16.1125	7.003	5710.0
16.1188	6.981	5724.0
16.125	6.958	5737.0
16.1313	6.936	5737.0
16.1375	6.914	5746.0
16.1438	6.891	5752.0
16.15	6.869	5755.0
16.1562	6.847	5759.0
16.1625	6.842	5765.0
16.1687	6.855	5774.0
16.175	6.867	5762.0
16.1813	6.88	5755.0
16.1875	6.892	5755.0
16.1938	6.905	5758.0
16.2	6.917	5757.0
16.2063	6.93	5755.0
16.2125	6.948	5750.0
16.2188	6.972	5744.0
16.225	6.995	5740.0
16.2312	7.019	5741.0
16.2375	7.042	5744.0
16.2438	7.065	5743.0
16.25	7.089	5741.0
16.2563	7.112	5739.0
16.2625	7.088	5738.0
16.2688	7.021	5735.0
16.275	6.953	5734.0
16.2812	6.885	5736.0
16.2875	6.817	5736.0
16.2937	6.749	5734.0
16.3	6.682	5732.0
16.3063	6.614	5731.0
16.3125	6.56	5730.0
16.3188	6.518	5726.0
16.325	6.477	5721.0
16.3313	6.436	5717.0
16.3375	6.394	5714.0
16.3438	6.353	5713.0
16.35	6.312	5714.0
16.3562	6.271	5699.0
16.3625	6.272	5688.0
16.3688	6.314	5683.0
16.375	6.356	5673.0
16.3813	6.398	5662.0
16.3875	6.44	5660.0
16.3938	6.482	5652.0
16.4	6.523	5640.0
16.4062	6.565	5632.0
16.4125	6.585	5624.0
16.4187	6.583	5615.0
16.425	6.582	5607.0
16.4313	6.58	5595.0
16.4375	6.579	5592.0
16.4438	6.577	5592.0
16.45	6.576	5586.0
16.4563	6.574	5582.0
16.4625	6.576	5568.0
16.4688	6.581	5562.0
16.475	6.586	5559.0
16.4812	6.591	5554.0
16.4875	6.595	5551.0
16.4938	6.6	5545.0
16.5	6.605	5529.0
16.5063	6.61	5530.0
16.5125	6.619	5532.0
16.5188	6.631	5526.0
16.525	6.643	5523.0
16.5312	6.655	5516.0
16.5375	6.668	5509.0
16.5437	6.68	5502.0
16.55	6.692	5500.0
16.5563	6.705	5484.0
16.5625	6.713	5473.0
16.5688	6.719	5466.0
16.575	6.725	5458.0
16.5813	6.731	5457.0
16.5875	6.737	5439.0
16.5938	6.742	5429.0
16.6	6.748	5423.0
16.6062	6.754	5408.0
16.6125	6.757	5395.0
16.6188	6.757	5388.0
16.625	6.758	5378.0
16.6313	6.758	5367.0
16.6375	6.759	5347.0
16.6438	6.759	5341.0
16.65	6.759	5340.0
16.6562	6.76	5328.0
16.6625	6.746	5319.0
16.6687	6.719	5307.0
16.675	6.692	5304.0
16.6813	6.666	5299.0
16.6875	6.639	5293.0
16.6938	6.612	5286.0
16.7	6.585	5279.0
16.7063	6.558	5278.0
16.7125	6.565	5277.0
16.7188	6.604	5271.0
16.725	6.642	5264.0
16.7312	6.68	5267.0
16.7375	6.718	5262.0
16.7438	6.756	5255.0
16.75	6.795	5247.0
16.7563	6.833	5256.0
16.7625	6.842	5244.0
16.7688	6.824	5237.0
16.775	6.806	5230.0
16.7812	6.788	5232.0
16.7875	6.77	5224.0
16.7937	6.752	5203.0
16.8	6.733	5199.0
16.8063	6.715	5193.0
16.8125	6.704	5178.0
16.8188	6.699	5174.0
16.825	6.694	5172.0
16.8313	6.688	5168.0
16.8375	6.683	5163.0
16.8438	6.678	5162.0
16.85	6.673	5162.0
16.8562	6.667	5169.0
16.8625	6.661	5166.0
16.8688	6.652	5169.0
16.875	6.644	5176.0
16.8813	6.636	5166.0
16.8875	6.628	5171.0
16.8938	6.62	5179.0
16.9	6.611	5170.0
16.9062	6.603	5171.0
16.9125	6.607	5169.0
16.9187	6.623	5162.0
16.925	6.639	5168.0
16.9313	6.655	5154.0
16.9375	6.671	5167.0
16.9438	6.687	5171.0
16.95	6.703	5165.0
16.9563	6.719	5179.0
16.9625	6.739	5190.0
16.9688	6.762	5201.0
16.975	6.785	5212.0
16.9812	6.807	5220.0
16.9875	6.83	5231.0
16.9938	6.853	5240.0
17.0	6.876	5250.0
17.0063	6.899	5263.0
17.0125	6.892	5274.0
17.0188	6.857	5287.0
17.025	6.823	5303.0
17.0312	6.788	5322.0
17.0375	6.753	5342.0
17.0437	6.718	5360.0
17.05	6.684	5378.0
17.0563	6.649	5395.0
17.0625	6.615	5415.0
17.0688	6.583	5431.0
17.075	6.551	5439.0
17.0813	6.518	5451.0
17.0875	6.486	5468.0
17.0938	6.454	5484.0
17.1	6.421	5502.0
17.1062	6.389	5527.0
17.1125	6.387	5549.0
17.1188	6.414	5570.0
17.125	6.441	5584.0
17.1313	6.468	5595.0
17.1375	6.495	5610.0
17.1438	6.522	5624.0
17.15	6.548	5639.0
17.1562	6.575	5655.0
17.1625	6.596	5660.0
17.1687	6.61	5669.0
17.175	6.625	5684.0
17.1813	6.639	5706.0
17.1875	6.654	5730.0
17.1938	6.669	5752.0
17.2	6.683	5772.0
17.2063	6.698	5789.0
17.2125	6.705	5808.0
17.2188	6.705	5814.0
17.225	6.706	5824.0
17.2312	6.706	5842.0
17.2375	6.706	5861.0
17.2438	6.707	5880.0
17.25	6.707	5896.0
17.2563	6.707	5909.0
17.2625	6.708	5921.0
17.2688	6.708	5930.0
17.275	6.709	5941.0
17.2812	6.71	5962.0
17.2875	6.71	5971.0
17.2937	6.711	5973.0
17.3	6.712	5972.0
17.3063	6.713	5970.0
17.3125	6.725	5970.0
17.3188	6.748	5975.0
17.325	6.772	5976.0
17.3313	6.795	5978.0
17.3375	6.819	5988.0
17.3438	6.842	5987.0
17.35	6.866	5987.0
17.3562	6.889	5987.0
17.3625	6.892	5983.0
17.3688	6.877	5984.0
17.375	6.862	5984.0
17.3813	6.847	5983.0
17.3875	6.832	5975.0
17.3938	6.817	5958.0
17.4	6.801	5956.0
17.4062	6.786	5958.0
17.4125	6.773	5959.0
17.4187	6.761	5964.0
17.425	6.749	5967.0
17.4313	6.737	5970.0
17.4375	6.725	5973.0
17.4438	6.713	5967.0
17.45	6.701	5965.0
17.4563	6.689	5975.0
17.4625	6.701	5979.0
17.4688	6.735	5984.0
17.475	6.769	5986.0
17.4812	6.803	5987.0
17.4875	6.837	5988.0
17.4938	6.871	5990.0
17.5	6.905	6007.0
17.5063	6.939	6024.0
17.5125	6.965	6012.0
17.5188	6.984	6007.0
17.525	7.003	6006.0
17.5312	7.021	5998.0
17.5375	7.04	5991.0
17.5437	7.059	5988.0
17.55	7.077	5990.0
17.5563	7.096	5995.0
17.5625	7.116	5998.0
17.5688	7.138	5998.0
17.575	7.16	6003.0
17.5813	7.182	6005.0
17.5875	7.203	6005.0
17.5938	7.225	6004.0
17.6	7.247	6000.0
17.6062	7.269	5991.0
17.6125	7.28	5988.0
17.6188	7.282	5991.0
17.625	7.283	5992.0
17.6313	7.285	5997.0
17.6375	7.287	5996.0
17.6438	7.288	5998.0
17.65	7.29	6004.0
17.6562	7.292	6004.0
17.6625	7.311	6005.0
17.6687	7.348	6006.0
17.675	7.384	6003.0
17.6813	7.421	6000.0
17.6875	7.457	5994.0
17.6938	7.494	5991.0
17.7	7.53	5985.0
17.7063	7.567	5979.0
17.7125	7.568	5967.0
17.7188	7.538	5964.0
17.725	7.507	5952.0
17.7312	7.477	5942.0
17.7375	7.447	5940.0
17.7438	7.416	5929.0
17.75	7.386	5933.0
17.7563	7.355	5932.0
17.7625	7.328	5924.0
17.7688	7.303	5915.0
17.775	7.278	5918.0
17.7812	7.253	5901.0
17.7875	7.228	5907.0
17.7937	7.203	5913.0
17.8	7.178	5907.0
17.8063	7.153	5920.0
17.8125	7.124	5923.0
17.8188	7.091	5929.0
17.825	7.058	5935.0
17.8313	7.025	5941.0
17.8375	6.991	5951.0
17.8438	6.958	5949.0
17.85	6.925	5951.0
17.8562	6.892	5965.0
17.8625	6.887	5960.0
17.8688	6.91	5964.0
17.875	6.932	5978.0
17.8813	6.954	5984.0
17.8875	6.977	5988.0
17.8938	6.999	5993.0
17.9	7.022	5992.0
17.9062	7.044	5998.0
17.9125	7.057	6007.0
17.9187	7.062	6012.0
17.925	7.067	6021.0
17.9313	7.072	6029.0
17.9375	7.077	6040.0
17.9438	7.081	6057.0
17.95	7.086	6064.0
17.9563	7.091	6073.0
17.9625	7.088	6085.0
17.9688	7.079	6098.0
17.975	7.07	6113.0
17.9812	7.06	6128.0
17.9875	7.051	6143.0
17.9938	7.042	6157.0
18.0	7.032	6177.0
18.0063	7.023	6199.0
18.0125	7.01	6217.0
18.0188	6.993	6227.0
18.025	6.977	6242.0
18.0312	6.96	6253.0
18.0375	6.944	6266.0
18.0437	6.927	6279.0
18.05	6.911	6279.0
18.0563	6.894	6293.0
18.0625	6.884	6305.0
18.0688	6.879	6314.0
18.075	6.875	6317.0
18.0813	6.87	6340.0
18.0875	6.866	6358.0
18.0938	6.862	6359.0
18.1	6.857	6368.0
18.1062	6.853	6375.0
18.1125	6.842	6373.0
18.1188	6.827	6373.0
18.125	6.812	6374.0
18.1313	6.797	6368.0
18.1375	6.781	6347.0
18.1438	6.766	6343.0
18.15	6.751	6340.0
18.1562	6.736	6330.0
18.1625	6.721	6331.0
18.1687	6.707	6320.0
18.175	6.693	6308.0
18.1813	6.679	6295.0
18.1875	6.665	6289.0
18.1938	6.652	6281.0
18.2	6.638	6264.0
18.2063	6.624	6246.0
18.2125	6.614	6229.0
18.2188	6.608	6211.0
18.225	6.602	6192.0
18.2312	6.596	6168.0
18.2375	6.59	6136.0
18.2438	6.584	6121.0
18.25	6.578	6107.0
18.2563	6.572	6084.0
18.2625	6.564	6060.0
18.2688	6.555	6046.0
18.275	6.545	6031.0
18.2812	6.536	6013.0
18.2875	6.526	6007.0
18.2937	6.517	5992.0
18.3	6.508	5964.0
18.3063	6.498	5945.0
18.3125	6.488	5931.0
18.3188	6.476	5906.0
18.325	6.465	5882.0
18.3313	6.454	5859.0
18.3375	6.442	5836.0
18.3438	6.431	5812.0
18.35	6.419	5792.0
18.3562	6.408	5773.0
18.3625	6.429	5750.0
18.3688	6.479	5735.0
18.375	6.529	5720.0
18.3813	6.579	5704.0
18.3875	6.629	5686.0
18.3938	6.679	5670.0
18.4	6.729	5657.0
18.4062	6.779	5645.0
18.4125	6.792	5630.0
18.4187	6.77	5620.0
18.425	6.748	5610.0
18.4313	6.727	5600.0
18.4375	6.705	5583.0
18.4438	6.683	5567.0
18.45	6.661	5561.0
18.4563	6.639	5562.0
18.4625	6.641	5549.0
18.4688	6.664	5548.0
18.475	6.686	5549.0
18.4812	6.709	5552.0
18.4875	6.732	5557.0
18.4938	6.755	5563.0
18.5	6.778	5562.0
18.5063	6.801	5553.0
18.5125	6.809	5553.0
18.5188	6.803	5549.0
18.525	6.797	5540.0
18.5312	6.79	5531.0
18.5375	6.784	5540.0
18.5437	6.778	5552.0
18.55	6.772	5544.0
18.5563	6.766	5523.0
18.5625	6.762	5519.0
18.5688	6.759	5517.0
18.575	6.756	5510.0
18.5813	6.753	5502.0
18.5875	6.751	5485.0
18.5938	6.748	5476.0
18.6	6.745	5480.0
18.6062	6.742	5493.0
18.6125	6.757	5491.0
18.6188	6.789	5492.0
18.625	6.821	5501.0
18.6313	6.853	5509.0
18.6375	6.885	5522.0
18.6438	6.917	5530.0
18.65	6.949	5528.0
18.6562	6.981	5527.0
18.6625	6.978	5537.0
18.6687	6.943	5540.0
18.675	6.907	5539.0
18.6813	6.871	5539.0
18.6875	6.836	5537.0
18.6938	6.8	5540.0
18.7	6.764	5547.0
18.7063	6.729	5549.0
18.7125	6.733	5549.0
18.7188	6.774	5557.0
18.725	6.816	5557.0
18.7312	6.857	5557.0
18.7375	6.898	5563.0
18.7438	6.94	5567.0
18.75	6.981	5573.0
18.7563	7.022	5579.0
18.7625	7.06	5582.0
18.7688	7.094	5587.0
18.775	7.129	5588.0
18.7812	7.163	5591.0
18.7875	7.198	5589.0
18.7937	7.232	5588.0
18.8	7.266	5592.0
18.8063	7.301	5596.0
18.8125	7.32	5597.0
18.8188	7.326	5596.0
18.825	7.332	5597.0
18.8313	7.338	5601.0
18.8375	7.344	5603.0
18.8438	7.35	5597.0
18.85	7.356	5593.0
18.8562	7.362	5593.0
18.8625	7.352	5595.0
18.8688	7.327	5595.0
18.875	7.302	5590.0
18.8813	7.277	5600.0
18.8875	7.252	5617.0
18.8938	7.227	5608.0
18.9	7.201	5602.0
18.9062	7.176	5603.0
18.9125	7.15	5602.0
18.9187	7.123	5600.0
18.925	7.096	5598.0
18.9313	7.069	5595.0
18.9375	7.042	5596.0
18.9438	7.015	5604.0
18.95	6.988	5605.0
18.9563	6.962	5613.0
18.9625	6.964	5624.0
18.9688	6.994	5634.0
18.975	7.023	5643.0
18.9812	7.053	5645.0
18.9875	7.083	5658.0
18.9938	7.113	5676.0
19.0	7.142	5687.0
19.0063	7.172	5701.0
19.0125	7.173	5716.0
19.0188	7.148	5731.0
19.025	7.122	5749.0
19.0312	7.096	5763.0
19.0375	7.071	5778.0
19.0437	7.045	5802.0
19.05	7.02	5820.0
19.0563	6.994	5833.0
19.0625	6.964	5854.0
19.0688	6.929	5869.0
19.075	6.894	5889.0
19.0813	6.86	5913.0
19.0875	6.825	5938.0
19.0938	6.79	5958.0
19.1	6.755	5974.0
19.1062	6.721	5997.0
19.1125	6.715	6017.0
19.1188	6.737	6029.0
19.125	6.759	6043.0
19.1313	6.781	6067.0
19.1375	6.803	6083.0
19.1438	6.825	6110.0
19.15	6.846	6140.0
19.1562	6.868	6164.0
19.1625	6.888	6193.0
19.1687	6.906	6227.0
19.175	6.923	6251.0
19.1813	6.941	6279.0
19.1875	6.959	6299.0
19.1938	6.976	6317.0
19.2	6.994	6342.0
19.2063	7.012	6359.0
19.2125	7.022	6375.0
19.2188	7.026	6402.0
19.225	7.03	6431.0
19.2313	7.034	6454.0
19.2375	7.038	6475.0
19.2438	7.042	6498.0
19.25	7.046	6519.0
19.2563	7.05	6543.0
19.2625	7.024	6565.0
19.2688	6.97	6582.0
19.275	6.916	6601.0
19.2812	6.863	6620.0
19.2875	6.809	6641.0
19.2938	6.755	6660.0
19.3	6.702	6671.0
19.3063	6.648	6681.0
19.3125	6.627	6695.0
19.3188	6.637	6702.0
19.325	6.647	6728.0
19.3313	6.657	6743.0
19.3375	6.667	6754.0
19.3438	6.677	6776.0
19.35	6.686	6788.0
19.3563	6.696	6810.0
19.3625	6.705	6830.0
19.3688	6.713	6837.0
19.375	6.72	6849.0
19.3813	6.728	6864.0
19.3875	6.735	6871.0
19.3938	6.743	6877.0
19.4	6.751	6887.0
19.4062	6.758	6897.0
19.4125	6.748	6907.0
19.4188	6.722	6913.0
19.425	6.696	6919.0
19.4313	6.67	6924.0
19.4375	6.644	6930.0
19.4438	6.617	6939.0
19.45	6.591	6955.0
19.4563	6.565	6966.0
19.4625	6.55	6968.0
19.4688	6.545	6975.0
19.475	6.54	6982.0
19.4813	6.535	6988.0
19.4875	6.53	6992.0
19.4938	6.526	6975.0
19.5	6.521	6961.0
19.5063	6.516	6985.0
19.5125	6.533	6993.0
19.5188	6.57	7012.0
19.525	6.607	7039.0
19.5312	6.644	7057.0
19.5375	6.681	7085.0
19.5438	6.718	7113.0
19.55	6.755	7127.0
19.5563	6.792	7141.0
19.5625	6.808	7155.0
19.5688	6.805	7168.0
19.575	6.802	7179.0
19.5813	6.799	7188.0
19.5875	6.796	7194.0
19.5938	6.793	7206.0
19.6	6.79	7222.0
19.6063	6.787	7239.0
19.6125	6.769	7249.0
19.6188	6.737	7258.0
19.625	6.706	7267.0
19.6313	6.675	7271.0
19.6375	6.643	7276.0
19.6438	6.612	7282.0
19.65	6.58	7290.0
19.6562	6.549	7294.0
19.6625	6.544	7297.0
19.6688	6.564	7299.0
19.675	6.584	7321.0
19.6813	6.604	7353.0
19.6875	6.624	7339.0
19.6938	6.644	7322.0
19.7	6.664	7308.0
19.7063	6.684	7294.0
19.7125	6.683	7285.0
19.7188	6.663	7262.0
19.725	6.643	7233.0
19.7313	6.623	7236.0
19.7375	6.603	7234.0
19.7438	6.583	7223.0
19.75	6.563	7225.0
19.7563	6.543	7219.0
19.7625	6.527	7201.0
19.7688	6.514	7175.0
19.775	6.502	7168.0
19.7812	6.49	7159.0
19.7875	6.478	7144.0
19.7938	6.465	7132.0
19.8	6.453	7119.0
19.8063	6.441	7109.0
19.8125	6.445	7107.0
19.8188	6.465	7089.0
19.825	6.484	7072.0
19.8313	6.504	7056.0
19.8375	6.524	7037.0
19.8438	6.543	7027.0
19.85	6.563	7018.0
19.8563	6.583	7010.0
19.8625	6.573	6997.0
19.8688	6.537	6983.0
19.875	6.501	6969.0
19.8813	6.465	6956.0
19.8875	6.429	6945.0
19.8938	6.393	6940.0
19.9	6.357	6932.0
19.9062	6.321	6919.0
19.9125	6.32	6911.0
19.9188	6.353	6898.0
19.925	6.386	6891.0
19.9313	6.418	6892.0
19.9375	6.451	6872.0
19.9438	6.484	6852.0
19.95	6.517	6861.0
19.9563	6.549	6871.0
19.9625	6.594	6878.0
19.9688	6.65	6885.0
19.975	6.706	6893.0
19.9813	6.762	6908.0
19.9875	6.818	6923.0
19.9938	6.874	6932.0
20.0	6.93	6951.0
